# x y
0.6636045347214838 0.7629951007541356
0.6595641306810798 0.7791567169157517
0.6312813023982515 0.803399141158176
0.6110792821962312 0.819560757319792
0.582796453913403 0.8276415654006002
0.5949176660346152 0.8316819694410043
0.5181499892669383 0.8640052017642366
0.49390756502451405 0.8801668179258527
0.5019883731053222 0.8801668179258527
0.4737055448224939 0.8963284340874689
0.4454227165396656 0.904409242168277
0.48178635290330196 0.904409242168277
0.4373419084588575 0.9084496462086811
0.41713988825683734 0.9246112623702971
0.3686550397719888 0.9407728785319134
0.3646146357315848 0.9609748987339335
