# x y
0.6999897383491882 0.7145102522692871
0.6959493343087841 0.7185506563096911
0.6919089302683802 0.7225910603500951
0.6878685262279761 0.7266314643904992
0.683828122187572 0.7306718684309033
0.6797877181471681 0.7347122724713073
0.675747314106764 0.7387526765117113
0.6676665060259559 0.7427930805521153
0.67170691006636 0.7427930805521153
0.6636261019855518 0.7468334845925194
0.6595856979451478 0.7508738886329235
0.6555452939047438 0.7549142926733274
0.6515048898643397 0.7589546967137315
0.6474644858239358 0.7629951007541356
0.6434240817835317 0.7670355047945396
0.6353432737027236 0.7710759088349436
0.6313028696623195 0.7751163128753477
0.6272624656219155 0.7791567169157517
0.6232220615815114 0.7831971209561558
0.6151412535007034 0.7872375249965597
0.6111008494602994 0.7912779290369638
0.6070604454198953 0.7953183330773679
0.5989796373390872 0.799358737117772
0.6030200413794913 0.799358737117772
0.5949392332986831 0.803399141158176
0.5908988292582791 0.80743954519858
0.5828180211774711 0.811479949238984
0.5868584252178751 0.811479949238984
0.5787776171370671 0.8155203532793881
0.570696809056259 0.819560757319792
0.574737213096663 0.819560757319792
0.5666564050158549 0.8236011613601961
0.5626160009754508 0.8276415654006002
0.5545351928946427 0.8316819694410043
0.5504947888542387 0.8357223734814083
0.5424139807734307 0.8397627775218124
0.5343331726926226 0.8438031815622163
0.5383735767330267 0.8438031815622163
0.5302927686522185 0.8478435856026204
0.5222119605714104 0.8518839896430245
0.5262523646118145 0.8518839896430245
0.5181715565310064 0.8559243936834284
0.5100907484501983 0.8599647977238325
0.5020099403693903 0.8640052017642366
0.5060503444097944 0.8640052017642366
0.49392913228858215 0.8680456058046406
0.4979695363289862 0.8680456058046406
0.48988872824817814 0.8720860098450447
0.48180792016737006 0.8761264138854487
0.473727112086562 0.8801668179258527
0.477767516126966 0.8801668179258527
0.4656463040057539 0.8842072219662568
0.469686708046158 0.8842072219662568
0.4575654959249458 0.8882476260066607
0.46160589996534984 0.8882476260066607
0.44948468784413775 0.8922880300470648
0.45352509188454176 0.8922880300470648
0.4414038797633296 0.8963284340874689
0.4454442838037337 0.8963284340874689
0.4333230716825216 0.9003688381278729
0.4373634757229256 0.9003688381278729
0.42524226360171347 0.904409242168277
0.42928266764211753 0.904409242168277
0.41716145552090544 0.9084496462086811
0.42120185956130946 0.9084496462086811
0.4090806474400973 0.912490050249085
0.3969594353188852 0.9165304542894891
0.40099983935928923 0.9165304542894891
0.38887862723807715 0.920570858329893
0.39291903127848116 0.920570858329893
0.38079781915726907 0.9246112623702971
0.3848382231976731 0.9246112623702971
0.3686766070360569 0.9286516664107012
0.37271701107646094 0.9286516664107012
0.36059579895524885 0.9326920704511052
0.3646362029956529 0.9326920704511052
0.34847458683403676 0.9367324744915093
0.35251499087444077 0.9367324744915093
0.3363533747128246 0.9407728785319134
0.3403937787532286 0.9407728785319134
0.32423216259161247 0.9448132825723174
0.32827256663201654 0.9448132825723174
0.33231297067242055 0.9448132825723174
0.3121109504704004 0.9488536866127214
0.3161513545108044 0.9488536866127214
0.3201917585512084 0.9488536866127214
0.29998973834918824 0.9528940906531255
0.30403014238959225 0.9528940906531255
0.3080705464299963 0.9528940906531255
