# x y
0.6913201953040322 0.702389040148075
0.6872797912636281 0.710469848228883
0.6913201953040322 0.710469848228883
0.67919898318282 0.7145102522692871
0.6832393872232241 0.7145102522692871
0.6872797912636281 0.7145102522692871
0.6913201953040322 0.7145102522692871
0.6832393872232241 0.7185506563096911
0.6872797912636281 0.7185506563096911
0.6913201953040322 0.7185506563096911
0.6670777710616079 0.7225910603500951
0.67919898318282 0.7225910603500951
0.6832393872232241 0.7225910603500951
0.6872797912636281 0.7225910603500951
0.675158579142416 0.7266314643904992
0.67919898318282 0.7266314643904992
0.6832393872232241 0.7266314643904992
0.6549565589403958 0.7306718684309033
0.671118175102012 0.7306718684309033
0.675158579142416 0.7306718684309033
0.67919898318282 0.7306718684309033
0.6670777710616079 0.7347122724713073
0.671118175102012 0.7347122724713073
0.675158579142416 0.7347122724713073
0.6589969629807999 0.7387526765117113
0.663037367021204 0.7387526765117113
0.6670777710616079 0.7387526765117113
0.671118175102012 0.7387526765117113
0.6549565589403958 0.7427930805521153
0.6589969629807999 0.7427930805521153
0.663037367021204 0.7427930805521153
0.6670777710616079 0.7427930805521153
0.6509161548999918 0.7468334845925194
0.6549565589403958 0.7468334845925194
0.6589969629807999 0.7468334845925194
0.663037367021204 0.7468334845925194
0.6468757508595877 0.7508738886329235
0.6509161548999918 0.7508738886329235
0.6549565589403958 0.7508738886329235
0.6589969629807999 0.7508738886329235
0.6428353468191836 0.7549142926733274
0.6468757508595877 0.7549142926733274
0.6509161548999918 0.7549142926733274
0.6549565589403958 0.7549142926733274
0.6347545387383756 0.7589546967137315
0.6387949427787797 0.7589546967137315
0.6428353468191836 0.7589546967137315
0.6468757508595877 0.7589546967137315
0.6509161548999918 0.7589546967137315
0.6307141346979717 0.7629951007541356
0.6347545387383756 0.7629951007541356
0.6387949427787797 0.7629951007541356
0.6428353468191836 0.7629951007541356
0.6468757508595877 0.7629951007541356
0.6266737306575676 0.7670355047945396
0.6307141346979717 0.7670355047945396
0.6347545387383756 0.7670355047945396
0.6387949427787797 0.7670355047945396
0.6428353468191836 0.7670355047945396
0.6185929225767595 0.7710759088349436
0.6226333266171635 0.7710759088349436
0.6266737306575676 0.7710759088349436
0.6307141346979717 0.7710759088349436
0.6347545387383756 0.7710759088349436
0.6387949427787797 0.7710759088349436
0.6145525185363554 0.7751163128753477
0.6185929225767595 0.7751163128753477
0.6226333266171635 0.7751163128753477
0.6266737306575676 0.7751163128753477
0.6307141346979717 0.7751163128753477
0.6347545387383756 0.7751163128753477
0.6105121144959513 0.7791567169157517
0.6145525185363554 0.7791567169157517
0.6185929225767595 0.7791567169157517
0.6226333266171635 0.7791567169157517
0.6266737306575676 0.7791567169157517
0.6024313064151433 0.7831971209561558
0.6064717104555473 0.7831971209561558
0.6105121144959513 0.7831971209561558
0.6145525185363554 0.7831971209561558
0.6185929225767595 0.7831971209561558
0.6226333266171635 0.7831971209561558
0.5983909023747392 0.7872375249965597
0.6024313064151433 0.7872375249965597
0.6064717104555473 0.7872375249965597
0.6105121144959513 0.7872375249965597
0.6145525185363554 0.7872375249965597
0.6185929225767595 0.7872375249965597
0.5943504983343353 0.7912779290369638
0.5983909023747392 0.7912779290369638
0.6024313064151433 0.7912779290369638
0.6064717104555473 0.7912779290369638
0.6105121144959513 0.7912779290369638
0.6145525185363554 0.7912779290369638
0.5862696902535272 0.7953183330773679
0.5903100942939312 0.7953183330773679
0.5943504983343353 0.7953183330773679
0.5983909023747392 0.7953183330773679
0.6024313064151433 0.7953183330773679
0.6064717104555473 0.7953183330773679
0.6105121144959513 0.7953183330773679
0.5822292862131231 0.799358737117772
0.5862696902535272 0.799358737117772
0.5903100942939312 0.799358737117772
0.5943504983343353 0.799358737117772
0.5983909023747392 0.799358737117772
0.6024313064151433 0.799358737117772
0.574148478132315 0.803399141158176
0.578188882172719 0.803399141158176
0.5822292862131231 0.803399141158176
0.5862696902535272 0.803399141158176
0.5903100942939312 0.803399141158176
0.5943504983343353 0.803399141158176
0.5983909023747392 0.803399141158176
0.570108074091911 0.80743954519858
0.574148478132315 0.80743954519858
0.578188882172719 0.80743954519858
0.5822292862131231 0.80743954519858
0.5862696902535272 0.80743954519858
0.5903100942939312 0.80743954519858
0.5943504983343353 0.80743954519858
0.5660676700515069 0.811479949238984
0.570108074091911 0.811479949238984
0.574148478132315 0.811479949238984
0.578188882172719 0.811479949238984
0.5822292862131231 0.811479949238984
0.5862696902535272 0.811479949238984
0.5579868619706989 0.8155203532793881
0.562027266011103 0.8155203532793881
0.5660676700515069 0.8155203532793881
0.570108074091911 0.8155203532793881
0.574148478132315 0.8155203532793881
0.578188882172719 0.8155203532793881
0.5822292862131231 0.8155203532793881
0.5539464579302948 0.819560757319792
0.5579868619706989 0.819560757319792
0.562027266011103 0.819560757319792
0.5660676700515069 0.819560757319792
0.570108074091911 0.819560757319792
0.574148478132315 0.819560757319792
0.578188882172719 0.819560757319792
0.5458656498494867 0.8236011613601961
0.5499060538898908 0.8236011613601961
0.5539464579302948 0.8236011613601961
0.5579868619706989 0.8236011613601961
0.562027266011103 0.8236011613601961
0.5660676700515069 0.8236011613601961
0.570108074091911 0.8236011613601961
0.5377848417686787 0.8276415654006002
0.5418252458090826 0.8276415654006002
0.5458656498494867 0.8276415654006002
0.5499060538898908 0.8276415654006002
0.5539464579302948 0.8276415654006002
0.5579868619706989 0.8276415654006002
0.562027266011103 0.8276415654006002
0.5660676700515069 0.8276415654006002
0.5337444377282746 0.8316819694410043
0.5377848417686787 0.8316819694410043
0.5418252458090826 0.8316819694410043
0.5458656498494867 0.8316819694410043
0.5499060538898908 0.8316819694410043
0.5539464579302948 0.8316819694410043
0.5579868619706989 0.8316819694410043
0.5256636296474666 0.8357223734814083
0.5297040336878706 0.8357223734814083
0.5337444377282746 0.8357223734814083
0.5377848417686787 0.8357223734814083
0.5418252458090826 0.8357223734814083
0.5458656498494867 0.8357223734814083
0.5499060538898908 0.8357223734814083
0.5539464579302948 0.8357223734814083
0.5216232256070625 0.8397627775218124
0.5256636296474666 0.8397627775218124
0.5297040336878706 0.8397627775218124
0.5337444377282746 0.8397627775218124
0.5377848417686787 0.8397627775218124
0.5418252458090826 0.8397627775218124
0.5458656498494867 0.8397627775218124
0.5499060538898908 0.8397627775218124
0.5135424175262544 0.8438031815622163
0.5175828215666585 0.8438031815622163
0.5216232256070625 0.8438031815622163
0.5256636296474666 0.8438031815622163
0.5297040336878706 0.8438031815622163
0.5337444377282746 0.8438031815622163
0.5377848417686787 0.8438031815622163
0.5418252458090826 0.8438031815622163
0.5054616094454463 0.8478435856026204
0.5095020134858503 0.8478435856026204
0.5135424175262544 0.8478435856026204
0.5175828215666585 0.8478435856026204
0.5216232256070625 0.8478435856026204
0.5256636296474666 0.8478435856026204
0.5297040336878706 0.8478435856026204
0.5337444377282746 0.8478435856026204
0.5377848417686787 0.8478435856026204
0.49738080136463825 0.8518839896430245
0.5014212054050423 0.8518839896430245
0.5054616094454463 0.8518839896430245
0.5095020134858503 0.8518839896430245
0.5135424175262544 0.8518839896430245
0.5175828215666585 0.8518839896430245
0.5216232256070625 0.8518839896430245
0.5256636296474666 0.8518839896430245
0.5297040336878706 0.8518839896430245
0.4933403973242342 0.8559243936834284
0.49738080136463825 0.8559243936834284
0.5014212054050423 0.8559243936834284
0.5054616094454463 0.8559243936834284
0.5095020134858503 0.8559243936834284
0.5135424175262544 0.8559243936834284
0.5175828215666585 0.8559243936834284
0.5216232256070625 0.8559243936834284
0.48525958924342616 0.8599647977238325
0.48929999328383017 0.8599647977238325
0.4933403973242342 0.8599647977238325
0.49738080136463825 0.8599647977238325
0.5014212054050423 0.8599647977238325
0.5054616094454463 0.8599647977238325
0.5095020134858503 0.8599647977238325
0.5135424175262544 0.8599647977238325
0.5175828215666585 0.8599647977238325
0.477178781162618 0.8640052017642366
0.4812191852030221 0.8640052017642366
0.48525958924342616 0.8640052017642366
0.48929999328383017 0.8640052017642366
0.4933403973242342 0.8640052017642366
0.49738080136463825 0.8640052017642366
0.5014212054050423 0.8640052017642366
0.5054616094454463 0.8640052017642366
0.5095020134858503 0.8640052017642366
0.46909797308181 0.8680456058046406
0.473138377122214 0.8680456058046406
0.477178781162618 0.8680456058046406
0.4812191852030221 0.8680456058046406
0.48525958924342616 0.8680456058046406
0.48929999328383017 0.8680456058046406
0.4933403973242342 0.8680456058046406
0.49738080136463825 0.8680456058046406
0.5014212054050423 0.8680456058046406
0.46101716500100187 0.8720860098450447
0.46505756904140594 0.8720860098450447
0.46909797308181 0.8720860098450447
0.473138377122214 0.8720860098450447
0.477178781162618 0.8720860098450447
0.4812191852030221 0.8720860098450447
0.48525958924342616 0.8720860098450447
0.48929999328383017 0.8720860098450447
0.4933403973242342 0.8720860098450447
0.49738080136463825 0.8720860098450447
0.4529363569201938 0.8761264138854487
0.45697676096059786 0.8761264138854487
0.46101716500100187 0.8761264138854487
0.46505756904140594 0.8761264138854487
0.46909797308181 0.8761264138854487
0.473138377122214 0.8761264138854487
0.477178781162618 0.8761264138854487
0.4812191852030221 0.8761264138854487
0.48525958924342616 0.8761264138854487
0.48929999328383017 0.8761264138854487
0.4448555488393857 0.8801668179258527
0.4488959528797898 0.8801668179258527
0.4529363569201938 0.8801668179258527
0.45697676096059786 0.8801668179258527
0.46101716500100187 0.8801668179258527
0.46505756904140594 0.8801668179258527
0.46909797308181 0.8801668179258527
0.473138377122214 0.8801668179258527
0.477178781162618 0.8801668179258527
0.4812191852030221 0.8801668179258527
0.43677474075857764 0.8842072219662568
0.44081514479898165 0.8842072219662568
0.4448555488393857 0.8842072219662568
0.4488959528797898 0.8842072219662568
0.4529363569201938 0.8842072219662568
0.45697676096059786 0.8842072219662568
0.46101716500100187 0.8842072219662568
0.46505756904140594 0.8842072219662568
0.46909797308181 0.8842072219662568
0.473138377122214 0.8842072219662568
0.42869393267776956 0.8882476260066607
0.43273433671817363 0.8882476260066607
0.43677474075857764 0.8882476260066607
0.44081514479898165 0.8882476260066607
0.4448555488393857 0.8882476260066607
0.4488959528797898 0.8882476260066607
0.4529363569201938 0.8882476260066607
0.45697676096059786 0.8882476260066607
0.46101716500100187 0.8882476260066607
0.46505756904140594 0.8882476260066607
0.46909797308181 0.8882476260066607
0.4125323165161534 0.8922880300470648
0.4206131245969615 0.8922880300470648
0.4246535286373655 0.8922880300470648
0.42869393267776956 0.8922880300470648
0.43273433671817363 0.8922880300470648
0.43677474075857764 0.8922880300470648
0.44081514479898165 0.8922880300470648
0.4448555488393857 0.8922880300470648
0.4488959528797898 0.8922880300470648
0.4529363569201938 0.8922880300470648
0.45697676096059786 0.8922880300470648
0.46101716500100187 0.8922880300470648
0.4125323165161534 0.8963284340874689
0.4165727205565575 0.8963284340874689
0.4206131245969615 0.8963284340874689
0.4246535286373655 0.8963284340874689
0.42869393267776956 0.8963284340874689
0.43273433671817363 0.8963284340874689
0.43677474075857764 0.8963284340874689
0.44081514479898165 0.8963284340874689
0.4448555488393857 0.8963284340874689
0.4488959528797898 0.8963284340874689
0.4529363569201938 0.8963284340874689
0.40445150843534533 0.9003688381278729
0.40849191247574934 0.9003688381278729
0.4125323165161534 0.9003688381278729
0.4165727205565575 0.9003688381278729
0.4206131245969615 0.9003688381278729
0.4246535286373655 0.9003688381278729
0.42869393267776956 0.9003688381278729
0.43273433671817363 0.9003688381278729
0.43677474075857764 0.9003688381278729
0.44081514479898165 0.9003688381278729
0.4448555488393857 0.9003688381278729
0.3923302963141332 0.904409242168277
0.39637070035453725 0.904409242168277
0.40041110439494126 0.904409242168277
0.40445150843534533 0.904409242168277
0.40849191247574934 0.904409242168277
0.4125323165161534 0.904409242168277
0.4165727205565575 0.904409242168277
0.4206131245969615 0.904409242168277
0.4246535286373655 0.904409242168277
0.42869393267776956 0.904409242168277
0.43273433671817363 0.904409242168277
0.43677474075857764 0.904409242168277
0.3842494882333251 0.9084496462086811
0.3882898922737292 0.9084496462086811
0.3923302963141332 0.9084496462086811
0.39637070035453725 0.9084496462086811
0.40041110439494126 0.9084496462086811
0.40445150843534533 0.9084496462086811
0.40849191247574934 0.9084496462086811
0.4125323165161534 0.9084496462086811
0.4165727205565575 0.9084496462086811
0.4206131245969615 0.9084496462086811
0.4246535286373655 0.9084496462086811
0.42869393267776956 0.9084496462086811
0.37616868015251703 0.912490050249085
0.3802090841929211 0.912490050249085
0.3842494882333251 0.912490050249085
0.3882898922737292 0.912490050249085
0.3923302963141332 0.912490050249085
0.39637070035453725 0.912490050249085
0.40041110439494126 0.912490050249085
0.40445150843534533 0.912490050249085
0.40849191247574934 0.912490050249085
0.4125323165161534 0.912490050249085
0.4165727205565575 0.912490050249085
0.4206131245969615 0.912490050249085
0.36404746803130494 0.9165304542894891
0.36808787207170895 0.9165304542894891
0.37212827611211297 0.9165304542894891
0.37616868015251703 0.9165304542894891
0.3802090841929211 0.9165304542894891
0.3842494882333251 0.9165304542894891
0.3882898922737292 0.9165304542894891
0.3923302963141332 0.9165304542894891
0.39637070035453725 0.9165304542894891
0.40041110439494126 0.9165304542894891
0.40445150843534533 0.9165304542894891
0.40849191247574934 0.9165304542894891
0.3559666599504968 0.920570858329893
0.3600070639909009 0.920570858329893
0.36404746803130494 0.920570858329893
0.36808787207170895 0.920570858329893
0.37212827611211297 0.920570858329893
0.37616868015251703 0.920570858329893
0.3802090841929211 0.920570858329893
0.3842494882333251 0.920570858329893
0.3882898922737292 0.920570858329893
0.3923302963141332 0.920570858329893
0.39637070035453725 0.920570858329893
0.40041110439494126 0.920570858329893
0.3438454478292847 0.9246112623702971
0.3478858518696888 0.9246112623702971
0.3519262559100928 0.9246112623702971
0.3559666599504968 0.9246112623702971
0.3600070639909009 0.9246112623702971
0.36404746803130494 0.9246112623702971
0.36808787207170895 0.9246112623702971
0.37212827611211297 0.9246112623702971
0.37616868015251703 0.9246112623702971
0.3802090841929211 0.9246112623702971
0.3842494882333251 0.9246112623702971
0.3882898922737292 0.9246112623702971
0.3923302963141332 0.9246112623702971
0.3317242357080726 0.9286516664107012
0.33576463974847665 0.9286516664107012
0.33980504378888066 0.9286516664107012
0.3438454478292847 0.9286516664107012
0.3478858518696888 0.9286516664107012
0.3519262559100928 0.9286516664107012
0.3559666599504968 0.9286516664107012
0.3600070639909009 0.9286516664107012
0.36404746803130494 0.9286516664107012
0.36808787207170895 0.9286516664107012
0.37212827611211297 0.9286516664107012
0.37616868015251703 0.9286516664107012
0.3802090841929211 0.9286516664107012
0.3842494882333251 0.9286516664107012
0.3196030235868605 0.9326920704511052
0.3236434276272645 0.9326920704511052
0.32768383166766857 0.9326920704511052
0.3317242357080726 0.9326920704511052
0.33576463974847665 0.9326920704511052
0.33980504378888066 0.9326920704511052
0.3438454478292847 0.9326920704511052
0.3478858518696888 0.9326920704511052
0.3519262559100928 0.9326920704511052
0.3559666599504968 0.9326920704511052
0.3600070639909009 0.9326920704511052
0.36404746803130494 0.9326920704511052
0.36808787207170895 0.9326920704511052
0.37212827611211297 0.9326920704511052
0.30748181146564835 0.9367324744915093
0.3115222155060524 0.9367324744915093
0.3155626195464564 0.9367324744915093
0.3196030235868605 0.9367324744915093
0.3236434276272645 0.9367324744915093
0.32768383166766857 0.9367324744915093
0.3317242357080726 0.9367324744915093
0.33576463974847665 0.9367324744915093
0.33980504378888066 0.9367324744915093
0.3438454478292847 0.9367324744915093
0.3478858518696888 0.9367324744915093
0.3519262559100928 0.9367324744915093
0.3559666599504968 0.9367324744915093
0.3600070639909009 0.9367324744915093
0.36404746803130494 0.9367324744915093
0.29536059934443626 0.9407728785319134
0.3034414074252443 0.9407728785319134
0.30748181146564835 0.9407728785319134
0.3115222155060524 0.9407728785319134
0.3155626195464564 0.9407728785319134
0.3196030235868605 0.9407728785319134
0.3236434276272645 0.9407728785319134
0.32768383166766857 0.9407728785319134
0.3317242357080726 0.9407728785319134
0.33576463974847665 0.9407728785319134
0.33980504378888066 0.9407728785319134
0.3438454478292847 0.9407728785319134
0.3478858518696888 0.9407728785319134
0.3519262559100928 0.9407728785319134
0.29536059934443626 0.9448132825723174
0.29940100338484027 0.9448132825723174
0.3034414074252443 0.9448132825723174
0.30748181146564835 0.9448132825723174
0.3115222155060524 0.9448132825723174
0.3155626195464564 0.9448132825723174
0.3196030235868605 0.9448132825723174
0.3236434276272645 0.9448132825723174
0.32768383166766857 0.9448132825723174
0.3317242357080726 0.9448132825723174
0.33576463974847665 0.9448132825723174
0.33980504378888066 0.9448132825723174
0.2913201953040322 0.9488536866127214
0.29536059934443626 0.9488536866127214
0.29940100338484027 0.9488536866127214
0.3034414074252443 0.9488536866127214
0.30748181146564835 0.9488536866127214
0.3115222155060524 0.9488536866127214
0.3155626195464564 0.9488536866127214
0.3196030235868605 0.9488536866127214
0.3236434276272645 0.9488536866127214
0.32768383166766857 0.9488536866127214
0.3317242357080726 0.9488536866127214
0.2913201953040322 0.9528940906531255
0.29536059934443626 0.9528940906531255
0.29940100338484027 0.9528940906531255
0.3034414074252443 0.9528940906531255
0.30748181146564835 0.9528940906531255
0.3115222155060524 0.9528940906531255
0.3155626195464564 0.9528940906531255
0.3196030235868605 0.9528940906531255
0.2913201953040322 0.9569344946935294
0.29536059934443626 0.9569344946935294
0.29940100338484027 0.9569344946935294
0.3034414074252443 0.9569344946935294
0.30748181146564835 0.9569344946935294
0.2913201953040322 0.9609748987339335
0.29536059934443626 0.9609748987339335
