# x y
0.6990545942567059 0.698348636107671
0.6950141902163018 0.702389040148075
0.6990545942567059 0.702389040148075
0.6909737861758978 0.706429444188479
0.6950141902163018 0.706429444188479
0.6990545942567059 0.706429444188479
0.6869333821354937 0.710469848228883
0.6909737861758978 0.710469848228883
0.6950141902163018 0.710469848228883
0.6990545942567059 0.710469848228883
0.6828929780950896 0.7145102522692871
0.6869333821354937 0.7145102522692871
0.6909737861758978 0.7145102522692871
0.6950141902163018 0.7145102522692871
0.6990545942567059 0.7145102522692871
0.6788525740546856 0.7185506563096911
0.6828929780950896 0.7185506563096911
0.6869333821354937 0.7185506563096911
0.6909737861758978 0.7185506563096911
0.6950141902163018 0.7185506563096911
0.6990545942567059 0.7185506563096911
0.6748121700142815 0.7225910603500951
0.6788525740546856 0.7225910603500951
0.6828929780950896 0.7225910603500951
0.6869333821354937 0.7225910603500951
0.6909737861758978 0.7225910603500951
0.6950141902163018 0.7225910603500951
0.6990545942567059 0.7225910603500951
0.6707717659738776 0.7266314643904992
0.6748121700142815 0.7266314643904992
0.6788525740546856 0.7266314643904992
0.6828929780950896 0.7266314643904992
0.6869333821354937 0.7266314643904992
0.6909737861758978 0.7266314643904992
0.6950141902163018 0.7266314643904992
0.6990545942567059 0.7266314643904992
0.6667313619334735 0.7306718684309033
0.6707717659738776 0.7306718684309033
0.6748121700142815 0.7306718684309033
0.6788525740546856 0.7306718684309033
0.6828929780950896 0.7306718684309033
0.6869333821354937 0.7306718684309033
0.6909737861758978 0.7306718684309033
0.6950141902163018 0.7306718684309033
0.6626909578930695 0.7347122724713073
0.6667313619334735 0.7347122724713073
0.6707717659738776 0.7347122724713073
0.6748121700142815 0.7347122724713073
0.6788525740546856 0.7347122724713073
0.6828929780950896 0.7347122724713073
0.6869333821354937 0.7347122724713073
0.6909737861758978 0.7347122724713073
0.6586505538526655 0.7387526765117113
0.6626909578930695 0.7387526765117113
0.6667313619334735 0.7387526765117113
0.6707717659738776 0.7387526765117113
0.6748121700142815 0.7387526765117113
0.6788525740546856 0.7387526765117113
0.6828929780950896 0.7387526765117113
0.6869333821354937 0.7387526765117113
0.6505697457718573 0.7427930805521153
0.6546101498122614 0.7427930805521153
0.6586505538526655 0.7427930805521153
0.6626909578930695 0.7427930805521153
0.6667313619334735 0.7427930805521153
0.6707717659738776 0.7427930805521153
0.6748121700142815 0.7427930805521153
0.6788525740546856 0.7427930805521153
0.6828929780950896 0.7427930805521153
0.6465293417314533 0.7468334845925194
0.6505697457718573 0.7468334845925194
0.6546101498122614 0.7468334845925194
0.6586505538526655 0.7468334845925194
0.6626909578930695 0.7468334845925194
0.6667313619334735 0.7468334845925194
0.6707717659738776 0.7468334845925194
0.6748121700142815 0.7468334845925194
0.6788525740546856 0.7468334845925194
0.6424889376910492 0.7508738886329235
0.6465293417314533 0.7508738886329235
0.6505697457718573 0.7508738886329235
0.6546101498122614 0.7508738886329235
0.6586505538526655 0.7508738886329235
0.6626909578930695 0.7508738886329235
0.6667313619334735 0.7508738886329235
0.6707717659738776 0.7508738886329235
0.6748121700142815 0.7508738886329235
0.6384485336506452 0.7549142926733274
0.6424889376910492 0.7549142926733274
0.6465293417314533 0.7549142926733274
0.6505697457718573 0.7549142926733274
0.6546101498122614 0.7549142926733274
0.6586505538526655 0.7549142926733274
0.6626909578930695 0.7549142926733274
0.6667313619334735 0.7549142926733274
0.6707717659738776 0.7549142926733274
0.6344081296102412 0.7589546967137315
0.6384485336506452 0.7589546967137315
0.6424889376910492 0.7589546967137315
0.6465293417314533 0.7589546967137315
0.6505697457718573 0.7589546967137315
0.6546101498122614 0.7589546967137315
0.6586505538526655 0.7589546967137315
0.6626909578930695 0.7589546967137315
0.6667313619334735 0.7589546967137315
0.6303677255698372 0.7629951007541356
0.6344081296102412 0.7629951007541356
0.6384485336506452 0.7629951007541356
0.6424889376910492 0.7629951007541356
0.6465293417314533 0.7629951007541356
0.6505697457718573 0.7629951007541356
0.6546101498122614 0.7629951007541356
0.6586505538526655 0.7629951007541356
0.6626909578930695 0.7629951007541356
0.6263273215294332 0.7670355047945396
0.6303677255698372 0.7670355047945396
0.6344081296102412 0.7670355047945396
0.6384485336506452 0.7670355047945396
0.6424889376910492 0.7670355047945396
0.6465293417314533 0.7670355047945396
0.6505697457718573 0.7670355047945396
0.6546101498122614 0.7670355047945396
0.6586505538526655 0.7670355047945396
0.618246513448625 0.7710759088349436
0.6222869174890291 0.7710759088349436
0.6263273215294332 0.7710759088349436
0.6303677255698372 0.7710759088349436
0.6344081296102412 0.7710759088349436
0.6384485336506452 0.7710759088349436
0.6424889376910492 0.7710759088349436
0.6465293417314533 0.7710759088349436
0.6505697457718573 0.7710759088349436
0.614206109408221 0.7751163128753477
0.618246513448625 0.7751163128753477
0.6222869174890291 0.7751163128753477
0.6263273215294332 0.7751163128753477
0.6303677255698372 0.7751163128753477
0.6344081296102412 0.7751163128753477
0.6384485336506452 0.7751163128753477
0.6424889376910492 0.7751163128753477
0.6465293417314533 0.7751163128753477
0.6101657053678169 0.7791567169157517
0.614206109408221 0.7791567169157517
0.618246513448625 0.7791567169157517
0.6222869174890291 0.7791567169157517
0.6263273215294332 0.7791567169157517
0.6303677255698372 0.7791567169157517
0.6344081296102412 0.7791567169157517
0.6384485336506452 0.7791567169157517
0.6424889376910492 0.7791567169157517
0.6020848972870089 0.7831971209561558
0.6061253013274128 0.7831971209561558
0.6101657053678169 0.7831971209561558
0.614206109408221 0.7831971209561558
0.618246513448625 0.7831971209561558
0.6222869174890291 0.7831971209561558
0.6263273215294332 0.7831971209561558
0.6303677255698372 0.7831971209561558
0.6344081296102412 0.7831971209561558
0.6384485336506452 0.7831971209561558
0.5980444932466048 0.7872375249965597
0.6020848972870089 0.7872375249965597
0.6061253013274128 0.7872375249965597
0.6101657053678169 0.7872375249965597
0.614206109408221 0.7872375249965597
0.618246513448625 0.7872375249965597
0.6222869174890291 0.7872375249965597
0.6263273215294332 0.7872375249965597
0.6303677255698372 0.7872375249965597
0.6344081296102412 0.7872375249965597
0.5940040892062008 0.7912779290369638
0.5980444932466048 0.7912779290369638
0.6020848972870089 0.7912779290369638
0.6061253013274128 0.7912779290369638
0.6101657053678169 0.7912779290369638
0.614206109408221 0.7912779290369638
0.618246513448625 0.7912779290369638
0.6222869174890291 0.7912779290369638
0.6263273215294332 0.7912779290369638
0.5859232811253927 0.7953183330773679
0.5899636851657968 0.7953183330773679
0.5940040892062008 0.7953183330773679
0.5980444932466048 0.7953183330773679
0.6020848972870089 0.7953183330773679
0.6061253013274128 0.7953183330773679
0.6101657053678169 0.7953183330773679
0.614206109408221 0.7953183330773679
0.618246513448625 0.7953183330773679
0.6222869174890291 0.7953183330773679
0.5818828770849886 0.799358737117772
0.5859232811253927 0.799358737117772
0.5899636851657968 0.799358737117772
0.5940040892062008 0.799358737117772
0.5980444932466048 0.799358737117772
0.6020848972870089 0.799358737117772
0.6061253013274128 0.799358737117772
0.6101657053678169 0.799358737117772
0.614206109408221 0.799358737117772
0.618246513448625 0.799358737117772
0.5738020690041805 0.803399141158176
0.5778424730445846 0.803399141158176
0.5818828770849886 0.803399141158176
0.5859232811253927 0.803399141158176
0.5899636851657968 0.803399141158176
0.5940040892062008 0.803399141158176
0.5980444932466048 0.803399141158176
0.6020848972870089 0.803399141158176
0.6061253013274128 0.803399141158176
0.6101657053678169 0.803399141158176
0.5697616649637766 0.80743954519858
0.5738020690041805 0.80743954519858
0.5778424730445846 0.80743954519858
0.5818828770849886 0.80743954519858
0.5859232811253927 0.80743954519858
0.5899636851657968 0.80743954519858
0.5940040892062008 0.80743954519858
0.5980444932466048 0.80743954519858
0.6020848972870089 0.80743954519858
0.6061253013274128 0.80743954519858
0.5657212609233725 0.811479949238984
0.5697616649637766 0.811479949238984
0.5738020690041805 0.811479949238984
0.5778424730445846 0.811479949238984
0.5818828770849886 0.811479949238984
0.5859232811253927 0.811479949238984
0.5899636851657968 0.811479949238984
0.5940040892062008 0.811479949238984
0.5980444932466048 0.811479949238984
0.6020848972870089 0.811479949238984
0.5576404528425645 0.8155203532793881
0.5616808568829685 0.8155203532793881
0.5657212609233725 0.8155203532793881
0.5697616649637766 0.8155203532793881
0.5738020690041805 0.8155203532793881
0.5778424730445846 0.8155203532793881
0.5818828770849886 0.8155203532793881
0.5859232811253927 0.8155203532793881
0.5899636851657968 0.8155203532793881
0.5940040892062008 0.8155203532793881
0.5536000488021604 0.819560757319792
0.5576404528425645 0.819560757319792
0.5616808568829685 0.819560757319792
0.5657212609233725 0.819560757319792
0.5697616649637766 0.819560757319792
0.5738020690041805 0.819560757319792
0.5778424730445846 0.819560757319792
0.5818828770849886 0.819560757319792
0.5859232811253927 0.819560757319792
0.5899636851657968 0.819560757319792
0.5455192407213523 0.8236011613601961
0.5495596447617563 0.8236011613601961
0.5536000488021604 0.8236011613601961
0.5576404528425645 0.8236011613601961
0.5616808568829685 0.8236011613601961
0.5657212609233725 0.8236011613601961
0.5697616649637766 0.8236011613601961
0.5738020690041805 0.8236011613601961
0.5778424730445846 0.8236011613601961
0.5818828770849886 0.8236011613601961
0.5859232811253927 0.8236011613601961
0.5414788366809482 0.8276415654006002
0.5455192407213523 0.8276415654006002
0.5495596447617563 0.8276415654006002
0.5536000488021604 0.8276415654006002
0.5576404528425645 0.8276415654006002
0.5616808568829685 0.8276415654006002
0.5657212609233725 0.8276415654006002
0.5697616649637766 0.8276415654006002
0.5738020690041805 0.8276415654006002
0.5778424730445846 0.8276415654006002
0.5333980286001402 0.8316819694410043
0.5374384326405443 0.8316819694410043
0.5414788366809482 0.8316819694410043
0.5455192407213523 0.8316819694410043
0.5495596447617563 0.8316819694410043
0.5536000488021604 0.8316819694410043
0.5576404528425645 0.8316819694410043
0.5616808568829685 0.8316819694410043
0.5657212609233725 0.8316819694410043
0.5697616649637766 0.8316819694410043
0.5738020690041805 0.8316819694410043
0.5253172205193322 0.8357223734814083
0.5293576245597361 0.8357223734814083
0.5333980286001402 0.8357223734814083
0.5374384326405443 0.8357223734814083
0.5414788366809482 0.8357223734814083
0.5455192407213523 0.8357223734814083
0.5495596447617563 0.8357223734814083
0.5536000488021604 0.8357223734814083
0.5576404528425645 0.8357223734814083
0.5616808568829685 0.8357223734814083
0.5657212609233725 0.8357223734814083
0.5212768164789281 0.8397627775218124
0.5253172205193322 0.8397627775218124
0.5293576245597361 0.8397627775218124
0.5333980286001402 0.8397627775218124
0.5374384326405443 0.8397627775218124
0.5414788366809482 0.8397627775218124
0.5455192407213523 0.8397627775218124
0.5495596447617563 0.8397627775218124
0.5536000488021604 0.8397627775218124
0.5576404528425645 0.8397627775218124
0.5616808568829685 0.8397627775218124
0.51319600839812 0.8438031815622163
0.517236412438524 0.8438031815622163
0.5212768164789281 0.8438031815622163
0.5253172205193322 0.8438031815622163
0.5293576245597361 0.8438031815622163
0.5333980286001402 0.8438031815622163
0.5374384326405443 0.8438031815622163
0.5414788366809482 0.8438031815622163
0.5455192407213523 0.8438031815622163
0.5495596447617563 0.8438031815622163
0.5536000488021604 0.8438031815622163
0.5051152003173118 0.8478435856026204
0.5091556043577159 0.8478435856026204
0.51319600839812 0.8478435856026204
0.517236412438524 0.8478435856026204
0.5212768164789281 0.8478435856026204
0.5253172205193322 0.8478435856026204
0.5293576245597361 0.8478435856026204
0.5333980286001402 0.8478435856026204
0.5374384326405443 0.8478435856026204
0.5414788366809482 0.8478435856026204
0.5455192407213523 0.8478435856026204
0.5495596447617563 0.8478435856026204
0.5010747962769079 0.8518839896430245
0.5051152003173118 0.8518839896430245
0.5091556043577159 0.8518839896430245
0.51319600839812 0.8518839896430245
0.517236412438524 0.8518839896430245
0.5212768164789281 0.8518839896430245
0.5253172205193322 0.8518839896430245
0.5293576245597361 0.8518839896430245
0.5333980286001402 0.8518839896430245
0.5374384326405443 0.8518839896430245
0.5414788366809482 0.8518839896430245
0.49299398819609974 0.8559243936834284
0.4970343922365038 0.8559243936834284
0.5010747962769079 0.8559243936834284
0.5051152003173118 0.8559243936834284
0.5091556043577159 0.8559243936834284
0.51319600839812 0.8559243936834284
0.517236412438524 0.8559243936834284
0.5212768164789281 0.8559243936834284
0.5253172205193322 0.8559243936834284
0.5293576245597361 0.8559243936834284
0.5333980286001402 0.8559243936834284
0.5374384326405443 0.8559243936834284
0.48895358415569573 0.8599647977238325
0.49299398819609974 0.8599647977238325
0.4970343922365038 0.8599647977238325
0.5010747962769079 0.8599647977238325
0.5051152003173118 0.8599647977238325
0.5091556043577159 0.8599647977238325
0.51319600839812 0.8599647977238325
0.517236412438524 0.8599647977238325
0.5212768164789281 0.8599647977238325
0.5253172205193322 0.8599647977238325
0.5293576245597361 0.8599647977238325
0.4768323720344836 0.8640052017642366
0.48087277607488765 0.8640052017642366
0.4849131801152917 0.8640052017642366
0.48895358415569573 0.8640052017642366
0.49299398819609974 0.8640052017642366
0.4970343922365038 0.8640052017642366
0.5010747962769079 0.8640052017642366
0.5051152003173118 0.8640052017642366
0.5091556043577159 0.8640052017642366
0.51319600839812 0.8640052017642366
0.517236412438524 0.8640052017642366
0.5212768164789281 0.8640052017642366
0.5253172205193322 0.8640052017642366
0.4727919679940796 0.8680456058046406
0.4768323720344836 0.8680456058046406
0.48087277607488765 0.8680456058046406
0.4849131801152917 0.8680456058046406
0.48895358415569573 0.8680456058046406
0.49299398819609974 0.8680456058046406
0.4970343922365038 0.8680456058046406
0.5010747962769079 0.8680456058046406
0.5051152003173118 0.8680456058046406
0.5091556043577159 0.8680456058046406
0.51319600839812 0.8680456058046406
0.517236412438524 0.8680456058046406
0.4647111599132715 0.8720860098450447
0.46875156395367557 0.8720860098450447
0.4727919679940796 0.8720860098450447
0.4768323720344836 0.8720860098450447
0.48087277607488765 0.8720860098450447
0.4849131801152917 0.8720860098450447
0.48895358415569573 0.8720860098450447
0.49299398819609974 0.8720860098450447
0.4970343922365038 0.8720860098450447
0.5010747962769079 0.8720860098450447
0.5051152003173118 0.8720860098450447
0.5091556043577159 0.8720860098450447
0.45663035183246337 0.8761264138854487
0.46067075587286743 0.8761264138854487
0.4647111599132715 0.8761264138854487
0.46875156395367557 0.8761264138854487
0.4727919679940796 0.8761264138854487
0.4768323720344836 0.8761264138854487
0.48087277607488765 0.8761264138854487
0.4849131801152917 0.8761264138854487
0.48895358415569573 0.8761264138854487
0.49299398819609974 0.8761264138854487
0.4970343922365038 0.8761264138854487
0.5010747962769079 0.8761264138854487
0.44854954375165534 0.8801668179258527
0.45258994779205935 0.8801668179258527
0.45663035183246337 0.8801668179258527
0.46067075587286743 0.8801668179258527
0.4647111599132715 0.8801668179258527
0.46875156395367557 0.8801668179258527
0.4727919679940796 0.8801668179258527
0.4768323720344836 0.8801668179258527
0.48087277607488765 0.8801668179258527
0.4849131801152917 0.8801668179258527
0.48895358415569573 0.8801668179258527
0.49299398819609974 0.8801668179258527
0.4970343922365038 0.8801668179258527
0.4404687356708472 0.8842072219662568
0.4445091397112513 0.8842072219662568
0.44854954375165534 0.8842072219662568
0.45258994779205935 0.8842072219662568
0.45663035183246337 0.8842072219662568
0.46067075587286743 0.8842072219662568
0.4647111599132715 0.8842072219662568
0.46875156395367557 0.8842072219662568
0.4727919679940796 0.8842072219662568
0.4768323720344836 0.8842072219662568
0.48087277607488765 0.8842072219662568
0.4849131801152917 0.8842072219662568
0.48895358415569573 0.8842072219662568
0.4323879275900392 0.8882476260066607
0.4364283316304432 0.8882476260066607
0.4404687356708472 0.8882476260066607
0.4445091397112513 0.8882476260066607
0.44854954375165534 0.8882476260066607
0.45258994779205935 0.8882476260066607
0.45663035183246337 0.8882476260066607
0.46067075587286743 0.8882476260066607
0.4647111599132715 0.8882476260066607
0.46875156395367557 0.8882476260066607
0.4727919679940796 0.8882476260066607
0.4768323720344836 0.8882476260066607
0.48087277607488765 0.8882476260066607
0.42430711950923106 0.8922880300470648
0.4283475235496351 0.8922880300470648
0.4323879275900392 0.8922880300470648
0.4364283316304432 0.8922880300470648
0.4404687356708472 0.8922880300470648
0.4445091397112513 0.8922880300470648
0.44854954375165534 0.8922880300470648
0.45258994779205935 0.8922880300470648
0.45663035183246337 0.8922880300470648
0.46067075587286743 0.8922880300470648
0.4647111599132715 0.8922880300470648
0.46875156395367557 0.8922880300470648
0.4727919679940796 0.8922880300470648
0.41622631142842303 0.8963284340874689
0.42026671546882705 0.8963284340874689
0.42430711950923106 0.8963284340874689
0.4283475235496351 0.8963284340874689
0.4323879275900392 0.8963284340874689
0.4364283316304432 0.8963284340874689
0.4404687356708472 0.8963284340874689
0.4445091397112513 0.8963284340874689
0.44854954375165534 0.8963284340874689
0.45258994779205935 0.8963284340874689
0.45663035183246337 0.8963284340874689
0.46067075587286743 0.8963284340874689
0.4647111599132715 0.8963284340874689
0.4081455033476149 0.9003688381278729
0.41218590738801897 0.9003688381278729
0.41622631142842303 0.9003688381278729
0.42026671546882705 0.9003688381278729
0.42430711950923106 0.9003688381278729
0.4283475235496351 0.9003688381278729
0.4323879275900392 0.9003688381278729
0.4364283316304432 0.9003688381278729
0.4404687356708472 0.9003688381278729
0.4445091397112513 0.9003688381278729
0.44854954375165534 0.9003688381278729
0.45258994779205935 0.9003688381278729
0.45663035183246337 0.9003688381278729
0.46067075587286743 0.9003688381278729
0.3960242912264028 0.904409242168277
0.4000646952668068 0.904409242168277
0.4041050993072109 0.904409242168277
0.4081455033476149 0.904409242168277
0.41218590738801897 0.904409242168277
0.41622631142842303 0.904409242168277
0.42026671546882705 0.904409242168277
0.42430711950923106 0.904409242168277
0.4283475235496351 0.904409242168277
0.4323879275900392 0.904409242168277
0.4364283316304432 0.904409242168277
0.4404687356708472 0.904409242168277
0.4445091397112513 0.904409242168277
0.44854954375165534 0.904409242168277
0.38794348314559474 0.9084496462086811
0.39198388718599875 0.9084496462086811
0.3960242912264028 0.9084496462086811
0.4000646952668068 0.9084496462086811
0.4041050993072109 0.9084496462086811
0.4081455033476149 0.9084496462086811
0.41218590738801897 0.9084496462086811
0.41622631142842303 0.9084496462086811
0.42026671546882705 0.9084496462086811
0.42430711950923106 0.9084496462086811
0.4283475235496351 0.9084496462086811
0.4323879275900392 0.9084496462086811
0.4364283316304432 0.9084496462086811
0.4404687356708472 0.9084496462086811
0.4445091397112513 0.9084496462086811
0.37986267506478666 0.912490050249085
0.38390307910519067 0.912490050249085
0.38794348314559474 0.912490050249085
0.39198388718599875 0.912490050249085
0.3960242912264028 0.912490050249085
0.4000646952668068 0.912490050249085
0.4041050993072109 0.912490050249085
0.4081455033476149 0.912490050249085
0.41218590738801897 0.912490050249085
0.41622631142842303 0.912490050249085
0.42026671546882705 0.912490050249085
0.42430711950923106 0.912490050249085
0.4283475235496351 0.912490050249085
0.4323879275900392 0.912490050249085
0.4364283316304432 0.912490050249085
0.3677414629435745 0.9165304542894891
0.3717818669839785 0.9165304542894891
0.3758222710243826 0.9165304542894891
0.37986267506478666 0.9165304542894891
0.38390307910519067 0.9165304542894891
0.38794348314559474 0.9165304542894891
0.39198388718599875 0.9165304542894891
0.3960242912264028 0.9165304542894891
0.4000646952668068 0.9165304542894891
0.4041050993072109 0.9165304542894891
0.4081455033476149 0.9165304542894891
0.41218590738801897 0.9165304542894891
0.41622631142842303 0.9165304542894891
0.42026671546882705 0.9165304542894891
0.42430711950923106 0.9165304542894891
0.4283475235496351 0.9165304542894891
0.35966065486276644 0.920570858329893
0.3637010589031705 0.920570858329893
0.3677414629435745 0.920570858329893
0.3717818669839785 0.920570858329893
0.3758222710243826 0.920570858329893
0.37986267506478666 0.920570858329893
0.38390307910519067 0.920570858329893
0.38794348314559474 0.920570858329893
0.39198388718599875 0.920570858329893
0.3960242912264028 0.920570858329893
0.4000646952668068 0.920570858329893
0.4041050993072109 0.920570858329893
0.4081455033476149 0.920570858329893
0.41218590738801897 0.920570858329893
0.41622631142842303 0.920570858329893
0.34753944274155435 0.9246112623702971
0.35157984678195836 0.9246112623702971
0.35562025082236237 0.9246112623702971
0.35966065486276644 0.9246112623702971
0.3637010589031705 0.9246112623702971
0.3677414629435745 0.9246112623702971
0.3717818669839785 0.9246112623702971
0.3758222710243826 0.9246112623702971
0.37986267506478666 0.9246112623702971
0.38390307910519067 0.9246112623702971
0.38794348314559474 0.9246112623702971
0.39198388718599875 0.9246112623702971
0.3960242912264028 0.9246112623702971
0.4000646952668068 0.9246112623702971
0.4041050993072109 0.9246112623702971
0.4081455033476149 0.9246112623702971
0.3394586346607462 0.9286516664107012
0.3434990387011503 0.9286516664107012
0.34753944274155435 0.9286516664107012
0.35157984678195836 0.9286516664107012
0.35562025082236237 0.9286516664107012
0.35966065486276644 0.9286516664107012
0.3637010589031705 0.9286516664107012
0.3677414629435745 0.9286516664107012
0.3717818669839785 0.9286516664107012
0.3758222710243826 0.9286516664107012
0.37986267506478666 0.9286516664107012
0.38390307910519067 0.9286516664107012
0.38794348314559474 0.9286516664107012
0.39198388718599875 0.9286516664107012
0.3960242912264028 0.9286516664107012
0.4000646952668068 0.9286516664107012
0.32733742253953413 0.9326920704511052
0.33137782657993814 0.9326920704511052
0.3354182306203422 0.9326920704511052
0.3394586346607462 0.9326920704511052
0.3434990387011503 0.9326920704511052
0.34753944274155435 0.9326920704511052
0.35157984678195836 0.9326920704511052
0.35562025082236237 0.9326920704511052
0.35966065486276644 0.9326920704511052
0.3637010589031705 0.9326920704511052
0.3677414629435745 0.9326920704511052
0.3717818669839785 0.9326920704511052
0.3758222710243826 0.9326920704511052
0.37986267506478666 0.9326920704511052
0.38390307910519067 0.9326920704511052
0.38794348314559474 0.9326920704511052
0.315216210418322 0.9367324744915093
0.319256614458726 0.9367324744915093
0.32329701849913006 0.9367324744915093
0.32733742253953413 0.9367324744915093
0.33137782657993814 0.9367324744915093
0.3354182306203422 0.9367324744915093
0.3394586346607462 0.9367324744915093
0.3434990387011503 0.9367324744915093
0.34753944274155435 0.9367324744915093
0.35157984678195836 0.9367324744915093
0.35562025082236237 0.9367324744915093
0.35966065486276644 0.9367324744915093
0.3637010589031705 0.9367324744915093
0.3677414629435745 0.9367324744915093
0.3717818669839785 0.9367324744915093
0.3758222710243826 0.9367324744915093
0.37986267506478666 0.9367324744915093
0.30309499829710984 0.9407728785319134
0.3071354023375139 0.9407728785319134
0.311175806377918 0.9407728785319134
0.315216210418322 0.9407728785319134
0.319256614458726 0.9407728785319134
0.32329701849913006 0.9407728785319134
0.32733742253953413 0.9407728785319134
0.33137782657993814 0.9407728785319134
0.3354182306203422 0.9407728785319134
0.3394586346607462 0.9407728785319134
0.3434990387011503 0.9407728785319134
0.34753944274155435 0.9407728785319134
0.35157984678195836 0.9407728785319134
0.35562025082236237 0.9407728785319134
0.35966065486276644 0.9407728785319134
0.3637010589031705 0.9407728785319134
0.3677414629435745 0.9407728785319134
0.3717818669839785 0.9407728785319134
0.29905459425670583 0.9448132825723174
0.30309499829710984 0.9448132825723174
0.3071354023375139 0.9448132825723174
0.311175806377918 0.9448132825723174
0.315216210418322 0.9448132825723174
0.319256614458726 0.9448132825723174
0.32329701849913006 0.9448132825723174
0.32733742253953413 0.9448132825723174
0.33137782657993814 0.9448132825723174
0.3354182306203422 0.9448132825723174
0.3394586346607462 0.9448132825723174
0.3434990387011503 0.9448132825723174
0.34753944274155435 0.9448132825723174
0.35157984678195836 0.9448132825723174
0.35562025082236237 0.9448132825723174
0.35966065486276644 0.9448132825723174
0.29905459425670583 0.9488536866127214
0.30309499829710984 0.9488536866127214
0.3071354023375139 0.9488536866127214
0.311175806377918 0.9488536866127214
0.315216210418322 0.9488536866127214
0.319256614458726 0.9488536866127214
0.32329701849913006 0.9488536866127214
0.32733742253953413 0.9488536866127214
0.33137782657993814 0.9488536866127214
0.3354182306203422 0.9488536866127214
0.3394586346607462 0.9488536866127214
0.3434990387011503 0.9488536866127214
0.34753944274155435 0.9488536866127214
0.35157984678195836 0.9488536866127214
0.29905459425670583 0.9528940906531255
0.30309499829710984 0.9528940906531255
0.3071354023375139 0.9528940906531255
0.311175806377918 0.9528940906531255
0.315216210418322 0.9528940906531255
0.319256614458726 0.9528940906531255
0.32329701849913006 0.9528940906531255
0.32733742253953413 0.9528940906531255
0.33137782657993814 0.9528940906531255
0.3354182306203422 0.9528940906531255
0.3394586346607462 0.9528940906531255
0.29905459425670583 0.9569344946935294
0.30309499829710984 0.9569344946935294
0.3071354023375139 0.9569344946935294
0.311175806377918 0.9569344946935294
0.315216210418322 0.9569344946935294
0.319256614458726 0.9569344946935294
0.32329701849913006 0.9569344946935294
0.32733742253953413 0.9569344946935294
0.29905459425670583 0.9609748987339335
0.30309499829710984 0.9609748987339335
0.3071354023375139 0.9609748987339335
0.311175806377918 0.9609748987339335
0.29905459425670583 0.9650153027743376
0.30309499829710984 0.9650153027743376
