# x y
0.695943435462788 0.7266314643904992
0.691903031422384 0.7306718684309033
0.6878626273819799 0.7347122724713073
0.6514989910183435 0.7670355047945396
0.6393777788971314 0.7791567169157517
0.598973738493091 0.8155203532793881
0.594933334452687 0.8316819694410043
0.5585696980890507 0.8397627775218124
0.5464484859678385 0.8478435856026204
0.5302868698062223 0.8559243936834284
0.5020040415233941 0.8720860098450447
0.5302868698062223 0.8761264138854487
0.4656404051597577 0.8922880300470648
0.4898828294021819 0.9003688381278729
0.4171555566749092 0.9165304542894891
0.396953536472889 0.9286516664107012
0.3363474758668284 0.9488536866127214
0.3161454556648082 0.9650153027743376
0.30402424354359603 0.9690557068147416
