# x y
0.699960968843752 0.7145102522692871
0.695920564803348 0.7185506563096911
0.6878397567225399 0.7225910603500951
0.691880160762944 0.7225910603500951
0.6837993526821359 0.7266314643904992
0.6878397567225399 0.7266314643904992
0.6797589486417319 0.7306718684309033
0.6837993526821359 0.7306718684309033
0.6757185446013279 0.7347122724713073
0.6797589486417319 0.7347122724713073
0.6716781405609238 0.7387526765117113
0.6757185446013279 0.7387526765117113
0.6676377365205197 0.7427930805521153
0.6716781405609238 0.7427930805521153
0.6635973324801157 0.7468334845925194
0.6676377365205197 0.7468334845925194
0.6595569284397116 0.7508738886329235
0.6635973324801157 0.7508738886329235
0.6555165243993076 0.7549142926733274
0.6595569284397116 0.7549142926733274
0.6474357163184996 0.7589546967137315
0.6514761203589036 0.7589546967137315
0.6433953122780955 0.7629951007541356
0.6474357163184996 0.7629951007541356
0.6393549082376915 0.7670355047945396
0.6433953122780955 0.7670355047945396
0.6353145041972874 0.7710759088349436
0.6393549082376915 0.7710759088349436
0.6312741001568833 0.7751163128753477
0.6353145041972874 0.7751163128753477
0.6231932920760752 0.7791567169157517
0.6272336961164793 0.7791567169157517
0.6191528880356713 0.7831971209561558
0.6231932920760752 0.7831971209561558
0.6151124839952672 0.7872375249965597
0.6191528880356713 0.7872375249965597
0.6110720799548632 0.7912779290369638
0.6151124839952672 0.7912779290369638
0.6029912718740551 0.7953183330773679
0.6070316759144592 0.7953183330773679
0.598950867833651 0.799358737117772
0.6029912718740551 0.799358737117772
0.594910463793247 0.803399141158176
0.598950867833651 0.803399141158176
0.586829655712439 0.80743954519858
0.5908700597528429 0.80743954519858
0.5827892516720349 0.811479949238984
0.586829655712439 0.811479949238984
0.5747084435912269 0.8155203532793881
0.5787488476316309 0.8155203532793881
0.5827892516720349 0.8155203532793881
0.5706680395508228 0.819560757319792
0.5747084435912269 0.819560757319792
0.5666276355104187 0.8236011613601961
0.5706680395508228 0.8236011613601961
0.5585468274296106 0.8276415654006002
0.5625872314700147 0.8276415654006002
0.5545064233892065 0.8316819694410043
0.5585468274296106 0.8316819694410043
0.5464256153083985 0.8357223734814083
0.5504660193488026 0.8357223734814083
0.5383448072275905 0.8397627775218124
0.5423852112679945 0.8397627775218124
0.5464256153083985 0.8397627775218124
0.5343044031871864 0.8438031815622163
0.5383448072275905 0.8438031815622163
0.5262235951063783 0.8478435856026204
0.5302639991467823 0.8478435856026204
0.5343044031871864 0.8478435856026204
0.5221831910659742 0.8518839896430245
0.5262235951063783 0.8518839896430245
0.5141023829851662 0.8559243936834284
0.5181427870255703 0.8559243936834284
0.5060215749043582 0.8599647977238325
0.5100619789447621 0.8599647977238325
0.5141023829851662 0.8599647977238325
0.5019811708639541 0.8640052017642366
0.5060215749043582 0.8640052017642366
0.493900362783146 0.8680456058046406
0.49794076682355004 0.8680456058046406
0.48581955470233795 0.8720860098450447
0.48985995874274196 0.8720860098450447
0.493900362783146 0.8720860098450447
0.4777387466215298 0.8761264138854487
0.4817791506619339 0.8761264138854487
0.48581955470233795 0.8761264138854487
0.4696579385407218 0.8801668179258527
0.4736983425811258 0.8801668179258527
0.4777387466215298 0.8801668179258527
0.46157713045991366 0.8842072219662568
0.46561753450031773 0.8842072219662568
0.4696579385407218 0.8842072219662568
0.4575367264195096 0.8882476260066607
0.46157713045991366 0.8882476260066607
0.4494559183387016 0.8922880300470648
0.4534963223791056 0.8922880300470648
0.44137511025789344 0.8963284340874689
0.4454155142982975 0.8963284340874689
0.42925389813668136 0.9003688381278729
0.4332943021770854 0.9003688381278729
0.43733470621748943 0.9003688381278729
0.4211730900558733 0.904409242168277
0.4252134940962773 0.904409242168277
0.42925389813668136 0.904409242168277
0.4130922819750652 0.9084496462086811
0.41713268601546927 0.9084496462086811
0.4211730900558733 0.9084496462086811
0.4050114738942571 0.912490050249085
0.40905187793466113 0.912490050249085
0.4130922819750652 0.912490050249085
0.39693066581344905 0.9165304542894891
0.40097106985385306 0.9165304542894891
0.4050114738942571 0.9165304542894891
0.3848094536922369 0.920570858329893
0.38884985773264097 0.920570858329893
0.392890261773045 0.920570858329893
0.39693066581344905 0.920570858329893
0.3767286456114288 0.9246112623702971
0.3807690496518329 0.9246112623702971
0.3848094536922369 0.9246112623702971
0.36460743349021674 0.9286516664107012
0.36864783753062075 0.9286516664107012
0.37268824157102476 0.9286516664107012
0.3767286456114288 0.9286516664107012
0.3565266254094086 0.9326920704511052
0.36056702944981267 0.9326920704511052
0.36460743349021674 0.9326920704511052
0.3444054132881965 0.9367324744915093
0.3484458173286006 0.9367324744915093
0.3524862213690046 0.9367324744915093
0.3565266254094086 0.9367324744915093
0.33228420116698437 0.9407728785319134
0.33632460520738844 0.9407728785319134
0.34036500924779245 0.9407728785319134
0.3444054132881965 0.9407728785319134
0.32016298904577223 0.9448132825723174
0.3242033930861763 0.9448132825723174
0.32824379712658036 0.9448132825723174
0.33228420116698437 0.9448132825723174
0.30804177692456014 0.9488536866127214
0.3120821809649642 0.9488536866127214
0.3161225850053682 0.9488536866127214
0.32016298904577223 0.9488536866127214
0.29996096884375206 0.9528940906531255
0.3040013728841561 0.9528940906531255
0.30804177692456014 0.9528940906531255
