# x y
0.6924453411953959 0.698348636107671
0.6884049371549918 0.702389040148075
0.6964857452358 0.702389040148075
0.6843645331145878 0.706429444188479
0.6924453411953959 0.706429444188479
0.6964857452358 0.706429444188479
0.6722433209933757 0.710469848228883
0.6762837250337798 0.710469848228883
0.6803241290741837 0.710469848228883
0.6843645331145878 0.710469848228883
0.6884049371549918 0.710469848228883
0.6924453411953959 0.710469848228883
0.6964857452358 0.710469848228883
0.6722433209933757 0.7145102522692871
0.6762837250337798 0.7145102522692871
0.6803241290741837 0.7145102522692871
0.6843645331145878 0.7145102522692871
0.6884049371549918 0.7145102522692871
0.6924453411953959 0.7145102522692871
0.6964857452358 0.7145102522692871
0.6682029169529717 0.7185506563096911
0.6722433209933757 0.7185506563096911
0.6762837250337798 0.7185506563096911
0.6803241290741837 0.7185506563096911
0.6843645331145878 0.7185506563096911
0.6884049371549918 0.7185506563096911
0.6924453411953959 0.7185506563096911
0.6964857452358 0.7185506563096911
0.6641625129125677 0.7225910603500951
0.6682029169529717 0.7225910603500951
0.6722433209933757 0.7225910603500951
0.6762837250337798 0.7225910603500951
0.6803241290741837 0.7225910603500951
0.6843645331145878 0.7225910603500951
0.6884049371549918 0.7225910603500951
0.6924453411953959 0.7225910603500951
0.6964857452358 0.7225910603500951
0.6601221088721636 0.7266314643904992
0.6641625129125677 0.7266314643904992
0.6682029169529717 0.7266314643904992
0.6722433209933757 0.7266314643904992
0.6762837250337798 0.7266314643904992
0.6803241290741837 0.7266314643904992
0.6843645331145878 0.7266314643904992
0.6884049371549918 0.7266314643904992
0.6924453411953959 0.7266314643904992
0.6964857452358 0.7266314643904992
0.6560817048317595 0.7306718684309033
0.6641625129125677 0.7306718684309033
0.6682029169529717 0.7306718684309033
0.6722433209933757 0.7306718684309033
0.6762837250337798 0.7306718684309033
0.6803241290741837 0.7306718684309033
0.6843645331145878 0.7306718684309033
0.6884049371549918 0.7306718684309033
0.6924453411953959 0.7306718684309033
0.6520413007913555 0.7347122724713073
0.6601221088721636 0.7347122724713073
0.6641625129125677 0.7347122724713073
0.6682029169529717 0.7347122724713073
0.6722433209933757 0.7347122724713073
0.6762837250337798 0.7347122724713073
0.6803241290741837 0.7347122724713073
0.6843645331145878 0.7347122724713073
0.6884049371549918 0.7347122724713073
0.6439604927105474 0.7387526765117113
0.6480008967509514 0.7387526765117113
0.6560817048317595 0.7387526765117113
0.6601221088721636 0.7387526765117113
0.6641625129125677 0.7387526765117113
0.6682029169529717 0.7387526765117113
0.6722433209933757 0.7387526765117113
0.6762837250337798 0.7387526765117113
0.6803241290741837 0.7387526765117113
0.6843645331145878 0.7387526765117113
0.6358796846297394 0.7427930805521153
0.6480008967509514 0.7427930805521153
0.6520413007913555 0.7427930805521153
0.6560817048317595 0.7427930805521153
0.6601221088721636 0.7427930805521153
0.6641625129125677 0.7427930805521153
0.6682029169529717 0.7427930805521153
0.6722433209933757 0.7427930805521153
0.6762837250337798 0.7427930805521153
0.6803241290741837 0.7427930805521153
0.6843645331145878 0.7427930805521153
0.6439604927105474 0.7468334845925194
0.6480008967509514 0.7468334845925194
0.6520413007913555 0.7468334845925194
0.6560817048317595 0.7468334845925194
0.6601221088721636 0.7468334845925194
0.6641625129125677 0.7468334845925194
0.6682029169529717 0.7468334845925194
0.6722433209933757 0.7468334845925194
0.6762837250337798 0.7468334845925194
0.6803241290741837 0.7468334845925194
0.6318392805893354 0.7508738886329235
0.6358796846297394 0.7508738886329235
0.6399200886701434 0.7508738886329235
0.6439604927105474 0.7508738886329235
0.6480008967509514 0.7508738886329235
0.6520413007913555 0.7508738886329235
0.6560817048317595 0.7508738886329235
0.6601221088721636 0.7508738886329235
0.6641625129125677 0.7508738886329235
0.6682029169529717 0.7508738886329235
0.6722433209933757 0.7508738886329235
0.6277988765489313 0.7549142926733274
0.6358796846297394 0.7549142926733274
0.6399200886701434 0.7549142926733274
0.6439604927105474 0.7549142926733274
0.6480008967509514 0.7549142926733274
0.6520413007913555 0.7549142926733274
0.6560817048317595 0.7549142926733274
0.6601221088721636 0.7549142926733274
0.6641625129125677 0.7549142926733274
0.6682029169529717 0.7549142926733274
0.6237584725085272 0.7589546967137315
0.6277988765489313 0.7589546967137315
0.6318392805893354 0.7589546967137315
0.6358796846297394 0.7589546967137315
0.6399200886701434 0.7589546967137315
0.6439604927105474 0.7589546967137315
0.6480008967509514 0.7589546967137315
0.6520413007913555 0.7589546967137315
0.6560817048317595 0.7589546967137315
0.6601221088721636 0.7589546967137315
0.6641625129125677 0.7589546967137315
0.6682029169529717 0.7589546967137315
0.6156776644277191 0.7629951007541356
0.6237584725085272 0.7629951007541356
0.6277988765489313 0.7629951007541356
0.6318392805893354 0.7629951007541356
0.6358796846297394 0.7629951007541356
0.6399200886701434 0.7629951007541356
0.6439604927105474 0.7629951007541356
0.6480008967509514 0.7629951007541356
0.6520413007913555 0.7629951007541356
0.6560817048317595 0.7629951007541356
0.6601221088721636 0.7629951007541356
0.6641625129125677 0.7629951007541356
0.611637260387315 0.7670355047945396
0.6156776644277191 0.7670355047945396
0.6197180684681232 0.7670355047945396
0.6237584725085272 0.7670355047945396
0.6277988765489313 0.7670355047945396
0.6318392805893354 0.7670355047945396
0.6358796846297394 0.7670355047945396
0.6399200886701434 0.7670355047945396
0.6439604927105474 0.7670355047945396
0.6480008967509514 0.7670355047945396
0.6520413007913555 0.7670355047945396
0.6560817048317595 0.7670355047945396
0.6075968563469111 0.7710759088349436
0.611637260387315 0.7710759088349436
0.6156776644277191 0.7710759088349436
0.6197180684681232 0.7710759088349436
0.6237584725085272 0.7710759088349436
0.6277988765489313 0.7710759088349436
0.6318392805893354 0.7710759088349436
0.6358796846297394 0.7710759088349436
0.6399200886701434 0.7710759088349436
0.6439604927105474 0.7710759088349436
0.6480008967509514 0.7710759088349436
0.6520413007913555 0.7710759088349436
0.603556452306507 0.7751163128753477
0.6075968563469111 0.7751163128753477
0.611637260387315 0.7751163128753477
0.6156776644277191 0.7751163128753477
0.6197180684681232 0.7751163128753477
0.6237584725085272 0.7751163128753477
0.6277988765489313 0.7751163128753477
0.6318392805893354 0.7751163128753477
0.6358796846297394 0.7751163128753477
0.6399200886701434 0.7751163128753477
0.6439604927105474 0.7751163128753477
0.6520413007913555 0.7751163128753477
0.595475644225699 0.7791567169157517
0.603556452306507 0.7791567169157517
0.6075968563469111 0.7791567169157517
0.611637260387315 0.7791567169157517
0.6156776644277191 0.7791567169157517
0.6197180684681232 0.7791567169157517
0.6237584725085272 0.7791567169157517
0.6277988765489313 0.7791567169157517
0.6318392805893354 0.7791567169157517
0.6358796846297394 0.7791567169157517
0.6399200886701434 0.7791567169157517
0.5914352401852949 0.7831971209561558
0.599516048266103 0.7831971209561558
0.603556452306507 0.7831971209561558
0.6075968563469111 0.7831971209561558
0.611637260387315 0.7831971209561558
0.6156776644277191 0.7831971209561558
0.6197180684681232 0.7831971209561558
0.6237584725085272 0.7831971209561558
0.6277988765489313 0.7831971209561558
0.6318392805893354 0.7831971209561558
0.6358796846297394 0.7831971209561558
0.6399200886701434 0.7831971209561558
0.5833544321044868 0.7872375249965597
0.5873948361448909 0.7872375249965597
0.5914352401852949 0.7872375249965597
0.595475644225699 0.7872375249965597
0.599516048266103 0.7872375249965597
0.603556452306507 0.7872375249965597
0.6075968563469111 0.7872375249965597
0.611637260387315 0.7872375249965597
0.6156776644277191 0.7872375249965597
0.6197180684681232 0.7872375249965597
0.6237584725085272 0.7872375249965597
0.6277988765489313 0.7872375249965597
0.6318392805893354 0.7872375249965597
0.6399200886701434 0.7872375249965597
0.5793140280640827 0.7912779290369638
0.5873948361448909 0.7912779290369638
0.5914352401852949 0.7912779290369638
0.595475644225699 0.7912779290369638
0.599516048266103 0.7912779290369638
0.603556452306507 0.7912779290369638
0.6075968563469111 0.7912779290369638
0.611637260387315 0.7912779290369638
0.6156776644277191 0.7912779290369638
0.6197180684681232 0.7912779290369638
0.6237584725085272 0.7912779290369638
0.6277988765489313 0.7912779290369638
0.6318392805893354 0.7912779290369638
0.5793140280640827 0.7953183330773679
0.5833544321044868 0.7953183330773679
0.5873948361448909 0.7953183330773679
0.5914352401852949 0.7953183330773679
0.595475644225699 0.7953183330773679
0.599516048266103 0.7953183330773679
0.603556452306507 0.7953183330773679
0.6075968563469111 0.7953183330773679
0.611637260387315 0.7953183330773679
0.6156776644277191 0.7953183330773679
0.6197180684681232 0.7953183330773679
0.6277988765489313 0.7953183330773679
0.5671928159428707 0.799358737117772
0.5752736240236788 0.799358737117772
0.5793140280640827 0.799358737117772
0.5833544321044868 0.799358737117772
0.5873948361448909 0.799358737117772
0.5914352401852949 0.799358737117772
0.595475644225699 0.799358737117772
0.599516048266103 0.799358737117772
0.603556452306507 0.799358737117772
0.6075968563469111 0.799358737117772
0.611637260387315 0.799358737117772
0.6156776644277191 0.799358737117772
0.6237584725085272 0.799358737117772
0.5631524119024667 0.803399141158176
0.5671928159428707 0.803399141158176
0.5712332199832747 0.803399141158176
0.5752736240236788 0.803399141158176
0.5793140280640827 0.803399141158176
0.5833544321044868 0.803399141158176
0.5873948361448909 0.803399141158176
0.5914352401852949 0.803399141158176
0.595475644225699 0.803399141158176
0.599516048266103 0.803399141158176
0.603556452306507 0.803399141158176
0.6075968563469111 0.803399141158176
0.611637260387315 0.803399141158176
0.5550716038216585 0.80743954519858
0.5631524119024667 0.80743954519858
0.5671928159428707 0.80743954519858
0.5712332199832747 0.80743954519858
0.5752736240236788 0.80743954519858
0.5793140280640827 0.80743954519858
0.5833544321044868 0.80743954519858
0.5873948361448909 0.80743954519858
0.5914352401852949 0.80743954519858
0.595475644225699 0.80743954519858
0.599516048266103 0.80743954519858
0.603556452306507 0.80743954519858
0.6075968563469111 0.80743954519858
0.611637260387315 0.80743954519858
0.6156776644277191 0.80743954519858
0.5591120078620626 0.811479949238984
0.5631524119024667 0.811479949238984
0.5671928159428707 0.811479949238984
0.5712332199832747 0.811479949238984
0.5752736240236788 0.811479949238984
0.5793140280640827 0.811479949238984
0.5833544321044868 0.811479949238984
0.5873948361448909 0.811479949238984
0.5914352401852949 0.811479949238984
0.595475644225699 0.811479949238984
0.599516048266103 0.811479949238984
0.6075968563469111 0.811479949238984
0.5429503917004465 0.8155203532793881
0.5469907957408504 0.8155203532793881
0.5510311997812545 0.8155203532793881
0.5550716038216585 0.8155203532793881
0.5591120078620626 0.8155203532793881
0.5631524119024667 0.8155203532793881
0.5671928159428707 0.8155203532793881
0.5712332199832747 0.8155203532793881
0.5752736240236788 0.8155203532793881
0.5793140280640827 0.8155203532793881
0.5833544321044868 0.8155203532793881
0.5873948361448909 0.8155203532793881
0.5914352401852949 0.8155203532793881
0.595475644225699 0.8155203532793881
0.599516048266103 0.8155203532793881
0.603556452306507 0.8155203532793881
0.5469907957408504 0.819560757319792
0.5510311997812545 0.819560757319792
0.5550716038216585 0.819560757319792
0.5591120078620626 0.819560757319792
0.5631524119024667 0.819560757319792
0.5671928159428707 0.819560757319792
0.5712332199832747 0.819560757319792
0.5752736240236788 0.819560757319792
0.5793140280640827 0.819560757319792
0.5833544321044868 0.819560757319792
0.5873948361448909 0.819560757319792
0.5914352401852949 0.819560757319792
0.5308291795792344 0.8236011613601961
0.5389099876600424 0.8236011613601961
0.5429503917004465 0.8236011613601961
0.5469907957408504 0.8236011613601961
0.5510311997812545 0.8236011613601961
0.5550716038216585 0.8236011613601961
0.5591120078620626 0.8236011613601961
0.5631524119024667 0.8236011613601961
0.5671928159428707 0.8236011613601961
0.5712332199832747 0.8236011613601961
0.5752736240236788 0.8236011613601961
0.5793140280640827 0.8236011613601961
0.5833544321044868 0.8236011613601961
0.5914352401852949 0.8236011613601961
0.5227483714984262 0.8276415654006002
0.5308291795792344 0.8276415654006002
0.5348695836196383 0.8276415654006002
0.5389099876600424 0.8276415654006002
0.5429503917004465 0.8276415654006002
0.5469907957408504 0.8276415654006002
0.5510311997812545 0.8276415654006002
0.5550716038216585 0.8276415654006002
0.5591120078620626 0.8276415654006002
0.5631524119024667 0.8276415654006002
0.5671928159428707 0.8276415654006002
0.5712332199832747 0.8276415654006002
0.5752736240236788 0.8276415654006002
0.5793140280640827 0.8276415654006002
0.5833544321044868 0.8276415654006002
0.5267887755388303 0.8316819694410043
0.5308291795792344 0.8316819694410043
0.5348695836196383 0.8316819694410043
0.5389099876600424 0.8316819694410043
0.5429503917004465 0.8316819694410043
0.5469907957408504 0.8316819694410043
0.5510311997812545 0.8316819694410043
0.5550716038216585 0.8316819694410043
0.5591120078620626 0.8316819694410043
0.5631524119024667 0.8316819694410043
0.5671928159428707 0.8316819694410043
0.5712332199832747 0.8316819694410043
0.5752736240236788 0.8316819694410043
0.5793140280640827 0.8316819694410043
0.510627159377214 0.8357223734814083
0.5146675634176181 0.8357223734814083
0.5187079674580222 0.8357223734814083
0.5227483714984262 0.8357223734814083
0.5267887755388303 0.8357223734814083
0.5308291795792344 0.8357223734814083
0.5348695836196383 0.8357223734814083
0.5389099876600424 0.8357223734814083
0.5429503917004465 0.8357223734814083
0.5469907957408504 0.8357223734814083
0.5510311997812545 0.8357223734814083
0.5550716038216585 0.8357223734814083
0.5591120078620626 0.8357223734814083
0.5631524119024667 0.8357223734814083
0.5671928159428707 0.8357223734814083
0.5752736240236788 0.8357223734814083
0.5146675634176181 0.8397627775218124
0.5187079674580222 0.8397627775218124
0.5227483714984262 0.8397627775218124
0.5267887755388303 0.8397627775218124
0.5308291795792344 0.8397627775218124
0.5348695836196383 0.8397627775218124
0.5389099876600424 0.8397627775218124
0.5429503917004465 0.8397627775218124
0.5469907957408504 0.8397627775218124
0.5510311997812545 0.8397627775218124
0.5550716038216585 0.8397627775218124
0.5591120078620626 0.8397627775218124
0.5631524119024667 0.8397627775218124
0.5065867553368101 0.8438031815622163
0.510627159377214 0.8438031815622163
0.5146675634176181 0.8438031815622163
0.5187079674580222 0.8438031815622163
0.5227483714984262 0.8438031815622163
0.5267887755388303 0.8438031815622163
0.5308291795792344 0.8438031815622163
0.5348695836196383 0.8438031815622163
0.5389099876600424 0.8438031815622163
0.5429503917004465 0.8438031815622163
0.5469907957408504 0.8438031815622163
0.5510311997812545 0.8438031815622163
0.5550716038216585 0.8438031815622163
0.5591120078620626 0.8438031815622163
0.5631524119024667 0.8438031815622163
0.49446554321559794 0.8478435856026204
0.49850594725600195 0.8478435856026204
0.502546351296406 0.8478435856026204
0.5065867553368101 0.8478435856026204
0.510627159377214 0.8478435856026204
0.5146675634176181 0.8478435856026204
0.5187079674580222 0.8478435856026204
0.5227483714984262 0.8478435856026204
0.5267887755388303 0.8478435856026204
0.5308291795792344 0.8478435856026204
0.5348695836196383 0.8478435856026204
0.5389099876600424 0.8478435856026204
0.5429503917004465 0.8478435856026204
0.5469907957408504 0.8478435856026204
0.5510311997812545 0.8478435856026204
0.4904251391751939 0.8518839896430245
0.49446554321559794 0.8518839896430245
0.49850594725600195 0.8518839896430245
0.502546351296406 0.8518839896430245
0.5065867553368101 0.8518839896430245
0.510627159377214 0.8518839896430245
0.5146675634176181 0.8518839896430245
0.5187079674580222 0.8518839896430245
0.5227483714984262 0.8518839896430245
0.5267887755388303 0.8518839896430245
0.5308291795792344 0.8518839896430245
0.5348695836196383 0.8518839896430245
0.5389099876600424 0.8518839896430245
0.5429503917004465 0.8518839896430245
0.5510311997812545 0.8518839896430245
0.47426352301357777 0.8559243936834284
0.48638473513478986 0.8559243936834284
0.4904251391751939 0.8559243936834284
0.49446554321559794 0.8559243936834284
0.49850594725600195 0.8559243936834284
0.502546351296406 0.8559243936834284
0.5065867553368101 0.8559243936834284
0.510627159377214 0.8559243936834284
0.5146675634176181 0.8559243936834284
0.5187079674580222 0.8559243936834284
0.5227483714984262 0.8559243936834284
0.5267887755388303 0.8559243936834284
0.5308291795792344 0.8559243936834284
0.5348695836196383 0.8559243936834284
0.5389099876600424 0.8559243936834284
0.5429503917004465 0.8559243936834284
0.4783039270539818 0.8599647977238325
0.4823443310943858 0.8599647977238325
0.48638473513478986 0.8599647977238325
0.4904251391751939 0.8599647977238325
0.49446554321559794 0.8599647977238325
0.49850594725600195 0.8599647977238325
0.502546351296406 0.8599647977238325
0.5065867553368101 0.8599647977238325
0.510627159377214 0.8599647977238325
0.5146675634176181 0.8599647977238325
0.5187079674580222 0.8599647977238325
0.5227483714984262 0.8599647977238325
0.5267887755388303 0.8599647977238325
0.5308291795792344 0.8599647977238325
0.5348695836196383 0.8599647977238325
0.5389099876600424 0.8599647977238325
0.4702231189731737 0.8640052017642366
0.47426352301357777 0.8640052017642366
0.4783039270539818 0.8640052017642366
0.4823443310943858 0.8640052017642366
0.48638473513478986 0.8640052017642366
0.4904251391751939 0.8640052017642366
0.49446554321559794 0.8640052017642366
0.49850594725600195 0.8640052017642366
0.502546351296406 0.8640052017642366
0.5065867553368101 0.8640052017642366
0.510627159377214 0.8640052017642366
0.5146675634176181 0.8640052017642366
0.5187079674580222 0.8640052017642366
0.5227483714984262 0.8640052017642366
0.5267887755388303 0.8640052017642366
0.5308291795792344 0.8640052017642366
0.4621423108923656 0.8680456058046406
0.46618271493276964 0.8680456058046406
0.4702231189731737 0.8680456058046406
0.47426352301357777 0.8680456058046406
0.4783039270539818 0.8680456058046406
0.4823443310943858 0.8680456058046406
0.48638473513478986 0.8680456058046406
0.4904251391751939 0.8680456058046406
0.49446554321559794 0.8680456058046406
0.49850594725600195 0.8680456058046406
0.502546351296406 0.8680456058046406
0.5065867553368101 0.8680456058046406
0.510627159377214 0.8680456058046406
0.5146675634176181 0.8680456058046406
0.5187079674580222 0.8680456058046406
0.5267887755388303 0.8680456058046406
0.45406150281155755 0.8720860098450447
0.45810190685196156 0.8720860098450447
0.4621423108923656 0.8720860098450447
0.46618271493276964 0.8720860098450447
0.4702231189731737 0.8720860098450447
0.47426352301357777 0.8720860098450447
0.4783039270539818 0.8720860098450447
0.4823443310943858 0.8720860098450447
0.48638473513478986 0.8720860098450447
0.4904251391751939 0.8720860098450447
0.49446554321559794 0.8720860098450447
0.49850594725600195 0.8720860098450447
0.502546351296406 0.8720860098450447
0.5065867553368101 0.8720860098450447
0.510627159377214 0.8720860098450447
0.5187079674580222 0.8720860098450447
0.4419402906903454 0.8761264138854487
0.4459806947307494 0.8761264138854487
0.4500210987711535 0.8761264138854487
0.45406150281155755 0.8761264138854487
0.45810190685196156 0.8761264138854487
0.4621423108923656 0.8761264138854487
0.46618271493276964 0.8761264138854487
0.4702231189731737 0.8761264138854487
0.47426352301357777 0.8761264138854487
0.4783039270539818 0.8761264138854487
0.4823443310943858 0.8761264138854487
0.48638473513478986 0.8761264138854487
0.4904251391751939 0.8761264138854487
0.49446554321559794 0.8761264138854487
0.49850594725600195 0.8761264138854487
0.502546351296406 0.8761264138854487
0.5065867553368101 0.8761264138854487
0.43385948260953733 0.8801668179258527
0.4378998866499414 0.8801668179258527
0.4419402906903454 0.8801668179258527
0.4459806947307494 0.8801668179258527
0.4500210987711535 0.8801668179258527
0.45406150281155755 0.8801668179258527
0.45810190685196156 0.8801668179258527
0.4621423108923656 0.8801668179258527
0.46618271493276964 0.8801668179258527
0.4702231189731737 0.8801668179258527
0.47426352301357777 0.8801668179258527
0.4783039270539818 0.8801668179258527
0.4823443310943858 0.8801668179258527
0.48638473513478986 0.8801668179258527
0.4904251391751939 0.8801668179258527
0.49446554321559794 0.8801668179258527
0.49850594725600195 0.8801668179258527
0.5065867553368101 0.8801668179258527
0.4136574624075171 0.8842072219662568
0.42981907856913326 0.8842072219662568
0.43385948260953733 0.8842072219662568
0.4378998866499414 0.8842072219662568
0.4419402906903454 0.8842072219662568
0.4459806947307494 0.8842072219662568
0.4500210987711535 0.8842072219662568
0.45406150281155755 0.8842072219662568
0.45810190685196156 0.8842072219662568
0.4621423108923656 0.8842072219662568
0.46618271493276964 0.8842072219662568
0.4702231189731737 0.8842072219662568
0.47426352301357777 0.8842072219662568
0.4783039270539818 0.8842072219662568
0.4823443310943858 0.8842072219662568
0.48638473513478986 0.8842072219662568
0.4904251391751939 0.8842072219662568
0.49850594725600195 0.8842072219662568
0.42577867452872925 0.8882476260066607
0.42981907856913326 0.8882476260066607
0.43385948260953733 0.8882476260066607
0.4378998866499414 0.8882476260066607
0.4419402906903454 0.8882476260066607
0.4459806947307494 0.8882476260066607
0.4500210987711535 0.8882476260066607
0.45406150281155755 0.8882476260066607
0.45810190685196156 0.8882476260066607
0.4621423108923656 0.8882476260066607
0.46618271493276964 0.8882476260066607
0.4702231189731737 0.8882476260066607
0.47426352301357777 0.8882476260066607
0.4783039270539818 0.8882476260066607
0.4823443310943858 0.8882476260066607
0.48638473513478986 0.8882476260066607
0.4904251391751939 0.8882476260066607
0.401536250286305 0.8922880300470648
0.4136574624075171 0.8922880300470648
0.4176978664479212 0.8922880300470648
0.42173827048832524 0.8922880300470648
0.42577867452872925 0.8922880300470648
0.42981907856913326 0.8922880300470648
0.43385948260953733 0.8922880300470648
0.4378998866499414 0.8922880300470648
0.4419402906903454 0.8922880300470648
0.4459806947307494 0.8922880300470648
0.4500210987711535 0.8922880300470648
0.45406150281155755 0.8922880300470648
0.45810190685196156 0.8922880300470648
0.4621423108923656 0.8922880300470648
0.46618271493276964 0.8922880300470648
0.4702231189731737 0.8922880300470648
0.47426352301357777 0.8922880300470648
0.4783039270539818 0.8922880300470648
0.4823443310943858 0.8922880300470648
0.48638473513478986 0.8922880300470648
0.39345544220549694 0.8963284340874689
0.4096170583671131 0.8963284340874689
0.4136574624075171 0.8963284340874689
0.4176978664479212 0.8963284340874689
0.42173827048832524 0.8963284340874689
0.42577867452872925 0.8963284340874689
0.42981907856913326 0.8963284340874689
0.43385948260953733 0.8963284340874689
0.4378998866499414 0.8963284340874689
0.4419402906903454 0.8963284340874689
0.4459806947307494 0.8963284340874689
0.4500210987711535 0.8963284340874689
0.45406150281155755 0.8963284340874689
0.45810190685196156 0.8963284340874689
0.4621423108923656 0.8963284340874689
0.46618271493276964 0.8963284340874689
0.4702231189731737 0.8963284340874689
0.4783039270539818 0.8963284340874689
0.39345544220549694 0.9003688381278729
0.39749584624590095 0.9003688381278729
0.401536250286305 0.9003688381278729
0.40557665432670903 0.9003688381278729
0.4096170583671131 0.9003688381278729
0.4136574624075171 0.9003688381278729
0.4176978664479212 0.9003688381278729
0.42173827048832524 0.9003688381278729
0.42577867452872925 0.9003688381278729
0.42981907856913326 0.9003688381278729
0.43385948260953733 0.9003688381278729
0.4378998866499414 0.9003688381278729
0.4419402906903454 0.9003688381278729
0.4459806947307494 0.9003688381278729
0.4500210987711535 0.9003688381278729
0.45406150281155755 0.9003688381278729
0.45810190685196156 0.9003688381278729
0.4621423108923656 0.9003688381278729
0.4702231189731737 0.9003688381278729
0.38537463412468886 0.904409242168277
0.3894150381650929 0.904409242168277
0.39345544220549694 0.904409242168277
0.39749584624590095 0.904409242168277
0.401536250286305 0.904409242168277
0.40557665432670903 0.904409242168277
0.4096170583671131 0.904409242168277
0.4136574624075171 0.904409242168277
0.4176978664479212 0.904409242168277
0.42173827048832524 0.904409242168277
0.42577867452872925 0.904409242168277
0.42981907856913326 0.904409242168277
0.43385948260953733 0.904409242168277
0.4378998866499414 0.904409242168277
0.4419402906903454 0.904409242168277
0.4459806947307494 0.904409242168277
0.4500210987711535 0.904409242168277
0.45406150281155755 0.904409242168277
0.4621423108923656 0.904409242168277
0.3732534220034767 0.9084496462086811
0.37729382604388073 0.9084496462086811
0.3813342300842848 0.9084496462086811
0.38537463412468886 0.9084496462086811
0.3894150381650929 0.9084496462086811
0.39345544220549694 0.9084496462086811
0.39749584624590095 0.9084496462086811
0.401536250286305 0.9084496462086811
0.40557665432670903 0.9084496462086811
0.4096170583671131 0.9084496462086811
0.4136574624075171 0.9084496462086811
0.4176978664479212 0.9084496462086811
0.42173827048832524 0.9084496462086811
0.42577867452872925 0.9084496462086811
0.42981907856913326 0.9084496462086811
0.43385948260953733 0.9084496462086811
0.4378998866499414 0.9084496462086811
0.4419402906903454 0.9084496462086811
0.4459806947307494 0.9084496462086811
0.4500210987711535 0.9084496462086811
0.45406150281155755 0.9084496462086811
0.35305140180145655 0.912490050249085
0.36517261392266864 0.912490050249085
0.3732534220034767 0.912490050249085
0.37729382604388073 0.912490050249085
0.3813342300842848 0.912490050249085
0.38537463412468886 0.912490050249085
0.3894150381650929 0.912490050249085
0.39345544220549694 0.912490050249085
0.39749584624590095 0.912490050249085
0.401536250286305 0.912490050249085
0.40557665432670903 0.912490050249085
0.4096170583671131 0.912490050249085
0.4136574624075171 0.912490050249085
0.4176978664479212 0.912490050249085
0.42173827048832524 0.912490050249085
0.42577867452872925 0.912490050249085
0.42981907856913326 0.912490050249085
0.43385948260953733 0.912490050249085
0.4378998866499414 0.912490050249085
0.4459806947307494 0.912490050249085
0.3611322098822646 0.9165304542894891
0.36517261392266864 0.9165304542894891
0.3692130179630727 0.9165304542894891
0.3732534220034767 0.9165304542894891
0.37729382604388073 0.9165304542894891
0.3813342300842848 0.9165304542894891
0.38537463412468886 0.9165304542894891
0.3894150381650929 0.9165304542894891
0.39345544220549694 0.9165304542894891
0.39749584624590095 0.9165304542894891
0.401536250286305 0.9165304542894891
0.40557665432670903 0.9165304542894891
0.4096170583671131 0.9165304542894891
0.4136574624075171 0.9165304542894891
0.4176978664479212 0.9165304542894891
0.42173827048832524 0.9165304542894891
0.42577867452872925 0.9165304542894891
0.42981907856913326 0.9165304542894891
0.4419402906903454 0.9165304542894891
0.33284938159943633 0.920570858329893
0.3449705937206484 0.920570858329893
0.35305140180145655 0.920570858329893
0.35709180584186057 0.920570858329893
0.3611322098822646 0.920570858329893
0.36517261392266864 0.920570858329893
0.3692130179630727 0.920570858329893
0.3732534220034767 0.920570858329893
0.37729382604388073 0.920570858329893
0.3813342300842848 0.920570858329893
0.38537463412468886 0.920570858329893
0.3894150381650929 0.920570858329893
0.39345544220549694 0.920570858329893
0.39749584624590095 0.920570858329893
0.401536250286305 0.920570858329893
0.40557665432670903 0.920570858329893
0.4096170583671131 0.920570858329893
0.4136574624075171 0.920570858329893
0.4176978664479212 0.920570858329893
0.42173827048832524 0.920570858329893
0.43385948260953733 0.920570858329893
0.32880897755903227 0.9246112623702971
0.33284938159943633 0.9246112623702971
0.33688978563984034 0.9246112623702971
0.3409301896802444 0.9246112623702971
0.3449705937206484 0.9246112623702971
0.3490109977610525 0.9246112623702971
0.35305140180145655 0.9246112623702971
0.35709180584186057 0.9246112623702971
0.3611322098822646 0.9246112623702971
0.36517261392266864 0.9246112623702971
0.3692130179630727 0.9246112623702971
0.3732534220034767 0.9246112623702971
0.37729382604388073 0.9246112623702971
0.3813342300842848 0.9246112623702971
0.38537463412468886 0.9246112623702971
0.3894150381650929 0.9246112623702971
0.39345544220549694 0.9246112623702971
0.39749584624590095 0.9246112623702971
0.401536250286305 0.9246112623702971
0.40557665432670903 0.9246112623702971
0.4096170583671131 0.9246112623702971
0.4136574624075171 0.9246112623702971
0.3166877654378202 0.9286516664107012
0.32476857351862826 0.9286516664107012
0.32880897755903227 0.9286516664107012
0.33284938159943633 0.9286516664107012
0.33688978563984034 0.9286516664107012
0.3409301896802444 0.9286516664107012
0.3449705937206484 0.9286516664107012
0.3490109977610525 0.9286516664107012
0.35305140180145655 0.9286516664107012
0.35709180584186057 0.9286516664107012
0.3611322098822646 0.9286516664107012
0.36517261392266864 0.9286516664107012
0.3692130179630727 0.9286516664107012
0.3732534220034767 0.9286516664107012
0.37729382604388073 0.9286516664107012
0.3813342300842848 0.9286516664107012
0.38537463412468886 0.9286516664107012
0.3894150381650929 0.9286516664107012
0.39345544220549694 0.9286516664107012
0.39749584624590095 0.9286516664107012
0.401536250286305 0.9286516664107012
0.4096170583671131 0.9286516664107012
0.4136574624075171 0.9286516664107012
0.29648574523579996 0.9326920704511052
0.3166877654378202 0.9326920704511052
0.3207281694782242 0.9326920704511052
0.32476857351862826 0.9326920704511052
0.32880897755903227 0.9326920704511052
0.33284938159943633 0.9326920704511052
0.33688978563984034 0.9326920704511052
0.3409301896802444 0.9326920704511052
0.3449705937206484 0.9326920704511052
0.3490109977610525 0.9326920704511052
0.35305140180145655 0.9326920704511052
0.35709180584186057 0.9326920704511052
0.3611322098822646 0.9326920704511052
0.36517261392266864 0.9326920704511052
0.3692130179630727 0.9326920704511052
0.3732534220034767 0.9326920704511052
0.37729382604388073 0.9326920704511052
0.3813342300842848 0.9326920704511052
0.38537463412468886 0.9326920704511052
0.3894150381650929 0.9326920704511052
0.39345544220549694 0.9326920704511052
0.401536250286305 0.9326920704511052
0.30860695735701205 0.9367324744915093
0.3126473613974161 0.9367324744915093
0.3166877654378202 0.9367324744915093
0.3207281694782242 0.9367324744915093
0.32476857351862826 0.9367324744915093
0.32880897755903227 0.9367324744915093
0.33284938159943633 0.9367324744915093
0.33688978563984034 0.9367324744915093
0.3409301896802444 0.9367324744915093
0.3449705937206484 0.9367324744915093
0.3490109977610525 0.9367324744915093
0.35305140180145655 0.9367324744915093
0.35709180584186057 0.9367324744915093
0.3611322098822646 0.9367324744915093
0.36517261392266864 0.9367324744915093
0.3692130179630727 0.9367324744915093
0.3732534220034767 0.9367324744915093
0.37729382604388073 0.9367324744915093
0.3813342300842848 0.9367324744915093
0.38537463412468886 0.9367324744915093
0.3894150381650929 0.9367324744915093
0.39749584624590095 0.9367324744915093
0.29648574523579996 0.9407728785319134
0.300526149276204 0.9407728785319134
0.30456655331660804 0.9407728785319134
0.30860695735701205 0.9407728785319134
0.3126473613974161 0.9407728785319134
0.3166877654378202 0.9407728785319134
0.3207281694782242 0.9407728785319134
0.32476857351862826 0.9407728785319134
0.32880897755903227 0.9407728785319134
0.33284938159943633 0.9407728785319134
0.33688978563984034 0.9407728785319134
0.3409301896802444 0.9407728785319134
0.3449705937206484 0.9407728785319134
0.3490109977610525 0.9407728785319134
0.35305140180145655 0.9407728785319134
0.35709180584186057 0.9407728785319134
0.3611322098822646 0.9407728785319134
0.36517261392266864 0.9407728785319134
0.3692130179630727 0.9407728785319134
0.3732534220034767 0.9407728785319134
0.3894150381650929 0.9407728785319134
0.29648574523579996 0.9448132825723174
0.300526149276204 0.9448132825723174
0.30456655331660804 0.9448132825723174
0.30860695735701205 0.9448132825723174
0.3126473613974161 0.9448132825723174
0.3166877654378202 0.9448132825723174
0.3207281694782242 0.9448132825723174
0.32476857351862826 0.9448132825723174
0.32880897755903227 0.9448132825723174
0.33284938159943633 0.9448132825723174
0.33688978563984034 0.9448132825723174
0.3409301896802444 0.9448132825723174
0.3449705937206484 0.9448132825723174
0.3490109977610525 0.9448132825723174
0.35305140180145655 0.9448132825723174
0.35709180584186057 0.9448132825723174
0.3611322098822646 0.9448132825723174
0.36517261392266864 0.9448132825723174
0.3732534220034767 0.9448132825723174
0.37729382604388073 0.9448132825723174
0.29648574523579996 0.9488536866127214
0.300526149276204 0.9488536866127214
0.30456655331660804 0.9488536866127214
0.30860695735701205 0.9488536866127214
0.3126473613974161 0.9488536866127214
0.3166877654378202 0.9488536866127214
0.3207281694782242 0.9488536866127214
0.32476857351862826 0.9488536866127214
0.32880897755903227 0.9488536866127214
0.33284938159943633 0.9488536866127214
0.33688978563984034 0.9488536866127214
0.3409301896802444 0.9488536866127214
0.3449705937206484 0.9488536866127214
0.3490109977610525 0.9488536866127214
0.35305140180145655 0.9488536866127214
0.36517261392266864 0.9488536866127214
0.3692130179630727 0.9488536866127214
0.29648574523579996 0.9528940906531255
0.300526149276204 0.9528940906531255
0.30456655331660804 0.9528940906531255
0.30860695735701205 0.9528940906531255
0.3126473613974161 0.9528940906531255
0.3166877654378202 0.9528940906531255
0.3207281694782242 0.9528940906531255
0.32476857351862826 0.9528940906531255
0.32880897755903227 0.9528940906531255
0.33284938159943633 0.9528940906531255
0.33688978563984034 0.9528940906531255
0.3409301896802444 0.9528940906531255
0.35305140180145655 0.9528940906531255
0.35709180584186057 0.9528940906531255
0.29648574523579996 0.9569344946935294
0.300526149276204 0.9569344946935294
0.30456655331660804 0.9569344946935294
0.30860695735701205 0.9569344946935294
0.3126473613974161 0.9569344946935294
0.3166877654378202 0.9569344946935294
0.3207281694782242 0.9569344946935294
0.32476857351862826 0.9569344946935294
0.32880897755903227 0.9569344946935294
0.29648574523579996 0.9609748987339335
0.300526149276204 0.9609748987339335
0.30456655331660804 0.9609748987339335
0.30860695735701205 0.9609748987339335
0.3126473613974161 0.9609748987339335
0.3166877654378202 0.9609748987339335
0.32476857351862826 0.9609748987339335
0.29648574523579996 0.9650153027743376
0.300526149276204 0.9650153027743376
0.300526149276204 0.9730961108551457
