# x y
0.6998600690778449 0.710469848228883
0.6958196650374409 0.7145102522692871
0.6998600690778449 0.7145102522692871
0.6917792609970369 0.7185506563096911
0.6958196650374409 0.7185506563096911
0.6998600690778449 0.7185506563096911
0.6877388569566328 0.7225910603500951
0.6917792609970369 0.7225910603500951
0.6958196650374409 0.7225910603500951
0.6836984529162288 0.7266314643904992
0.6877388569566328 0.7266314643904992
0.6917792609970369 0.7266314643904992
0.6796580488758248 0.7306718684309033
0.6836984529162288 0.7306718684309033
0.6877388569566328 0.7306718684309033
0.6715772407950167 0.7347122724713073
0.6756176448354207 0.7347122724713073
0.6796580488758248 0.7347122724713073
0.6836984529162288 0.7347122724713073
0.6675368367546126 0.7387526765117113
0.6715772407950167 0.7387526765117113
0.6756176448354207 0.7387526765117113
0.6796580488758248 0.7387526765117113
0.6634964327142086 0.7427930805521153
0.6675368367546126 0.7427930805521153
0.6715772407950167 0.7427930805521153
0.6756176448354207 0.7427930805521153
0.6594560286738045 0.7468334845925194
0.6634964327142086 0.7468334845925194
0.6675368367546126 0.7468334845925194
0.6715772407950167 0.7468334845925194
0.6554156246334005 0.7508738886329235
0.6594560286738045 0.7508738886329235
0.6634964327142086 0.7508738886329235
0.6513752205929965 0.7549142926733274
0.6554156246334005 0.7549142926733274
0.6594560286738045 0.7549142926733274
0.6473348165525925 0.7589546967137315
0.6513752205929965 0.7589546967137315
0.6554156246334005 0.7589546967137315
0.6392540084717844 0.7629951007541356
0.6432944125121884 0.7629951007541356
0.6473348165525925 0.7629951007541356
0.6513752205929965 0.7629951007541356
0.6352136044313803 0.7670355047945396
0.6392540084717844 0.7670355047945396
0.6432944125121884 0.7670355047945396
0.6473348165525925 0.7670355047945396
0.6311732003909762 0.7710759088349436
0.6352136044313803 0.7710759088349436
0.6392540084717844 0.7710759088349436
0.6432944125121884 0.7710759088349436
0.6271327963505722 0.7751163128753477
0.6311732003909762 0.7751163128753477
0.6352136044313803 0.7751163128753477
0.6190519882697642 0.7791567169157517
0.6230923923101681 0.7791567169157517
0.6271327963505722 0.7791567169157517
0.6311732003909762 0.7791567169157517
0.6150115842293601 0.7831971209561558
0.6190519882697642 0.7831971209561558
0.6230923923101681 0.7831971209561558
0.6271327963505722 0.7831971209561558
0.6109711801889561 0.7872375249965597
0.6150115842293601 0.7872375249965597
0.6190519882697642 0.7872375249965597
0.6230923923101681 0.7872375249965597
0.6069307761485521 0.7912779290369638
0.6109711801889561 0.7912779290369638
0.6150115842293601 0.7912779290369638
0.5988499680677439 0.7953183330773679
0.602890372108148 0.7953183330773679
0.6069307761485521 0.7953183330773679
0.6109711801889561 0.7953183330773679
0.5948095640273399 0.799358737117772
0.5988499680677439 0.799358737117772
0.602890372108148 0.799358737117772
0.6069307761485521 0.799358737117772
0.5907691599869358 0.803399141158176
0.5948095640273399 0.803399141158176
0.5988499680677439 0.803399141158176
0.602890372108148 0.803399141158176
0.5826883519061278 0.80743954519858
0.5867287559465318 0.80743954519858
0.5907691599869358 0.80743954519858
0.5948095640273399 0.80743954519858
0.5786479478657238 0.811479949238984
0.5826883519061278 0.811479949238984
0.5867287559465318 0.811479949238984
0.5907691599869358 0.811479949238984
0.5705671397849157 0.8155203532793881
0.5746075438253198 0.8155203532793881
0.5786479478657238 0.8155203532793881
0.5826883519061278 0.8155203532793881
0.5867287559465318 0.8155203532793881
0.5665267357445116 0.819560757319792
0.5705671397849157 0.819560757319792
0.5746075438253198 0.819560757319792
0.5786479478657238 0.819560757319792
0.5624863317041076 0.8236011613601961
0.5665267357445116 0.8236011613601961
0.5705671397849157 0.8236011613601961
0.5746075438253198 0.8236011613601961
0.5544055236232994 0.8276415654006002
0.5584459276637035 0.8276415654006002
0.5624863317041076 0.8276415654006002
0.5665267357445116 0.8276415654006002
0.5503651195828955 0.8316819694410043
0.5544055236232994 0.8316819694410043
0.5584459276637035 0.8316819694410043
0.5624863317041076 0.8316819694410043
0.5422843115020874 0.8357223734814083
0.5463247155424914 0.8357223734814083
0.5503651195828955 0.8357223734814083
0.5544055236232994 0.8357223734814083
0.5342035034212793 0.8397627775218124
0.5382439074616834 0.8397627775218124
0.5422843115020874 0.8397627775218124
0.5463247155424914 0.8397627775218124
0.5503651195828955 0.8397627775218124
0.5301630993808752 0.8438031815622163
0.5342035034212793 0.8438031815622163
0.5382439074616834 0.8438031815622163
0.5422843115020874 0.8438031815622163
0.5220822913000671 0.8478435856026204
0.5261226953404712 0.8478435856026204
0.5301630993808752 0.8478435856026204
0.5342035034212793 0.8478435856026204
0.5382439074616834 0.8478435856026204
0.5180418872596632 0.8518839896430245
0.5220822913000671 0.8518839896430245
0.5261226953404712 0.8518839896430245
0.5301630993808752 0.8518839896430245
0.509961079178855 0.8559243936834284
0.5140014832192591 0.8559243936834284
0.5180418872596632 0.8559243936834284
0.5220822913000671 0.8559243936834284
0.5261226953404712 0.8559243936834284
0.501880271098047 0.8599647977238325
0.5059206751384511 0.8599647977238325
0.509961079178855 0.8599647977238325
0.5140014832192591 0.8599647977238325
0.5180418872596632 0.8599647977238325
0.49379946301723887 0.8640052017642366
0.49783986705764294 0.8640052017642366
0.501880271098047 0.8640052017642366
0.5059206751384511 0.8640052017642366
0.509961079178855 0.8640052017642366
0.48975905897683486 0.8680456058046406
0.49379946301723887 0.8680456058046406
0.49783986705764294 0.8680456058046406
0.501880271098047 0.8680456058046406
0.5059206751384511 0.8680456058046406
0.4816782508960268 0.8720860098450447
0.48571865493643085 0.8720860098450447
0.48975905897683486 0.8720860098450447
0.49379946301723887 0.8720860098450447
0.49783986705764294 0.8720860098450447
0.4735974428152187 0.8761264138854487
0.4776378468556227 0.8761264138854487
0.4816782508960268 0.8761264138854487
0.48571865493643085 0.8761264138854487
0.48975905897683486 0.8761264138854487
0.46551663473441063 0.8801668179258527
0.4695570387748147 0.8801668179258527
0.4735974428152187 0.8801668179258527
0.4776378468556227 0.8801668179258527
0.4816782508960268 0.8801668179258527
0.4574358266536025 0.8842072219662568
0.46147623069400656 0.8842072219662568
0.46551663473441063 0.8842072219662568
0.4695570387748147 0.8842072219662568
0.4735974428152187 0.8842072219662568
0.4493550185727945 0.8882476260066607
0.4533954226131985 0.8882476260066607
0.4574358266536025 0.8882476260066607
0.46147623069400656 0.8882476260066607
0.46551663473441063 0.8882476260066607
0.44127421049198634 0.8922880300470648
0.4453146145323904 0.8922880300470648
0.4493550185727945 0.8922880300470648
0.4533954226131985 0.8922880300470648
0.4574358266536025 0.8922880300470648
0.46147623069400656 0.8922880300470648
0.4331934024111783 0.8963284340874689
0.43723380645158233 0.8963284340874689
0.44127421049198634 0.8963284340874689
0.4453146145323904 0.8963284340874689
0.4493550185727945 0.8963284340874689
0.4533954226131985 0.8963284340874689
0.4251125943303702 0.9003688381278729
0.42915299837077425 0.9003688381278729
0.4331934024111783 0.9003688381278729
0.43723380645158233 0.9003688381278729
0.44127421049198634 0.9003688381278729
0.4453146145323904 0.9003688381278729
0.41703178624956216 0.904409242168277
0.4210721902899662 0.904409242168277
0.4251125943303702 0.904409242168277
0.42915299837077425 0.904409242168277
0.4331934024111783 0.904409242168277
0.43723380645158233 0.904409242168277
0.40895097816875403 0.9084496462086811
0.4129913822091581 0.9084496462086811
0.41703178624956216 0.9084496462086811
0.4210721902899662 0.9084496462086811
0.4251125943303702 0.9084496462086811
0.40087017008794595 0.912490050249085
0.40491057412835 0.912490050249085
0.40895097816875403 0.912490050249085
0.4129913822091581 0.912490050249085
0.41703178624956216 0.912490050249085
0.38874895796673387 0.9165304542894891
0.3927893620071379 0.9165304542894891
0.39682976604754194 0.9165304542894891
0.40087017008794595 0.9165304542894891
0.40491057412835 0.9165304542894891
0.40895097816875403 0.9165304542894891
0.3806681498859258 0.920570858329893
0.3847085539263298 0.920570858329893
0.38874895796673387 0.920570858329893
0.3927893620071379 0.920570858329893
0.39682976604754194 0.920570858329893
0.40087017008794595 0.920570858329893
0.36854693776471364 0.9246112623702971
0.37258734180511766 0.9246112623702971
0.3766277458455217 0.9246112623702971
0.3806681498859258 0.9246112623702971
0.3847085539263298 0.9246112623702971
0.38874895796673387 0.9246112623702971
0.3927893620071379 0.9246112623702971
0.36046612968390557 0.9286516664107012
0.36450653372430963 0.9286516664107012
0.36854693776471364 0.9286516664107012
0.37258734180511766 0.9286516664107012
0.3766277458455217 0.9286516664107012
0.3806681498859258 0.9286516664107012
0.3483449175626935 0.9326920704511052
0.3523853216030975 0.9326920704511052
0.3564257256435015 0.9326920704511052
0.36046612968390557 0.9326920704511052
0.36450653372430963 0.9326920704511052
0.36854693776471364 0.9326920704511052
0.37258734180511766 0.9326920704511052
0.33622370544148134 0.9367324744915093
0.34026410948188535 0.9367324744915093
0.3443045135222894 0.9367324744915093
0.3483449175626935 0.9367324744915093
0.3523853216030975 0.9367324744915093
0.3564257256435015 0.9367324744915093
0.36046612968390557 0.9367324744915093
0.32814289736067326 0.9407728785319134
0.33218330140107727 0.9407728785319134
0.33622370544148134 0.9407728785319134
0.34026410948188535 0.9407728785319134
0.3443045135222894 0.9407728785319134
0.3483449175626935 0.9407728785319134
0.3523853216030975 0.9407728785319134
0.3160216852394611 0.9448132825723174
0.3200620892798651 0.9448132825723174
0.3241024933202692 0.9448132825723174
0.32814289736067326 0.9448132825723174
0.33218330140107727 0.9448132825723174
0.33622370544148134 0.9448132825723174
0.34026410948188535 0.9448132825723174
0.30390047311824897 0.9488536866127214
0.30794087715865304 0.9488536866127214
0.3119812811990571 0.9488536866127214
0.3160216852394611 0.9488536866127214
0.3200620892798651 0.9488536866127214
0.3241024933202692 0.9488536866127214
0.32814289736067326 0.9488536866127214
0.29986006907784496 0.9528940906531255
0.30390047311824897 0.9528940906531255
0.30794087715865304 0.9528940906531255
0.3119812811990571 0.9528940906531255
0.3160216852394611 0.9528940906531255
0.29986006907784496 0.9569344946935294
0.30390047311824897 0.9569344946935294
