# x y
0.6997050124087274 0.706429444188479
0.6956646083683233 0.710469848228883
0.6997050124087274 0.710469848228883
0.6916242043279193 0.7145102522692871
0.6956646083683233 0.7145102522692871
0.6997050124087274 0.7145102522692871
0.6875838002875152 0.7185506563096911
0.6916242043279193 0.7185506563096911
0.6956646083683233 0.7185506563096911
0.6997050124087274 0.7185506563096911
0.6835433962471111 0.7225910603500951
0.6875838002875152 0.7225910603500951
0.6916242043279193 0.7225910603500951
0.6956646083683233 0.7225910603500951
0.6997050124087274 0.7225910603500951
0.6795029922067071 0.7266314643904992
0.6835433962471111 0.7266314643904992
0.6875838002875152 0.7266314643904992
0.6916242043279193 0.7266314643904992
0.6956646083683233 0.7266314643904992
0.675462588166303 0.7306718684309033
0.6795029922067071 0.7306718684309033
0.6835433962471111 0.7306718684309033
0.6875838002875152 0.7306718684309033
0.6916242043279193 0.7306718684309033
0.671422184125899 0.7347122724713073
0.675462588166303 0.7347122724713073
0.6795029922067071 0.7347122724713073
0.6835433962471111 0.7347122724713073
0.6875838002875152 0.7347122724713073
0.667381780085495 0.7387526765117113
0.671422184125899 0.7387526765117113
0.675462588166303 0.7387526765117113
0.6795029922067071 0.7387526765117113
0.6835433962471111 0.7387526765117113
0.659300972004687 0.7427930805521153
0.663341376045091 0.7427930805521153
0.667381780085495 0.7427930805521153
0.671422184125899 0.7427930805521153
0.675462588166303 0.7427930805521153
0.6552605679642829 0.7468334845925194
0.659300972004687 0.7468334845925194
0.663341376045091 0.7468334845925194
0.667381780085495 0.7468334845925194
0.671422184125899 0.7468334845925194
0.6512201639238788 0.7508738886329235
0.6552605679642829 0.7508738886329235
0.659300972004687 0.7508738886329235
0.663341376045091 0.7508738886329235
0.667381780085495 0.7508738886329235
0.6471797598834748 0.7549142926733274
0.6512201639238788 0.7549142926733274
0.6552605679642829 0.7549142926733274
0.659300972004687 0.7549142926733274
0.663341376045091 0.7549142926733274
0.6431393558430707 0.7589546967137315
0.6471797598834748 0.7589546967137315
0.6512201639238788 0.7589546967137315
0.6552605679642829 0.7589546967137315
0.659300972004687 0.7589546967137315
0.6390989518026667 0.7629951007541356
0.6431393558430707 0.7629951007541356
0.6471797598834748 0.7629951007541356
0.6512201639238788 0.7629951007541356
0.6552605679642829 0.7629951007541356
0.6310181437218587 0.7670355047945396
0.6350585477622627 0.7670355047945396
0.6390989518026667 0.7670355047945396
0.6431393558430707 0.7670355047945396
0.6471797598834748 0.7670355047945396
0.6512201639238788 0.7670355047945396
0.6269777396814546 0.7710759088349436
0.6310181437218587 0.7710759088349436
0.6350585477622627 0.7710759088349436
0.6390989518026667 0.7710759088349436
0.6431393558430707 0.7710759088349436
0.6229373356410506 0.7751163128753477
0.6269777396814546 0.7751163128753477
0.6310181437218587 0.7751163128753477
0.6350585477622627 0.7751163128753477
0.6390989518026667 0.7751163128753477
0.6188969316006465 0.7791567169157517
0.6229373356410506 0.7791567169157517
0.6269777396814546 0.7791567169157517
0.6310181437218587 0.7791567169157517
0.6350585477622627 0.7791567169157517
0.6108161235198384 0.7831971209561558
0.6148565275602424 0.7831971209561558
0.6188969316006465 0.7831971209561558
0.6229373356410506 0.7831971209561558
0.6269777396814546 0.7831971209561558
0.6310181437218587 0.7831971209561558
0.6067757194794343 0.7872375249965597
0.6108161235198384 0.7872375249965597
0.6148565275602424 0.7872375249965597
0.6188969316006465 0.7872375249965597
0.6229373356410506 0.7872375249965597
0.6269777396814546 0.7872375249965597
0.6027353154390304 0.7912779290369638
0.6067757194794343 0.7912779290369638
0.6108161235198384 0.7912779290369638
0.6148565275602424 0.7912779290369638
0.6188969316006465 0.7912779290369638
0.5946545073582223 0.7953183330773679
0.5986949113986263 0.7953183330773679
0.6027353154390304 0.7953183330773679
0.6067757194794343 0.7953183330773679
0.6108161235198384 0.7953183330773679
0.6148565275602424 0.7953183330773679
0.5906141033178183 0.799358737117772
0.5946545073582223 0.799358737117772
0.5986949113986263 0.799358737117772
0.6027353154390304 0.799358737117772
0.6067757194794343 0.799358737117772
0.6108161235198384 0.799358737117772
0.5865736992774142 0.803399141158176
0.5906141033178183 0.803399141158176
0.5946545073582223 0.803399141158176
0.5986949113986263 0.803399141158176
0.6027353154390304 0.803399141158176
0.5784928911966061 0.80743954519858
0.5825332952370101 0.80743954519858
0.5865736992774142 0.80743954519858
0.5906141033178183 0.80743954519858
0.5946545073582223 0.80743954519858
0.5986949113986263 0.80743954519858
0.574452487156202 0.811479949238984
0.5784928911966061 0.811479949238984
0.5825332952370101 0.811479949238984
0.5865736992774142 0.811479949238984
0.5906141033178183 0.811479949238984
0.5946545073582223 0.811479949238984
0.566371679075394 0.8155203532793881
0.570412083115798 0.8155203532793881
0.574452487156202 0.8155203532793881
0.5784928911966061 0.8155203532793881
0.5825332952370101 0.8155203532793881
0.5865736992774142 0.8155203532793881
0.56233127503499 0.819560757319792
0.566371679075394 0.819560757319792
0.570412083115798 0.819560757319792
0.574452487156202 0.819560757319792
0.5784928911966061 0.819560757319792
0.5825332952370101 0.819560757319792
0.558290870994586 0.8236011613601961
0.56233127503499 0.8236011613601961
0.566371679075394 0.8236011613601961
0.570412083115798 0.8236011613601961
0.574452487156202 0.8236011613601961
0.5784928911966061 0.8236011613601961
0.5502100629137778 0.8276415654006002
0.5542504669541819 0.8276415654006002
0.558290870994586 0.8276415654006002
0.56233127503499 0.8276415654006002
0.566371679075394 0.8276415654006002
0.570412083115798 0.8276415654006002
0.5461696588733738 0.8316819694410043
0.5502100629137778 0.8316819694410043
0.5542504669541819 0.8316819694410043
0.558290870994586 0.8316819694410043
0.56233127503499 0.8316819694410043
0.566371679075394 0.8316819694410043
0.5380888507925657 0.8357223734814083
0.5421292548329697 0.8357223734814083
0.5461696588733738 0.8357223734814083
0.5502100629137778 0.8357223734814083
0.5542504669541819 0.8357223734814083
0.558290870994586 0.8357223734814083
0.5300080427117576 0.8397627775218124
0.5340484467521617 0.8397627775218124
0.5380888507925657 0.8397627775218124
0.5421292548329697 0.8397627775218124
0.5461696588733738 0.8397627775218124
0.5502100629137778 0.8397627775218124
0.5542504669541819 0.8397627775218124
0.5259676386713537 0.8438031815622163
0.5300080427117576 0.8438031815622163
0.5340484467521617 0.8438031815622163
0.5380888507925657 0.8438031815622163
0.5421292548329697 0.8438031815622163
0.5461696588733738 0.8438031815622163
0.5178868305905455 0.8478435856026204
0.5219272346309496 0.8478435856026204
0.5259676386713537 0.8478435856026204
0.5300080427117576 0.8478435856026204
0.5340484467521617 0.8478435856026204
0.5380888507925657 0.8478435856026204
0.5421292548329697 0.8478435856026204
0.5138464265501415 0.8518839896430245
0.5178868305905455 0.8518839896430245
0.5219272346309496 0.8518839896430245
0.5259676386713537 0.8518839896430245
0.5300080427117576 0.8518839896430245
0.5340484467521617 0.8518839896430245
0.5057656184693333 0.8559243936834284
0.5098060225097374 0.8559243936834284
0.5138464265501415 0.8559243936834284
0.5178868305905455 0.8559243936834284
0.5219272346309496 0.8559243936834284
0.5259676386713537 0.8559243936834284
0.5300080427117576 0.8559243936834284
0.4976848103885253 0.8599647977238325
0.5017252144289294 0.8599647977238325
0.5057656184693333 0.8599647977238325
0.5098060225097374 0.8599647977238325
0.5138464265501415 0.8599647977238325
0.5178868305905455 0.8599647977238325
0.5219272346309496 0.8599647977238325
0.4896040023077172 0.8640052017642366
0.49364440634812123 0.8640052017642366
0.4976848103885253 0.8640052017642366
0.5017252144289294 0.8640052017642366
0.5057656184693333 0.8640052017642366
0.5098060225097374 0.8640052017642366
0.5138464265501415 0.8640052017642366
0.4855635982673132 0.8680456058046406
0.4896040023077172 0.8680456058046406
0.49364440634812123 0.8680456058046406
0.4976848103885253 0.8680456058046406
0.5017252144289294 0.8680456058046406
0.5057656184693333 0.8680456058046406
0.5098060225097374 0.8680456058046406
0.4774827901865051 0.8720860098450447
0.48152319422690915 0.8720860098450447
0.4855635982673132 0.8720860098450447
0.4896040023077172 0.8720860098450447
0.49364440634812123 0.8720860098450447
0.4976848103885253 0.8720860098450447
0.5017252144289294 0.8720860098450447
0.46940198210569706 0.8761264138854487
0.47344238614610107 0.8761264138854487
0.4774827901865051 0.8761264138854487
0.48152319422690915 0.8761264138854487
0.4855635982673132 0.8761264138854487
0.4896040023077172 0.8761264138854487
0.49364440634812123 0.8761264138854487
0.4613211740248889 0.8801668179258527
0.465361578065293 0.8801668179258527
0.46940198210569706 0.8801668179258527
0.47344238614610107 0.8801668179258527
0.4774827901865051 0.8801668179258527
0.48152319422690915 0.8801668179258527
0.4855635982673132 0.8801668179258527
0.45324036594408085 0.8842072219662568
0.45728076998448486 0.8842072219662568
0.4613211740248889 0.8842072219662568
0.465361578065293 0.8842072219662568
0.46940198210569706 0.8842072219662568
0.47344238614610107 0.8842072219662568
0.4774827901865051 0.8842072219662568
0.44515955786327277 0.8882476260066607
0.44919996190367684 0.8882476260066607
0.45324036594408085 0.8882476260066607
0.45728076998448486 0.8882476260066607
0.4613211740248889 0.8882476260066607
0.465361578065293 0.8882476260066607
0.46940198210569706 0.8882476260066607
0.47344238614610107 0.8882476260066607
0.4370787497824647 0.8922880300470648
0.4411191538228687 0.8922880300470648
0.44515955786327277 0.8922880300470648
0.44919996190367684 0.8922880300470648
0.45324036594408085 0.8922880300470648
0.45728076998448486 0.8922880300470648
0.4613211740248889 0.8922880300470648
0.465361578065293 0.8922880300470648
0.4289979417016566 0.8963284340874689
0.4330383457420607 0.8963284340874689
0.4370787497824647 0.8963284340874689
0.4411191538228687 0.8963284340874689
0.44515955786327277 0.8963284340874689
0.44919996190367684 0.8963284340874689
0.45324036594408085 0.8963284340874689
0.45728076998448486 0.8963284340874689
0.42091713362084854 0.9003688381278729
0.42495753766125255 0.9003688381278729
0.4289979417016566 0.9003688381278729
0.4330383457420607 0.9003688381278729
0.4370787497824647 0.9003688381278729
0.4411191538228687 0.9003688381278729
0.44515955786327277 0.9003688381278729
0.44919996190367684 0.9003688381278729
0.41283632554004046 0.904409242168277
0.4168767295804445 0.904409242168277
0.42091713362084854 0.904409242168277
0.42495753766125255 0.904409242168277
0.4289979417016566 0.904409242168277
0.4330383457420607 0.904409242168277
0.4370787497824647 0.904409242168277
0.4411191538228687 0.904409242168277
0.4007151134188283 0.9084496462086811
0.4047555174592324 0.9084496462086811
0.4087959214996364 0.9084496462086811
0.41283632554004046 0.9084496462086811
0.4168767295804445 0.9084496462086811
0.42091713362084854 0.9084496462086811
0.42495753766125255 0.9084496462086811
0.4289979417016566 0.9084496462086811
0.4330383457420607 0.9084496462086811
0.39263430533802024 0.912490050249085
0.3966747093784243 0.912490050249085
0.4007151134188283 0.912490050249085
0.4047555174592324 0.912490050249085
0.4087959214996364 0.912490050249085
0.41283632554004046 0.912490050249085
0.4168767295804445 0.912490050249085
0.42091713362084854 0.912490050249085
0.42495753766125255 0.912490050249085
0.38455349725721216 0.9165304542894891
0.38859390129761623 0.9165304542894891
0.39263430533802024 0.9165304542894891
0.3966747093784243 0.9165304542894891
0.4007151134188283 0.9165304542894891
0.4047555174592324 0.9165304542894891
0.4087959214996364 0.9165304542894891
0.41283632554004046 0.9165304542894891
0.372432285136 0.920570858329893
0.3764726891764041 0.920570858329893
0.38051309321680815 0.920570858329893
0.38455349725721216 0.920570858329893
0.38859390129761623 0.920570858329893
0.39263430533802024 0.920570858329893
0.3966747093784243 0.920570858329893
0.4007151134188283 0.920570858329893
0.4047555174592324 0.920570858329893
0.364351477055192 0.9246112623702971
0.368391881095596 0.9246112623702971
0.372432285136 0.9246112623702971
0.3764726891764041 0.9246112623702971
0.38051309321680815 0.9246112623702971
0.38455349725721216 0.9246112623702971
0.38859390129761623 0.9246112623702971
0.39263430533802024 0.9246112623702971
0.3966747093784243 0.9246112623702971
0.35223026493397985 0.9286516664107012
0.35627066897438386 0.9286516664107012
0.36031107301478793 0.9286516664107012
0.364351477055192 0.9286516664107012
0.368391881095596 0.9286516664107012
0.372432285136 0.9286516664107012
0.3764726891764041 0.9286516664107012
0.38051309321680815 0.9286516664107012
0.38455349725721216 0.9286516664107012
0.38859390129761623 0.9286516664107012
0.3441494568531718 0.9326920704511052
0.34818986089357584 0.9326920704511052
0.35223026493397985 0.9326920704511052
0.35627066897438386 0.9326920704511052
0.36031107301478793 0.9326920704511052
0.364351477055192 0.9326920704511052
0.368391881095596 0.9326920704511052
0.372432285136 0.9326920704511052
0.3764726891764041 0.9326920704511052
0.33202824473195963 0.9367324744915093
0.3360686487723637 0.9367324744915093
0.3401090528127677 0.9367324744915093
0.3441494568531718 0.9367324744915093
0.34818986089357584 0.9367324744915093
0.35223026493397985 0.9367324744915093
0.35627066897438386 0.9367324744915093
0.36031107301478793 0.9367324744915093
0.364351477055192 0.9367324744915093
0.368391881095596 0.9367324744915093
0.3199070326107475 0.9407728785319134
0.32394743665115155 0.9407728785319134
0.3279878406915556 0.9407728785319134
0.33202824473195963 0.9407728785319134
0.3360686487723637 0.9407728785319134
0.3401090528127677 0.9407728785319134
0.3441494568531718 0.9407728785319134
0.34818986089357584 0.9407728785319134
0.35223026493397985 0.9407728785319134
0.35627066897438386 0.9407728785319134
0.3077858204895354 0.9448132825723174
0.31182622452993947 0.9448132825723174
0.3158666285703435 0.9448132825723174
0.3199070326107475 0.9448132825723174
0.32394743665115155 0.9448132825723174
0.3279878406915556 0.9448132825723174
0.33202824473195963 0.9448132825723174
0.3360686487723637 0.9448132825723174
0.3401090528127677 0.9448132825723174
0.3441494568531718 0.9448132825723174
0.2997050124087273 0.9488536866127214
0.30374541644913133 0.9488536866127214
0.3077858204895354 0.9488536866127214
0.31182622452993947 0.9488536866127214
0.3158666285703435 0.9488536866127214
0.3199070326107475 0.9488536866127214
0.32394743665115155 0.9488536866127214
0.3279878406915556 0.9488536866127214
0.33202824473195963 0.9488536866127214
0.3360686487723637 0.9488536866127214
0.2997050124087273 0.9528940906531255
0.30374541644913133 0.9528940906531255
0.3077858204895354 0.9528940906531255
0.31182622452993947 0.9528940906531255
0.3158666285703435 0.9528940906531255
0.3199070326107475 0.9528940906531255
0.32394743665115155 0.9528940906531255
0.2997050124087273 0.9569344946935294
0.30374541644913133 0.9569344946935294
0.3077858204895354 0.9569344946935294
0.31182622452993947 0.9569344946935294
0.2997050124087273 0.9609748987339335
