# x y
0.6999798881458509 0.7145102522692871
0.6959394841054468 0.7185506563096911
0.6918990800650429 0.7225910603500951
0.6878586760246388 0.7266314643904992
0.6838182719842347 0.7306718684309033
0.6757374639034266 0.7347122724713073
0.6797778679438307 0.7347122724713073
0.6716970598630225 0.7387526765117113
0.6757374639034266 0.7387526765117113
0.6676566558226185 0.7427930805521153
0.6716970598630225 0.7427930805521153
0.6636162517822145 0.7468334845925194
0.6676566558226185 0.7468334845925194
0.6595758477418104 0.7508738886329235
0.6555354437014065 0.7549142926733274
0.6514950396610024 0.7589546967137315
0.6474546356205984 0.7629951007541356
0.6393738275397902 0.7670355047945396
0.6434142315801943 0.7670355047945396
0.6353334234993862 0.7710759088349436
0.6393738275397902 0.7710759088349436
0.6312930194589822 0.7751163128753477
0.6272526154185781 0.7791567169157517
0.6191718073377701 0.7831971209561558
0.6232122113781741 0.7831971209561558
0.615131403297366 0.7872375249965597
0.6191718073377701 0.7872375249965597
0.611090999256962 0.7912779290369638
0.6070505952165579 0.7953183330773679
0.5989697871357498 0.799358737117772
0.6030101911761538 0.799358737117772
0.5949293830953458 0.803399141158176
0.5868485750145378 0.80743954519858
0.5908889790549418 0.80743954519858
0.5828081709741337 0.811479949238984
0.5868485750145378 0.811479949238984
0.5787677669337297 0.8155203532793881
0.5706869588529215 0.819560757319792
0.5747273628933256 0.819560757319792
0.5666465548125175 0.8236011613601961
0.5585657467317094 0.8276415654006002
0.5626061507721135 0.8276415654006002
0.5545253426913054 0.8316819694410043
0.5585657467317094 0.8316819694410043
0.5464445346104974 0.8357223734814083
0.5504849386509014 0.8357223734814083
0.5424041305700933 0.8397627775218124
0.5343233224892852 0.8438031815622163
0.5383637265296892 0.8438031815622163
0.5302829184488812 0.8478435856026204
0.5222021103680731 0.8518839896430245
0.5262425144084771 0.8518839896430245
0.514121302287265 0.8559243936834284
0.518161706327669 0.8559243936834284
0.510080898246861 0.8599647977238325
0.5020000901660528 0.8640052017642366
0.5060404942064569 0.8640052017642366
0.4939192820852448 0.8680456058046406
0.49795968612564884 0.8680456058046406
0.4858384740044367 0.8720860098450447
0.48987887804484076 0.8720860098450447
0.4817980699640327 0.8761264138854487
0.4858384740044367 0.8761264138854487
0.4737172618832246 0.8801668179258527
0.47775766592362867 0.8801668179258527
0.46563645380241653 0.8842072219662568
0.46967685784282054 0.8842072219662568
0.45755564572160845 0.8882476260066607
0.46159604976201246 0.8882476260066607
0.4494748376408003 0.8922880300470648
0.4535152416812044 0.8922880300470648
0.4413940295599923 0.8963284340874689
0.4454344336003963 0.8963284340874689
0.43331322147918416 0.9003688381278729
0.43735362551958823 0.9003688381278729
0.42523241339837614 0.904409242168277
0.42927281743878015 0.904409242168277
0.417151605317568 0.9084496462086811
0.4211920093579721 0.9084496462086811
0.4050303931963559 0.912490050249085
0.40907079723675993 0.912490050249085
0.413111201277164 0.912490050249085
0.39694958511554784 0.9165304542894891
0.40098998915595185 0.9165304542894891
0.38886877703473977 0.920570858329893
0.3929091810751438 0.920570858329893
0.3767475649135276 0.9246112623702971
0.38078796895393163 0.9246112623702971
0.3848283729943357 0.9246112623702971
0.36866675683271954 0.9286516664107012
0.3727071608731236 0.9286516664107012
0.35654554471150746 0.9326920704511052
0.36058594875191147 0.9326920704511052
0.3646263527923155 0.9326920704511052
0.3484647366306993 0.9367324744915093
0.3525051406711034 0.9367324744915093
0.33634352450948724 0.9407728785319134
0.34038392854989125 0.9407728785319134
0.3444243325902953 0.9407728785319134
0.3242223123882751 0.9448132825723174
0.32826271642867916 0.9448132825723174
0.33230312046908317 0.9448132825723174
0.31210110026706295 0.9488536866127214
0.316141504307467 0.9488536866127214
0.3201819083478711 0.9488536866127214
0.29997988814585086 0.9528940906531255
0.3040202921862549 0.9528940906531255
0.30806069622665894 0.9528940906531255
