# x y
0.6999604537215472 0.7266314643904992
0.6959200496811432 0.7306718684309033
0.6918796456407392 0.7347122724713073
0.6878392416003352 0.7387526765117113
0.6474352011962947 0.7751163128753477
0.6353139890750825 0.7872375249965597
0.6151119688730624 0.803399141158176
0.5989503527114461 0.811479949238984
0.6110715648326583 0.819560757319792
0.5949099486710422 0.8316819694410043
0.5019806557417492 0.8801668179258527
0.4454149991760927 0.904409242168277
0.4171321708932644 0.9246112623702971
0.39288974665084014 0.9286516664107012
0.3686473224084159 0.9407728785319134
0.36056651432760783 0.9488536866127214
0.36460691836801185 0.9609748987339335
