# x y
0.6985026559656391 0.698348636107671
0.690421847884831 0.702389040148075
0.694462251925235 0.702389040148075
0.6985026559656391 0.702389040148075
0.6863814438444269 0.706429444188479
0.690421847884831 0.706429444188479
0.694462251925235 0.706429444188479
0.6985026559656391 0.706429444188479
0.6823410398040228 0.710469848228883
0.6863814438444269 0.710469848228883
0.690421847884831 0.710469848228883
0.694462251925235 0.710469848228883
0.6985026559656391 0.710469848228883
0.6783006357636189 0.7145102522692871
0.6823410398040228 0.7145102522692871
0.6863814438444269 0.7145102522692871
0.690421847884831 0.7145102522692871
0.694462251925235 0.7145102522692871
0.6985026559656391 0.7145102522692871
0.6742602317232148 0.7185506563096911
0.6783006357636189 0.7185506563096911
0.6823410398040228 0.7185506563096911
0.6863814438444269 0.7185506563096911
0.690421847884831 0.7185506563096911
0.694462251925235 0.7185506563096911
0.6985026559656391 0.7185506563096911
0.6742602317232148 0.7225910603500951
0.6783006357636189 0.7225910603500951
0.6823410398040228 0.7225910603500951
0.6863814438444269 0.7225910603500951
0.690421847884831 0.7225910603500951
0.694462251925235 0.7225910603500951
0.6985026559656391 0.7225910603500951
0.6661794236424068 0.7266314643904992
0.6702198276828109 0.7266314643904992
0.6742602317232148 0.7266314643904992
0.6783006357636189 0.7266314643904992
0.6823410398040228 0.7266314643904992
0.6863814438444269 0.7266314643904992
0.690421847884831 0.7266314643904992
0.694462251925235 0.7266314643904992
0.6985026559656391 0.7266314643904992
0.6621390196020027 0.7306718684309033
0.6661794236424068 0.7306718684309033
0.6702198276828109 0.7306718684309033
0.6742602317232148 0.7306718684309033
0.6783006357636189 0.7306718684309033
0.6823410398040228 0.7306718684309033
0.6863814438444269 0.7306718684309033
0.690421847884831 0.7306718684309033
0.694462251925235 0.7306718684309033
0.6985026559656391 0.7306718684309033
0.6580986155615987 0.7347122724713073
0.6621390196020027 0.7347122724713073
0.6661794236424068 0.7347122724713073
0.6702198276828109 0.7347122724713073
0.6742602317232148 0.7347122724713073
0.6783006357636189 0.7347122724713073
0.6823410398040228 0.7347122724713073
0.6863814438444269 0.7347122724713073
0.690421847884831 0.7347122724713073
0.694462251925235 0.7347122724713073
0.6540582115211946 0.7387526765117113
0.6580986155615987 0.7387526765117113
0.6621390196020027 0.7387526765117113
0.6661794236424068 0.7387526765117113
0.6702198276828109 0.7387526765117113
0.6742602317232148 0.7387526765117113
0.6783006357636189 0.7387526765117113
0.6823410398040228 0.7387526765117113
0.6863814438444269 0.7387526765117113
0.690421847884831 0.7387526765117113
0.6500178074807905 0.7427930805521153
0.6540582115211946 0.7427930805521153
0.6580986155615987 0.7427930805521153
0.6621390196020027 0.7427930805521153
0.6661794236424068 0.7427930805521153
0.6702198276828109 0.7427930805521153
0.6742602317232148 0.7427930805521153
0.6783006357636189 0.7427930805521153
0.6823410398040228 0.7427930805521153
0.6863814438444269 0.7427930805521153
0.6459774034403866 0.7468334845925194
0.6500178074807905 0.7468334845925194
0.6540582115211946 0.7468334845925194
0.6580986155615987 0.7468334845925194
0.6621390196020027 0.7468334845925194
0.6661794236424068 0.7468334845925194
0.6702198276828109 0.7468334845925194
0.6742602317232148 0.7468334845925194
0.6783006357636189 0.7468334845925194
0.6823410398040228 0.7468334845925194
0.6419369993999825 0.7508738886329235
0.6459774034403866 0.7508738886329235
0.6500178074807905 0.7508738886329235
0.6540582115211946 0.7508738886329235
0.6580986155615987 0.7508738886329235
0.6621390196020027 0.7508738886329235
0.6661794236424068 0.7508738886329235
0.6702198276828109 0.7508738886329235
0.6742602317232148 0.7508738886329235
0.6338561913191745 0.7549142926733274
0.6378965953595785 0.7549142926733274
0.6419369993999825 0.7549142926733274
0.6459774034403866 0.7549142926733274
0.6500178074807905 0.7549142926733274
0.6540582115211946 0.7549142926733274
0.6580986155615987 0.7549142926733274
0.6621390196020027 0.7549142926733274
0.6661794236424068 0.7549142926733274
0.6702198276828109 0.7549142926733274
0.6298157872787704 0.7589546967137315
0.6338561913191745 0.7589546967137315
0.6378965953595785 0.7589546967137315
0.6419369993999825 0.7589546967137315
0.6459774034403866 0.7589546967137315
0.6500178074807905 0.7589546967137315
0.6540582115211946 0.7589546967137315
0.6580986155615987 0.7589546967137315
0.6621390196020027 0.7589546967137315
0.6661794236424068 0.7589546967137315
0.6702198276828109 0.7589546967137315
0.6257753832383663 0.7629951007541356
0.6298157872787704 0.7629951007541356
0.6338561913191745 0.7629951007541356
0.6378965953595785 0.7629951007541356
0.6419369993999825 0.7629951007541356
0.6459774034403866 0.7629951007541356
0.6500178074807905 0.7629951007541356
0.6540582115211946 0.7629951007541356
0.6580986155615987 0.7629951007541356
0.6621390196020027 0.7629951007541356
0.6176945751575582 0.7670355047945396
0.6217349791979623 0.7670355047945396
0.6257753832383663 0.7670355047945396
0.6298157872787704 0.7670355047945396
0.6338561913191745 0.7670355047945396
0.6378965953595785 0.7670355047945396
0.6419369993999825 0.7670355047945396
0.6459774034403866 0.7670355047945396
0.6500178074807905 0.7670355047945396
0.6540582115211946 0.7670355047945396
0.6580986155615987 0.7670355047945396
0.6621390196020027 0.7670355047945396
0.6136541711171541 0.7710759088349436
0.6176945751575582 0.7710759088349436
0.6217349791979623 0.7710759088349436
0.6257753832383663 0.7710759088349436
0.6298157872787704 0.7710759088349436
0.6338561913191745 0.7710759088349436
0.6378965953595785 0.7710759088349436
0.6419369993999825 0.7710759088349436
0.6459774034403866 0.7710759088349436
0.6500178074807905 0.7710759088349436
0.6540582115211946 0.7710759088349436
0.6580986155615987 0.7710759088349436
0.6096137670767502 0.7751163128753477
0.6136541711171541 0.7751163128753477
0.6176945751575582 0.7751163128753477
0.6217349791979623 0.7751163128753477
0.6257753832383663 0.7751163128753477
0.6298157872787704 0.7751163128753477
0.6338561913191745 0.7751163128753477
0.6378965953595785 0.7751163128753477
0.6419369993999825 0.7751163128753477
0.6459774034403866 0.7751163128753477
0.6500178074807905 0.7751163128753477
0.6540582115211946 0.7751163128753477
0.6055733630363461 0.7791567169157517
0.6096137670767502 0.7791567169157517
0.6136541711171541 0.7791567169157517
0.6176945751575582 0.7791567169157517
0.6217349791979623 0.7791567169157517
0.6257753832383663 0.7791567169157517
0.6298157872787704 0.7791567169157517
0.6338561913191745 0.7791567169157517
0.6378965953595785 0.7791567169157517
0.6419369993999825 0.7791567169157517
0.6459774034403866 0.7791567169157517
0.6500178074807905 0.7791567169157517
0.5974925549555381 0.7831971209561558
0.6015329589959422 0.7831971209561558
0.6055733630363461 0.7831971209561558
0.6096137670767502 0.7831971209561558
0.6136541711171541 0.7831971209561558
0.6176945751575582 0.7831971209561558
0.6217349791979623 0.7831971209561558
0.6257753832383663 0.7831971209561558
0.6298157872787704 0.7831971209561558
0.6338561913191745 0.7831971209561558
0.6378965953595785 0.7831971209561558
0.5974925549555381 0.7872375249965597
0.6015329589959422 0.7872375249965597
0.6055733630363461 0.7872375249965597
0.6096137670767502 0.7872375249965597
0.6136541711171541 0.7872375249965597
0.6176945751575582 0.7872375249965597
0.6217349791979623 0.7872375249965597
0.6257753832383663 0.7872375249965597
0.6298157872787704 0.7872375249965597
0.6338561913191745 0.7872375249965597
0.6378965953595785 0.7872375249965597
0.5853713428343259 0.7912779290369638
0.58941174687473 0.7912779290369638
0.593452150915134 0.7912779290369638
0.5974925549555381 0.7912779290369638
0.6015329589959422 0.7912779290369638
0.6055733630363461 0.7912779290369638
0.6096137670767502 0.7912779290369638
0.6136541711171541 0.7912779290369638
0.6176945751575582 0.7912779290369638
0.6217349791979623 0.7912779290369638
0.6257753832383663 0.7912779290369638
0.6298157872787704 0.7912779290369638
0.5813309387939218 0.7953183330773679
0.5853713428343259 0.7953183330773679
0.58941174687473 0.7953183330773679
0.593452150915134 0.7953183330773679
0.5974925549555381 0.7953183330773679
0.6015329589959422 0.7953183330773679
0.6055733630363461 0.7953183330773679
0.6096137670767502 0.7953183330773679
0.6136541711171541 0.7953183330773679
0.6176945751575582 0.7953183330773679
0.6217349791979623 0.7953183330773679
0.6257753832383663 0.7953183330773679
0.5813309387939218 0.799358737117772
0.5853713428343259 0.799358737117772
0.58941174687473 0.799358737117772
0.593452150915134 0.799358737117772
0.5974925549555381 0.799358737117772
0.6015329589959422 0.799358737117772
0.6055733630363461 0.799358737117772
0.6096137670767502 0.799358737117772
0.6136541711171541 0.799358737117772
0.6176945751575582 0.799358737117772
0.6217349791979623 0.799358737117772
0.5732501307131138 0.803399141158176
0.5772905347535179 0.803399141158176
0.5813309387939218 0.803399141158176
0.5853713428343259 0.803399141158176
0.58941174687473 0.803399141158176
0.593452150915134 0.803399141158176
0.5974925549555381 0.803399141158176
0.6015329589959422 0.803399141158176
0.6055733630363461 0.803399141158176
0.6096137670767502 0.803399141158176
0.6136541711171541 0.803399141158176
0.6176945751575582 0.803399141158176
0.6217349791979623 0.803399141158176
0.5651693226323058 0.80743954519858
0.5692097266727099 0.80743954519858
0.5732501307131138 0.80743954519858
0.5772905347535179 0.80743954519858
0.5813309387939218 0.80743954519858
0.5853713428343259 0.80743954519858
0.58941174687473 0.80743954519858
0.593452150915134 0.80743954519858
0.5974925549555381 0.80743954519858
0.6015329589959422 0.80743954519858
0.6055733630363461 0.80743954519858
0.6096137670767502 0.80743954519858
0.6136541711171541 0.80743954519858
0.5611289185919017 0.811479949238984
0.5651693226323058 0.811479949238984
0.5692097266727099 0.811479949238984
0.5732501307131138 0.811479949238984
0.5772905347535179 0.811479949238984
0.5813309387939218 0.811479949238984
0.5853713428343259 0.811479949238984
0.58941174687473 0.811479949238984
0.593452150915134 0.811479949238984
0.5974925549555381 0.811479949238984
0.6015329589959422 0.811479949238984
0.6055733630363461 0.811479949238984
0.6096137670767502 0.811479949238984
0.5570885145514977 0.8155203532793881
0.5611289185919017 0.8155203532793881
0.5651693226323058 0.8155203532793881
0.5692097266727099 0.8155203532793881
0.5732501307131138 0.8155203532793881
0.5772905347535179 0.8155203532793881
0.5813309387939218 0.8155203532793881
0.5853713428343259 0.8155203532793881
0.58941174687473 0.8155203532793881
0.593452150915134 0.8155203532793881
0.5974925549555381 0.8155203532793881
0.6015329589959422 0.8155203532793881
0.5490077064706895 0.819560757319792
0.5530481105110936 0.819560757319792
0.5570885145514977 0.819560757319792
0.5611289185919017 0.819560757319792
0.5651693226323058 0.819560757319792
0.5692097266727099 0.819560757319792
0.5732501307131138 0.819560757319792
0.5772905347535179 0.819560757319792
0.5813309387939218 0.819560757319792
0.5853713428343259 0.819560757319792
0.58941174687473 0.819560757319792
0.593452150915134 0.819560757319792
0.5449673024302856 0.8236011613601961
0.5490077064706895 0.8236011613601961
0.5530481105110936 0.8236011613601961
0.5570885145514977 0.8236011613601961
0.5611289185919017 0.8236011613601961
0.5651693226323058 0.8236011613601961
0.5692097266727099 0.8236011613601961
0.5732501307131138 0.8236011613601961
0.5772905347535179 0.8236011613601961
0.5813309387939218 0.8236011613601961
0.5853713428343259 0.8236011613601961
0.58941174687473 0.8236011613601961
0.5368864943494774 0.8276415654006002
0.5409268983898815 0.8276415654006002
0.5449673024302856 0.8276415654006002
0.5490077064706895 0.8276415654006002
0.5530481105110936 0.8276415654006002
0.5570885145514977 0.8276415654006002
0.5611289185919017 0.8276415654006002
0.5651693226323058 0.8276415654006002
0.5692097266727099 0.8276415654006002
0.5732501307131138 0.8276415654006002
0.5772905347535179 0.8276415654006002
0.5813309387939218 0.8276415654006002
0.58941174687473 0.8276415654006002
0.5288056862686694 0.8316819694410043
0.5328460903090735 0.8316819694410043
0.5368864943494774 0.8316819694410043
0.5409268983898815 0.8316819694410043
0.5449673024302856 0.8316819694410043
0.5490077064706895 0.8316819694410043
0.5530481105110936 0.8316819694410043
0.5570885145514977 0.8316819694410043
0.5611289185919017 0.8316819694410043
0.5651693226323058 0.8316819694410043
0.5692097266727099 0.8316819694410043
0.5732501307131138 0.8316819694410043
0.5772905347535179 0.8316819694410043
0.5813309387939218 0.8316819694410043
0.5247652822282654 0.8357223734814083
0.5288056862686694 0.8357223734814083
0.5328460903090735 0.8357223734814083
0.5368864943494774 0.8357223734814083
0.5409268983898815 0.8357223734814083
0.5449673024302856 0.8357223734814083
0.5490077064706895 0.8357223734814083
0.5530481105110936 0.8357223734814083
0.5570885145514977 0.8357223734814083
0.5611289185919017 0.8357223734814083
0.5651693226323058 0.8357223734814083
0.5692097266727099 0.8357223734814083
0.5772905347535179 0.8357223734814083
0.5166844741474572 0.8397627775218124
0.5207248781878613 0.8397627775218124
0.5247652822282654 0.8397627775218124
0.5288056862686694 0.8397627775218124
0.5328460903090735 0.8397627775218124
0.5368864943494774 0.8397627775218124
0.5409268983898815 0.8397627775218124
0.5449673024302856 0.8397627775218124
0.5490077064706895 0.8397627775218124
0.5530481105110936 0.8397627775218124
0.5570885145514977 0.8397627775218124
0.5611289185919017 0.8397627775218124
0.5651693226323058 0.8397627775218124
0.5126440701070532 0.8438031815622163
0.5166844741474572 0.8438031815622163
0.5207248781878613 0.8438031815622163
0.5247652822282654 0.8438031815622163
0.5288056862686694 0.8438031815622163
0.5328460903090735 0.8438031815622163
0.5368864943494774 0.8438031815622163
0.5409268983898815 0.8438031815622163
0.5449673024302856 0.8438031815622163
0.5490077064706895 0.8438031815622163
0.5530481105110936 0.8438031815622163
0.5570885145514977 0.8438031815622163
0.5045632620262451 0.8478435856026204
0.5086036660666492 0.8478435856026204
0.5126440701070532 0.8478435856026204
0.5166844741474572 0.8478435856026204
0.5207248781878613 0.8478435856026204
0.5247652822282654 0.8478435856026204
0.5288056862686694 0.8478435856026204
0.5328460903090735 0.8478435856026204
0.5368864943494774 0.8478435856026204
0.5409268983898815 0.8478435856026204
0.5449673024302856 0.8478435856026204
0.5490077064706895 0.8478435856026204
0.5530481105110936 0.8478435856026204
0.5570885145514977 0.8478435856026204
0.49244204990503304 0.8518839896430245
0.49648245394543705 0.8518839896430245
0.5005228579858411 0.8518839896430245
0.5045632620262451 0.8518839896430245
0.5086036660666492 0.8518839896430245
0.5126440701070532 0.8518839896430245
0.5166844741474572 0.8518839896430245
0.5207248781878613 0.8518839896430245
0.5247652822282654 0.8518839896430245
0.5288056862686694 0.8518839896430245
0.5328460903090735 0.8518839896430245
0.5368864943494774 0.8518839896430245
0.5409268983898815 0.8518839896430245
0.5449673024302856 0.8518839896430245
0.5490077064706895 0.8518839896430245
0.4843612418242249 0.8559243936834284
0.488401645864629 0.8559243936834284
0.49244204990503304 0.8559243936834284
0.49648245394543705 0.8559243936834284
0.5005228579858411 0.8559243936834284
0.5045632620262451 0.8559243936834284
0.5086036660666492 0.8559243936834284
0.5126440701070532 0.8559243936834284
0.5166844741474572 0.8559243936834284
0.5207248781878613 0.8559243936834284
0.5247652822282654 0.8559243936834284
0.5288056862686694 0.8559243936834284
0.5328460903090735 0.8559243936834284
0.5368864943494774 0.8559243936834284
0.5409268983898815 0.8559243936834284
0.4803208377838209 0.8599647977238325
0.4843612418242249 0.8599647977238325
0.488401645864629 0.8599647977238325
0.49244204990503304 0.8599647977238325
0.49648245394543705 0.8599647977238325
0.5005228579858411 0.8599647977238325
0.5045632620262451 0.8599647977238325
0.5086036660666492 0.8599647977238325
0.5126440701070532 0.8599647977238325
0.5166844741474572 0.8599647977238325
0.5207248781878613 0.8599647977238325
0.5247652822282654 0.8599647977238325
0.5288056862686694 0.8599647977238325
0.5328460903090735 0.8599647977238325
0.4762804337434169 0.8640052017642366
0.4803208377838209 0.8640052017642366
0.4843612418242249 0.8640052017642366
0.488401645864629 0.8640052017642366
0.49244204990503304 0.8640052017642366
0.49648245394543705 0.8640052017642366
0.5005228579858411 0.8640052017642366
0.5045632620262451 0.8640052017642366
0.5086036660666492 0.8640052017642366
0.5126440701070532 0.8640052017642366
0.5166844741474572 0.8640052017642366
0.5207248781878613 0.8640052017642366
0.5247652822282654 0.8640052017642366
0.46415922162220474 0.8680456058046406
0.46819962566260875 0.8680456058046406
0.4722400297030128 0.8680456058046406
0.4762804337434169 0.8680456058046406
0.4803208377838209 0.8680456058046406
0.4843612418242249 0.8680456058046406
0.488401645864629 0.8680456058046406
0.49244204990503304 0.8680456058046406
0.49648245394543705 0.8680456058046406
0.5005228579858411 0.8680456058046406
0.5045632620262451 0.8680456058046406
0.5086036660666492 0.8680456058046406
0.5126440701070532 0.8680456058046406
0.5166844741474572 0.8680456058046406
0.5207248781878613 0.8680456058046406
0.4601188175818007 0.8720860098450447
0.46415922162220474 0.8720860098450447
0.46819962566260875 0.8720860098450447
0.4722400297030128 0.8720860098450447
0.4762804337434169 0.8720860098450447
0.4803208377838209 0.8720860098450447
0.4843612418242249 0.8720860098450447
0.488401645864629 0.8720860098450447
0.49244204990503304 0.8720860098450447
0.49648245394543705 0.8720860098450447
0.5005228579858411 0.8720860098450447
0.5045632620262451 0.8720860098450447
0.5086036660666492 0.8720860098450447
0.5126440701070532 0.8720860098450447
0.44799760546058853 0.8761264138854487
0.4520380095009926 0.8761264138854487
0.45607841354139667 0.8761264138854487
0.4601188175818007 0.8761264138854487
0.46415922162220474 0.8761264138854487
0.46819962566260875 0.8761264138854487
0.4722400297030128 0.8761264138854487
0.4762804337434169 0.8761264138854487
0.4803208377838209 0.8761264138854487
0.4843612418242249 0.8761264138854487
0.488401645864629 0.8761264138854487
0.49244204990503304 0.8761264138854487
0.49648245394543705 0.8761264138854487
0.5005228579858411 0.8761264138854487
0.5045632620262451 0.8761264138854487
0.5086036660666492 0.8761264138854487
0.4399167973797805 0.8801668179258527
0.4439572014201845 0.8801668179258527
0.44799760546058853 0.8801668179258527
0.4520380095009926 0.8801668179258527
0.45607841354139667 0.8801668179258527
0.4601188175818007 0.8801668179258527
0.46415922162220474 0.8801668179258527
0.46819962566260875 0.8801668179258527
0.4722400297030128 0.8801668179258527
0.4762804337434169 0.8801668179258527
0.4803208377838209 0.8801668179258527
0.4843612418242249 0.8801668179258527
0.488401645864629 0.8801668179258527
0.49244204990503304 0.8801668179258527
0.49648245394543705 0.8801668179258527
0.4318359892989724 0.8842072219662568
0.43587639333937644 0.8842072219662568
0.4399167973797805 0.8842072219662568
0.4439572014201845 0.8842072219662568
0.44799760546058853 0.8842072219662568
0.4520380095009926 0.8842072219662568
0.45607841354139667 0.8842072219662568
0.4601188175818007 0.8842072219662568
0.46415922162220474 0.8842072219662568
0.46819962566260875 0.8842072219662568
0.4722400297030128 0.8842072219662568
0.4762804337434169 0.8842072219662568
0.4803208377838209 0.8842072219662568
0.4843612418242249 0.8842072219662568
0.488401645864629 0.8842072219662568
0.49244204990503304 0.8842072219662568
0.42779558525856837 0.8882476260066607
0.4318359892989724 0.8882476260066607
0.43587639333937644 0.8882476260066607
0.4399167973797805 0.8882476260066607
0.4439572014201845 0.8882476260066607
0.44799760546058853 0.8882476260066607
0.4520380095009926 0.8882476260066607
0.45607841354139667 0.8882476260066607
0.4601188175818007 0.8882476260066607
0.46415922162220474 0.8882476260066607
0.46819962566260875 0.8882476260066607
0.4722400297030128 0.8882476260066607
0.4762804337434169 0.8882476260066607
0.4803208377838209 0.8882476260066607
0.4843612418242249 0.8882476260066607
0.4156743731373562 0.8922880300470648
0.4197147771777603 0.8922880300470648
0.42375518121816436 0.8922880300470648
0.42779558525856837 0.8922880300470648
0.4318359892989724 0.8922880300470648
0.43587639333937644 0.8922880300470648
0.4399167973797805 0.8922880300470648
0.4439572014201845 0.8922880300470648
0.44799760546058853 0.8922880300470648
0.4520380095009926 0.8922880300470648
0.45607841354139667 0.8922880300470648
0.4601188175818007 0.8922880300470648
0.46415922162220474 0.8922880300470648
0.46819962566260875 0.8922880300470648
0.4722400297030128 0.8922880300470648
0.4762804337434169 0.8922880300470648
0.4116339690969522 0.8963284340874689
0.4156743731373562 0.8963284340874689
0.4197147771777603 0.8963284340874689
0.42375518121816436 0.8963284340874689
0.42779558525856837 0.8963284340874689
0.4318359892989724 0.8963284340874689
0.43587639333937644 0.8963284340874689
0.4399167973797805 0.8963284340874689
0.4439572014201845 0.8963284340874689
0.44799760546058853 0.8963284340874689
0.4520380095009926 0.8963284340874689
0.45607841354139667 0.8963284340874689
0.4601188175818007 0.8963284340874689
0.46415922162220474 0.8963284340874689
0.46819962566260875 0.8963284340874689
0.4722400297030128 0.8963284340874689
0.39951275697574007 0.9003688381278729
0.40355316101614414 0.9003688381278729
0.40759356505654815 0.9003688381278729
0.4116339690969522 0.9003688381278729
0.4156743731373562 0.9003688381278729
0.4197147771777603 0.9003688381278729
0.42375518121816436 0.9003688381278729
0.42779558525856837 0.9003688381278729
0.4318359892989724 0.9003688381278729
0.43587639333937644 0.9003688381278729
0.4399167973797805 0.9003688381278729
0.4439572014201845 0.9003688381278729
0.44799760546058853 0.9003688381278729
0.4520380095009926 0.9003688381278729
0.45607841354139667 0.9003688381278729
0.4601188175818007 0.9003688381278729
0.46415922162220474 0.9003688381278729
0.387391544854528 0.904409242168277
0.391431948894932 0.904409242168277
0.39547235293533606 0.904409242168277
0.39951275697574007 0.904409242168277
0.40355316101614414 0.904409242168277
0.40759356505654815 0.904409242168277
0.4116339690969522 0.904409242168277
0.4156743731373562 0.904409242168277
0.4197147771777603 0.904409242168277
0.42375518121816436 0.904409242168277
0.42779558525856837 0.904409242168277
0.4318359892989724 0.904409242168277
0.43587639333937644 0.904409242168277
0.4399167973797805 0.904409242168277
0.4439572014201845 0.904409242168277
0.44799760546058853 0.904409242168277
0.4520380095009926 0.904409242168277
0.45607841354139667 0.904409242168277
0.37931073677371985 0.9084496462086811
0.3833511408141239 0.9084496462086811
0.387391544854528 0.9084496462086811
0.391431948894932 0.9084496462086811
0.39547235293533606 0.9084496462086811
0.39951275697574007 0.9084496462086811
0.40355316101614414 0.9084496462086811
0.40759356505654815 0.9084496462086811
0.4116339690969522 0.9084496462086811
0.4156743731373562 0.9084496462086811
0.4197147771777603 0.9084496462086811
0.42375518121816436 0.9084496462086811
0.42779558525856837 0.9084496462086811
0.4318359892989724 0.9084496462086811
0.43587639333937644 0.9084496462086811
0.4399167973797805 0.9084496462086811
0.4439572014201845 0.9084496462086811
0.44799760546058853 0.9084496462086811
0.36718952465250776 0.912490050249085
0.3712299286929118 0.912490050249085
0.37527033273331584 0.912490050249085
0.37931073677371985 0.912490050249085
0.3833511408141239 0.912490050249085
0.387391544854528 0.912490050249085
0.391431948894932 0.912490050249085
0.39547235293533606 0.912490050249085
0.39951275697574007 0.912490050249085
0.40355316101614414 0.912490050249085
0.40759356505654815 0.912490050249085
0.4116339690969522 0.912490050249085
0.4156743731373562 0.912490050249085
0.4197147771777603 0.912490050249085
0.42375518121816436 0.912490050249085
0.42779558525856837 0.912490050249085
0.4318359892989724 0.912490050249085
0.43587639333937644 0.912490050249085
0.3631491206121037 0.9165304542894891
0.36718952465250776 0.9165304542894891
0.3712299286929118 0.9165304542894891
0.37527033273331584 0.9165304542894891
0.37931073677371985 0.9165304542894891
0.3833511408141239 0.9165304542894891
0.387391544854528 0.9165304542894891
0.391431948894932 0.9165304542894891
0.39547235293533606 0.9165304542894891
0.39951275697574007 0.9165304542894891
0.40355316101614414 0.9165304542894891
0.40759356505654815 0.9165304542894891
0.4116339690969522 0.9165304542894891
0.4156743731373562 0.9165304542894891
0.4197147771777603 0.9165304542894891
0.42375518121816436 0.9165304542894891
0.42779558525856837 0.9165304542894891
0.4318359892989724 0.9165304542894891
0.3510279084908916 0.920570858329893
0.35506831253129567 0.920570858329893
0.3591087165716997 0.920570858329893
0.3631491206121037 0.920570858329893
0.36718952465250776 0.920570858329893
0.3712299286929118 0.920570858329893
0.37527033273331584 0.920570858329893
0.37931073677371985 0.920570858329893
0.3833511408141239 0.920570858329893
0.387391544854528 0.920570858329893
0.391431948894932 0.920570858329893
0.39547235293533606 0.920570858329893
0.39951275697574007 0.920570858329893
0.40355316101614414 0.920570858329893
0.40759356505654815 0.920570858329893
0.4116339690969522 0.920570858329893
0.4156743731373562 0.920570858329893
0.4197147771777603 0.920570858329893
0.3429471004100835 0.9246112623702971
0.34698750445048754 0.9246112623702971
0.3510279084908916 0.9246112623702971
0.35506831253129567 0.9246112623702971
0.3591087165716997 0.9246112623702971
0.3631491206121037 0.9246112623702971
0.36718952465250776 0.9246112623702971
0.3712299286929118 0.9246112623702971
0.37527033273331584 0.9246112623702971
0.37931073677371985 0.9246112623702971
0.3833511408141239 0.9246112623702971
0.387391544854528 0.9246112623702971
0.391431948894932 0.9246112623702971
0.39547235293533606 0.9246112623702971
0.39951275697574007 0.9246112623702971
0.40355316101614414 0.9246112623702971
0.40759356505654815 0.9246112623702971
0.4116339690969522 0.9246112623702971
0.3308258882888714 0.9286516664107012
0.33486629232927545 0.9286516664107012
0.33890669636967946 0.9286516664107012
0.3429471004100835 0.9286516664107012
0.34698750445048754 0.9286516664107012
0.3510279084908916 0.9286516664107012
0.35506831253129567 0.9286516664107012
0.3591087165716997 0.9286516664107012
0.3631491206121037 0.9286516664107012
0.36718952465250776 0.9286516664107012
0.3712299286929118 0.9286516664107012
0.37527033273331584 0.9286516664107012
0.37931073677371985 0.9286516664107012
0.3833511408141239 0.9286516664107012
0.387391544854528 0.9286516664107012
0.391431948894932 0.9286516664107012
0.39547235293533606 0.9286516664107012
0.39951275697574007 0.9286516664107012
0.31466427212725523 0.9326920704511052
0.3187046761676593 0.9326920704511052
0.3227450802080633 0.9326920704511052
0.3267854842484674 0.9326920704511052
0.3308258882888714 0.9326920704511052
0.33486629232927545 0.9326920704511052
0.33890669636967946 0.9326920704511052
0.3429471004100835 0.9326920704511052
0.34698750445048754 0.9326920704511052
0.3510279084908916 0.9326920704511052
0.35506831253129567 0.9326920704511052
0.3591087165716997 0.9326920704511052
0.3631491206121037 0.9326920704511052
0.36718952465250776 0.9326920704511052
0.3712299286929118 0.9326920704511052
0.37527033273331584 0.9326920704511052
0.37931073677371985 0.9326920704511052
0.3833511408141239 0.9326920704511052
0.387391544854528 0.9326920704511052
0.391431948894932 0.9326920704511052
0.30254306000604314 0.9367324744915093
0.31062386808685116 0.9367324744915093
0.31466427212725523 0.9367324744915093
0.3187046761676593 0.9367324744915093
0.3227450802080633 0.9367324744915093
0.3267854842484674 0.9367324744915093
0.3308258882888714 0.9367324744915093
0.33486629232927545 0.9367324744915093
0.33890669636967946 0.9367324744915093
0.3429471004100835 0.9367324744915093
0.34698750445048754 0.9367324744915093
0.3510279084908916 0.9367324744915093
0.35506831253129567 0.9367324744915093
0.3591087165716997 0.9367324744915093
0.3631491206121037 0.9367324744915093
0.36718952465250776 0.9367324744915093
0.3712299286929118 0.9367324744915093
0.37527033273331584 0.9367324744915093
0.37931073677371985 0.9367324744915093
0.3833511408141239 0.9367324744915093
0.2985026559656391 0.9407728785319134
0.30254306000604314 0.9407728785319134
0.30658346404644715 0.9407728785319134
0.31062386808685116 0.9407728785319134
0.31466427212725523 0.9407728785319134
0.3187046761676593 0.9407728785319134
0.3227450802080633 0.9407728785319134
0.3267854842484674 0.9407728785319134
0.3308258882888714 0.9407728785319134
0.33486629232927545 0.9407728785319134
0.33890669636967946 0.9407728785319134
0.3429471004100835 0.9407728785319134
0.34698750445048754 0.9407728785319134
0.3510279084908916 0.9407728785319134
0.35506831253129567 0.9407728785319134
0.3591087165716997 0.9407728785319134
0.3631491206121037 0.9407728785319134
0.36718952465250776 0.9407728785319134
0.3712299286929118 0.9407728785319134
0.37527033273331584 0.9407728785319134
0.2985026559656391 0.9448132825723174
0.30254306000604314 0.9448132825723174
0.30658346404644715 0.9448132825723174
0.31062386808685116 0.9448132825723174
0.31466427212725523 0.9448132825723174
0.3187046761676593 0.9448132825723174
0.3227450802080633 0.9448132825723174
0.3267854842484674 0.9448132825723174
0.3308258882888714 0.9448132825723174
0.33486629232927545 0.9448132825723174
0.33890669636967946 0.9448132825723174
0.3429471004100835 0.9448132825723174
0.34698750445048754 0.9448132825723174
0.3510279084908916 0.9448132825723174
0.35506831253129567 0.9448132825723174
0.3591087165716997 0.9448132825723174
0.2985026559656391 0.9488536866127214
0.30254306000604314 0.9488536866127214
0.30658346404644715 0.9488536866127214
0.31062386808685116 0.9488536866127214
0.31466427212725523 0.9488536866127214
0.3187046761676593 0.9488536866127214
0.3227450802080633 0.9488536866127214
0.3267854842484674 0.9488536866127214
0.3308258882888714 0.9488536866127214
0.33486629232927545 0.9488536866127214
0.33890669636967946 0.9488536866127214
0.3429471004100835 0.9488536866127214
0.34698750445048754 0.9488536866127214
0.3510279084908916 0.9488536866127214
0.2985026559656391 0.9528940906531255
0.30254306000604314 0.9528940906531255
0.30658346404644715 0.9528940906531255
0.31062386808685116 0.9528940906531255
0.31466427212725523 0.9528940906531255
0.3187046761676593 0.9528940906531255
0.3227450802080633 0.9528940906531255
0.3267854842484674 0.9528940906531255
0.3308258882888714 0.9528940906531255
0.33486629232927545 0.9528940906531255
0.33890669636967946 0.9528940906531255
0.2985026559656391 0.9569344946935294
0.30254306000604314 0.9569344946935294
0.30658346404644715 0.9569344946935294
0.31062386808685116 0.9569344946935294
0.31466427212725523 0.9569344946935294
0.3187046761676593 0.9569344946935294
0.3227450802080633 0.9569344946935294
0.3267854842484674 0.9569344946935294
0.2985026559656391 0.9609748987339335
0.30254306000604314 0.9609748987339335
0.30658346404644715 0.9609748987339335
0.31062386808685116 0.9609748987339335
0.31466427212725523 0.9609748987339335
0.3187046761676593 0.9609748987339335
0.2985026559656391 0.9650153027743376
0.30254306000604314 0.9650153027743376
