# x y
0.6999867668734403 0.7145102522692871
0.6959463628330362 0.7185506563096911
0.6919059587926322 0.7225910603500951
0.6878655547522281 0.7266314643904992
0.683825150711824 0.7306718684309033
0.67978474667142 0.7347122724713073
0.6757443426310159 0.7387526765117113
0.6676635345502079 0.7427930805521153
0.671703938590612 0.7427930805521153
0.6636231305098039 0.7468334845925194
0.6595827264693999 0.7508738886329235
0.6555423224289958 0.7549142926733274
0.6515019183885917 0.7589546967137315
0.6474615143481877 0.7629951007541356
0.6393807062673796 0.7670355047945396
0.6434211103077836 0.7670355047945396
0.6353403022269756 0.7710759088349436
0.6312998981865716 0.7751163128753477
0.6272594941461676 0.7791567169157517
0.6232190901057635 0.7831971209561558
0.6151382820249554 0.7872375249965597
0.6191786860653594 0.7872375249965597
0.6110978779845513 0.7912779290369638
0.6070574739441472 0.7953183330773679
0.5989766658633392 0.799358737117772
0.6030170699037433 0.799358737117772
0.5949362618229352 0.803399141158176
0.5908958577825312 0.80743954519858
0.582815049701723 0.811479949238984
0.5868554537421271 0.811479949238984
0.578774645661319 0.8155203532793881
0.570693837580511 0.819560757319792
0.5747342416209149 0.819560757319792
0.5666534335401069 0.8236011613601961
0.5585726254592989 0.8276415654006002
0.5626130294997029 0.8276415654006002
0.5545322214188948 0.8316819694410043
0.5464514133380867 0.8357223734814083
0.5504918173784907 0.8357223734814083
0.5424110092976826 0.8397627775218124
0.5343302012168746 0.8438031815622163
0.5383706052572786 0.8438031815622163
0.5302897971764705 0.8478435856026204
0.5222089890956625 0.8518839896430245
0.5262493931360666 0.8518839896430245
0.5181685850552584 0.8559243936834284
0.5100877769744503 0.8599647977238325
0.5020069688936423 0.8640052017642366
0.5060473729340462 0.8640052017642366
0.49392616081283414 0.8680456058046406
0.4979665648532382 0.8680456058046406
0.4898857567724301 0.8720860098450447
0.48180494869162205 0.8761264138854487
0.47372414061081397 0.8801668179258527
0.477764544651218 0.8801668179258527
0.4656433325300059 0.8842072219662568
0.46968373657040996 0.8842072219662568
0.45756252444919776 0.8882476260066607
0.4616029284896018 0.8882476260066607
0.44948171636838974 0.8922880300470648
0.45352212040879375 0.8922880300470648
0.4414009082875816 0.8963284340874689
0.4454413123279857 0.8963284340874689
0.4333201002067736 0.9003688381278729
0.4373605042471776 0.9003688381278729
0.42523929212596545 0.904409242168277
0.4292796961663695 0.904409242168277
0.41715848404515743 0.9084496462086811
0.42119888808556144 0.9084496462086811
0.4090776759643493 0.912490050249085
0.41311808000475336 0.912490050249085
0.3969564638431372 0.9165304542894891
0.4009968678835412 0.9165304542894891
0.38887565576232913 0.920570858329893
0.39291605980273314 0.920570858329893
0.38079484768152105 0.9246112623702971
0.38483525172192506 0.9246112623702971
0.3686736355603089 0.9286516664107012
0.3727140396007129 0.9286516664107012
0.35655242343909677 0.9326920704511052
0.36059282747950083 0.9326920704511052
0.3646332315199049 0.9326920704511052
0.34847161535828874 0.9367324744915093
0.35251201939869276 0.9367324744915093
0.3363504032370766 0.9407728785319134
0.3403908072774806 0.9407728785319134
0.32422919111586446 0.9448132825723174
0.3282695951562685 0.9448132825723174
0.33230999919667253 0.9448132825723174
0.31210797899465237 0.9488536866127214
0.3161483830350564 0.9488536866127214
0.3201887870754604 0.9488536866127214
0.2999867668734402 0.9528940906531255
0.30402717091384424 0.9528940906531255
0.3080675749542483 0.9528940906531255
