# x y
0.6999583139425292 0.7266314643904992
0.6959179099021251 0.7306718684309033
0.691877505861721 0.7347122724713073
0.6353118492960645 0.7872375249965597
0.6151098290940442 0.803399141158176
0.6110694250536403 0.819560757319792
0.5949078088920241 0.8316819694410043
0.5221805361647514 0.8640052017642366
0.5019785159627311 0.8801668179258527
0.46157447555869074 0.8963284340874689
0.45349366747788267 0.9003688381278729
0.4454128593970746 0.904409242168277
0.4373320513162665 0.9084496462086811
0.4171300311142463 0.9246112623702971
0.39288760687182206 0.9286516664107012
0.3686451826293978 0.9407728785319134
0.3807663947506099 0.9407728785319134
0.3686451826293978 0.9448132825723174
0.40096841495263014 0.9448132825723174
0.3484431624273776 0.9488536866127214
0.36460477858899376 0.9609748987339335
0.3080391220233372 0.9811769189359537
