# x y
0.699933566907025 0.710469848228883
0.695893162866621 0.7145102522692871
0.699933566907025 0.7145102522692871
0.691852758826217 0.7185506563096911
0.695893162866621 0.7185506563096911
0.699933566907025 0.7185506563096911
0.6878123547858129 0.7225910603500951
0.691852758826217 0.7225910603500951
0.6837719507454089 0.7266314643904992
0.6878123547858129 0.7266314643904992
0.6797315467050049 0.7306718684309033
0.6837719507454089 0.7306718684309033
0.6756911426646008 0.7347122724713073
0.6797315467050049 0.7347122724713073
0.6716507386241968 0.7387526765117113
0.6756911426646008 0.7387526765117113
0.6676103345837927 0.7427930805521153
0.6716507386241968 0.7427930805521153
0.6635699305433886 0.7468334845925194
0.6676103345837927 0.7468334845925194
0.6554891224625806 0.7508738886329235
0.6595295265029846 0.7508738886329235
0.6635699305433886 0.7508738886329235
0.6514487184221766 0.7549142926733274
0.6554891224625806 0.7549142926733274
0.6595295265029846 0.7549142926733274
0.6474083143817726 0.7589546967137315
0.6514487184221766 0.7589546967137315
0.6554891224625806 0.7589546967137315
0.6433679103413685 0.7629951007541356
0.6474083143817726 0.7629951007541356
0.6393275063009645 0.7670355047945396
0.6433679103413685 0.7670355047945396
0.6352871022605604 0.7710759088349436
0.6393275063009645 0.7710759088349436
0.6272062941797523 0.7751163128753477
0.6312466982201563 0.7751163128753477
0.6352871022605604 0.7751163128753477
0.6231658901393482 0.7791567169157517
0.6272062941797523 0.7791567169157517
0.6312466982201563 0.7791567169157517
0.6191254860989442 0.7831971209561558
0.6231658901393482 0.7831971209561558
0.6150850820585402 0.7872375249965597
0.6191254860989442 0.7872375249965597
0.6070042739777322 0.7912779290369638
0.6110446780181362 0.7912779290369638
0.6150850820585402 0.7912779290369638
0.6029638699373281 0.7953183330773679
0.6070042739777322 0.7953183330773679
0.6110446780181362 0.7953183330773679
0.598923465896924 0.799358737117772
0.6029638699373281 0.799358737117772
0.5908426578161159 0.803399141158176
0.59488306185652 0.803399141158176
0.598923465896924 0.803399141158176
0.5868022537757119 0.80743954519858
0.5908426578161159 0.80743954519858
0.59488306185652 0.80743954519858
0.5787214456949039 0.811479949238984
0.5827618497353079 0.811479949238984
0.5868022537757119 0.811479949238984
0.5746810416544998 0.8155203532793881
0.5787214456949039 0.8155203532793881
0.5827618497353079 0.8155203532793881
0.5706406376140958 0.819560757319792
0.5746810416544998 0.819560757319792
0.5625598295332876 0.8236011613601961
0.5666002335736917 0.8236011613601961
0.5706406376140958 0.8236011613601961
0.5585194254928836 0.8276415654006002
0.5625598295332876 0.8276415654006002
0.5666002335736917 0.8276415654006002
0.5504386174120756 0.8316819694410043
0.5544790214524795 0.8316819694410043
0.5585194254928836 0.8316819694410043
0.5463982133716715 0.8357223734814083
0.5504386174120756 0.8357223734814083
0.5544790214524795 0.8357223734814083
0.5383174052908635 0.8397627775218124
0.5423578093312675 0.8397627775218124
0.5463982133716715 0.8397627775218124
0.5342770012504594 0.8438031815622163
0.5383174052908635 0.8438031815622163
0.5423578093312675 0.8438031815622163
0.5261961931696513 0.8478435856026204
0.5302365972100553 0.8478435856026204
0.5342770012504594 0.8478435856026204
0.5181153850888432 0.8518839896430245
0.5221557891292472 0.8518839896430245
0.5261961931696513 0.8518839896430245
0.5140749810484392 0.8559243936834284
0.5181153850888432 0.8559243936834284
0.5221557891292472 0.8559243936834284
0.5059941729676312 0.8599647977238325
0.5100345770080351 0.8599647977238325
0.5140749810484392 0.8599647977238325
0.49791336488682303 0.8640052017642366
0.5019537689272271 0.8640052017642366
0.5059941729676312 0.8640052017642366
0.48983255680601495 0.8680456058046406
0.49387296084641896 0.8680456058046406
0.49791336488682303 0.8680456058046406
0.5019537689272271 0.8680456058046406
0.48579215276561094 0.8720860098450447
0.48983255680601495 0.8720860098450447
0.49387296084641896 0.8720860098450447
0.4777113446848028 0.8761264138854487
0.4817517487252069 0.8761264138854487
0.48579215276561094 0.8761264138854487
0.4696305366039948 0.8801668179258527
0.4736709406443988 0.8801668179258527
0.4777113446848028 0.8801668179258527
0.46154972852318665 0.8842072219662568
0.4655901325635907 0.8842072219662568
0.4696305366039948 0.8842072219662568
0.4736709406443988 0.8842072219662568
0.4534689204423786 0.8882476260066607
0.4575093244827826 0.8882476260066607
0.46154972852318665 0.8882476260066607
0.4655901325635907 0.8882476260066607
0.4453881123615705 0.8922880300470648
0.44942851640197456 0.8922880300470648
0.4534689204423786 0.8922880300470648
0.4575093244827826 0.8922880300470648
0.4373073042807624 0.8963284340874689
0.44134770832116643 0.8963284340874689
0.4453881123615705 0.8963284340874689
0.44942851640197456 0.8963284340874689
0.42922649619995434 0.9003688381278729
0.4332669002403584 0.9003688381278729
0.4373073042807624 0.9003688381278729
0.44134770832116643 0.9003688381278729
0.42114568811914627 0.904409242168277
0.4251860921595503 0.904409242168277
0.42922649619995434 0.904409242168277
0.4332669002403584 0.904409242168277
0.4130648800383382 0.9084496462086811
0.41710528407874226 0.9084496462086811
0.42114568811914627 0.9084496462086811
0.4251860921595503 0.9084496462086811
0.40094366791712605 0.912490050249085
0.4049840719575301 0.912490050249085
0.4090244759979341 0.912490050249085
0.4130648800383382 0.912490050249085
0.39286285983631797 0.9165304542894891
0.39690326387672203 0.9165304542894891
0.40094366791712605 0.9165304542894891
0.4049840719575301 0.9165304542894891
0.3847820517555099 0.920570858329893
0.38882245579591396 0.920570858329893
0.39286285983631797 0.920570858329893
0.39690326387672203 0.920570858329893
0.37266083963429775 0.9246112623702971
0.3767012436747018 0.9246112623702971
0.3807416477151059 0.9246112623702971
0.3847820517555099 0.9246112623702971
0.38882245579591396 0.9246112623702971
0.3645800315534897 0.9286516664107012
0.36862043559389374 0.9286516664107012
0.37266083963429775 0.9286516664107012
0.3767012436747018 0.9286516664107012
0.3524588194322776 0.9326920704511052
0.3564992234726816 0.9326920704511052
0.36053962751308566 0.9326920704511052
0.3645800315534897 0.9326920704511052
0.36862043559389374 0.9326920704511052
0.3443780113514695 0.9367324744915093
0.34841841539187357 0.9367324744915093
0.3524588194322776 0.9367324744915093
0.3564992234726816 0.9367324744915093
0.33225679923025736 0.9407728785319134
0.3362972032706614 0.9407728785319134
0.34033760731106544 0.9407728785319134
0.3443780113514695 0.9407728785319134
0.34841841539187357 0.9407728785319134
0.3201355871090452 0.9448132825723174
0.3241759911494493 0.9448132825723174
0.32821639518985335 0.9448132825723174
0.33225679923025736 0.9448132825723174
0.3362972032706614 0.9448132825723174
0.30801437498783313 0.9488536866127214
0.3120547790282372 0.9488536866127214
0.3160951830686412 0.9488536866127214
0.3201355871090452 0.9488536866127214
0.3241759911494493 0.9488536866127214
0.29993356690702505 0.9528940906531255
0.30397397094742906 0.9528940906531255
0.30801437498783313 0.9528940906531255
0.3120547790282372 0.9528940906531255
0.29993356690702505 0.9569344946935294
