# x y
0.6838262444419795 0.7387526765117113
0.6717050323207674 0.7508738886329235
0.6595838201995552 0.7791567169157517
0.6191797797955149 0.7953183330773679
0.6191797797955149 0.799358737117772
0.5989777595934946 0.80743954519858
0.5989777595934946 0.8155203532793881
0.5828161434318785 0.819560757319792
0.5949373555530906 0.8316819694410043
0.5585737191894542 0.8397627775218124
0.5464525070682421 0.8478435856026204
0.5666545272702623 0.8518839896430245
0.530290890906626 0.8559243936834284
0.5222100828258178 0.8599647977238325
0.4252403858561209 0.920570858329893
0.3444323050480401 0.9448132825723174
0.34039190100763606 0.9488536866127214
0.33635149696723204 0.9528940906531255
0.29998786060359567 0.9609748987339335
0.3161494767652118 0.9650153027743376
0.3040282646439997 0.9690557068147416
