# x y
0.6514980848857309 0.7670355047945396
0.6393768727645188 0.7791567169157517
0.6595788929665389 0.7791567169157517
0.5989728323604784 0.8155203532793881
0.5949324283200743 0.8316819694410043
0.5585687919564379 0.8397627775218124
0.5585687919564379 0.8438031815622163
0.5464475798352258 0.8478435856026204
0.5302859636736097 0.8559243936834284
0.5545283879160339 0.8599647977238325
0.5302859636736097 0.8761264138854487
0.4939223273099733 0.8801668179258527
0.4656394990271451 0.8922880300470648
0.4171546505422966 0.9165304542894891
0.3969526303402764 0.9286516664107012
0.31614454953219556 0.9650153027743376
0.3040233374109834 0.9690557068147416
