# x y
0.6999464996852318 0.710469848228883
0.6959060956448277 0.7145102522692871
0.6999464996852318 0.7145102522692871
0.6918656916044237 0.7185506563096911
0.6959060956448277 0.7185506563096911
0.6878252875640196 0.7225910603500951
0.6918656916044237 0.7225910603500951
0.6837848835236155 0.7266314643904992
0.6878252875640196 0.7266314643904992
0.6797444794832116 0.7306718684309033
0.6837848835236155 0.7306718684309033
0.6757040754428075 0.7347122724713073
0.6797444794832116 0.7347122724713073
0.6716636714024036 0.7387526765117113
0.6757040754428075 0.7387526765117113
0.6676232673619995 0.7427930805521153
0.6716636714024036 0.7427930805521153
0.6635828633215954 0.7468334845925194
0.6676232673619995 0.7468334845925194
0.6595424592811914 0.7508738886329235
0.6635828633215954 0.7508738886329235
0.6514616512003832 0.7549142926733274
0.6555020552407873 0.7549142926733274
0.6595424592811914 0.7549142926733274
0.6474212471599793 0.7589546967137315
0.6514616512003832 0.7589546967137315
0.6555020552407873 0.7589546967137315
0.6433808431195752 0.7629951007541356
0.6474212471599793 0.7629951007541356
0.6393404390791713 0.7670355047945396
0.6433808431195752 0.7670355047945396
0.6353000350387672 0.7710759088349436
0.6393404390791713 0.7710759088349436
0.6272192269579591 0.7751163128753477
0.6312596309983631 0.7751163128753477
0.6353000350387672 0.7751163128753477
0.623178822917555 0.7791567169157517
0.6272192269579591 0.7791567169157517
0.6312596309983631 0.7791567169157517
0.6191384188771509 0.7831971209561558
0.623178822917555 0.7831971209561558
0.6150980148367469 0.7872375249965597
0.6191384188771509 0.7872375249965597
0.6070172067559388 0.7912779290369638
0.6110576107963429 0.7912779290369638
0.6150980148367469 0.7912779290369638
0.6029768027155349 0.7953183330773679
0.6070172067559388 0.7953183330773679
0.5989363986751308 0.799358737117772
0.6029768027155349 0.799358737117772
0.5908555905943227 0.803399141158176
0.5948959946347268 0.803399141158176
0.5989363986751308 0.803399141158176
0.5868151865539186 0.80743954519858
0.5908555905943227 0.80743954519858
0.5827747825135146 0.811479949238984
0.5868151865539186 0.811479949238984
0.5746939744327065 0.8155203532793881
0.5787343784731106 0.8155203532793881
0.5827747825135146 0.8155203532793881
0.5706535703923026 0.819560757319792
0.5746939744327065 0.819560757319792
0.5625727623114944 0.8236011613601961
0.5666131663518985 0.8236011613601961
0.5706535703923026 0.8236011613601961
0.5585323582710904 0.8276415654006002
0.5625727623114944 0.8276415654006002
0.5504515501902822 0.8316819694410043
0.5544919542306863 0.8316819694410043
0.5585323582710904 0.8316819694410043
0.5464111461498783 0.8357223734814083
0.5504515501902822 0.8357223734814083
0.5383303380690702 0.8397627775218124
0.5423707421094742 0.8397627775218124
0.5464111461498783 0.8397627775218124
0.5342899340286662 0.8438031815622163
0.5383303380690702 0.8438031815622163
0.5262091259478581 0.8478435856026204
0.5302495299882621 0.8478435856026204
0.5342899340286662 0.8478435856026204
0.5181283178670499 0.8518839896430245
0.522168721907454 0.8518839896430245
0.5262091259478581 0.8518839896430245
0.5140879138266459 0.8559243936834284
0.5181283178670499 0.8559243936834284
0.522168721907454 0.8559243936834284
0.5060071057458378 0.8599647977238325
0.5100475097862419 0.8599647977238325
0.5140879138266459 0.8599647977238325
0.49792629766502977 0.8640052017642366
0.5019667017054338 0.8640052017642366
0.5060071057458378 0.8640052017642366
0.49388589362462576 0.8680456058046406
0.49792629766502977 0.8680456058046406
0.5019667017054338 0.8680456058046406
0.4858050855438176 0.8720860098450447
0.4898454895842217 0.8720860098450447
0.49388589362462576 0.8720860098450447
0.4777242774630096 0.8761264138854487
0.4817646815034136 0.8761264138854487
0.4858050855438176 0.8761264138854487
0.4696434693822015 0.8801668179258527
0.47368387342260554 0.8801668179258527
0.4777242774630096 0.8801668179258527
0.4615626613013934 0.8842072219662568
0.46560306534179746 0.8842072219662568
0.4696434693822015 0.8842072219662568
0.4534818532205853 0.8882476260066607
0.4575222572609894 0.8882476260066607
0.4615626613013934 0.8882476260066607
0.46560306534179746 0.8882476260066607
0.44540104513977724 0.8922880300470648
0.44944144918018125 0.8922880300470648
0.4534818532205853 0.8922880300470648
0.4575222572609894 0.8922880300470648
0.43732023705896916 0.8963284340874689
0.44136064109937323 0.8963284340874689
0.44540104513977724 0.8963284340874689
0.44944144918018125 0.8963284340874689
0.4292394289781611 0.9003688381278729
0.4332798330185651 0.9003688381278729
0.43732023705896916 0.9003688381278729
0.44136064109937323 0.9003688381278729
0.421158620897353 0.904409242168277
0.4251990249377571 0.904409242168277
0.4292394289781611 0.904409242168277
0.4332798330185651 0.904409242168277
0.41307781281654493 0.9084496462086811
0.41711821685694894 0.9084496462086811
0.421158620897353 0.9084496462086811
0.40499700473573685 0.912490050249085
0.40903740877614087 0.912490050249085
0.41307781281654493 0.912490050249085
0.3928757926145247 0.9165304542894891
0.3969161966549288 0.9165304542894891
0.4009566006953328 0.9165304542894891
0.40499700473573685 0.9165304542894891
0.38479498453371663 0.920570858329893
0.3888353885741207 0.920570858329893
0.3928757926145247 0.920570858329893
0.3969161966549288 0.920570858329893
0.37671417645290856 0.9246112623702971
0.38075458049331257 0.9246112623702971
0.38479498453371663 0.9246112623702971
0.3645929643316964 0.9286516664107012
0.3686333683721005 0.9286516664107012
0.37267377241250454 0.9286516664107012
0.37671417645290856 0.9286516664107012
0.3524717522104843 0.9326920704511052
0.3565121562508884 0.9326920704511052
0.3605525602912924 0.9326920704511052
0.3645929643316964 0.9326920704511052
0.3686333683721005 0.9326920704511052
0.34439094412967625 0.9367324744915093
0.34843134817008026 0.9367324744915093
0.3524717522104843 0.9367324744915093
0.3565121562508884 0.9367324744915093
0.3322697320084641 0.9407728785319134
0.33631013604886817 0.9407728785319134
0.3403505400892722 0.9407728785319134
0.34439094412967625 0.9407728785319134
0.320148519887252 0.9448132825723174
0.324188923927656 0.9448132825723174
0.3282293279680601 0.9448132825723174
0.3322697320084641 0.9448132825723174
0.33631013604886817 0.9448132825723174
0.30802730776603987 0.9488536866127214
0.3120677118064439 0.9488536866127214
0.31610811584684795 0.9488536866127214
0.320148519887252 0.9488536866127214
0.324188923927656 0.9488536866127214
0.2999464996852318 0.9528940906531255
0.30398690372563586 0.9528940906531255
0.30802730776603987 0.9528940906531255
0.3120677118064439 0.9528940906531255
0.2999464996852318 0.9569344946935294
