# x y
0.6999495057263625 0.710469848228883
0.6959091016859584 0.7145102522692871
0.6999495057263625 0.7145102522692871
0.6918686976455544 0.7185506563096911
0.6959091016859584 0.7185506563096911
0.6878282936051503 0.7225910603500951
0.6918686976455544 0.7225910603500951
0.6837878895647462 0.7266314643904992
0.6878282936051503 0.7266314643904992
0.6797474855243422 0.7306718684309033
0.6837878895647462 0.7306718684309033
0.6757070814839381 0.7347122724713073
0.6797474855243422 0.7347122724713073
0.6716666774435341 0.7387526765117113
0.6757070814839381 0.7387526765117113
0.6676262734031301 0.7427930805521153
0.6716666774435341 0.7427930805521153
0.6635858693627261 0.7468334845925194
0.6676262734031301 0.7468334845925194
0.659545465322322 0.7508738886329235
0.6635858693627261 0.7508738886329235
0.6514646572415139 0.7549142926733274
0.655505061281918 0.7549142926733274
0.659545465322322 0.7549142926733274
0.6474242532011099 0.7589546967137315
0.6514646572415139 0.7589546967137315
0.6433838491607058 0.7629951007541356
0.6474242532011099 0.7629951007541356
0.6393434451203018 0.7670355047945396
0.6433838491607058 0.7670355047945396
0.6353030410798978 0.7710759088349436
0.6393434451203018 0.7710759088349436
0.6312626370394938 0.7751163128753477
0.6353030410798978 0.7751163128753477
0.6231818289586857 0.7791567169157517
0.6272222329990897 0.7791567169157517
0.6312626370394938 0.7791567169157517
0.6191414249182816 0.7831971209561558
0.6231818289586857 0.7831971209561558
0.6151010208778775 0.7872375249965597
0.6191414249182816 0.7872375249965597
0.6070202127970694 0.7912779290369638
0.6110606168374735 0.7912779290369638
0.6151010208778775 0.7912779290369638
0.6029798087566655 0.7953183330773679
0.6070202127970694 0.7953183330773679
0.5989394047162614 0.799358737117772
0.6029798087566655 0.799358737117772
0.5908585966354534 0.803399141158176
0.5948990006758574 0.803399141158176
0.5989394047162614 0.803399141158176
0.5868181925950493 0.80743954519858
0.5908585966354534 0.80743954519858
0.5827777885546452 0.811479949238984
0.5868181925950493 0.811479949238984
0.5746969804738371 0.8155203532793881
0.5787373845142412 0.8155203532793881
0.5827777885546452 0.8155203532793881
0.5706565764334331 0.819560757319792
0.5746969804738371 0.819560757319792
0.5625757683526251 0.8236011613601961
0.5666161723930291 0.8236011613601961
0.5706565764334331 0.8236011613601961
0.5585353643122211 0.8276415654006002
0.5625757683526251 0.8276415654006002
0.5504545562314129 0.8316819694410043
0.554494960271817 0.8316819694410043
0.5585353643122211 0.8316819694410043
0.5464141521910089 0.8357223734814083
0.5504545562314129 0.8357223734814083
0.5383333441102008 0.8397627775218124
0.5423737481506048 0.8397627775218124
0.5464141521910089 0.8397627775218124
0.5342929400697968 0.8438031815622163
0.5383333441102008 0.8438031815622163
0.5262121319889888 0.8478435856026204
0.5302525360293927 0.8478435856026204
0.5342929400697968 0.8478435856026204
0.5181313239081806 0.8518839896430245
0.5221717279485847 0.8518839896430245
0.5262121319889888 0.8518839896430245
0.5140909198677766 0.8559243936834284
0.5181313239081806 0.8559243936834284
0.5221717279485847 0.8559243936834284
0.5060101117869684 0.8599647977238325
0.5100505158273725 0.8599647977238325
0.5140909198677766 0.8599647977238325
0.4979293037061604 0.8640052017642366
0.5019697077465645 0.8640052017642366
0.5060101117869684 0.8640052017642366
0.49388889966575633 0.8680456058046406
0.4979293037061604 0.8680456058046406
0.5019697077465645 0.8680456058046406
0.4858080915849483 0.8720860098450447
0.4898484956253523 0.8720860098450447
0.49388889966575633 0.8720860098450447
0.4777272835041402 0.8761264138854487
0.48176768754454424 0.8761264138854487
0.4858080915849483 0.8761264138854487
0.46964647542333215 0.8801668179258527
0.47368687946373617 0.8801668179258527
0.4777272835041402 0.8801668179258527
0.461565667342524 0.8842072219662568
0.4656060713829281 0.8842072219662568
0.46964647542333215 0.8842072219662568
0.45348485926171594 0.8882476260066607
0.45752526330211996 0.8882476260066607
0.461565667342524 0.8882476260066607
0.44540405118090787 0.8922880300470648
0.44944445522131193 0.8922880300470648
0.45348485926171594 0.8922880300470648
0.45752526330211996 0.8922880300470648
0.4373232431000998 0.8963284340874689
0.4413636471405038 0.8963284340874689
0.44540405118090787 0.8963284340874689
0.44944445522131193 0.8963284340874689
0.4292424350192917 0.9003688381278729
0.4332828390596958 0.9003688381278729
0.4373232431000998 0.9003688381278729
0.4413636471405038 0.9003688381278729
0.42116162693848364 0.904409242168277
0.42520203097888765 0.904409242168277
0.4292424350192917 0.904409242168277
0.4332828390596958 0.904409242168277
0.41308081885767556 0.9084496462086811
0.4171212228980796 0.9084496462086811
0.42116162693848364 0.9084496462086811
0.4050000107768675 0.912490050249085
0.4090404148172715 0.912490050249085
0.41308081885767556 0.912490050249085
0.39287879865565534 0.9165304542894891
0.3969192026960594 0.9165304542894891
0.4009596067364634 0.9165304542894891
0.4050000107768675 0.9165304542894891
0.38479799057484726 0.920570858329893
0.3888383946152513 0.920570858329893
0.39287879865565534 0.920570858329893
0.3969192026960594 0.920570858329893
0.3767171824940392 0.9246112623702971
0.38075758653444325 0.9246112623702971
0.38479799057484726 0.9246112623702971
0.3645959703728271 0.9286516664107012
0.3686363744132311 0.9286516664107012
0.3726767784536351 0.9286516664107012
0.3767171824940392 0.9286516664107012
0.35651516229201896 0.9326920704511052
0.360555566332423 0.9326920704511052
0.3645959703728271 0.9326920704511052
0.3443939501708069 0.9367324744915093
0.34843435421121094 0.9367324744915093
0.35247475825161495 0.9367324744915093
0.35651516229201896 0.9367324744915093
0.33227273804959473 0.9407728785319134
0.3363131420899988 0.9407728785319134
0.3403535461304028 0.9407728785319134
0.3443939501708069 0.9407728785319134
0.3201515259283826 0.9448132825723174
0.32419192996878665 0.9448132825723174
0.3282323340091907 0.9448132825723174
0.33227273804959473 0.9448132825723174
0.3080303138071705 0.9488536866127214
0.31207071784757456 0.9488536866127214
0.3161111218879786 0.9488536866127214
0.3201515259283826 0.9488536866127214
0.32419192996878665 0.9488536866127214
0.2999495057263624 0.9528940906531255
0.30398990976676643 0.9528940906531255
0.3080303138071705 0.9528940906531255
0.31207071784757456 0.9528940906531255
