# x y
0.699960968843752 0.7266314643904992
0.695920564803348 0.7306718684309033
0.691880160762944 0.7347122724713073
0.6878397567225399 0.7387526765117113
0.6595569284397116 0.7629951007541356
0.6474357163184996 0.7751163128753477
0.6353145041972874 0.7872375249965597
0.6151124839952672 0.803399141158176
0.598950867833651 0.811479949238984
0.6110720799548632 0.819560757319792
0.598950867833651 0.8276415654006002
0.594910463793247 0.8316819694410043
0.5019811708639541 0.8801668179258527
0.41713268601546927 0.9246112623702971
0.392890261773045 0.9286516664107012
0.36864783753062075 0.9407728785319134
0.36460743349021674 0.9609748987339335
