# x y
0.6967723188035599 0.6943082320672669
0.6927319147631559 0.698348636107671
0.6967723188035599 0.698348636107671
0.6886915107227518 0.702389040148075
0.6927319147631559 0.702389040148075
0.6967723188035599 0.702389040148075
0.6846511066823477 0.706429444188479
0.6886915107227518 0.706429444188479
0.6927319147631559 0.706429444188479
0.6967723188035599 0.706429444188479
0.6806107026419437 0.710469848228883
0.6846511066823477 0.710469848228883
0.6886915107227518 0.710469848228883
0.6927319147631559 0.710469848228883
0.6967723188035599 0.710469848228883
0.6765702986015397 0.7145102522692871
0.6806107026419437 0.7145102522692871
0.6846511066823477 0.7145102522692871
0.6886915107227518 0.7145102522692871
0.6927319147631559 0.7145102522692871
0.6967723188035599 0.7145102522692871
0.6725298945611357 0.7185506563096911
0.6765702986015397 0.7185506563096911
0.6806107026419437 0.7185506563096911
0.6846511066823477 0.7185506563096911
0.6886915107227518 0.7185506563096911
0.6927319147631559 0.7185506563096911
0.6967723188035599 0.7185506563096911
0.6684894905207317 0.7225910603500951
0.6725298945611357 0.7225910603500951
0.6765702986015397 0.7225910603500951
0.6806107026419437 0.7225910603500951
0.6846511066823477 0.7225910603500951
0.6886915107227518 0.7225910603500951
0.6927319147631559 0.7225910603500951
0.6967723188035599 0.7225910603500951
0.6644490864803276 0.7266314643904992
0.6684894905207317 0.7266314643904992
0.6725298945611357 0.7266314643904992
0.6765702986015397 0.7266314643904992
0.6806107026419437 0.7266314643904992
0.6846511066823477 0.7266314643904992
0.6886915107227518 0.7266314643904992
0.6927319147631559 0.7266314643904992
0.6967723188035599 0.7266314643904992
0.6604086824399236 0.7306718684309033
0.6644490864803276 0.7306718684309033
0.6684894905207317 0.7306718684309033
0.6725298945611357 0.7306718684309033
0.6765702986015397 0.7306718684309033
0.6806107026419437 0.7306718684309033
0.6846511066823477 0.7306718684309033
0.6886915107227518 0.7306718684309033
0.6927319147631559 0.7306718684309033
0.6967723188035599 0.7306718684309033
0.6523278743591154 0.7347122724713073
0.6563682783995195 0.7347122724713073
0.6604086824399236 0.7347122724713073
0.6644490864803276 0.7347122724713073
0.6684894905207317 0.7347122724713073
0.6725298945611357 0.7347122724713073
0.6765702986015397 0.7347122724713073
0.6806107026419437 0.7347122724713073
0.6846511066823477 0.7347122724713073
0.6886915107227518 0.7347122724713073
0.6927319147631559 0.7347122724713073
0.6523278743591154 0.7387526765117113
0.6563682783995195 0.7387526765117113
0.6604086824399236 0.7387526765117113
0.6644490864803276 0.7387526765117113
0.6684894905207317 0.7387526765117113
0.6725298945611357 0.7387526765117113
0.6765702986015397 0.7387526765117113
0.6806107026419437 0.7387526765117113
0.6846511066823477 0.7387526765117113
0.6886915107227518 0.7387526765117113
0.6442470662783074 0.7427930805521153
0.6482874703187114 0.7427930805521153
0.6523278743591154 0.7427930805521153
0.6563682783995195 0.7427930805521153
0.6604086824399236 0.7427930805521153
0.6644490864803276 0.7427930805521153
0.6684894905207317 0.7427930805521153
0.6725298945611357 0.7427930805521153
0.6765702986015397 0.7427930805521153
0.6806107026419437 0.7427930805521153
0.6846511066823477 0.7427930805521153
0.6402066622379033 0.7468334845925194
0.6442470662783074 0.7468334845925194
0.6482874703187114 0.7468334845925194
0.6523278743591154 0.7468334845925194
0.6563682783995195 0.7468334845925194
0.6604086824399236 0.7468334845925194
0.6644490864803276 0.7468334845925194
0.6684894905207317 0.7468334845925194
0.6725298945611357 0.7468334845925194
0.6765702986015397 0.7468334845925194
0.6806107026419437 0.7468334845925194
0.6361662581974994 0.7508738886329235
0.6402066622379033 0.7508738886329235
0.6442470662783074 0.7508738886329235
0.6482874703187114 0.7508738886329235
0.6523278743591154 0.7508738886329235
0.6563682783995195 0.7508738886329235
0.6604086824399236 0.7508738886329235
0.6644490864803276 0.7508738886329235
0.6684894905207317 0.7508738886329235
0.6725298945611357 0.7508738886329235
0.6765702986015397 0.7508738886329235
0.6321258541570953 0.7549142926733274
0.6361662581974994 0.7549142926733274
0.6402066622379033 0.7549142926733274
0.6442470662783074 0.7549142926733274
0.6482874703187114 0.7549142926733274
0.6523278743591154 0.7549142926733274
0.6563682783995195 0.7549142926733274
0.6604086824399236 0.7549142926733274
0.6644490864803276 0.7549142926733274
0.6684894905207317 0.7549142926733274
0.6725298945611357 0.7549142926733274
0.6240450460762872 0.7589546967137315
0.6280854501166913 0.7589546967137315
0.6321258541570953 0.7589546967137315
0.6361662581974994 0.7589546967137315
0.6402066622379033 0.7589546967137315
0.6442470662783074 0.7589546967137315
0.6482874703187114 0.7589546967137315
0.6523278743591154 0.7589546967137315
0.6563682783995195 0.7589546967137315
0.6604086824399236 0.7589546967137315
0.6644490864803276 0.7589546967137315
0.6684894905207317 0.7589546967137315
0.6200046420358831 0.7629951007541356
0.6240450460762872 0.7629951007541356
0.6280854501166913 0.7629951007541356
0.6321258541570953 0.7629951007541356
0.6361662581974994 0.7629951007541356
0.6402066622379033 0.7629951007541356
0.6442470662783074 0.7629951007541356
0.6482874703187114 0.7629951007541356
0.6523278743591154 0.7629951007541356
0.6563682783995195 0.7629951007541356
0.6604086824399236 0.7629951007541356
0.6644490864803276 0.7629951007541356
0.6159642379954791 0.7670355047945396
0.6200046420358831 0.7670355047945396
0.6240450460762872 0.7670355047945396
0.6280854501166913 0.7670355047945396
0.6321258541570953 0.7670355047945396
0.6361662581974994 0.7670355047945396
0.6402066622379033 0.7670355047945396
0.6442470662783074 0.7670355047945396
0.6482874703187114 0.7670355047945396
0.6523278743591154 0.7670355047945396
0.6563682783995195 0.7670355047945396
0.6604086824399236 0.7670355047945396
0.611923833955075 0.7710759088349436
0.6159642379954791 0.7710759088349436
0.6200046420358831 0.7710759088349436
0.6240450460762872 0.7710759088349436
0.6280854501166913 0.7710759088349436
0.6321258541570953 0.7710759088349436
0.6361662581974994 0.7710759088349436
0.6402066622379033 0.7710759088349436
0.6442470662783074 0.7710759088349436
0.6482874703187114 0.7710759088349436
0.6523278743591154 0.7710759088349436
0.603843025874267 0.7751163128753477
0.607883429914671 0.7751163128753477
0.611923833955075 0.7751163128753477
0.6159642379954791 0.7751163128753477
0.6200046420358831 0.7751163128753477
0.6240450460762872 0.7751163128753477
0.6280854501166913 0.7751163128753477
0.6321258541570953 0.7751163128753477
0.6361662581974994 0.7751163128753477
0.6402066622379033 0.7751163128753477
0.6442470662783074 0.7751163128753477
0.6482874703187114 0.7751163128753477
0.5917218137530549 0.7791567169157517
0.599802621833863 0.7791567169157517
0.603843025874267 0.7791567169157517
0.607883429914671 0.7791567169157517
0.611923833955075 0.7791567169157517
0.6159642379954791 0.7791567169157517
0.6200046420358831 0.7791567169157517
0.6240450460762872 0.7791567169157517
0.6280854501166913 0.7791567169157517
0.6321258541570953 0.7791567169157517
0.6361662581974994 0.7791567169157517
0.6402066622379033 0.7791567169157517
0.6442470662783074 0.7791567169157517
0.595762217793459 0.7831971209561558
0.599802621833863 0.7831971209561558
0.603843025874267 0.7831971209561558
0.607883429914671 0.7831971209561558
0.611923833955075 0.7831971209561558
0.6159642379954791 0.7831971209561558
0.6200046420358831 0.7831971209561558
0.6240450460762872 0.7831971209561558
0.6280854501166913 0.7831971209561558
0.6321258541570953 0.7831971209561558
0.6361662581974994 0.7831971209561558
0.6402066622379033 0.7831971209561558
0.5876814097126508 0.7872375249965597
0.5917218137530549 0.7872375249965597
0.595762217793459 0.7872375249965597
0.599802621833863 0.7872375249965597
0.603843025874267 0.7872375249965597
0.607883429914671 0.7872375249965597
0.611923833955075 0.7872375249965597
0.6159642379954791 0.7872375249965597
0.6200046420358831 0.7872375249965597
0.6240450460762872 0.7872375249965597
0.6280854501166913 0.7872375249965597
0.6321258541570953 0.7872375249965597
0.6361662581974994 0.7872375249965597
0.5836410056722467 0.7912779290369638
0.5876814097126508 0.7912779290369638
0.5917218137530549 0.7912779290369638
0.595762217793459 0.7912779290369638
0.599802621833863 0.7912779290369638
0.603843025874267 0.7912779290369638
0.607883429914671 0.7912779290369638
0.611923833955075 0.7912779290369638
0.6159642379954791 0.7912779290369638
0.6200046420358831 0.7912779290369638
0.6240450460762872 0.7912779290369638
0.6280854501166913 0.7912779290369638
0.6321258541570953 0.7912779290369638
0.5755601975914387 0.7953183330773679
0.5796006016318427 0.7953183330773679
0.5836410056722467 0.7953183330773679
0.5876814097126508 0.7953183330773679
0.5917218137530549 0.7953183330773679
0.595762217793459 0.7953183330773679
0.599802621833863 0.7953183330773679
0.603843025874267 0.7953183330773679
0.607883429914671 0.7953183330773679
0.611923833955075 0.7953183330773679
0.6159642379954791 0.7953183330773679
0.6200046420358831 0.7953183330773679
0.6240450460762872 0.7953183330773679
0.5715197935510347 0.799358737117772
0.5755601975914387 0.799358737117772
0.5796006016318427 0.799358737117772
0.5836410056722467 0.799358737117772
0.5876814097126508 0.799358737117772
0.5917218137530549 0.799358737117772
0.595762217793459 0.799358737117772
0.599802621833863 0.799358737117772
0.603843025874267 0.799358737117772
0.607883429914671 0.799358737117772
0.611923833955075 0.799358737117772
0.6159642379954791 0.799358737117772
0.6200046420358831 0.799358737117772
0.5634389854702266 0.803399141158176
0.5674793895106307 0.803399141158176
0.5715197935510347 0.803399141158176
0.5755601975914387 0.803399141158176
0.5796006016318427 0.803399141158176
0.5836410056722467 0.803399141158176
0.5876814097126508 0.803399141158176
0.5917218137530549 0.803399141158176
0.595762217793459 0.803399141158176
0.599802621833863 0.803399141158176
0.603843025874267 0.803399141158176
0.607883429914671 0.803399141158176
0.611923833955075 0.803399141158176
0.6159642379954791 0.803399141158176
0.5593985814298226 0.80743954519858
0.5634389854702266 0.80743954519858
0.5674793895106307 0.80743954519858
0.5715197935510347 0.80743954519858
0.5755601975914387 0.80743954519858
0.5796006016318427 0.80743954519858
0.5836410056722467 0.80743954519858
0.5876814097126508 0.80743954519858
0.5917218137530549 0.80743954519858
0.595762217793459 0.80743954519858
0.599802621833863 0.80743954519858
0.603843025874267 0.80743954519858
0.607883429914671 0.80743954519858
0.611923833955075 0.80743954519858
0.5553581773894185 0.811479949238984
0.5593985814298226 0.811479949238984
0.5634389854702266 0.811479949238984
0.5674793895106307 0.811479949238984
0.5715197935510347 0.811479949238984
0.5755601975914387 0.811479949238984
0.5796006016318427 0.811479949238984
0.5836410056722467 0.811479949238984
0.5876814097126508 0.811479949238984
0.5917218137530549 0.811479949238984
0.595762217793459 0.811479949238984
0.599802621833863 0.811479949238984
0.603843025874267 0.811479949238984
0.607883429914671 0.811479949238984
0.5351561571873983 0.8155203532793881
0.5472773693086104 0.8155203532793881
0.5513177733490144 0.8155203532793881
0.5553581773894185 0.8155203532793881
0.5593985814298226 0.8155203532793881
0.5634389854702266 0.8155203532793881
0.5674793895106307 0.8155203532793881
0.5715197935510347 0.8155203532793881
0.5755601975914387 0.8155203532793881
0.5796006016318427 0.8155203532793881
0.5836410056722467 0.8155203532793881
0.5876814097126508 0.8155203532793881
0.5917218137530549 0.8155203532793881
0.595762217793459 0.8155203532793881
0.599802621833863 0.8155203532793881
0.5391965612278024 0.819560757319792
0.5432369652682064 0.819560757319792
0.5472773693086104 0.819560757319792
0.5513177733490144 0.819560757319792
0.5553581773894185 0.819560757319792
0.5593985814298226 0.819560757319792
0.5634389854702266 0.819560757319792
0.5674793895106307 0.819560757319792
0.5715197935510347 0.819560757319792
0.5755601975914387 0.819560757319792
0.5796006016318427 0.819560757319792
0.5836410056722467 0.819560757319792
0.5876814097126508 0.819560757319792
0.5917218137530549 0.819560757319792
0.595762217793459 0.819560757319792
0.5351561571873983 0.8236011613601961
0.5391965612278024 0.8236011613601961
0.5432369652682064 0.8236011613601961
0.5472773693086104 0.8236011613601961
0.5513177733490144 0.8236011613601961
0.5553581773894185 0.8236011613601961
0.5593985814298226 0.8236011613601961
0.5634389854702266 0.8236011613601961
0.5674793895106307 0.8236011613601961
0.5715197935510347 0.8236011613601961
0.5755601975914387 0.8236011613601961
0.5796006016318427 0.8236011613601961
0.5836410056722467 0.8236011613601961
0.5876814097126508 0.8236011613601961
0.5270753491065903 0.8276415654006002
0.5311157531469943 0.8276415654006002
0.5351561571873983 0.8276415654006002
0.5391965612278024 0.8276415654006002
0.5432369652682064 0.8276415654006002
0.5472773693086104 0.8276415654006002
0.5513177733490144 0.8276415654006002
0.5553581773894185 0.8276415654006002
0.5593985814298226 0.8276415654006002
0.5634389854702266 0.8276415654006002
0.5674793895106307 0.8276415654006002
0.5715197935510347 0.8276415654006002
0.5755601975914387 0.8276415654006002
0.5796006016318427 0.8276415654006002
0.5836410056722467 0.8276415654006002
0.5230349450661862 0.8316819694410043
0.5270753491065903 0.8316819694410043
0.5311157531469943 0.8316819694410043
0.5351561571873983 0.8316819694410043
0.5391965612278024 0.8316819694410043
0.5432369652682064 0.8316819694410043
0.5472773693086104 0.8316819694410043
0.5513177733490144 0.8316819694410043
0.5553581773894185 0.8316819694410043
0.5593985814298226 0.8316819694410043
0.5634389854702266 0.8316819694410043
0.5674793895106307 0.8316819694410043
0.5715197935510347 0.8316819694410043
0.5755601975914387 0.8316819694410043
0.5796006016318427 0.8316819694410043
0.5149541369853781 0.8357223734814083
0.5189945410257821 0.8357223734814083
0.5230349450661862 0.8357223734814083
0.5270753491065903 0.8357223734814083
0.5311157531469943 0.8357223734814083
0.5351561571873983 0.8357223734814083
0.5391965612278024 0.8357223734814083
0.5432369652682064 0.8357223734814083
0.5472773693086104 0.8357223734814083
0.5513177733490144 0.8357223734814083
0.5553581773894185 0.8357223734814083
0.5593985814298226 0.8357223734814083
0.5634389854702266 0.8357223734814083
0.5674793895106307 0.8357223734814083
0.5715197935510347 0.8357223734814083
0.510913732944974 0.8397627775218124
0.5149541369853781 0.8397627775218124
0.5189945410257821 0.8397627775218124
0.5230349450661862 0.8397627775218124
0.5270753491065903 0.8397627775218124
0.5311157531469943 0.8397627775218124
0.5351561571873983 0.8397627775218124
0.5391965612278024 0.8397627775218124
0.5432369652682064 0.8397627775218124
0.5472773693086104 0.8397627775218124
0.5513177733490144 0.8397627775218124
0.5553581773894185 0.8397627775218124
0.5593985814298226 0.8397627775218124
0.5634389854702266 0.8397627775218124
0.5674793895106307 0.8397627775218124
0.502832924864166 0.8438031815622163
0.50687332890457 0.8438031815622163
0.510913732944974 0.8438031815622163
0.5149541369853781 0.8438031815622163
0.5189945410257821 0.8438031815622163
0.5230349450661862 0.8438031815622163
0.5270753491065903 0.8438031815622163
0.5311157531469943 0.8438031815622163
0.5351561571873983 0.8438031815622163
0.5391965612278024 0.8438031815622163
0.5432369652682064 0.8438031815622163
0.5472773693086104 0.8438031815622163
0.5513177733490144 0.8438031815622163
0.5553581773894185 0.8438031815622163
0.5593985814298226 0.8438031815622163
0.5634389854702266 0.8438031815622163
0.4947521167833579 0.8478435856026204
0.4987925208237619 0.8478435856026204
0.502832924864166 0.8478435856026204
0.50687332890457 0.8478435856026204
0.510913732944974 0.8478435856026204
0.5149541369853781 0.8478435856026204
0.5189945410257821 0.8478435856026204
0.5230349450661862 0.8478435856026204
0.5270753491065903 0.8478435856026204
0.5311157531469943 0.8478435856026204
0.5351561571873983 0.8478435856026204
0.5391965612278024 0.8478435856026204
0.5432369652682064 0.8478435856026204
0.5472773693086104 0.8478435856026204
0.5513177733490144 0.8478435856026204
0.5553581773894185 0.8478435856026204
0.4866713087025498 0.8518839896430245
0.4907117127429539 0.8518839896430245
0.4947521167833579 0.8518839896430245
0.4987925208237619 0.8518839896430245
0.502832924864166 0.8518839896430245
0.50687332890457 0.8518839896430245
0.510913732944974 0.8518839896430245
0.5149541369853781 0.8518839896430245
0.5189945410257821 0.8518839896430245
0.5230349450661862 0.8518839896430245
0.5270753491065903 0.8518839896430245
0.5311157531469943 0.8518839896430245
0.5351561571873983 0.8518839896430245
0.5391965612278024 0.8518839896430245
0.5432369652682064 0.8518839896430245
0.5472773693086104 0.8518839896430245
0.5513177733490144 0.8518839896430245
0.4866713087025498 0.8559243936834284
0.4907117127429539 0.8559243936834284
0.4947521167833579 0.8559243936834284
0.4987925208237619 0.8559243936834284
0.502832924864166 0.8559243936834284
0.50687332890457 0.8559243936834284
0.510913732944974 0.8559243936834284
0.5149541369853781 0.8559243936834284
0.5189945410257821 0.8559243936834284
0.5230349450661862 0.8559243936834284
0.5270753491065903 0.8559243936834284
0.5311157531469943 0.8559243936834284
0.5351561571873983 0.8559243936834284
0.5391965612278024 0.8559243936834284
0.5432369652682064 0.8559243936834284
0.47859050062174174 0.8599647977238325
0.48263090466214575 0.8599647977238325
0.4866713087025498 0.8599647977238325
0.4907117127429539 0.8599647977238325
0.4947521167833579 0.8599647977238325
0.4987925208237619 0.8599647977238325
0.502832924864166 0.8599647977238325
0.50687332890457 0.8599647977238325
0.510913732944974 0.8599647977238325
0.5149541369853781 0.8599647977238325
0.5189945410257821 0.8599647977238325
0.5230349450661862 0.8599647977238325
0.5270753491065903 0.8599647977238325
0.5311157531469943 0.8599647977238325
0.5351561571873983 0.8599647977238325
0.5391965612278024 0.8599647977238325
0.47050969254093367 0.8640052017642366
0.47455009658133773 0.8640052017642366
0.47859050062174174 0.8640052017642366
0.48263090466214575 0.8640052017642366
0.4866713087025498 0.8640052017642366
0.4907117127429539 0.8640052017642366
0.4947521167833579 0.8640052017642366
0.4987925208237619 0.8640052017642366
0.502832924864166 0.8640052017642366
0.50687332890457 0.8640052017642366
0.510913732944974 0.8640052017642366
0.5149541369853781 0.8640052017642366
0.5189945410257821 0.8640052017642366
0.5230349450661862 0.8640052017642366
0.5270753491065903 0.8640052017642366
0.5311157531469943 0.8640052017642366
0.4583884804197215 0.8680456058046406
0.4624288844601256 0.8680456058046406
0.4664692885005296 0.8680456058046406
0.47050969254093367 0.8680456058046406
0.47455009658133773 0.8680456058046406
0.47859050062174174 0.8680456058046406
0.48263090466214575 0.8680456058046406
0.4866713087025498 0.8680456058046406
0.4907117127429539 0.8680456058046406
0.4947521167833579 0.8680456058046406
0.4987925208237619 0.8680456058046406
0.502832924864166 0.8680456058046406
0.50687332890457 0.8680456058046406
0.510913732944974 0.8680456058046406
0.5149541369853781 0.8680456058046406
0.5189945410257821 0.8680456058046406
0.5230349450661862 0.8680456058046406
0.4543480763793175 0.8720860098450447
0.4583884804197215 0.8720860098450447
0.4624288844601256 0.8720860098450447
0.4664692885005296 0.8720860098450447
0.47050969254093367 0.8720860098450447
0.47455009658133773 0.8720860098450447
0.47859050062174174 0.8720860098450447
0.48263090466214575 0.8720860098450447
0.4866713087025498 0.8720860098450447
0.4907117127429539 0.8720860098450447
0.4947521167833579 0.8720860098450447
0.4987925208237619 0.8720860098450447
0.502832924864166 0.8720860098450447
0.50687332890457 0.8720860098450447
0.510913732944974 0.8720860098450447
0.5149541369853781 0.8720860098450447
0.44222686425810537 0.8761264138854487
0.4462672682985094 0.8761264138854487
0.45030767233891345 0.8761264138854487
0.4543480763793175 0.8761264138854487
0.4583884804197215 0.8761264138854487
0.4624288844601256 0.8761264138854487
0.4664692885005296 0.8761264138854487
0.47050969254093367 0.8761264138854487
0.47455009658133773 0.8761264138854487
0.47859050062174174 0.8761264138854487
0.48263090466214575 0.8761264138854487
0.4866713087025498 0.8761264138854487
0.4907117127429539 0.8761264138854487
0.4947521167833579 0.8761264138854487
0.4987925208237619 0.8761264138854487
0.502832924864166 0.8761264138854487
0.50687332890457 0.8761264138854487
0.510913732944974 0.8761264138854487
0.4341460561772973 0.8801668179258527
0.43818646021770136 0.8801668179258527
0.44222686425810537 0.8801668179258527
0.4462672682985094 0.8801668179258527
0.45030767233891345 0.8801668179258527
0.4543480763793175 0.8801668179258527
0.4583884804197215 0.8801668179258527
0.4624288844601256 0.8801668179258527
0.4664692885005296 0.8801668179258527
0.47050969254093367 0.8801668179258527
0.47455009658133773 0.8801668179258527
0.47859050062174174 0.8801668179258527
0.48263090466214575 0.8801668179258527
0.4866713087025498 0.8801668179258527
0.4907117127429539 0.8801668179258527
0.4947521167833579 0.8801668179258527
0.4987925208237619 0.8801668179258527
0.502832924864166 0.8801668179258527
0.4260652480964892 0.8842072219662568
0.4301056521368932 0.8842072219662568
0.4341460561772973 0.8842072219662568
0.43818646021770136 0.8842072219662568
0.44222686425810537 0.8842072219662568
0.4462672682985094 0.8842072219662568
0.45030767233891345 0.8842072219662568
0.4543480763793175 0.8842072219662568
0.4583884804197215 0.8842072219662568
0.4624288844601256 0.8842072219662568
0.4664692885005296 0.8842072219662568
0.47050969254093367 0.8842072219662568
0.47455009658133773 0.8842072219662568
0.47859050062174174 0.8842072219662568
0.48263090466214575 0.8842072219662568
0.4866713087025498 0.8842072219662568
0.4907117127429539 0.8842072219662568
0.4947521167833579 0.8842072219662568
0.4987925208237619 0.8842072219662568
0.41394403597527707 0.8882476260066607
0.4220248440560852 0.8882476260066607
0.4260652480964892 0.8882476260066607
0.4301056521368932 0.8882476260066607
0.4341460561772973 0.8882476260066607
0.43818646021770136 0.8882476260066607
0.44222686425810537 0.8882476260066607
0.4462672682985094 0.8882476260066607
0.45030767233891345 0.8882476260066607
0.4543480763793175 0.8882476260066607
0.4583884804197215 0.8882476260066607
0.4624288844601256 0.8882476260066607
0.4664692885005296 0.8882476260066607
0.47050969254093367 0.8882476260066607
0.47455009658133773 0.8882476260066607
0.47859050062174174 0.8882476260066607
0.48263090466214575 0.8882476260066607
0.4866713087025498 0.8882476260066607
0.41394403597527707 0.8922880300470648
0.41798444001568114 0.8922880300470648
0.4220248440560852 0.8922880300470648
0.4260652480964892 0.8922880300470648
0.4301056521368932 0.8922880300470648
0.4341460561772973 0.8922880300470648
0.43818646021770136 0.8922880300470648
0.44222686425810537 0.8922880300470648
0.4462672682985094 0.8922880300470648
0.45030767233891345 0.8922880300470648
0.4543480763793175 0.8922880300470648
0.4583884804197215 0.8922880300470648
0.4624288844601256 0.8922880300470648
0.4664692885005296 0.8922880300470648
0.47050969254093367 0.8922880300470648
0.47455009658133773 0.8922880300470648
0.47859050062174174 0.8922880300470648
0.48263090466214575 0.8922880300470648
0.3977824198136609 0.8963284340874689
0.405863227894469 0.8963284340874689
0.40990363193487306 0.8963284340874689
0.41394403597527707 0.8963284340874689
0.41798444001568114 0.8963284340874689
0.4220248440560852 0.8963284340874689
0.4260652480964892 0.8963284340874689
0.4301056521368932 0.8963284340874689
0.4341460561772973 0.8963284340874689
0.43818646021770136 0.8963284340874689
0.44222686425810537 0.8963284340874689
0.4462672682985094 0.8963284340874689
0.45030767233891345 0.8963284340874689
0.4543480763793175 0.8963284340874689
0.4583884804197215 0.8963284340874689
0.4624288844601256 0.8963284340874689
0.4664692885005296 0.8963284340874689
0.47050969254093367 0.8963284340874689
0.47455009658133773 0.8963284340874689
0.47859050062174174 0.8963284340874689
0.3977824198136609 0.9003688381278729
0.401822823854065 0.9003688381278729
0.405863227894469 0.9003688381278729
0.40990363193487306 0.9003688381278729
0.41394403597527707 0.9003688381278729
0.41798444001568114 0.9003688381278729
0.4220248440560852 0.9003688381278729
0.4260652480964892 0.9003688381278729
0.4301056521368932 0.9003688381278729
0.4341460561772973 0.9003688381278729
0.43818646021770136 0.9003688381278729
0.44222686425810537 0.9003688381278729
0.4462672682985094 0.9003688381278729
0.45030767233891345 0.9003688381278729
0.4543480763793175 0.9003688381278729
0.4583884804197215 0.9003688381278729
0.4624288844601256 0.9003688381278729
0.4664692885005296 0.9003688381278729
0.47050969254093367 0.9003688381278729
0.3856612076924488 0.904409242168277
0.38970161173285284 0.904409242168277
0.3937420157732569 0.904409242168277
0.3977824198136609 0.904409242168277
0.401822823854065 0.904409242168277
0.405863227894469 0.904409242168277
0.40990363193487306 0.904409242168277
0.41394403597527707 0.904409242168277
0.41798444001568114 0.904409242168277
0.4220248440560852 0.904409242168277
0.4260652480964892 0.904409242168277
0.4301056521368932 0.904409242168277
0.4341460561772973 0.904409242168277
0.43818646021770136 0.904409242168277
0.44222686425810537 0.904409242168277
0.4462672682985094 0.904409242168277
0.45030767233891345 0.904409242168277
0.4543480763793175 0.904409242168277
0.4583884804197215 0.904409242168277
0.3775803996116407 0.9084496462086811
0.38162080365204476 0.9084496462086811
0.3856612076924488 0.9084496462086811
0.38970161173285284 0.9084496462086811
0.3937420157732569 0.9084496462086811
0.3977824198136609 0.9084496462086811
0.401822823854065 0.9084496462086811
0.405863227894469 0.9084496462086811
0.40990363193487306 0.9084496462086811
0.41394403597527707 0.9084496462086811
0.41798444001568114 0.9084496462086811
0.4220248440560852 0.9084496462086811
0.4260652480964892 0.9084496462086811
0.4301056521368932 0.9084496462086811
0.4341460561772973 0.9084496462086811
0.43818646021770136 0.9084496462086811
0.44222686425810537 0.9084496462086811
0.4462672682985094 0.9084496462086811
0.45030767233891345 0.9084496462086811
0.35737837940962053 0.912490050249085
0.36949959153083267 0.912490050249085
0.3735399955712367 0.912490050249085
0.3775803996116407 0.912490050249085
0.38162080365204476 0.912490050249085
0.3856612076924488 0.912490050249085
0.38970161173285284 0.912490050249085
0.3937420157732569 0.912490050249085
0.3977824198136609 0.912490050249085
0.401822823854065 0.912490050249085
0.405863227894469 0.912490050249085
0.40990363193487306 0.912490050249085
0.41394403597527707 0.912490050249085
0.41798444001568114 0.912490050249085
0.4220248440560852 0.912490050249085
0.4260652480964892 0.912490050249085
0.4301056521368932 0.912490050249085
0.4341460561772973 0.912490050249085
0.43818646021770136 0.912490050249085
0.44222686425810537 0.912490050249085
0.4462672682985094 0.912490050249085
0.3412167632480044 0.9165304542894891
0.34929757132881245 0.9165304542894891
0.35737837940962053 0.9165304542894891
0.36141878345002454 0.9165304542894891
0.3654591874904286 0.9165304542894891
0.36949959153083267 0.9165304542894891
0.3735399955712367 0.9165304542894891
0.3775803996116407 0.9165304542894891
0.38162080365204476 0.9165304542894891
0.3856612076924488 0.9165304542894891
0.38970161173285284 0.9165304542894891
0.3937420157732569 0.9165304542894891
0.3977824198136609 0.9165304542894891
0.401822823854065 0.9165304542894891
0.405863227894469 0.9165304542894891
0.40990363193487306 0.9165304542894891
0.41394403597527707 0.9165304542894891
0.41798444001568114 0.9165304542894891
0.4220248440560852 0.9165304542894891
0.4260652480964892 0.9165304542894891
0.4301056521368932 0.9165304542894891
0.4341460561772973 0.9165304542894891
0.3452571672884084 0.920570858329893
0.34929757132881245 0.920570858329893
0.3533379753692165 0.920570858329893
0.35737837940962053 0.920570858329893
0.36141878345002454 0.920570858329893
0.3654591874904286 0.920570858329893
0.36949959153083267 0.920570858329893
0.3735399955712367 0.920570858329893
0.3775803996116407 0.920570858329893
0.38162080365204476 0.920570858329893
0.3856612076924488 0.920570858329893
0.38970161173285284 0.920570858329893
0.3937420157732569 0.920570858329893
0.3977824198136609 0.920570858329893
0.401822823854065 0.920570858329893
0.405863227894469 0.920570858329893
0.40990363193487306 0.920570858329893
0.41394403597527707 0.920570858329893
0.41798444001568114 0.920570858329893
0.4220248440560852 0.920570858329893
0.4260652480964892 0.920570858329893
0.3250551470863882 0.9246112623702971
0.3371763592076003 0.9246112623702971
0.3412167632480044 0.9246112623702971
0.3452571672884084 0.9246112623702971
0.34929757132881245 0.9246112623702971
0.3533379753692165 0.9246112623702971
0.35737837940962053 0.9246112623702971
0.36141878345002454 0.9246112623702971
0.3654591874904286 0.9246112623702971
0.36949959153083267 0.9246112623702971
0.3735399955712367 0.9246112623702971
0.3775803996116407 0.9246112623702971
0.38162080365204476 0.9246112623702971
0.3856612076924488 0.9246112623702971
0.38970161173285284 0.9246112623702971
0.3937420157732569 0.9246112623702971
0.3977824198136609 0.9246112623702971
0.401822823854065 0.9246112623702971
0.405863227894469 0.9246112623702971
0.40990363193487306 0.9246112623702971
0.41394403597527707 0.9246112623702971
0.3250551470863882 0.9286516664107012
0.32909555112679223 0.9286516664107012
0.3331359551671963 0.9286516664107012
0.3371763592076003 0.9286516664107012
0.3412167632480044 0.9286516664107012
0.3452571672884084 0.9286516664107012
0.34929757132881245 0.9286516664107012
0.3533379753692165 0.9286516664107012
0.35737837940962053 0.9286516664107012
0.36141878345002454 0.9286516664107012
0.3654591874904286 0.9286516664107012
0.36949959153083267 0.9286516664107012
0.3735399955712367 0.9286516664107012
0.3775803996116407 0.9286516664107012
0.38162080365204476 0.9286516664107012
0.3856612076924488 0.9286516664107012
0.38970161173285284 0.9286516664107012
0.3937420157732569 0.9286516664107012
0.3977824198136609 0.9286516664107012
0.401822823854065 0.9286516664107012
0.405863227894469 0.9286516664107012
0.31697433900558014 0.9326920704511052
0.32101474304598415 0.9326920704511052
0.3250551470863882 0.9326920704511052
0.32909555112679223 0.9326920704511052
0.3331359551671963 0.9326920704511052
0.3371763592076003 0.9326920704511052
0.3412167632480044 0.9326920704511052
0.3452571672884084 0.9326920704511052
0.34929757132881245 0.9326920704511052
0.3533379753692165 0.9326920704511052
0.35737837940962053 0.9326920704511052
0.36141878345002454 0.9326920704511052
0.3654591874904286 0.9326920704511052
0.36949959153083267 0.9326920704511052
0.3735399955712367 0.9326920704511052
0.3775803996116407 0.9326920704511052
0.38162080365204476 0.9326920704511052
0.3856612076924488 0.9326920704511052
0.38970161173285284 0.9326920704511052
0.3937420157732569 0.9326920704511052
0.304853126884368 0.9367324744915093
0.308893530924772 0.9367324744915093
0.3129339349651761 0.9367324744915093
0.31697433900558014 0.9367324744915093
0.32101474304598415 0.9367324744915093
0.3250551470863882 0.9367324744915093
0.32909555112679223 0.9367324744915093
0.3331359551671963 0.9367324744915093
0.3371763592076003 0.9367324744915093
0.3412167632480044 0.9367324744915093
0.3452571672884084 0.9367324744915093
0.34929757132881245 0.9367324744915093
0.3533379753692165 0.9367324744915093
0.35737837940962053 0.9367324744915093
0.36141878345002454 0.9367324744915093
0.3654591874904286 0.9367324744915093
0.36949959153083267 0.9367324744915093
0.3735399955712367 0.9367324744915093
0.3775803996116407 0.9367324744915093
0.38162080365204476 0.9367324744915093
0.3856612076924488 0.9367324744915093
0.3977824198136609 0.9367324744915093
0.2967723188035599 0.9407728785319134
0.300812722843964 0.9407728785319134
0.304853126884368 0.9407728785319134
0.308893530924772 0.9407728785319134
0.3129339349651761 0.9407728785319134
0.31697433900558014 0.9407728785319134
0.32101474304598415 0.9407728785319134
0.3250551470863882 0.9407728785319134
0.32909555112679223 0.9407728785319134
0.3331359551671963 0.9407728785319134
0.3371763592076003 0.9407728785319134
0.3412167632480044 0.9407728785319134
0.3452571672884084 0.9407728785319134
0.34929757132881245 0.9407728785319134
0.3533379753692165 0.9407728785319134
0.35737837940962053 0.9407728785319134
0.36141878345002454 0.9407728785319134
0.3654591874904286 0.9407728785319134
0.36949959153083267 0.9407728785319134
0.3735399955712367 0.9407728785319134
0.3775803996116407 0.9407728785319134
0.2967723188035599 0.9448132825723174
0.300812722843964 0.9448132825723174
0.304853126884368 0.9448132825723174
0.308893530924772 0.9448132825723174
0.3129339349651761 0.9448132825723174
0.31697433900558014 0.9448132825723174
0.32101474304598415 0.9448132825723174
0.3250551470863882 0.9448132825723174
0.32909555112679223 0.9448132825723174
0.3331359551671963 0.9448132825723174
0.3371763592076003 0.9448132825723174
0.3412167632480044 0.9448132825723174
0.3452571672884084 0.9448132825723174
0.34929757132881245 0.9448132825723174
0.3533379753692165 0.9448132825723174
0.35737837940962053 0.9448132825723174
0.36141878345002454 0.9448132825723174
0.3654591874904286 0.9448132825723174
0.2967723188035599 0.9488536866127214
0.300812722843964 0.9488536866127214
0.304853126884368 0.9488536866127214
0.308893530924772 0.9488536866127214
0.3129339349651761 0.9488536866127214
0.31697433900558014 0.9488536866127214
0.32101474304598415 0.9488536866127214
0.3250551470863882 0.9488536866127214
0.32909555112679223 0.9488536866127214
0.3331359551671963 0.9488536866127214
0.3371763592076003 0.9488536866127214
0.3412167632480044 0.9488536866127214
0.3452571672884084 0.9488536866127214
0.34929757132881245 0.9488536866127214
0.3533379753692165 0.9488536866127214
0.35737837940962053 0.9488536866127214
0.2967723188035599 0.9528940906531255
0.300812722843964 0.9528940906531255
0.304853126884368 0.9528940906531255
0.308893530924772 0.9528940906531255
0.3129339349651761 0.9528940906531255
0.31697433900558014 0.9528940906531255
0.32101474304598415 0.9528940906531255
0.3250551470863882 0.9528940906531255
0.32909555112679223 0.9528940906531255
0.3331359551671963 0.9528940906531255
0.3371763592076003 0.9528940906531255
0.3412167632480044 0.9528940906531255
0.34929757132881245 0.9528940906531255
0.2967723188035599 0.9569344946935294
0.300812722843964 0.9569344946935294
0.304853126884368 0.9569344946935294
0.308893530924772 0.9569344946935294
0.3129339349651761 0.9569344946935294
0.31697433900558014 0.9569344946935294
0.32101474304598415 0.9569344946935294
0.3250551470863882 0.9569344946935294
0.32909555112679223 0.9569344946935294
0.3331359551671963 0.9569344946935294
0.3412167632480044 0.9569344946935294
0.2967723188035599 0.9609748987339335
0.300812722843964 0.9609748987339335
0.304853126884368 0.9609748987339335
0.308893530924772 0.9609748987339335
0.3129339349651761 0.9609748987339335
0.31697433900558014 0.9609748987339335
0.3250551470863882 0.9609748987339335
0.32909555112679223 0.9609748987339335
0.2967723188035599 0.9650153027743376
0.300812722843964 0.9650153027743376
0.304853126884368 0.9650153027743376
0.308893530924772 0.9650153027743376
0.32101474304598415 0.9650153027743376
0.304853126884368 0.9690557068147416
0.3129339349651761 0.9690557068147416
