# x y
0.6999734210758668 0.7145102522692871
0.6959330170354627 0.7185506563096911
0.6918926129950587 0.7225910603500951
0.6878522089546546 0.7266314643904992
0.6797714008738466 0.7306718684309033
0.6838118049142505 0.7306718684309033
0.6757309968334425 0.7347122724713073
0.6797714008738466 0.7347122724713073
0.6716905927930386 0.7387526765117113
0.6757309968334425 0.7387526765117113
0.6676501887526345 0.7427930805521153
0.6716905927930386 0.7427930805521153
0.6636097847122304 0.7468334845925194
0.6676501887526345 0.7468334845925194
0.6595693806718264 0.7508738886329235
0.6555289766314223 0.7549142926733274
0.6514885725910182 0.7589546967137315
0.6434077645102102 0.7629951007541356
0.6474481685506143 0.7629951007541356
0.6393673604698062 0.7670355047945396
0.6434077645102102 0.7670355047945396
0.6353269564294022 0.7710759088349436
0.6393673604698062 0.7710759088349436
0.6312865523889981 0.7751163128753477
0.627246148348594 0.7791567169157517
0.6191653402677859 0.7831971209561558
0.62320574430819 0.7831971209561558
0.6151249362273818 0.7872375249965597
0.6191653402677859 0.7872375249965597
0.6110845321869779 0.7912779290369638
0.6030037241061699 0.7953183330773679
0.6070441281465738 0.7953183330773679
0.5989633200657658 0.799358737117772
0.6030037241061699 0.799358737117772
0.5949229160253617 0.803399141158176
0.5868421079445536 0.80743954519858
0.5908825119849577 0.80743954519858
0.5828017039041495 0.811479949238984
0.5868421079445536 0.811479949238984
0.5787612998637456 0.8155203532793881
0.5706804917829376 0.819560757319792
0.5747208958233415 0.819560757319792
0.5666400877425335 0.8236011613601961
0.5706804917829376 0.8236011613601961
0.5585592796617254 0.8276415654006002
0.5625996837021294 0.8276415654006002
0.5545188756213213 0.8316819694410043
0.5585592796617254 0.8316819694410043
0.5464380675405133 0.8357223734814083
0.5504784715809172 0.8357223734814083
0.5423976635001092 0.8397627775218124
0.5464380675405133 0.8397627775218124
0.5343168554193012 0.8438031815622163
0.5383572594597051 0.8438031815622163
0.526236047338493 0.8478435856026204
0.5302764513788971 0.8478435856026204
0.522195643298089 0.8518839896430245
0.526236047338493 0.8518839896430245
0.5141148352172809 0.8559243936834284
0.5181552392576849 0.8559243936834284
0.5100744311768769 0.8599647977238325
0.5141148352172809 0.8599647977238325
0.5019936230960688 0.8640052017642366
0.5060340271364728 0.8640052017642366
0.49391281501526074 0.8680456058046406
0.49795321905566475 0.8680456058046406
0.4858320069344526 0.8720860098450447
0.4898724109748567 0.8720860098450447
0.4777511988536446 0.8761264138854487
0.4817916028940486 0.8761264138854487
0.4858320069344526 0.8761264138854487
0.4737107948132405 0.8801668179258527
0.4777511988536446 0.8801668179258527
0.46562998673243244 0.8842072219662568
0.46967039077283645 0.8842072219662568
0.45754917865162437 0.8882476260066607
0.4615895826920284 0.8882476260066607
0.44946837057081623 0.8922880300470648
0.4535087746112203 0.8922880300470648
0.4413875624900082 0.8963284340874689
0.4454279665304122 0.8963284340874689
0.4333067544092001 0.9003688381278729
0.43734715844960415 0.9003688381278729
0.42522594632839206 0.904409242168277
0.42926635036879607 0.904409242168277
0.4131047342071799 0.9084496462086811
0.4171451382475839 0.9084496462086811
0.421185542287988 0.9084496462086811
0.40502392612637184 0.912490050249085
0.40906433016677585 0.912490050249085
0.4131047342071799 0.912490050249085
0.39694311804556376 0.9165304542894891
0.40098352208596777 0.9165304542894891
0.40502392612637184 0.9165304542894891
0.3888623099647557 0.920570858329893
0.3929027140051597 0.920570858329893
0.37674109784354354 0.9246112623702971
0.38078150188394755 0.9246112623702971
0.3848219059243516 0.9246112623702971
0.36866028976273546 0.9286516664107012
0.3727006938031395 0.9286516664107012
0.35653907764152337 0.9326920704511052
0.3605794816819274 0.9326920704511052
0.3646198857223314 0.9326920704511052
0.34441786552031123 0.9367324744915093
0.34845826956071524 0.9367324744915093
0.3524986736011193 0.9367324744915093
0.33633705743950315 0.9407728785319134
0.34037746147990716 0.9407728785319134
0.34441786552031123 0.9407728785319134
0.324215845318291 0.9448132825723174
0.3282562493586951 0.9448132825723174
0.3322966533990991 0.9448132825723174
0.31209463319707886 0.9488536866127214
0.31613503723748293 0.9488536866127214
0.320175441277887 0.9488536866127214
0.2999734210758668 0.9528940906531255
0.30401382511627084 0.9528940906531255
0.30805422915667485 0.9528940906531255
