# x y
0.6999673299637965 0.7145102522692871
0.6959269259233924 0.7185506563096911
0.6918865218829884 0.7225910603500951
0.6838057138021802 0.7266314643904992
0.6878461178425843 0.7266314643904992
0.6797653097617763 0.7306718684309033
0.6838057138021802 0.7306718684309033
0.6757249057213722 0.7347122724713073
0.6797653097617763 0.7347122724713073
0.6716845016809683 0.7387526765117113
0.6757249057213722 0.7387526765117113
0.6676440976405642 0.7427930805521153
0.6716845016809683 0.7427930805521153
0.6636036936001601 0.7468334845925194
0.6676440976405642 0.7468334845925194
0.6595632895597561 0.7508738886329235
0.6636036936001601 0.7508738886329235
0.655522885519352 0.7549142926733274
0.6514824814789479 0.7589546967137315
0.6434016733981399 0.7629951007541356
0.647442077438544 0.7629951007541356
0.639361269357736 0.7670355047945396
0.6434016733981399 0.7670355047945396
0.6353208653173319 0.7710759088349436
0.639361269357736 0.7710759088349436
0.6312804612769278 0.7751163128753477
0.6353208653173319 0.7751163128753477
0.6231996531961197 0.7791567169157517
0.6272400572365238 0.7791567169157517
0.6191592491557156 0.7831971209561558
0.6231996531961197 0.7831971209561558
0.6151188451153116 0.7872375249965597
0.6191592491557156 0.7872375249965597
0.6110784410749076 0.7912779290369638
0.6151188451153116 0.7912779290369638
0.6029976329940996 0.7953183330773679
0.6070380370345035 0.7953183330773679
0.5989572289536955 0.799358737117772
0.6029976329940996 0.799358737117772
0.5949168249132915 0.803399141158176
0.5989572289536955 0.803399141158176
0.5868360168324833 0.80743954519858
0.5908764208728874 0.80743954519858
0.5827956127920793 0.811479949238984
0.5868360168324833 0.811479949238984
0.5747148047112712 0.8155203532793881
0.5787552087516753 0.8155203532793881
0.5706744006708673 0.819560757319792
0.5747148047112712 0.819560757319792
0.5666339966304632 0.8236011613601961
0.5706744006708673 0.8236011613601961
0.5585531885496551 0.8276415654006002
0.5625935925900591 0.8276415654006002
0.554512784509251 0.8316819694410043
0.5585531885496551 0.8316819694410043
0.546431976428443 0.8357223734814083
0.550472380468847 0.8357223734814083
0.5423915723880389 0.8397627775218124
0.546431976428443 0.8397627775218124
0.5343107643072309 0.8438031815622163
0.5383511683476349 0.8438031815622163
0.5262299562264228 0.8478435856026204
0.5302703602668268 0.8478435856026204
0.5343107643072309 0.8478435856026204
0.5221895521860187 0.8518839896430245
0.5262299562264228 0.8518839896430245
0.5141087441052106 0.8559243936834284
0.5181491481456146 0.8559243936834284
0.5060279360244025 0.8599647977238325
0.5100683400648066 0.8599647977238325
0.5141087441052106 0.8599647977238325
0.5019875319839985 0.8640052017642366
0.5060279360244025 0.8640052017642366
0.49390672390319046 0.8680456058046406
0.49794712794359447 0.8680456058046406
0.4858259158223823 0.8720860098450447
0.4898663198627864 0.8720860098450447
0.49390672390319046 0.8720860098450447
0.4777451077415743 0.8761264138854487
0.4817855117819783 0.8761264138854487
0.4858259158223823 0.8761264138854487
0.47370470370117024 0.8801668179258527
0.4777451077415743 0.8801668179258527
0.46562389562036216 0.8842072219662568
0.46966429966076617 0.8842072219662568
0.4575430875395541 0.8882476260066607
0.4615834915799581 0.8882476260066607
0.44946227945874595 0.8922880300470648
0.45350268349915 0.8922880300470648
0.44138147137793793 0.8963284340874689
0.44542187541834194 0.8963284340874689
0.4333006632971298 0.9003688381278729
0.43734106733753386 0.9003688381278729
0.4211794511759177 0.904409242168277
0.4252198552163218 0.904409242168277
0.4292602592567258 0.904409242168277
0.41309864309510963 0.9084496462086811
0.41713904713551364 0.9084496462086811
0.4211794511759177 0.9084496462086811
0.40501783501430155 0.912490050249085
0.40905823905470556 0.912490050249085
0.41309864309510963 0.912490050249085
0.3969370269334935 0.9165304542894891
0.4009774309738975 0.9165304542894891
0.40501783501430155 0.9165304542894891
0.38481581481228133 0.920570858329893
0.3888562188526854 0.920570858329893
0.3928966228930894 0.920570858329893
0.37673500673147325 0.9246112623702971
0.38077541077187727 0.9246112623702971
0.38481581481228133 0.9246112623702971
0.3686541986506652 0.9286516664107012
0.37269460269106924 0.9286516664107012
0.37673500673147325 0.9286516664107012
0.3565329865294531 0.9326920704511052
0.3605733905698571 0.9326920704511052
0.3646137946102611 0.9326920704511052
0.34441177440824094 0.9367324744915093
0.34845217844864496 0.9367324744915093
0.352492582489049 0.9367324744915093
0.3565329865294531 0.9367324744915093
0.3322905622870288 0.9407728785319134
0.33633096632743287 0.9407728785319134
0.3403713703678369 0.9407728785319134
0.34441177440824094 0.9407728785319134
0.3242097542062207 0.9448132825723174
0.3282501582466248 0.9448132825723174
0.3322905622870288 0.9448132825723174
0.3120885420850086 0.9488536866127214
0.31612894612541265 0.9488536866127214
0.3201693501658167 0.9488536866127214
0.2999673299637965 0.9528940906531255
0.30400773400420056 0.9528940906531255
0.30804813804460457 0.9528940906531255
