# x y
0.6998961035755413 0.710469848228883
0.6958556995351373 0.7145102522692871
0.6998961035755413 0.7145102522692871
0.6918152954947332 0.7185506563096911
0.6958556995351373 0.7185506563096911
0.6998961035755413 0.7185506563096911
0.6877748914543291 0.7225910603500951
0.6918152954947332 0.7225910603500951
0.6958556995351373 0.7225910603500951
0.6837344874139251 0.7266314643904992
0.6877748914543291 0.7266314643904992
0.6918152954947332 0.7266314643904992
0.6796940833735211 0.7306718684309033
0.6837344874139251 0.7306718684309033
0.6877748914543291 0.7306718684309033
0.675653679333117 0.7347122724713073
0.6796940833735211 0.7347122724713073
0.6837344874139251 0.7347122724713073
0.6716132752927131 0.7387526765117113
0.675653679333117 0.7387526765117113
0.6796940833735211 0.7387526765117113
0.663532467211905 0.7427930805521153
0.667572871252309 0.7427930805521153
0.6716132752927131 0.7427930805521153
0.6594920631715009 0.7468334845925194
0.663532467211905 0.7468334845925194
0.667572871252309 0.7468334845925194
0.6554516591310968 0.7508738886329235
0.6594920631715009 0.7508738886329235
0.663532467211905 0.7508738886329235
0.6514112550906928 0.7549142926733274
0.6554516591310968 0.7549142926733274
0.6594920631715009 0.7549142926733274
0.6473708510502888 0.7589546967137315
0.6514112550906928 0.7589546967137315
0.6554516591310968 0.7589546967137315
0.6433304470098847 0.7629951007541356
0.6473708510502888 0.7629951007541356
0.6514112550906928 0.7629951007541356
0.6352496389290767 0.7670355047945396
0.6392900429694808 0.7670355047945396
0.6433304470098847 0.7670355047945396
0.6473708510502888 0.7670355047945396
0.6312092348886726 0.7710759088349436
0.6352496389290767 0.7710759088349436
0.6392900429694808 0.7710759088349436
0.6271688308482686 0.7751163128753477
0.6312092348886726 0.7751163128753477
0.6352496389290767 0.7751163128753477
0.6231284268078645 0.7791567169157517
0.6271688308482686 0.7791567169157517
0.6312092348886726 0.7791567169157517
0.6150476187270564 0.7831971209561558
0.6190880227674604 0.7831971209561558
0.6231284268078645 0.7831971209561558
0.6271688308482686 0.7831971209561558
0.6110072146866524 0.7872375249965597
0.6150476187270564 0.7872375249965597
0.6190880227674604 0.7872375249965597
0.6231284268078645 0.7872375249965597
0.6069668106462484 0.7912779290369638
0.6110072146866524 0.7912779290369638
0.6150476187270564 0.7912779290369638
0.6029264066058444 0.7953183330773679
0.6069668106462484 0.7953183330773679
0.6110072146866524 0.7953183330773679
0.5948455985250363 0.799358737117772
0.5988860025654403 0.799358737117772
0.6029264066058444 0.799358737117772
0.6069668106462484 0.799358737117772
0.5908051944846322 0.803399141158176
0.5948455985250363 0.803399141158176
0.5988860025654403 0.803399141158176
0.5867647904442281 0.80743954519858
0.5908051944846322 0.80743954519858
0.5948455985250363 0.80743954519858
0.5786839823634201 0.811479949238984
0.5827243864038241 0.811479949238984
0.5867647904442281 0.811479949238984
0.5908051944846322 0.811479949238984
0.574643578323016 0.8155203532793881
0.5786839823634201 0.8155203532793881
0.5827243864038241 0.8155203532793881
0.566562770242208 0.819560757319792
0.5706031742826121 0.819560757319792
0.574643578323016 0.819560757319792
0.5786839823634201 0.819560757319792
0.562522366201804 0.8236011613601961
0.566562770242208 0.8236011613601961
0.5706031742826121 0.8236011613601961
0.5544415581209958 0.8276415654006002
0.5584819621613999 0.8276415654006002
0.562522366201804 0.8276415654006002
0.566562770242208 0.8276415654006002
0.5504011540805918 0.8316819694410043
0.5544415581209958 0.8316819694410043
0.5584819621613999 0.8316819694410043
0.562522366201804 0.8316819694410043
0.5423203459997837 0.8357223734814083
0.5463607500401878 0.8357223734814083
0.5504011540805918 0.8357223734814083
0.5544415581209958 0.8357223734814083
0.5382799419593797 0.8397627775218124
0.5423203459997837 0.8397627775218124
0.5463607500401878 0.8397627775218124
0.5504011540805918 0.8397627775218124
0.5301991338785716 0.8438031815622163
0.5342395379189757 0.8438031815622163
0.5382799419593797 0.8438031815622163
0.5423203459997837 0.8438031815622163
0.5261587298381676 0.8478435856026204
0.5301991338785716 0.8478435856026204
0.5342395379189757 0.8478435856026204
0.5180779217573594 0.8518839896430245
0.5221183257977635 0.8518839896430245
0.5261587298381676 0.8518839896430245
0.5301991338785716 0.8518839896430245
0.5099971136765514 0.8559243936834284
0.5140375177169554 0.8559243936834284
0.5180779217573594 0.8559243936834284
0.5221183257977635 0.8559243936834284
0.5059567096361474 0.8599647977238325
0.5099971136765514 0.8599647977238325
0.5140375177169554 0.8599647977238325
0.5180779217573594 0.8599647977238325
0.4978759015553393 0.8640052017642366
0.5019163055957433 0.8640052017642366
0.5059567096361474 0.8640052017642366
0.5099971136765514 0.8640052017642366
0.4897950934745312 0.8680456058046406
0.4938354975149353 0.8680456058046406
0.4978759015553393 0.8680456058046406
0.5019163055957433 0.8680456058046406
0.48171428539372313 0.8720860098450447
0.48575468943412714 0.8720860098450447
0.4897950934745312 0.8720860098450447
0.4938354975149353 0.8720860098450447
0.47363347731291505 0.8761264138854487
0.4776738813533191 0.8761264138854487
0.48171428539372313 0.8761264138854487
0.48575468943412714 0.8761264138854487
0.4897950934745312 0.8761264138854487
0.469593073272511 0.8801668179258527
0.47363347731291505 0.8801668179258527
0.4776738813533191 0.8801668179258527
0.48171428539372313 0.8801668179258527
0.4615122651917029 0.8842072219662568
0.465552669232107 0.8842072219662568
0.469593073272511 0.8842072219662568
0.47363347731291505 0.8842072219662568
0.45343145711089483 0.8882476260066607
0.4574718611512989 0.8882476260066607
0.4615122651917029 0.8882476260066607
0.465552669232107 0.8882476260066607
0.44535064903008675 0.8922880300470648
0.44939105307049076 0.8922880300470648
0.45343145711089483 0.8922880300470648
0.4574718611512989 0.8922880300470648
0.4372698409492787 0.8963284340874689
0.44131024498968274 0.8963284340874689
0.44535064903008675 0.8963284340874689
0.44939105307049076 0.8963284340874689
0.4291890328684706 0.9003688381278729
0.4332294369088746 0.9003688381278729
0.4372698409492787 0.9003688381278729
0.44131024498968274 0.9003688381278729
0.41706782074725846 0.904409242168277
0.4211082247876625 0.904409242168277
0.4251486288280666 0.904409242168277
0.4291890328684706 0.904409242168277
0.4332294369088746 0.904409242168277
0.4089870126664504 0.9084496462086811
0.41302741670685444 0.9084496462086811
0.41706782074725846 0.9084496462086811
0.4211082247876625 0.9084496462086811
0.4251486288280666 0.9084496462086811
0.4009062045856423 0.912490050249085
0.40494660862604637 0.912490050249085
0.4089870126664504 0.912490050249085
0.41302741670685444 0.912490050249085
0.41706782074725846 0.912490050249085
0.3928253965048342 0.9165304542894891
0.3968658005452383 0.9165304542894891
0.4009062045856423 0.9165304542894891
0.40494660862604637 0.9165304542894891
0.4089870126664504 0.9165304542894891
0.3807041843836221 0.920570858329893
0.38474458842402615 0.920570858329893
0.3887849924644302 0.920570858329893
0.3928253965048342 0.920570858329893
0.3968658005452383 0.920570858329893
0.37262337630281406 0.9246112623702971
0.37666378034321807 0.9246112623702971
0.3807041843836221 0.9246112623702971
0.38474458842402615 0.9246112623702971
0.3887849924644302 0.9246112623702971
0.3605021641816019 0.9286516664107012
0.3645425682220059 0.9286516664107012
0.36858297226241 0.9286516664107012
0.37262337630281406 0.9286516664107012
0.37666378034321807 0.9286516664107012
0.3807041843836221 0.9286516664107012
0.35242135610079384 0.9326920704511052
0.3564617601411979 0.9326920704511052
0.3605021641816019 0.9326920704511052
0.3645425682220059 0.9326920704511052
0.36858297226241 0.9326920704511052
0.3403001439795817 0.9367324744915093
0.34434054801998576 0.9367324744915093
0.34838095206038977 0.9367324744915093
0.35242135610079384 0.9367324744915093
0.3564617601411979 0.9367324744915093
0.3605021641816019 0.9367324744915093
0.3281789318583696 0.9407728785319134
0.3322193358987736 0.9407728785319134
0.3362597399391777 0.9407728785319134
0.3403001439795817 0.9407728785319134
0.34434054801998576 0.9407728785319134
0.34838095206038977 0.9407728785319134
0.31605771973715746 0.9448132825723174
0.3200981237775615 0.9448132825723174
0.32413852781796554 0.9448132825723174
0.3281789318583696 0.9448132825723174
0.3322193358987736 0.9448132825723174
0.3362597399391777 0.9448132825723174
0.3039365076159454 0.9488536866127214
0.3079769116563494 0.9488536866127214
0.3120173156967534 0.9488536866127214
0.31605771973715746 0.9488536866127214
0.3200981237775615 0.9488536866127214
0.32413852781796554 0.9488536866127214
0.3281789318583696 0.9488536866127214
0.2998961035755413 0.9528940906531255
0.3039365076159454 0.9528940906531255
0.3079769116563494 0.9528940906531255
0.3120173156967534 0.9528940906531255
0.31605771973715746 0.9528940906531255
0.2998961035755413 0.9569344946935294
