# x y
0.6474300608938512 0.7751163128753477
0.6312684447322351 0.7872375249965597
0.635308848772639 0.7872375249965597
0.6151068285706189 0.803399141158176
0.5949048083685987 0.8316819694410043
0.522177535641326 0.8640052017642366
0.5019755154393057 0.8801668179258527
0.45753107099486134 0.9003688381278729
0.42924824271203305 0.912490050249085
0.4171270305908209 0.9246112623702971
0.36864218210597244 0.9407728785319134
0.3807633942271845 0.9407728785319134
0.3484401619039522 0.9488536866127214
0.33227854574233606 0.9528940906531255
0.36460177806556837 0.9609748987339335
0.30803612149991183 0.9811769189359537
