# x y
0.6797921356534369 0.7427930805521153
0.6676709235322247 0.7508738886329235
0.6434284992898005 0.7710759088349436
0.6393880952493964 0.7751163128753477
0.6313072871685884 0.7831971209561558
0.6030244588857601 0.803399141158176
0.594943650804952 0.811479949238984
0.586862842724144 0.8155203532793881
0.5666608225221237 0.8316819694410043
0.5464588023201036 0.8438031815622163
0.5424183982796995 0.8478435856026204
0.49797395383525506 0.8720860098450447
0.4858527417140429 0.8801668179258527
0.4818123376736389 0.8842072219662568
0.4535295093908106 0.8963284340874689
0.4454487013100025 0.9003688381278729
0.43736789322919445 0.904409242168277
0.4333274891887904 0.9165304542894891
0.42524668110798236 0.920570858329893
0.39292344878475 0.9246112623702971
0.3848426407039419 0.9286516664107012
0.38080223666353785 0.9326920704511052
0.3565598124211137 0.9407728785319134
0.34039819625949747 0.9448132825723174
0.3201961760574773 0.9528940906531255
0.30807496393626516 0.9569344946935294
