# x y
0.6636268873536237 0.7549142926733274
0.6555460792728156 0.7629951007541356
0.6595864833132197 0.7791567169157517
0.5989804227071591 0.80743954519858
0.5989804227071591 0.8155203532793881
0.5706975944243309 0.8276415654006002
0.594940018666755 0.8316819694410043
0.5343339580606945 0.8518839896430245
0.5100915338182702 0.8680456058046406
0.49392991765665406 0.8761264138854487
0.4777683014950379 0.8842072219662568
0.46564708937382576 0.9003688381278729
0.4252430489697854 0.920570858329893
0.3242329479596843 0.9528940906531255
0.2999905237172601 0.9609748987339335
0.31615213987887625 0.9650153027743376
0.30403092775766416 0.9690557068147416
