# x y
0.6999820314324394 0.7145102522692871
0.6959416273920354 0.7185506563096911
0.6919012233516313 0.7225910603500951
0.6878608193112272 0.7266314643904992
0.6838204152708232 0.7306718684309033
0.6797800112304191 0.7347122724713073
0.6716992031496111 0.7387526765117113
0.675739607190015 0.7387526765117113
0.667658799109207 0.7427930805521153
0.6716992031496111 0.7427930805521153
0.663618395068803 0.7468334845925194
0.659577991028399 0.7508738886329235
0.6555375869879949 0.7549142926733274
0.6514971829475908 0.7589546967137315
0.6474567789071868 0.7629951007541356
0.6393759708263788 0.7670355047945396
0.6434163748667827 0.7670355047945396
0.6353355667859747 0.7710759088349436
0.6393759708263788 0.7710759088349436
0.6312951627455707 0.7751163128753477
0.6272547587051667 0.7791567169157517
0.6191739506243585 0.7831971209561558
0.6232143546647626 0.7831971209561558
0.6151335465839545 0.7872375249965597
0.6191739506243585 0.7872375249965597
0.6110931425435504 0.7912779290369638
0.6070527385031463 0.7953183330773679
0.5989719304223383 0.799358737117772
0.6030123344627424 0.799358737117772
0.5949315263819344 0.803399141158176
0.5908911223415303 0.80743954519858
0.5828103142607222 0.811479949238984
0.5868507183011262 0.811479949238984
0.5787699102203181 0.8155203532793881
0.5706891021395101 0.819560757319792
0.574729506179914 0.819560757319792
0.566648698099106 0.8236011613601961
0.558567890018298 0.8276415654006002
0.562608294058702 0.8276415654006002
0.5545274859778939 0.8316819694410043
0.5464466778970858 0.8357223734814083
0.5504870819374899 0.8357223734814083
0.5424062738566817 0.8397627775218124
0.5343254657758737 0.8438031815622163
0.5383658698162778 0.8438031815622163
0.5302850617354696 0.8478435856026204
0.5222042536546616 0.8518839896430245
0.5262446576950657 0.8518839896430245
0.5141234455738535 0.8559243936834284
0.5181638496142575 0.8559243936834284
0.5100830415334494 0.8599647977238325
0.5020022334526414 0.8640052017642366
0.5060426374930453 0.8640052017642366
0.49392142537183326 0.8680456058046406
0.4979618294122373 0.8680456058046406
0.48584061729102523 0.8720860098450447
0.48988102133142924 0.8720860098450447
0.48180021325062117 0.8761264138854487
0.4737194051698131 0.8801668179258527
0.4777598092102171 0.8801668179258527
0.465638597089005 0.8842072219662568
0.4696790011294091 0.8842072219662568
0.4575577890081969 0.8882476260066607
0.46159819304860095 0.8882476260066607
0.44947698092738886 0.8922880300470648
0.45351738496779287 0.8922880300470648
0.4413961728465807 0.8963284340874689
0.4454365768869848 0.8963284340874689
0.4333153647657727 0.9003688381278729
0.4373557688061767 0.9003688381278729
0.42523455668496457 0.904409242168277
0.42927496072536864 0.904409242168277
0.41715374860415655 0.9084496462086811
0.42119415264456056 0.9084496462086811
0.4050325364829444 0.912490050249085
0.4090729405233484 0.912490050249085
0.4131133445637525 0.912490050249085
0.39695172840213633 0.9165304542894891
0.40099213244254034 0.9165304542894891
0.38887092032132825 0.920570858329893
0.39291132436173226 0.920570858329893
0.3767497082001161 0.9246112623702971
0.3807901122405202 0.9246112623702971
0.3848305162809242 0.9246112623702971
0.36866890011930803 0.9286516664107012
0.37270930415971204 0.9286516664107012
0.3565476879980959 0.9326920704511052
0.36058809203849995 0.9326920704511052
0.364628496078904 0.9326920704511052
0.34846687991728786 0.9367324744915093
0.3525072839576919 0.9367324744915093
0.3363456677960757 0.9407728785319134
0.34038607183647973 0.9407728785319134
0.3242244556748636 0.9448132825723174
0.32826485971526764 0.9448132825723174
0.33230526375567165 0.9448132825723174
0.3121032435536515 0.9488536866127214
0.3161436475940555 0.9488536866127214
0.3201840516344595 0.9488536866127214
0.29998203143243934 0.9528940906531255
0.30402243547284336 0.9528940906531255
0.3080628395132474 0.9528940906531255
