# x y
0.6999664948089246 0.7145102522692871
0.6959260907685205 0.7185506563096911
0.6918856867281165 0.7225910603500951
0.6838048786473083 0.7266314643904992
0.6878452826877124 0.7266314643904992
0.6797644746069043 0.7306718684309033
0.6838048786473083 0.7306718684309033
0.6757240705665002 0.7347122724713073
0.6797644746069043 0.7347122724713073
0.6716836665260962 0.7387526765117113
0.6757240705665002 0.7387526765117113
0.6676432624856922 0.7427930805521153
0.6716836665260962 0.7427930805521153
0.6636028584452882 0.7468334845925194
0.6676432624856922 0.7468334845925194
0.6595624544048841 0.7508738886329235
0.6636028584452882 0.7508738886329235
0.6555220503644801 0.7549142926733274
0.651481646324076 0.7589546967137315
0.6434008382432679 0.7629951007541356
0.647441242283672 0.7629951007541356
0.6393604342028639 0.7670355047945396
0.6434008382432679 0.7670355047945396
0.6353200301624599 0.7710759088349436
0.6393604342028639 0.7710759088349436
0.6312796261220559 0.7751163128753477
0.6353200301624599 0.7751163128753477
0.6231988180412478 0.7791567169157517
0.6272392220816518 0.7791567169157517
0.6191584140008437 0.7831971209561558
0.6231988180412478 0.7831971209561558
0.6151180099604396 0.7872375249965597
0.6191584140008437 0.7872375249965597
0.6110776059200356 0.7912779290369638
0.6151180099604396 0.7912779290369638
0.6029967978392275 0.7953183330773679
0.6070372018796315 0.7953183330773679
0.5989563937988235 0.799358737117772
0.6029967978392275 0.799358737117772
0.5949159897584195 0.803399141158176
0.5989563937988235 0.803399141158176
0.5868351816776114 0.80743954519858
0.5908755857180155 0.80743954519858
0.5827947776372073 0.811479949238984
0.5868351816776114 0.811479949238984
0.5747139695563992 0.8155203532793881
0.5787543735968033 0.8155203532793881
0.5706735655159952 0.819560757319792
0.5747139695563992 0.819560757319792
0.5666331614755912 0.8236011613601961
0.5706735655159952 0.8236011613601961
0.5585523533947832 0.8276415654006002
0.5625927574351872 0.8276415654006002
0.5545119493543791 0.8316819694410043
0.5585523533947832 0.8316819694410043
0.546431141273571 0.8357223734814083
0.550471545313975 0.8357223734814083
0.5423907372331669 0.8397627775218124
0.546431141273571 0.8397627775218124
0.5343099291523589 0.8438031815622163
0.5383503331927629 0.8438031815622163
0.5262291210715508 0.8478435856026204
0.5302695251119548 0.8478435856026204
0.5343099291523589 0.8478435856026204
0.5221887170311468 0.8518839896430245
0.5262291210715508 0.8518839896430245
0.5141079089503386 0.8559243936834284
0.5181483129907427 0.8559243936834284
0.5060271008695305 0.8599647977238325
0.5100675049099346 0.8599647977238325
0.5141079089503386 0.8599647977238325
0.5019866968291266 0.8640052017642366
0.5060271008695305 0.8640052017642366
0.4939058887483184 0.8680456058046406
0.4979462927887225 0.8680456058046406
0.4858250806675104 0.8720860098450447
0.4898654847079144 0.8720860098450447
0.4939058887483184 0.8720860098450447
0.47774427258670227 0.8761264138854487
0.48178467662710633 0.8761264138854487
0.4858250806675104 0.8761264138854487
0.46966346450589425 0.8801668179258527
0.47370386854629826 0.8801668179258527
0.47774427258670227 0.8801668179258527
0.4656230604654902 0.8842072219662568
0.46966346450589425 0.8842072219662568
0.45754225238468205 0.8882476260066607
0.4615826564250861 0.8882476260066607
0.449461444303874 0.8922880300470648
0.45350184834427804 0.8922880300470648
0.4413806362230659 0.8963284340874689
0.44542104026346996 0.8963284340874689
0.43329982814225787 0.9003688381278729
0.4373402321826619 0.9003688381278729
0.4211786160210457 0.904409242168277
0.42521902006144974 0.904409242168277
0.4292594241018538 0.904409242168277
0.41309780794023765 0.9084496462086811
0.4171382119806417 0.9084496462086811
0.4211786160210457 0.9084496462086811
0.40501699985942957 0.912490050249085
0.4090574038998336 0.912490050249085
0.41309780794023765 0.912490050249085
0.3969361917786215 0.9165304542894891
0.4009765958190255 0.9165304542894891
0.40501699985942957 0.9165304542894891
0.38481497965740935 0.920570858329893
0.3888553836978134 0.920570858329893
0.39289578773821743 0.920570858329893
0.3767341715766013 0.9246112623702971
0.38077457561700534 0.9246112623702971
0.38481497965740935 0.9246112623702971
0.3646129594553892 0.9286516664107012
0.3686533634957932 0.9286516664107012
0.3726937675361972 0.9286516664107012
0.3767341715766013 0.9286516664107012
0.35653215137458105 0.9326920704511052
0.3605725554149851 0.9326920704511052
0.3646129594553892 0.9326920704511052
0.34441093925336896 0.9367324744915093
0.34845134329377303 0.9367324744915093
0.35249174733417704 0.9367324744915093
0.35653215137458105 0.9367324744915093
0.3322897271321568 0.9407728785319134
0.3363301311725609 0.9407728785319134
0.3403705352129649 0.9407728785319134
0.34441093925336896 0.9407728785319134
0.32420891905134874 0.9448132825723174
0.3282493230917528 0.9448132825723174
0.3322897271321568 0.9448132825723174
0.31208770693013665 0.9488536866127214
0.31612811097054067 0.9488536866127214
0.3201685150109447 0.9488536866127214
0.2999664948089245 0.9528940906531255
0.3040068988493285 0.9528940906531255
0.3080473028897326 0.9528940906531255
