# x y
0.6978193709486684 0.698348636107671
0.6937789669082643 0.702389040148075
0.6978193709486684 0.702389040148075
0.6856981588274563 0.706429444188479
0.6897385628678604 0.706429444188479
0.6937789669082643 0.706429444188479
0.6978193709486684 0.706429444188479
0.6856981588274563 0.710469848228883
0.6897385628678604 0.710469848228883
0.6937789669082643 0.710469848228883
0.6978193709486684 0.710469848228883
0.6735769467062442 0.7145102522692871
0.6776173507466483 0.7145102522692871
0.6816577547870523 0.7145102522692871
0.6856981588274563 0.7145102522692871
0.6897385628678604 0.7145102522692871
0.6937789669082643 0.7145102522692871
0.6978193709486684 0.7145102522692871
0.6735769467062442 0.7185506563096911
0.6776173507466483 0.7185506563096911
0.6816577547870523 0.7185506563096911
0.6856981588274563 0.7185506563096911
0.6897385628678604 0.7185506563096911
0.6937789669082643 0.7185506563096911
0.6978193709486684 0.7185506563096911
0.6695365426658402 0.7225910603500951
0.6735769467062442 0.7225910603500951
0.6776173507466483 0.7225910603500951
0.6816577547870523 0.7225910603500951
0.6856981588274563 0.7225910603500951
0.6897385628678604 0.7225910603500951
0.6937789669082643 0.7225910603500951
0.6978193709486684 0.7225910603500951
0.6654961386254361 0.7266314643904992
0.6695365426658402 0.7266314643904992
0.6735769467062442 0.7266314643904992
0.6776173507466483 0.7266314643904992
0.6816577547870523 0.7266314643904992
0.6856981588274563 0.7266314643904992
0.6897385628678604 0.7266314643904992
0.6937789669082643 0.7266314643904992
0.6978193709486684 0.7266314643904992
0.661455734585032 0.7306718684309033
0.6654961386254361 0.7306718684309033
0.6695365426658402 0.7306718684309033
0.6735769467062442 0.7306718684309033
0.6776173507466483 0.7306718684309033
0.6816577547870523 0.7306718684309033
0.6856981588274563 0.7306718684309033
0.6897385628678604 0.7306718684309033
0.6937789669082643 0.7306718684309033
0.6978193709486684 0.7306718684309033
0.657415330544628 0.7347122724713073
0.661455734585032 0.7347122724713073
0.6654961386254361 0.7347122724713073
0.6695365426658402 0.7347122724713073
0.6735769467062442 0.7347122724713073
0.6776173507466483 0.7347122724713073
0.6816577547870523 0.7347122724713073
0.6856981588274563 0.7347122724713073
0.6897385628678604 0.7347122724713073
0.6937789669082643 0.7347122724713073
0.653374926504224 0.7387526765117113
0.657415330544628 0.7387526765117113
0.661455734585032 0.7387526765117113
0.6654961386254361 0.7387526765117113
0.6695365426658402 0.7387526765117113
0.6735769467062442 0.7387526765117113
0.6776173507466483 0.7387526765117113
0.6816577547870523 0.7387526765117113
0.6856981588274563 0.7387526765117113
0.6897385628678604 0.7387526765117113
0.64933452246382 0.7427930805521153
0.653374926504224 0.7427930805521153
0.657415330544628 0.7427930805521153
0.661455734585032 0.7427930805521153
0.6654961386254361 0.7427930805521153
0.6695365426658402 0.7427930805521153
0.6735769467062442 0.7427930805521153
0.6776173507466483 0.7427930805521153
0.6816577547870523 0.7427930805521153
0.6856981588274563 0.7427930805521153
0.6412537143830119 0.7468334845925194
0.645294118423416 0.7468334845925194
0.64933452246382 0.7468334845925194
0.653374926504224 0.7468334845925194
0.657415330544628 0.7468334845925194
0.661455734585032 0.7468334845925194
0.6654961386254361 0.7468334845925194
0.6695365426658402 0.7468334845925194
0.6735769467062442 0.7468334845925194
0.6776173507466483 0.7468334845925194
0.6816577547870523 0.7468334845925194
0.6372133103426079 0.7508738886329235
0.6412537143830119 0.7508738886329235
0.645294118423416 0.7508738886329235
0.64933452246382 0.7508738886329235
0.653374926504224 0.7508738886329235
0.657415330544628 0.7508738886329235
0.661455734585032 0.7508738886329235
0.6654961386254361 0.7508738886329235
0.6695365426658402 0.7508738886329235
0.6735769467062442 0.7508738886329235
0.6776173507466483 0.7508738886329235
0.6816577547870523 0.7508738886329235
0.6331729063022038 0.7549142926733274
0.6372133103426079 0.7549142926733274
0.6412537143830119 0.7549142926733274
0.645294118423416 0.7549142926733274
0.64933452246382 0.7549142926733274
0.653374926504224 0.7549142926733274
0.657415330544628 0.7549142926733274
0.661455734585032 0.7549142926733274
0.6654961386254361 0.7549142926733274
0.6695365426658402 0.7549142926733274
0.6735769467062442 0.7549142926733274
0.6291325022617997 0.7589546967137315
0.6331729063022038 0.7589546967137315
0.6372133103426079 0.7589546967137315
0.6412537143830119 0.7589546967137315
0.645294118423416 0.7589546967137315
0.64933452246382 0.7589546967137315
0.653374926504224 0.7589546967137315
0.657415330544628 0.7589546967137315
0.661455734585032 0.7589546967137315
0.6654961386254361 0.7589546967137315
0.6695365426658402 0.7589546967137315
0.6210516941809916 0.7629951007541356
0.6250920982213957 0.7629951007541356
0.6291325022617997 0.7629951007541356
0.6331729063022038 0.7629951007541356
0.6372133103426079 0.7629951007541356
0.6412537143830119 0.7629951007541356
0.645294118423416 0.7629951007541356
0.64933452246382 0.7629951007541356
0.653374926504224 0.7629951007541356
0.657415330544628 0.7629951007541356
0.661455734585032 0.7629951007541356
0.6654961386254361 0.7629951007541356
0.6170112901405876 0.7670355047945396
0.6210516941809916 0.7670355047945396
0.6250920982213957 0.7670355047945396
0.6291325022617997 0.7670355047945396
0.6331729063022038 0.7670355047945396
0.6372133103426079 0.7670355047945396
0.6412537143830119 0.7670355047945396
0.645294118423416 0.7670355047945396
0.64933452246382 0.7670355047945396
0.653374926504224 0.7670355047945396
0.657415330544628 0.7670355047945396
0.6129708861001836 0.7710759088349436
0.6170112901405876 0.7710759088349436
0.6210516941809916 0.7710759088349436
0.6250920982213957 0.7710759088349436
0.6291325022617997 0.7710759088349436
0.6331729063022038 0.7710759088349436
0.6372133103426079 0.7710759088349436
0.6412537143830119 0.7710759088349436
0.645294118423416 0.7710759088349436
0.64933452246382 0.7710759088349436
0.653374926504224 0.7710759088349436
0.6089304820597796 0.7751163128753477
0.6129708861001836 0.7751163128753477
0.6170112901405876 0.7751163128753477
0.6210516941809916 0.7751163128753477
0.6250920982213957 0.7751163128753477
0.6291325022617997 0.7751163128753477
0.6331729063022038 0.7751163128753477
0.6372133103426079 0.7751163128753477
0.6412537143830119 0.7751163128753477
0.645294118423416 0.7751163128753477
0.64933452246382 0.7751163128753477
0.6048900780193756 0.7791567169157517
0.6089304820597796 0.7791567169157517
0.6129708861001836 0.7791567169157517
0.6170112901405876 0.7791567169157517
0.6210516941809916 0.7791567169157517
0.6250920982213957 0.7791567169157517
0.6291325022617997 0.7791567169157517
0.6331729063022038 0.7791567169157517
0.6372133103426079 0.7791567169157517
0.6412537143830119 0.7791567169157517
0.645294118423416 0.7791567169157517
0.64933452246382 0.7791567169157517
0.5927688658981634 0.7831971209561558
0.5968092699385674 0.7831971209561558
0.6008496739789715 0.7831971209561558
0.6048900780193756 0.7831971209561558
0.6089304820597796 0.7831971209561558
0.6129708861001836 0.7831971209561558
0.6170112901405876 0.7831971209561558
0.6210516941809916 0.7831971209561558
0.6250920982213957 0.7831971209561558
0.6291325022617997 0.7831971209561558
0.6331729063022038 0.7831971209561558
0.6372133103426079 0.7831971209561558
0.6412537143830119 0.7831971209561558
0.5927688658981634 0.7872375249965597
0.5968092699385674 0.7872375249965597
0.6008496739789715 0.7872375249965597
0.6048900780193756 0.7872375249965597
0.6089304820597796 0.7872375249965597
0.6129708861001836 0.7872375249965597
0.6170112901405876 0.7872375249965597
0.6210516941809916 0.7872375249965597
0.6250920982213957 0.7872375249965597
0.6291325022617997 0.7872375249965597
0.6331729063022038 0.7872375249965597
0.6372133103426079 0.7872375249965597
0.5846880578173553 0.7912779290369638
0.5887284618577593 0.7912779290369638
0.5927688658981634 0.7912779290369638
0.5968092699385674 0.7912779290369638
0.6008496739789715 0.7912779290369638
0.6048900780193756 0.7912779290369638
0.6089304820597796 0.7912779290369638
0.6129708861001836 0.7912779290369638
0.6170112901405876 0.7912779290369638
0.6210516941809916 0.7912779290369638
0.6250920982213957 0.7912779290369638
0.6291325022617997 0.7912779290369638
0.5806476537769513 0.7953183330773679
0.5846880578173553 0.7953183330773679
0.5887284618577593 0.7953183330773679
0.5927688658981634 0.7953183330773679
0.5968092699385674 0.7953183330773679
0.6008496739789715 0.7953183330773679
0.6048900780193756 0.7953183330773679
0.6089304820597796 0.7953183330773679
0.6129708861001836 0.7953183330773679
0.6170112901405876 0.7953183330773679
0.6210516941809916 0.7953183330773679
0.6250920982213957 0.7953183330773679
0.5725668456961432 0.799358737117772
0.5766072497365473 0.799358737117772
0.5806476537769513 0.799358737117772
0.5846880578173553 0.799358737117772
0.5887284618577593 0.799358737117772
0.5927688658981634 0.799358737117772
0.5968092699385674 0.799358737117772
0.6008496739789715 0.799358737117772
0.6048900780193756 0.799358737117772
0.6089304820597796 0.799358737117772
0.6129708861001836 0.799358737117772
0.6170112901405876 0.799358737117772
0.6210516941809916 0.799358737117772
0.5685264416557392 0.803399141158176
0.5725668456961432 0.803399141158176
0.5766072497365473 0.803399141158176
0.5806476537769513 0.803399141158176
0.5846880578173553 0.803399141158176
0.5887284618577593 0.803399141158176
0.5927688658981634 0.803399141158176
0.5968092699385674 0.803399141158176
0.6008496739789715 0.803399141158176
0.6048900780193756 0.803399141158176
0.6089304820597796 0.803399141158176
0.6129708861001836 0.803399141158176
0.6170112901405876 0.803399141158176
0.5644860376153351 0.80743954519858
0.5685264416557392 0.80743954519858
0.5725668456961432 0.80743954519858
0.5766072497365473 0.80743954519858
0.5806476537769513 0.80743954519858
0.5846880578173553 0.80743954519858
0.5887284618577593 0.80743954519858
0.5927688658981634 0.80743954519858
0.5968092699385674 0.80743954519858
0.6008496739789715 0.80743954519858
0.6048900780193756 0.80743954519858
0.6089304820597796 0.80743954519858
0.556405229534527 0.811479949238984
0.560445633574931 0.811479949238984
0.5644860376153351 0.811479949238984
0.5685264416557392 0.811479949238984
0.5725668456961432 0.811479949238984
0.5766072497365473 0.811479949238984
0.5806476537769513 0.811479949238984
0.5846880578173553 0.811479949238984
0.5887284618577593 0.811479949238984
0.5927688658981634 0.811479949238984
0.5968092699385674 0.811479949238984
0.6008496739789715 0.811479949238984
0.6048900780193756 0.811479949238984
0.5523648254941229 0.8155203532793881
0.556405229534527 0.8155203532793881
0.560445633574931 0.8155203532793881
0.5644860376153351 0.8155203532793881
0.5685264416557392 0.8155203532793881
0.5725668456961432 0.8155203532793881
0.5766072497365473 0.8155203532793881
0.5806476537769513 0.8155203532793881
0.5846880578173553 0.8155203532793881
0.5887284618577593 0.8155203532793881
0.5927688658981634 0.8155203532793881
0.5968092699385674 0.8155203532793881
0.6008496739789715 0.8155203532793881
0.6048900780193756 0.8155203532793881
0.5442840174133149 0.819560757319792
0.548324421453719 0.819560757319792
0.5523648254941229 0.819560757319792
0.556405229534527 0.819560757319792
0.560445633574931 0.819560757319792
0.5644860376153351 0.819560757319792
0.5685264416557392 0.819560757319792
0.5725668456961432 0.819560757319792
0.5766072497365473 0.819560757319792
0.5806476537769513 0.819560757319792
0.5846880578173553 0.819560757319792
0.5887284618577593 0.819560757319792
0.5927688658981634 0.819560757319792
0.5968092699385674 0.819560757319792
0.5402436133729109 0.8236011613601961
0.5442840174133149 0.8236011613601961
0.548324421453719 0.8236011613601961
0.5523648254941229 0.8236011613601961
0.556405229534527 0.8236011613601961
0.560445633574931 0.8236011613601961
0.5644860376153351 0.8236011613601961
0.5685264416557392 0.8236011613601961
0.5725668456961432 0.8236011613601961
0.5766072497365473 0.8236011613601961
0.5806476537769513 0.8236011613601961
0.5846880578173553 0.8236011613601961
0.5887284618577593 0.8236011613601961
0.5927688658981634 0.8236011613601961
0.5321628052921028 0.8276415654006002
0.5362032093325069 0.8276415654006002
0.5402436133729109 0.8276415654006002
0.5442840174133149 0.8276415654006002
0.548324421453719 0.8276415654006002
0.5523648254941229 0.8276415654006002
0.556405229534527 0.8276415654006002
0.560445633574931 0.8276415654006002
0.5644860376153351 0.8276415654006002
0.5685264416557392 0.8276415654006002
0.5725668456961432 0.8276415654006002
0.5766072497365473 0.8276415654006002
0.5806476537769513 0.8276415654006002
0.5846880578173553 0.8276415654006002
0.5240819972112947 0.8316819694410043
0.5281224012516987 0.8316819694410043
0.5321628052921028 0.8316819694410043
0.5362032093325069 0.8316819694410043
0.5402436133729109 0.8316819694410043
0.5442840174133149 0.8316819694410043
0.548324421453719 0.8316819694410043
0.5523648254941229 0.8316819694410043
0.556405229534527 0.8316819694410043
0.560445633574931 0.8316819694410043
0.5644860376153351 0.8316819694410043
0.5685264416557392 0.8316819694410043
0.5725668456961432 0.8316819694410043
0.5766072497365473 0.8316819694410043
0.5200415931708906 0.8357223734814083
0.5240819972112947 0.8357223734814083
0.5281224012516987 0.8357223734814083
0.5321628052921028 0.8357223734814083
0.5362032093325069 0.8357223734814083
0.5402436133729109 0.8357223734814083
0.5442840174133149 0.8357223734814083
0.548324421453719 0.8357223734814083
0.5523648254941229 0.8357223734814083
0.556405229534527 0.8357223734814083
0.560445633574931 0.8357223734814083
0.5644860376153351 0.8357223734814083
0.5685264416557392 0.8357223734814083
0.5725668456961432 0.8357223734814083
0.5119607850900826 0.8397627775218124
0.5160011891304866 0.8397627775218124
0.5200415931708906 0.8397627775218124
0.5240819972112947 0.8397627775218124
0.5281224012516987 0.8397627775218124
0.5321628052921028 0.8397627775218124
0.5362032093325069 0.8397627775218124
0.5402436133729109 0.8397627775218124
0.5442840174133149 0.8397627775218124
0.548324421453719 0.8397627775218124
0.5523648254941229 0.8397627775218124
0.556405229534527 0.8397627775218124
0.560445633574931 0.8397627775218124
0.5644860376153351 0.8397627775218124
0.5079203810496785 0.8438031815622163
0.5119607850900826 0.8438031815622163
0.5160011891304866 0.8438031815622163
0.5200415931708906 0.8438031815622163
0.5240819972112947 0.8438031815622163
0.5281224012516987 0.8438031815622163
0.5321628052921028 0.8438031815622163
0.5362032093325069 0.8438031815622163
0.5402436133729109 0.8438031815622163
0.5442840174133149 0.8438031815622163
0.548324421453719 0.8438031815622163
0.5523648254941229 0.8438031815622163
0.556405229534527 0.8438031815622163
0.560445633574931 0.8438031815622163
0.4957991689284664 0.8478435856026204
0.5038799770092746 0.8478435856026204
0.5079203810496785 0.8478435856026204
0.5119607850900826 0.8478435856026204
0.5160011891304866 0.8478435856026204
0.5200415931708906 0.8478435856026204
0.5240819972112947 0.8478435856026204
0.5281224012516987 0.8478435856026204
0.5321628052921028 0.8478435856026204
0.5362032093325069 0.8478435856026204
0.5402436133729109 0.8478435856026204
0.5442840174133149 0.8478435856026204
0.548324421453719 0.8478435856026204
0.5523648254941229 0.8478435856026204
0.48771836084765835 0.8518839896430245
0.4957991689284664 0.8518839896430245
0.4998395729688705 0.8518839896430245
0.5038799770092746 0.8518839896430245
0.5079203810496785 0.8518839896430245
0.5119607850900826 0.8518839896430245
0.5160011891304866 0.8518839896430245
0.5200415931708906 0.8518839896430245
0.5240819972112947 0.8518839896430245
0.5281224012516987 0.8518839896430245
0.5321628052921028 0.8518839896430245
0.5362032093325069 0.8518839896430245
0.5402436133729109 0.8518839896430245
0.5442840174133149 0.8518839896430245
0.548324421453719 0.8518839896430245
0.48367795680725434 0.8559243936834284
0.48771836084765835 0.8559243936834284
0.49175876488806236 0.8559243936834284
0.4957991689284664 0.8559243936834284
0.4998395729688705 0.8559243936834284
0.5038799770092746 0.8559243936834284
0.5079203810496785 0.8559243936834284
0.5119607850900826 0.8559243936834284
0.5160011891304866 0.8559243936834284
0.5200415931708906 0.8559243936834284
0.5240819972112947 0.8559243936834284
0.5281224012516987 0.8559243936834284
0.5321628052921028 0.8559243936834284
0.5362032093325069 0.8559243936834284
0.5402436133729109 0.8559243936834284
0.5442840174133149 0.8559243936834284
0.4796375527668503 0.8599647977238325
0.48367795680725434 0.8599647977238325
0.48771836084765835 0.8599647977238325
0.49175876488806236 0.8599647977238325
0.4957991689284664 0.8599647977238325
0.4998395729688705 0.8599647977238325
0.5038799770092746 0.8599647977238325
0.5079203810496785 0.8599647977238325
0.5119607850900826 0.8599647977238325
0.5160011891304866 0.8599647977238325
0.5200415931708906 0.8599647977238325
0.5240819972112947 0.8599647977238325
0.5281224012516987 0.8599647977238325
0.5321628052921028 0.8599647977238325
0.5402436133729109 0.8599647977238325
0.4755971487264462 0.8640052017642366
0.4796375527668503 0.8640052017642366
0.48367795680725434 0.8640052017642366
0.48771836084765835 0.8640052017642366
0.49175876488806236 0.8640052017642366
0.4957991689284664 0.8640052017642366
0.4998395729688705 0.8640052017642366
0.5038799770092746 0.8640052017642366
0.5079203810496785 0.8640052017642366
0.5119607850900826 0.8640052017642366
0.5160011891304866 0.8640052017642366
0.5200415931708906 0.8640052017642366
0.5240819972112947 0.8640052017642366
0.5281224012516987 0.8640052017642366
0.4675163406456382 0.8680456058046406
0.4715567446860422 0.8680456058046406
0.4755971487264462 0.8680456058046406
0.4796375527668503 0.8680456058046406
0.48367795680725434 0.8680456058046406
0.48771836084765835 0.8680456058046406
0.49175876488806236 0.8680456058046406
0.4957991689284664 0.8680456058046406
0.4998395729688705 0.8680456058046406
0.5038799770092746 0.8680456058046406
0.5079203810496785 0.8680456058046406
0.5119607850900826 0.8680456058046406
0.5160011891304866 0.8680456058046406
0.5200415931708906 0.8680456058046406
0.5240819972112947 0.8680456058046406
0.5321628052921028 0.8680456058046406
0.45943553256483005 0.8720860098450447
0.4634759366052341 0.8720860098450447
0.4675163406456382 0.8720860098450447
0.4715567446860422 0.8720860098450447
0.4755971487264462 0.8720860098450447
0.4796375527668503 0.8720860098450447
0.48367795680725434 0.8720860098450447
0.48771836084765835 0.8720860098450447
0.49175876488806236 0.8720860098450447
0.4957991689284664 0.8720860098450447
0.4998395729688705 0.8720860098450447
0.5038799770092746 0.8720860098450447
0.5079203810496785 0.8720860098450447
0.5119607850900826 0.8720860098450447
0.43923351236280983 0.8761264138854487
0.4432739164032139 0.8761264138854487
0.451354724484022 0.8761264138854487
0.455395128524426 0.8761264138854487
0.45943553256483005 0.8761264138854487
0.4634759366052341 0.8761264138854487
0.4675163406456382 0.8761264138854487
0.4715567446860422 0.8761264138854487
0.4755971487264462 0.8761264138854487
0.4796375527668503 0.8761264138854487
0.48367795680725434 0.8761264138854487
0.48771836084765835 0.8761264138854487
0.49175876488806236 0.8761264138854487
0.4957991689284664 0.8761264138854487
0.4998395729688705 0.8761264138854487
0.5038799770092746 0.8761264138854487
0.4311527042820018 0.8801668179258527
0.4351931083224058 0.8801668179258527
0.4432739164032139 0.8801668179258527
0.44731432044361796 0.8801668179258527
0.451354724484022 0.8801668179258527
0.455395128524426 0.8801668179258527
0.45943553256483005 0.8801668179258527
0.4634759366052341 0.8801668179258527
0.4675163406456382 0.8801668179258527
0.4715567446860422 0.8801668179258527
0.4755971487264462 0.8801668179258527
0.4796375527668503 0.8801668179258527
0.48367795680725434 0.8801668179258527
0.48771836084765835 0.8801668179258527
0.49175876488806236 0.8801668179258527
0.4957991689284664 0.8801668179258527
0.4998395729688705 0.8801668179258527
0.5038799770092746 0.8801668179258527
0.5079203810496785 0.8801668179258527
0.4311527042820018 0.8842072219662568
0.4351931083224058 0.8842072219662568
0.43923351236280983 0.8842072219662568
0.4432739164032139 0.8842072219662568
0.44731432044361796 0.8842072219662568
0.451354724484022 0.8842072219662568
0.455395128524426 0.8842072219662568
0.45943553256483005 0.8842072219662568
0.4634759366052341 0.8842072219662568
0.4675163406456382 0.8842072219662568
0.4715567446860422 0.8842072219662568
0.4755971487264462 0.8842072219662568
0.4796375527668503 0.8842072219662568
0.48367795680725434 0.8842072219662568
0.48771836084765835 0.8842072219662568
0.49175876488806236 0.8842072219662568
0.4957991689284664 0.8842072219662568
0.4998395729688705 0.8842072219662568
0.41499108812038565 0.8882476260066607
0.42711230024159774 0.8882476260066607
0.4311527042820018 0.8882476260066607
0.4351931083224058 0.8882476260066607
0.43923351236280983 0.8882476260066607
0.4432739164032139 0.8882476260066607
0.44731432044361796 0.8882476260066607
0.451354724484022 0.8882476260066607
0.455395128524426 0.8882476260066607
0.45943553256483005 0.8882476260066607
0.4634759366052341 0.8882476260066607
0.4675163406456382 0.8882476260066607
0.4715567446860422 0.8882476260066607
0.4755971487264462 0.8882476260066607
0.4796375527668503 0.8882476260066607
0.48367795680725434 0.8882476260066607
0.48771836084765835 0.8882476260066607
0.49175876488806236 0.8882476260066607
0.41903149216078966 0.8922880300470648
0.4230718962011937 0.8922880300470648
0.42711230024159774 0.8922880300470648
0.4311527042820018 0.8922880300470648
0.4351931083224058 0.8922880300470648
0.43923351236280983 0.8922880300470648
0.4432739164032139 0.8922880300470648
0.44731432044361796 0.8922880300470648
0.451354724484022 0.8922880300470648
0.455395128524426 0.8922880300470648
0.45943553256483005 0.8922880300470648
0.4634759366052341 0.8922880300470648
0.4675163406456382 0.8922880300470648
0.4715567446860422 0.8922880300470648
0.4755971487264462 0.8922880300470648
0.4796375527668503 0.8922880300470648
0.48367795680725434 0.8922880300470648
0.4069102800395775 0.8963284340874689
0.4109506840799816 0.8963284340874689
0.41499108812038565 0.8963284340874689
0.41903149216078966 0.8963284340874689
0.4230718962011937 0.8963284340874689
0.42711230024159774 0.8963284340874689
0.4311527042820018 0.8963284340874689
0.4351931083224058 0.8963284340874689
0.43923351236280983 0.8963284340874689
0.4432739164032139 0.8963284340874689
0.44731432044361796 0.8963284340874689
0.451354724484022 0.8963284340874689
0.455395128524426 0.8963284340874689
0.45943553256483005 0.8963284340874689
0.4634759366052341 0.8963284340874689
0.4675163406456382 0.8963284340874689
0.4715567446860422 0.8963284340874689
0.48367795680725434 0.8963284340874689
0.39478906791836543 0.9003688381278729
0.39882947195876944 0.9003688381278729
0.4028698759991735 0.9003688381278729
0.4069102800395775 0.9003688381278729
0.4109506840799816 0.9003688381278729
0.41499108812038565 0.9003688381278729
0.41903149216078966 0.9003688381278729
0.4230718962011937 0.9003688381278729
0.42711230024159774 0.9003688381278729
0.4311527042820018 0.9003688381278729
0.4351931083224058 0.9003688381278729
0.43923351236280983 0.9003688381278729
0.4432739164032139 0.9003688381278729
0.44731432044361796 0.9003688381278729
0.451354724484022 0.9003688381278729
0.455395128524426 0.9003688381278729
0.45943553256483005 0.9003688381278729
0.4634759366052341 0.9003688381278729
0.39074866387796137 0.904409242168277
0.39478906791836543 0.904409242168277
0.39882947195876944 0.904409242168277
0.4028698759991735 0.904409242168277
0.4069102800395775 0.904409242168277
0.4109506840799816 0.904409242168277
0.41499108812038565 0.904409242168277
0.41903149216078966 0.904409242168277
0.4230718962011937 0.904409242168277
0.42711230024159774 0.904409242168277
0.4311527042820018 0.904409242168277
0.4351931083224058 0.904409242168277
0.43923351236280983 0.904409242168277
0.4432739164032139 0.904409242168277
0.44731432044361796 0.904409242168277
0.451354724484022 0.904409242168277
0.455395128524426 0.904409242168277
0.3826678557971533 0.9084496462086811
0.38670825983755736 0.9084496462086811
0.39074866387796137 0.9084496462086811
0.39478906791836543 0.9084496462086811
0.39882947195876944 0.9084496462086811
0.4028698759991735 0.9084496462086811
0.4069102800395775 0.9084496462086811
0.4109506840799816 0.9084496462086811
0.41499108812038565 0.9084496462086811
0.41903149216078966 0.9084496462086811
0.4230718962011937 0.9084496462086811
0.42711230024159774 0.9084496462086811
0.4311527042820018 0.9084496462086811
0.4351931083224058 0.9084496462086811
0.43923351236280983 0.9084496462086811
0.4432739164032139 0.9084496462086811
0.44731432044361796 0.9084496462086811
0.455395128524426 0.9084496462086811
0.3624658355951331 0.912490050249085
0.37054664367594115 0.912490050249085
0.3745870477163452 0.912490050249085
0.3786274517567493 0.912490050249085
0.3826678557971533 0.912490050249085
0.38670825983755736 0.912490050249085
0.39074866387796137 0.912490050249085
0.39478906791836543 0.912490050249085
0.39882947195876944 0.912490050249085
0.4028698759991735 0.912490050249085
0.4069102800395775 0.912490050249085
0.4109506840799816 0.912490050249085
0.41499108812038565 0.912490050249085
0.41903149216078966 0.912490050249085
0.4230718962011937 0.912490050249085
0.42711230024159774 0.912490050249085
0.4311527042820018 0.912490050249085
0.4351931083224058 0.912490050249085
0.43923351236280983 0.912490050249085
0.3624658355951331 0.9165304542894891
0.36650623963553713 0.9165304542894891
0.37054664367594115 0.9165304542894891
0.3745870477163452 0.9165304542894891
0.3786274517567493 0.9165304542894891
0.3826678557971533 0.9165304542894891
0.38670825983755736 0.9165304542894891
0.39074866387796137 0.9165304542894891
0.39478906791836543 0.9165304542894891
0.39882947195876944 0.9165304542894891
0.4028698759991735 0.9165304542894891
0.4069102800395775 0.9165304542894891
0.4109506840799816 0.9165304542894891
0.41499108812038565 0.9165304542894891
0.41903149216078966 0.9165304542894891
0.4230718962011937 0.9165304542894891
0.42711230024159774 0.9165304542894891
0.4311527042820018 0.9165304542894891
0.350344623473921 0.920570858329893
0.354385027514325 0.920570858329893
0.35842543155472906 0.920570858329893
0.3624658355951331 0.920570858329893
0.36650623963553713 0.920570858329893
0.37054664367594115 0.920570858329893
0.3745870477163452 0.920570858329893
0.3786274517567493 0.920570858329893
0.3826678557971533 0.920570858329893
0.38670825983755736 0.920570858329893
0.39074866387796137 0.920570858329893
0.39478906791836543 0.920570858329893
0.39882947195876944 0.920570858329893
0.4028698759991735 0.920570858329893
0.4069102800395775 0.920570858329893
0.4109506840799816 0.920570858329893
0.41499108812038565 0.920570858329893
0.41903149216078966 0.920570858329893
0.43923351236280983 0.920570858329893
0.3422638153931129 0.9246112623702971
0.34630421943351697 0.9246112623702971
0.350344623473921 0.9246112623702971
0.354385027514325 0.9246112623702971
0.35842543155472906 0.9246112623702971
0.3624658355951331 0.9246112623702971
0.36650623963553713 0.9246112623702971
0.37054664367594115 0.9246112623702971
0.3745870477163452 0.9246112623702971
0.3786274517567493 0.9246112623702971
0.3826678557971533 0.9246112623702971
0.38670825983755736 0.9246112623702971
0.39074866387796137 0.9246112623702971
0.39478906791836543 0.9246112623702971
0.39882947195876944 0.9246112623702971
0.4028698759991735 0.9246112623702971
0.4069102800395775 0.9246112623702971
0.4109506840799816 0.9246112623702971
0.41499108812038565 0.9246112623702971
0.3220617951910927 0.9286516664107012
0.33014260327190076 0.9286516664107012
0.3341830073123048 0.9286516664107012
0.33822341135270884 0.9286516664107012
0.3422638153931129 0.9286516664107012
0.34630421943351697 0.9286516664107012
0.350344623473921 0.9286516664107012
0.354385027514325 0.9286516664107012
0.35842543155472906 0.9286516664107012
0.3624658355951331 0.9286516664107012
0.36650623963553713 0.9286516664107012
0.37054664367594115 0.9286516664107012
0.3745870477163452 0.9286516664107012
0.3786274517567493 0.9286516664107012
0.3826678557971533 0.9286516664107012
0.38670825983755736 0.9286516664107012
0.39074866387796137 0.9286516664107012
0.39478906791836543 0.9286516664107012
0.39882947195876944 0.9286516664107012
0.4028698759991735 0.9286516664107012
0.41499108812038565 0.9286516664107012
0.3139809871102846 0.9326920704511052
0.3180213911506886 0.9326920704511052
0.3220617951910927 0.9326920704511052
0.32610219923149675 0.9326920704511052
0.33014260327190076 0.9326920704511052
0.3341830073123048 0.9326920704511052
0.33822341135270884 0.9326920704511052
0.3422638153931129 0.9326920704511052
0.34630421943351697 0.9326920704511052
0.350344623473921 0.9326920704511052
0.354385027514325 0.9326920704511052
0.35842543155472906 0.9326920704511052
0.3624658355951331 0.9326920704511052
0.36650623963553713 0.9326920704511052
0.37054664367594115 0.9326920704511052
0.3745870477163452 0.9326920704511052
0.3786274517567493 0.9326920704511052
0.3826678557971533 0.9326920704511052
0.38670825983755736 0.9326920704511052
0.39074866387796137 0.9326920704511052
0.39478906791836543 0.9326920704511052
0.4069102800395775 0.9326920704511052
0.30185977498907246 0.9367324744915093
0.3059001790294765 0.9367324744915093
0.3099405830698806 0.9367324744915093
0.3139809871102846 0.9367324744915093
0.3180213911506886 0.9367324744915093
0.3220617951910927 0.9367324744915093
0.32610219923149675 0.9367324744915093
0.33014260327190076 0.9367324744915093
0.3341830073123048 0.9367324744915093
0.33822341135270884 0.9367324744915093
0.3422638153931129 0.9367324744915093
0.34630421943351697 0.9367324744915093
0.350344623473921 0.9367324744915093
0.354385027514325 0.9367324744915093
0.35842543155472906 0.9367324744915093
0.3624658355951331 0.9367324744915093
0.36650623963553713 0.9367324744915093
0.37054664367594115 0.9367324744915093
0.3745870477163452 0.9367324744915093
0.3786274517567493 0.9367324744915093
0.3826678557971533 0.9367324744915093
0.38670825983755736 0.9367324744915093
0.29781937094866845 0.9407728785319134
0.30185977498907246 0.9407728785319134
0.3059001790294765 0.9407728785319134
0.3099405830698806 0.9407728785319134
0.3139809871102846 0.9407728785319134
0.3180213911506886 0.9407728785319134
0.3220617951910927 0.9407728785319134
0.32610219923149675 0.9407728785319134
0.33014260327190076 0.9407728785319134
0.3341830073123048 0.9407728785319134
0.33822341135270884 0.9407728785319134
0.3422638153931129 0.9407728785319134
0.34630421943351697 0.9407728785319134
0.350344623473921 0.9407728785319134
0.354385027514325 0.9407728785319134
0.35842543155472906 0.9407728785319134
0.3624658355951331 0.9407728785319134
0.36650623963553713 0.9407728785319134
0.37054664367594115 0.9407728785319134
0.38670825983755736 0.9407728785319134
0.29781937094866845 0.9448132825723174
0.30185977498907246 0.9448132825723174
0.3059001790294765 0.9448132825723174
0.3099405830698806 0.9448132825723174
0.3139809871102846 0.9448132825723174
0.3180213911506886 0.9448132825723174
0.3220617951910927 0.9448132825723174
0.32610219923149675 0.9448132825723174
0.33014260327190076 0.9448132825723174
0.3341830073123048 0.9448132825723174
0.33822341135270884 0.9448132825723174
0.3422638153931129 0.9448132825723174
0.34630421943351697 0.9448132825723174
0.350344623473921 0.9448132825723174
0.354385027514325 0.9448132825723174
0.35842543155472906 0.9448132825723174
0.3624658355951331 0.9448132825723174
0.3826678557971533 0.9448132825723174
0.29781937094866845 0.9488536866127214
0.30185977498907246 0.9488536866127214
0.3059001790294765 0.9488536866127214
0.3099405830698806 0.9488536866127214
0.3139809871102846 0.9488536866127214
0.3180213911506886 0.9488536866127214
0.3220617951910927 0.9488536866127214
0.32610219923149675 0.9488536866127214
0.33014260327190076 0.9488536866127214
0.3341830073123048 0.9488536866127214
0.33822341135270884 0.9488536866127214
0.3422638153931129 0.9488536866127214
0.34630421943351697 0.9488536866127214
0.350344623473921 0.9488536866127214
0.37054664367594115 0.9488536866127214
0.29781937094866845 0.9528940906531255
0.30185977498907246 0.9528940906531255
0.3059001790294765 0.9528940906531255
0.3099405830698806 0.9528940906531255
0.3139809871102846 0.9528940906531255
0.3180213911506886 0.9528940906531255
0.3220617951910927 0.9528940906531255
0.32610219923149675 0.9528940906531255
0.33014260327190076 0.9528940906531255
0.3341830073123048 0.9528940906531255
0.33822341135270884 0.9528940906531255
0.3422638153931129 0.9528940906531255
0.29781937094866845 0.9569344946935294
0.30185977498907246 0.9569344946935294
0.3059001790294765 0.9569344946935294
0.3099405830698806 0.9569344946935294
0.3139809871102846 0.9569344946935294
0.3180213911506886 0.9569344946935294
0.3220617951910927 0.9569344946935294
0.32610219923149675 0.9569344946935294
0.33014260327190076 0.9569344946935294
0.29781937094866845 0.9609748987339335
0.30185977498907246 0.9609748987339335
0.3059001790294765 0.9609748987339335
0.3099405830698806 0.9609748987339335
0.3139809871102846 0.9609748987339335
0.3180213911506886 0.9609748987339335
0.3220617951910927 0.9609748987339335
0.29781937094866845 0.9650153027743376
0.30185977498907246 0.9650153027743376
0.3059001790294765 0.9650153027743376
0.3099405830698806 0.9650153027743376
0.30185977498907246 0.9771365148955498
