# x y
0.6957515525011284 0.6943082320672669
0.6836303403799163 0.698348636107671
0.6917111484607243 0.698348636107671
0.6957515525011284 0.698348636107671
0.6795899363395123 0.702389040148075
0.6917111484607243 0.702389040148075
0.6957515525011284 0.702389040148075
0.6876707444203204 0.706429444188479
0.6917111484607243 0.706429444188479
0.6957515525011284 0.706429444188479
0.6795899363395123 0.710469848228883
0.6836303403799163 0.710469848228883
0.6876707444203204 0.710469848228883
0.6917111484607243 0.710469848228883
0.6957515525011284 0.710469848228883
0.6755495322991083 0.7145102522692871
0.6795899363395123 0.7145102522692871
0.6836303403799163 0.7145102522692871
0.6876707444203204 0.7145102522692871
0.6917111484607243 0.7145102522692871
0.6957515525011284 0.7145102522692871
0.6674687242183002 0.7185506563096911
0.6715091282587042 0.7185506563096911
0.6755495322991083 0.7185506563096911
0.6795899363395123 0.7185506563096911
0.6836303403799163 0.7185506563096911
0.6876707444203204 0.7185506563096911
0.6917111484607243 0.7185506563096911
0.6957515525011284 0.7185506563096911
0.6634283201778961 0.7225910603500951
0.6674687242183002 0.7225910603500951
0.6715091282587042 0.7225910603500951
0.6755495322991083 0.7225910603500951
0.6795899363395123 0.7225910603500951
0.6836303403799163 0.7225910603500951
0.6876707444203204 0.7225910603500951
0.6917111484607243 0.7225910603500951
0.6957515525011284 0.7225910603500951
0.6634283201778961 0.7266314643904992
0.6674687242183002 0.7266314643904992
0.6715091282587042 0.7266314643904992
0.6755495322991083 0.7266314643904992
0.6795899363395123 0.7266314643904992
0.6836303403799163 0.7266314643904992
0.6876707444203204 0.7266314643904992
0.6917111484607243 0.7266314643904992
0.6957515525011284 0.7266314643904992
0.659387916137492 0.7306718684309033
0.6634283201778961 0.7306718684309033
0.6674687242183002 0.7306718684309033
0.6715091282587042 0.7306718684309033
0.6755495322991083 0.7306718684309033
0.6795899363395123 0.7306718684309033
0.6836303403799163 0.7306718684309033
0.6876707444203204 0.7306718684309033
0.6917111484607243 0.7306718684309033
0.6957515525011284 0.7306718684309033
0.651307108056684 0.7347122724713073
0.655347512097088 0.7347122724713073
0.659387916137492 0.7347122724713073
0.6634283201778961 0.7347122724713073
0.6674687242183002 0.7347122724713073
0.6715091282587042 0.7347122724713073
0.6755495322991083 0.7347122724713073
0.6795899363395123 0.7347122724713073
0.6836303403799163 0.7347122724713073
0.6876707444203204 0.7347122724713073
0.6917111484607243 0.7347122724713073
0.64726670401628 0.7387526765117113
0.651307108056684 0.7387526765117113
0.655347512097088 0.7387526765117113
0.659387916137492 0.7387526765117113
0.6634283201778961 0.7387526765117113
0.6674687242183002 0.7387526765117113
0.6715091282587042 0.7387526765117113
0.6755495322991083 0.7387526765117113
0.6795899363395123 0.7387526765117113
0.6836303403799163 0.7387526765117113
0.6876707444203204 0.7387526765117113
0.643226299975876 0.7427930805521153
0.64726670401628 0.7427930805521153
0.651307108056684 0.7427930805521153
0.655347512097088 0.7427930805521153
0.659387916137492 0.7427930805521153
0.6634283201778961 0.7427930805521153
0.6674687242183002 0.7427930805521153
0.6715091282587042 0.7427930805521153
0.6755495322991083 0.7427930805521153
0.6795899363395123 0.7427930805521153
0.6836303403799163 0.7427930805521153
0.6391858959354719 0.7468334845925194
0.643226299975876 0.7468334845925194
0.64726670401628 0.7468334845925194
0.651307108056684 0.7468334845925194
0.655347512097088 0.7468334845925194
0.659387916137492 0.7468334845925194
0.6634283201778961 0.7468334845925194
0.6674687242183002 0.7468334845925194
0.6715091282587042 0.7468334845925194
0.6755495322991083 0.7468334845925194
0.6795899363395123 0.7468334845925194
0.6311050878546638 0.7508738886329235
0.6351454918950679 0.7508738886329235
0.6391858959354719 0.7508738886329235
0.643226299975876 0.7508738886329235
0.64726670401628 0.7508738886329235
0.651307108056684 0.7508738886329235
0.655347512097088 0.7508738886329235
0.659387916137492 0.7508738886329235
0.6634283201778961 0.7508738886329235
0.6674687242183002 0.7508738886329235
0.6715091282587042 0.7508738886329235
0.6755495322991083 0.7508738886329235
0.6270646838142597 0.7549142926733274
0.6311050878546638 0.7549142926733274
0.6351454918950679 0.7549142926733274
0.6391858959354719 0.7549142926733274
0.643226299975876 0.7549142926733274
0.64726670401628 0.7549142926733274
0.651307108056684 0.7549142926733274
0.655347512097088 0.7549142926733274
0.659387916137492 0.7549142926733274
0.6634283201778961 0.7549142926733274
0.6674687242183002 0.7549142926733274
0.6715091282587042 0.7549142926733274
0.6189838757334516 0.7589546967137315
0.6230242797738557 0.7589546967137315
0.6270646838142597 0.7589546967137315
0.6311050878546638 0.7589546967137315
0.6351454918950679 0.7589546967137315
0.6391858959354719 0.7589546967137315
0.643226299975876 0.7589546967137315
0.64726670401628 0.7589546967137315
0.651307108056684 0.7589546967137315
0.655347512097088 0.7589546967137315
0.659387916137492 0.7589546967137315
0.6634283201778961 0.7589546967137315
0.6674687242183002 0.7589546967137315
0.6189838757334516 0.7629951007541356
0.6230242797738557 0.7629951007541356
0.6270646838142597 0.7629951007541356
0.6311050878546638 0.7629951007541356
0.6351454918950679 0.7629951007541356
0.6391858959354719 0.7629951007541356
0.643226299975876 0.7629951007541356
0.64726670401628 0.7629951007541356
0.651307108056684 0.7629951007541356
0.655347512097088 0.7629951007541356
0.659387916137492 0.7629951007541356
0.6634283201778961 0.7629951007541356
0.6109030676526436 0.7670355047945396
0.6149434716930476 0.7670355047945396
0.6189838757334516 0.7670355047945396
0.6230242797738557 0.7670355047945396
0.6270646838142597 0.7670355047945396
0.6311050878546638 0.7670355047945396
0.6351454918950679 0.7670355047945396
0.6391858959354719 0.7670355047945396
0.643226299975876 0.7670355047945396
0.64726670401628 0.7670355047945396
0.651307108056684 0.7670355047945396
0.655347512097088 0.7670355047945396
0.659387916137492 0.7670355047945396
0.6068626636122396 0.7710759088349436
0.6109030676526436 0.7710759088349436
0.6149434716930476 0.7710759088349436
0.6189838757334516 0.7710759088349436
0.6230242797738557 0.7710759088349436
0.6270646838142597 0.7710759088349436
0.6311050878546638 0.7710759088349436
0.6351454918950679 0.7710759088349436
0.6391858959354719 0.7710759088349436
0.643226299975876 0.7710759088349436
0.64726670401628 0.7710759088349436
0.651307108056684 0.7710759088349436
0.655347512097088 0.7710759088349436
0.6028222595718356 0.7751163128753477
0.6068626636122396 0.7751163128753477
0.6109030676526436 0.7751163128753477
0.6149434716930476 0.7751163128753477
0.6189838757334516 0.7751163128753477
0.6230242797738557 0.7751163128753477
0.6270646838142597 0.7751163128753477
0.6311050878546638 0.7751163128753477
0.6351454918950679 0.7751163128753477
0.6391858959354719 0.7751163128753477
0.643226299975876 0.7751163128753477
0.64726670401628 0.7751163128753477
0.5987818555314315 0.7791567169157517
0.6028222595718356 0.7791567169157517
0.6068626636122396 0.7791567169157517
0.6109030676526436 0.7791567169157517
0.6149434716930476 0.7791567169157517
0.6189838757334516 0.7791567169157517
0.6230242797738557 0.7791567169157517
0.6270646838142597 0.7791567169157517
0.6311050878546638 0.7791567169157517
0.6351454918950679 0.7791567169157517
0.6391858959354719 0.7791567169157517
0.643226299975876 0.7791567169157517
0.5907010474506234 0.7831971209561558
0.5947414514910274 0.7831971209561558
0.5987818555314315 0.7831971209561558
0.6028222595718356 0.7831971209561558
0.6068626636122396 0.7831971209561558
0.6109030676526436 0.7831971209561558
0.6149434716930476 0.7831971209561558
0.6189838757334516 0.7831971209561558
0.6230242797738557 0.7831971209561558
0.6270646838142597 0.7831971209561558
0.6311050878546638 0.7831971209561558
0.6351454918950679 0.7831971209561558
0.6391858959354719 0.7831971209561558
0.5866606434102193 0.7872375249965597
0.5907010474506234 0.7872375249965597
0.5947414514910274 0.7872375249965597
0.5987818555314315 0.7872375249965597
0.6028222595718356 0.7872375249965597
0.6068626636122396 0.7872375249965597
0.6109030676526436 0.7872375249965597
0.6149434716930476 0.7872375249965597
0.6189838757334516 0.7872375249965597
0.6230242797738557 0.7872375249965597
0.6270646838142597 0.7872375249965597
0.6311050878546638 0.7872375249965597
0.6351454918950679 0.7872375249965597
0.5785798353294113 0.7912779290369638
0.5826202393698153 0.7912779290369638
0.5866606434102193 0.7912779290369638
0.5907010474506234 0.7912779290369638
0.5947414514910274 0.7912779290369638
0.5987818555314315 0.7912779290369638
0.6028222595718356 0.7912779290369638
0.6068626636122396 0.7912779290369638
0.6109030676526436 0.7912779290369638
0.6149434716930476 0.7912779290369638
0.6189838757334516 0.7912779290369638
0.6230242797738557 0.7912779290369638
0.6270646838142597 0.7912779290369638
0.6311050878546638 0.7912779290369638
0.5745394312890073 0.7953183330773679
0.5785798353294113 0.7953183330773679
0.5826202393698153 0.7953183330773679
0.5866606434102193 0.7953183330773679
0.5907010474506234 0.7953183330773679
0.5947414514910274 0.7953183330773679
0.5987818555314315 0.7953183330773679
0.6028222595718356 0.7953183330773679
0.6068626636122396 0.7953183330773679
0.6109030676526436 0.7953183330773679
0.6149434716930476 0.7953183330773679
0.6189838757334516 0.7953183330773679
0.6230242797738557 0.7953183330773679
0.6270646838142597 0.7953183330773679
0.5664586232081992 0.799358737117772
0.5704990272486032 0.799358737117772
0.5745394312890073 0.799358737117772
0.5785798353294113 0.799358737117772
0.5826202393698153 0.799358737117772
0.5866606434102193 0.799358737117772
0.5907010474506234 0.799358737117772
0.5947414514910274 0.799358737117772
0.5987818555314315 0.799358737117772
0.6028222595718356 0.799358737117772
0.6068626636122396 0.799358737117772
0.6109030676526436 0.799358737117772
0.6149434716930476 0.799358737117772
0.6189838757334516 0.799358737117772
0.5624182191677951 0.803399141158176
0.5664586232081992 0.803399141158176
0.5704990272486032 0.803399141158176
0.5745394312890073 0.803399141158176
0.5785798353294113 0.803399141158176
0.5826202393698153 0.803399141158176
0.5866606434102193 0.803399141158176
0.5907010474506234 0.803399141158176
0.5947414514910274 0.803399141158176
0.5987818555314315 0.803399141158176
0.6028222595718356 0.803399141158176
0.6068626636122396 0.803399141158176
0.6109030676526436 0.803399141158176
0.6149434716930476 0.803399141158176
0.554337411086987 0.80743954519858
0.558377815127391 0.80743954519858
0.5624182191677951 0.80743954519858
0.5664586232081992 0.80743954519858
0.5704990272486032 0.80743954519858
0.5745394312890073 0.80743954519858
0.5785798353294113 0.80743954519858
0.5826202393698153 0.80743954519858
0.5866606434102193 0.80743954519858
0.5907010474506234 0.80743954519858
0.5947414514910274 0.80743954519858
0.5987818555314315 0.80743954519858
0.6028222595718356 0.80743954519858
0.6068626636122396 0.80743954519858
0.6109030676526436 0.80743954519858
0.5502970070465829 0.811479949238984
0.554337411086987 0.811479949238984
0.558377815127391 0.811479949238984
0.5624182191677951 0.811479949238984
0.5664586232081992 0.811479949238984
0.5704990272486032 0.811479949238984
0.5745394312890073 0.811479949238984
0.5785798353294113 0.811479949238984
0.5826202393698153 0.811479949238984
0.5866606434102193 0.811479949238984
0.5907010474506234 0.811479949238984
0.5947414514910274 0.811479949238984
0.5987818555314315 0.811479949238984
0.6028222595718356 0.811479949238984
0.546256603006179 0.8155203532793881
0.5502970070465829 0.8155203532793881
0.554337411086987 0.8155203532793881
0.558377815127391 0.8155203532793881
0.5624182191677951 0.8155203532793881
0.5664586232081992 0.8155203532793881
0.5704990272486032 0.8155203532793881
0.5745394312890073 0.8155203532793881
0.5785798353294113 0.8155203532793881
0.5826202393698153 0.8155203532793881
0.5866606434102193 0.8155203532793881
0.5907010474506234 0.8155203532793881
0.5947414514910274 0.8155203532793881
0.5987818555314315 0.8155203532793881
0.5381757949253709 0.819560757319792
0.5422161989657749 0.819560757319792
0.546256603006179 0.819560757319792
0.5502970070465829 0.819560757319792
0.554337411086987 0.819560757319792
0.558377815127391 0.819560757319792
0.5624182191677951 0.819560757319792
0.5664586232081992 0.819560757319792
0.5704990272486032 0.819560757319792
0.5745394312890073 0.819560757319792
0.5785798353294113 0.819560757319792
0.5826202393698153 0.819560757319792
0.5866606434102193 0.819560757319792
0.5907010474506234 0.819560757319792
0.5947414514910274 0.819560757319792
0.5300949868445628 0.8236011613601961
0.5341353908849669 0.8236011613601961
0.5381757949253709 0.8236011613601961
0.5422161989657749 0.8236011613601961
0.546256603006179 0.8236011613601961
0.5502970070465829 0.8236011613601961
0.554337411086987 0.8236011613601961
0.558377815127391 0.8236011613601961
0.5624182191677951 0.8236011613601961
0.5664586232081992 0.8236011613601961
0.5704990272486032 0.8236011613601961
0.5745394312890073 0.8236011613601961
0.5785798353294113 0.8236011613601961
0.5826202393698153 0.8236011613601961
0.5866606434102193 0.8236011613601961
0.5220141787637547 0.8276415654006002
0.5260545828041587 0.8276415654006002
0.5300949868445628 0.8276415654006002
0.5341353908849669 0.8276415654006002
0.5381757949253709 0.8276415654006002
0.5422161989657749 0.8276415654006002
0.546256603006179 0.8276415654006002
0.5502970070465829 0.8276415654006002
0.554337411086987 0.8276415654006002
0.558377815127391 0.8276415654006002
0.5624182191677951 0.8276415654006002
0.5664586232081992 0.8276415654006002
0.5704990272486032 0.8276415654006002
0.5745394312890073 0.8276415654006002
0.5785798353294113 0.8276415654006002
0.5826202393698153 0.8276415654006002
0.5179737747233506 0.8316819694410043
0.5220141787637547 0.8316819694410043
0.5260545828041587 0.8316819694410043
0.5300949868445628 0.8316819694410043
0.5341353908849669 0.8316819694410043
0.5381757949253709 0.8316819694410043
0.5422161989657749 0.8316819694410043
0.546256603006179 0.8316819694410043
0.5502970070465829 0.8316819694410043
0.554337411086987 0.8316819694410043
0.558377815127391 0.8316819694410043
0.5624182191677951 0.8316819694410043
0.5664586232081992 0.8316819694410043
0.5704990272486032 0.8316819694410043
0.5745394312890073 0.8316819694410043
0.5785798353294113 0.8316819694410043
0.5098929666425426 0.8357223734814083
0.5139333706829466 0.8357223734814083
0.5179737747233506 0.8357223734814083
0.5220141787637547 0.8357223734814083
0.5260545828041587 0.8357223734814083
0.5300949868445628 0.8357223734814083
0.5341353908849669 0.8357223734814083
0.5381757949253709 0.8357223734814083
0.5422161989657749 0.8357223734814083
0.546256603006179 0.8357223734814083
0.5502970070465829 0.8357223734814083
0.554337411086987 0.8357223734814083
0.558377815127391 0.8357223734814083
0.5624182191677951 0.8357223734814083
0.5664586232081992 0.8357223734814083
0.5704990272486032 0.8357223734814083
0.4937313504809264 0.8397627775218124
0.5058525626021385 0.8397627775218124
0.5098929666425426 0.8397627775218124
0.5139333706829466 0.8397627775218124
0.5179737747233506 0.8397627775218124
0.5220141787637547 0.8397627775218124
0.5260545828041587 0.8397627775218124
0.5300949868445628 0.8397627775218124
0.5341353908849669 0.8397627775218124
0.5381757949253709 0.8397627775218124
0.5422161989657749 0.8397627775218124
0.546256603006179 0.8397627775218124
0.5502970070465829 0.8397627775218124
0.554337411086987 0.8397627775218124
0.558377815127391 0.8397627775218124
0.5624182191677951 0.8397627775218124
0.5664586232081992 0.8397627775218124
0.4977717545213305 0.8438031815622163
0.5018121585617346 0.8438031815622163
0.5058525626021385 0.8438031815622163
0.5098929666425426 0.8438031815622163
0.5139333706829466 0.8438031815622163
0.5179737747233506 0.8438031815622163
0.5220141787637547 0.8438031815622163
0.5260545828041587 0.8438031815622163
0.5300949868445628 0.8438031815622163
0.5341353908849669 0.8438031815622163
0.5381757949253709 0.8438031815622163
0.5422161989657749 0.8438031815622163
0.546256603006179 0.8438031815622163
0.5502970070465829 0.8438031815622163
0.554337411086987 0.8438031815622163
0.558377815127391 0.8438031815622163
0.5624182191677951 0.8438031815622163
0.48969094644052236 0.8478435856026204
0.4937313504809264 0.8478435856026204
0.4977717545213305 0.8478435856026204
0.5018121585617346 0.8478435856026204
0.5058525626021385 0.8478435856026204
0.5098929666425426 0.8478435856026204
0.5139333706829466 0.8478435856026204
0.5179737747233506 0.8478435856026204
0.5220141787637547 0.8478435856026204
0.5260545828041587 0.8478435856026204
0.5300949868445628 0.8478435856026204
0.5341353908849669 0.8478435856026204
0.5381757949253709 0.8478435856026204
0.5422161989657749 0.8478435856026204
0.546256603006179 0.8478435856026204
0.5502970070465829 0.8478435856026204
0.554337411086987 0.8478435856026204
0.48565054240011835 0.8518839896430245
0.48969094644052236 0.8518839896430245
0.4937313504809264 0.8518839896430245
0.4977717545213305 0.8518839896430245
0.5018121585617346 0.8518839896430245
0.5058525626021385 0.8518839896430245
0.5098929666425426 0.8518839896430245
0.5139333706829466 0.8518839896430245
0.5179737747233506 0.8518839896430245
0.5220141787637547 0.8518839896430245
0.5260545828041587 0.8518839896430245
0.5300949868445628 0.8518839896430245
0.5341353908849669 0.8518839896430245
0.5381757949253709 0.8518839896430245
0.5422161989657749 0.8518839896430245
0.546256603006179 0.8518839896430245
0.5502970070465829 0.8518839896430245
0.48161013835971433 0.8559243936834284
0.48565054240011835 0.8559243936834284
0.48969094644052236 0.8559243936834284
0.4937313504809264 0.8559243936834284
0.4977717545213305 0.8559243936834284
0.5018121585617346 0.8559243936834284
0.5058525626021385 0.8559243936834284
0.5098929666425426 0.8559243936834284
0.5139333706829466 0.8559243936834284
0.5179737747233506 0.8559243936834284
0.5220141787637547 0.8559243936834284
0.5260545828041587 0.8559243936834284
0.5300949868445628 0.8559243936834284
0.5341353908849669 0.8559243936834284
0.5381757949253709 0.8559243936834284
0.5422161989657749 0.8559243936834284
0.4735293302789062 0.8599647977238325
0.47756973431931027 0.8599647977238325
0.48161013835971433 0.8599647977238325
0.48565054240011835 0.8599647977238325
0.48969094644052236 0.8599647977238325
0.4937313504809264 0.8599647977238325
0.4977717545213305 0.8599647977238325
0.5018121585617346 0.8599647977238325
0.5058525626021385 0.8599647977238325
0.5098929666425426 0.8599647977238325
0.5139333706829466 0.8599647977238325
0.5179737747233506 0.8599647977238325
0.5220141787637547 0.8599647977238325
0.5260545828041587 0.8599647977238325
0.5300949868445628 0.8599647977238325
0.5341353908849669 0.8599647977238325
0.5381757949253709 0.8599647977238325
0.5422161989657749 0.8599647977238325
0.4614081181576941 0.8640052017642366
0.4654485221980982 0.8640052017642366
0.4694889262385022 0.8640052017642366
0.4735293302789062 0.8640052017642366
0.47756973431931027 0.8640052017642366
0.48161013835971433 0.8640052017642366
0.48565054240011835 0.8640052017642366
0.48969094644052236 0.8640052017642366
0.4937313504809264 0.8640052017642366
0.4977717545213305 0.8640052017642366
0.5018121585617346 0.8640052017642366
0.5058525626021385 0.8640052017642366
0.5098929666425426 0.8640052017642366
0.5139333706829466 0.8640052017642366
0.5179737747233506 0.8640052017642366
0.5220141787637547 0.8640052017642366
0.5260545828041587 0.8640052017642366
0.5300949868445628 0.8640052017642366
0.453327310076886 0.8680456058046406
0.45736771411729005 0.8680456058046406
0.4614081181576941 0.8680456058046406
0.4654485221980982 0.8680456058046406
0.4694889262385022 0.8680456058046406
0.4735293302789062 0.8680456058046406
0.47756973431931027 0.8680456058046406
0.48161013835971433 0.8680456058046406
0.48565054240011835 0.8680456058046406
0.48969094644052236 0.8680456058046406
0.4937313504809264 0.8680456058046406
0.4977717545213305 0.8680456058046406
0.5018121585617346 0.8680456058046406
0.5058525626021385 0.8680456058046406
0.5098929666425426 0.8680456058046406
0.5139333706829466 0.8680456058046406
0.5179737747233506 0.8680456058046406
0.5220141787637547 0.8680456058046406
0.5260545828041587 0.8680456058046406
0.4412060979556739 0.8720860098450447
0.44524650199607796 0.8720860098450447
0.44928690603648197 0.8720860098450447
0.453327310076886 0.8720860098450447
0.45736771411729005 0.8720860098450447
0.4614081181576941 0.8720860098450447
0.4654485221980982 0.8720860098450447
0.4694889262385022 0.8720860098450447
0.4735293302789062 0.8720860098450447
0.47756973431931027 0.8720860098450447
0.48161013835971433 0.8720860098450447
0.48565054240011835 0.8720860098450447
0.48969094644052236 0.8720860098450447
0.4937313504809264 0.8720860098450447
0.4977717545213305 0.8720860098450447
0.5018121585617346 0.8720860098450447
0.5058525626021385 0.8720860098450447
0.5098929666425426 0.8720860098450447
0.5139333706829466 0.8720860098450447
0.5179737747233506 0.8720860098450447
0.4371656939152698 0.8761264138854487
0.44524650199607796 0.8761264138854487
0.44928690603648197 0.8761264138854487
0.453327310076886 0.8761264138854487
0.45736771411729005 0.8761264138854487
0.4614081181576941 0.8761264138854487
0.4654485221980982 0.8761264138854487
0.4694889262385022 0.8761264138854487
0.4735293302789062 0.8761264138854487
0.47756973431931027 0.8761264138854487
0.48161013835971433 0.8761264138854487
0.48565054240011835 0.8761264138854487
0.48969094644052236 0.8761264138854487
0.4937313504809264 0.8761264138854487
0.4977717545213305 0.8761264138854487
0.5018121585617346 0.8761264138854487
0.5058525626021385 0.8761264138854487
0.5098929666425426 0.8761264138854487
0.4371656939152698 0.8801668179258527
0.4412060979556739 0.8801668179258527
0.44524650199607796 0.8801668179258527
0.44928690603648197 0.8801668179258527
0.453327310076886 0.8801668179258527
0.45736771411729005 0.8801668179258527
0.4614081181576941 0.8801668179258527
0.4654485221980982 0.8801668179258527
0.4694889262385022 0.8801668179258527
0.4735293302789062 0.8801668179258527
0.47756973431931027 0.8801668179258527
0.48161013835971433 0.8801668179258527
0.48565054240011835 0.8801668179258527
0.48969094644052236 0.8801668179258527
0.4937313504809264 0.8801668179258527
0.4977717545213305 0.8801668179258527
0.5018121585617346 0.8801668179258527
0.42504448179405774 0.8842072219662568
0.4290848858344618 0.8842072219662568
0.4331252898748658 0.8842072219662568
0.4371656939152698 0.8842072219662568
0.4412060979556739 0.8842072219662568
0.44524650199607796 0.8842072219662568
0.44928690603648197 0.8842072219662568
0.453327310076886 0.8842072219662568
0.45736771411729005 0.8842072219662568
0.4614081181576941 0.8842072219662568
0.4654485221980982 0.8842072219662568
0.4694889262385022 0.8842072219662568
0.4735293302789062 0.8842072219662568
0.47756973431931027 0.8842072219662568
0.48161013835971433 0.8842072219662568
0.48565054240011835 0.8842072219662568
0.48969094644052236 0.8842072219662568
0.4937313504809264 0.8842072219662568
0.4977717545213305 0.8842072219662568
0.41292326967284565 0.8882476260066607
0.42100407775365367 0.8882476260066607
0.42504448179405774 0.8882476260066607
0.4290848858344618 0.8882476260066607
0.4331252898748658 0.8882476260066607
0.4371656939152698 0.8882476260066607
0.4412060979556739 0.8882476260066607
0.44524650199607796 0.8882476260066607
0.44928690603648197 0.8882476260066607
0.453327310076886 0.8882476260066607
0.45736771411729005 0.8882476260066607
0.4614081181576941 0.8882476260066607
0.4654485221980982 0.8882476260066607
0.4694889262385022 0.8882476260066607
0.4735293302789062 0.8882476260066607
0.47756973431931027 0.8882476260066607
0.48161013835971433 0.8882476260066607
0.48565054240011835 0.8882476260066607
0.48969094644052236 0.8882476260066607
0.4088828656324416 0.8922880300470648
0.41292326967284565 0.8922880300470648
0.41696367371324966 0.8922880300470648
0.42100407775365367 0.8922880300470648
0.42504448179405774 0.8922880300470648
0.4290848858344618 0.8922880300470648
0.4331252898748658 0.8922880300470648
0.4371656939152698 0.8922880300470648
0.4412060979556739 0.8922880300470648
0.44524650199607796 0.8922880300470648
0.44928690603648197 0.8922880300470648
0.453327310076886 0.8922880300470648
0.45736771411729005 0.8922880300470648
0.4614081181576941 0.8922880300470648
0.4654485221980982 0.8922880300470648
0.4694889262385022 0.8922880300470648
0.4735293302789062 0.8922880300470648
0.47756973431931027 0.8922880300470648
0.48161013835971433 0.8922880300470648
0.4008020575516335 0.8963284340874689
0.4088828656324416 0.8963284340874689
0.41292326967284565 0.8963284340874689
0.41696367371324966 0.8963284340874689
0.42100407775365367 0.8963284340874689
0.42504448179405774 0.8963284340874689
0.4290848858344618 0.8963284340874689
0.4331252898748658 0.8963284340874689
0.4371656939152698 0.8963284340874689
0.4412060979556739 0.8963284340874689
0.44524650199607796 0.8963284340874689
0.44928690603648197 0.8963284340874689
0.453327310076886 0.8963284340874689
0.45736771411729005 0.8963284340874689
0.4614081181576941 0.8963284340874689
0.4654485221980982 0.8963284340874689
0.4694889262385022 0.8963284340874689
0.4735293302789062 0.8963284340874689
0.47756973431931027 0.8963284340874689
0.39676165351122944 0.9003688381278729
0.4008020575516335 0.9003688381278729
0.4048424615920375 0.9003688381278729
0.4088828656324416 0.9003688381278729
0.41292326967284565 0.9003688381278729
0.41696367371324966 0.9003688381278729
0.42100407775365367 0.9003688381278729
0.42504448179405774 0.9003688381278729
0.4290848858344618 0.9003688381278729
0.4331252898748658 0.9003688381278729
0.4371656939152698 0.9003688381278729
0.4412060979556739 0.9003688381278729
0.44524650199607796 0.9003688381278729
0.44928690603648197 0.9003688381278729
0.453327310076886 0.9003688381278729
0.45736771411729005 0.9003688381278729
0.4614081181576941 0.9003688381278729
0.4654485221980982 0.9003688381278729
0.4694889262385022 0.9003688381278729
0.38868084543042136 0.904409242168277
0.39272124947082543 0.904409242168277
0.39676165351122944 0.904409242168277
0.4008020575516335 0.904409242168277
0.4048424615920375 0.904409242168277
0.4088828656324416 0.904409242168277
0.41292326967284565 0.904409242168277
0.41696367371324966 0.904409242168277
0.42100407775365367 0.904409242168277
0.42504448179405774 0.904409242168277
0.4290848858344618 0.904409242168277
0.4331252898748658 0.904409242168277
0.4371656939152698 0.904409242168277
0.4412060979556739 0.904409242168277
0.44524650199607796 0.904409242168277
0.44928690603648197 0.904409242168277
0.453327310076886 0.904409242168277
0.45736771411729005 0.904409242168277
0.4614081181576941 0.904409242168277
0.3765596333092093 0.9084496462086811
0.3806000373496133 0.9084496462086811
0.38464044139001735 0.9084496462086811
0.38868084543042136 0.9084496462086811
0.39272124947082543 0.9084496462086811
0.39676165351122944 0.9084496462086811
0.4008020575516335 0.9084496462086811
0.4048424615920375 0.9084496462086811
0.4088828656324416 0.9084496462086811
0.41292326967284565 0.9084496462086811
0.41696367371324966 0.9084496462086811
0.42100407775365367 0.9084496462086811
0.42504448179405774 0.9084496462086811
0.4290848858344618 0.9084496462086811
0.4331252898748658 0.9084496462086811
0.4371656939152698 0.9084496462086811
0.4412060979556739 0.9084496462086811
0.44524650199607796 0.9084496462086811
0.44928690603648197 0.9084496462086811
0.453327310076886 0.9084496462086811
0.36847882522840114 0.912490050249085
0.3725192292688052 0.912490050249085
0.3765596333092093 0.912490050249085
0.3806000373496133 0.912490050249085
0.38464044139001735 0.912490050249085
0.38868084543042136 0.912490050249085
0.39272124947082543 0.912490050249085
0.39676165351122944 0.912490050249085
0.4008020575516335 0.912490050249085
0.4048424615920375 0.912490050249085
0.4088828656324416 0.912490050249085
0.41292326967284565 0.912490050249085
0.41696367371324966 0.912490050249085
0.42100407775365367 0.912490050249085
0.42504448179405774 0.912490050249085
0.4290848858344618 0.912490050249085
0.4331252898748658 0.912490050249085
0.4371656939152698 0.912490050249085
0.4412060979556739 0.912490050249085
0.44524650199607796 0.912490050249085
0.352317209066785 0.9165304542894891
0.3603980171475931 0.9165304542894891
0.36443842118799713 0.9165304542894891
0.36847882522840114 0.9165304542894891
0.3725192292688052 0.9165304542894891
0.3765596333092093 0.9165304542894891
0.3806000373496133 0.9165304542894891
0.38464044139001735 0.9165304542894891
0.38868084543042136 0.9165304542894891
0.39272124947082543 0.9165304542894891
0.39676165351122944 0.9165304542894891
0.4008020575516335 0.9165304542894891
0.4048424615920375 0.9165304542894891
0.4088828656324416 0.9165304542894891
0.41292326967284565 0.9165304542894891
0.41696367371324966 0.9165304542894891
0.42100407775365367 0.9165304542894891
0.42504448179405774 0.9165304542894891
0.4290848858344618 0.9165304542894891
0.4331252898748658 0.9165304542894891
0.4371656939152698 0.9165304542894891
0.32807478482436075 0.920570858329893
0.34423640098597696 0.920570858329893
0.348276805026381 0.920570858329893
0.352317209066785 0.920570858329893
0.35635761310718905 0.920570858329893
0.3603980171475931 0.920570858329893
0.36443842118799713 0.920570858329893
0.36847882522840114 0.920570858329893
0.3725192292688052 0.920570858329893
0.3765596333092093 0.920570858329893
0.3806000373496133 0.920570858329893
0.38464044139001735 0.920570858329893
0.38868084543042136 0.920570858329893
0.39272124947082543 0.920570858329893
0.39676165351122944 0.920570858329893
0.4008020575516335 0.920570858329893
0.4048424615920375 0.920570858329893
0.4088828656324416 0.920570858329893
0.41292326967284565 0.920570858329893
0.41696367371324966 0.920570858329893
0.42100407775365367 0.920570858329893
0.42504448179405774 0.920570858329893
0.4290848858344618 0.920570858329893
0.3199939767435527 0.9246112623702971
0.3321151888647648 0.9246112623702971
0.33615559290516883 0.9246112623702971
0.3401959969455729 0.9246112623702971
0.34423640098597696 0.9246112623702971
0.348276805026381 0.9246112623702971
0.352317209066785 0.9246112623702971
0.35635761310718905 0.9246112623702971
0.3603980171475931 0.9246112623702971
0.36443842118799713 0.9246112623702971
0.36847882522840114 0.9246112623702971
0.3725192292688052 0.9246112623702971
0.3765596333092093 0.9246112623702971
0.3806000373496133 0.9246112623702971
0.38464044139001735 0.9246112623702971
0.38868084543042136 0.9246112623702971
0.39272124947082543 0.9246112623702971
0.39676165351122944 0.9246112623702971
0.4008020575516335 0.9246112623702971
0.4048424615920375 0.9246112623702971
0.4088828656324416 0.9246112623702971
0.41292326967284565 0.9246112623702971
0.41696367371324966 0.9246112623702971
0.42100407775365367 0.9246112623702971
0.3078727646223406 0.9286516664107012
0.32403438078395674 0.9286516664107012
0.32807478482436075 0.9286516664107012
0.3321151888647648 0.9286516664107012
0.33615559290516883 0.9286516664107012
0.3401959969455729 0.9286516664107012
0.34423640098597696 0.9286516664107012
0.348276805026381 0.9286516664107012
0.352317209066785 0.9286516664107012
0.35635761310718905 0.9286516664107012
0.3603980171475931 0.9286516664107012
0.36443842118799713 0.9286516664107012
0.36847882522840114 0.9286516664107012
0.3725192292688052 0.9286516664107012
0.3765596333092093 0.9286516664107012
0.3806000373496133 0.9286516664107012
0.38464044139001735 0.9286516664107012
0.38868084543042136 0.9286516664107012
0.39272124947082543 0.9286516664107012
0.39676165351122944 0.9286516664107012
0.4008020575516335 0.9286516664107012
0.4048424615920375 0.9286516664107012
0.4088828656324416 0.9286516664107012
0.41292326967284565 0.9286516664107012
0.3119131686627446 0.9326920704511052
0.3159535727031486 0.9326920704511052
0.3199939767435527 0.9326920704511052
0.32403438078395674 0.9326920704511052
0.32807478482436075 0.9326920704511052
0.3321151888647648 0.9326920704511052
0.33615559290516883 0.9326920704511052
0.3401959969455729 0.9326920704511052
0.34423640098597696 0.9326920704511052
0.348276805026381 0.9326920704511052
0.352317209066785 0.9326920704511052
0.35635761310718905 0.9326920704511052
0.3603980171475931 0.9326920704511052
0.36443842118799713 0.9326920704511052
0.36847882522840114 0.9326920704511052
0.3725192292688052 0.9326920704511052
0.3765596333092093 0.9326920704511052
0.3806000373496133 0.9326920704511052
0.38464044139001735 0.9326920704511052
0.38868084543042136 0.9326920704511052
0.39272124947082543 0.9326920704511052
0.39676165351122944 0.9326920704511052
0.4008020575516335 0.9326920704511052
0.29575155250112845 0.9367324744915093
0.29979195654153246 0.9367324744915093
0.3038323605819365 0.9367324744915093
0.3078727646223406 0.9367324744915093
0.3119131686627446 0.9367324744915093
0.3159535727031486 0.9367324744915093
0.3199939767435527 0.9367324744915093
0.32403438078395674 0.9367324744915093
0.32807478482436075 0.9367324744915093
0.3321151888647648 0.9367324744915093
0.33615559290516883 0.9367324744915093
0.3401959969455729 0.9367324744915093
0.34423640098597696 0.9367324744915093
0.348276805026381 0.9367324744915093
0.352317209066785 0.9367324744915093
0.35635761310718905 0.9367324744915093
0.3603980171475931 0.9367324744915093
0.36443842118799713 0.9367324744915093
0.36847882522840114 0.9367324744915093
0.3725192292688052 0.9367324744915093
0.3765596333092093 0.9367324744915093
0.3806000373496133 0.9367324744915093
0.38464044139001735 0.9367324744915093
0.38868084543042136 0.9367324744915093
0.39272124947082543 0.9367324744915093
0.29575155250112845 0.9407728785319134
0.29979195654153246 0.9407728785319134
0.3038323605819365 0.9407728785319134
0.3078727646223406 0.9407728785319134
0.3119131686627446 0.9407728785319134
0.3159535727031486 0.9407728785319134
0.3199939767435527 0.9407728785319134
0.32403438078395674 0.9407728785319134
0.32807478482436075 0.9407728785319134
0.3321151888647648 0.9407728785319134
0.33615559290516883 0.9407728785319134
0.3401959969455729 0.9407728785319134
0.34423640098597696 0.9407728785319134
0.348276805026381 0.9407728785319134
0.352317209066785 0.9407728785319134
0.35635761310718905 0.9407728785319134
0.3603980171475931 0.9407728785319134
0.36443842118799713 0.9407728785319134
0.36847882522840114 0.9407728785319134
0.3725192292688052 0.9407728785319134
0.3765596333092093 0.9407728785319134
0.3806000373496133 0.9407728785319134
0.38464044139001735 0.9407728785319134
0.29575155250112845 0.9448132825723174
0.29979195654153246 0.9448132825723174
0.3038323605819365 0.9448132825723174
0.3078727646223406 0.9448132825723174
0.3119131686627446 0.9448132825723174
0.3159535727031486 0.9448132825723174
0.3199939767435527 0.9448132825723174
0.32403438078395674 0.9448132825723174
0.32807478482436075 0.9448132825723174
0.3321151888647648 0.9448132825723174
0.33615559290516883 0.9448132825723174
0.3401959969455729 0.9448132825723174
0.34423640098597696 0.9448132825723174
0.348276805026381 0.9448132825723174
0.352317209066785 0.9448132825723174
0.35635761310718905 0.9448132825723174
0.3603980171475931 0.9448132825723174
0.36443842118799713 0.9448132825723174
0.3725192292688052 0.9448132825723174
0.29575155250112845 0.9488536866127214
0.29979195654153246 0.9488536866127214
0.3038323605819365 0.9488536866127214
0.3078727646223406 0.9488536866127214
0.3119131686627446 0.9488536866127214
0.3159535727031486 0.9488536866127214
0.3199939767435527 0.9488536866127214
0.32403438078395674 0.9488536866127214
0.32807478482436075 0.9488536866127214
0.3321151888647648 0.9488536866127214
0.33615559290516883 0.9488536866127214
0.3401959969455729 0.9488536866127214
0.34423640098597696 0.9488536866127214
0.348276805026381 0.9488536866127214
0.3603980171475931 0.9488536866127214
0.29575155250112845 0.9528940906531255
0.29979195654153246 0.9528940906531255
0.3038323605819365 0.9528940906531255
0.3078727646223406 0.9528940906531255
0.3119131686627446 0.9528940906531255
0.3159535727031486 0.9528940906531255
0.3199939767435527 0.9528940906531255
0.32403438078395674 0.9528940906531255
0.32807478482436075 0.9528940906531255
0.3321151888647648 0.9528940906531255
0.33615559290516883 0.9528940906531255
0.3401959969455729 0.9528940906531255
0.34423640098597696 0.9528940906531255
0.348276805026381 0.9528940906531255
0.352317209066785 0.9528940906531255
0.35635761310718905 0.9528940906531255
0.29575155250112845 0.9569344946935294
0.29979195654153246 0.9569344946935294
0.3038323605819365 0.9569344946935294
0.3078727646223406 0.9569344946935294
0.3119131686627446 0.9569344946935294
0.3159535727031486 0.9569344946935294
0.3199939767435527 0.9569344946935294
0.32403438078395674 0.9569344946935294
0.32807478482436075 0.9569344946935294
0.3321151888647648 0.9569344946935294
0.3401959969455729 0.9569344946935294
0.34423640098597696 0.9569344946935294
0.29575155250112845 0.9609748987339335
0.29979195654153246 0.9609748987339335
0.3038323605819365 0.9609748987339335
0.3078727646223406 0.9609748987339335
0.3119131686627446 0.9609748987339335
0.3159535727031486 0.9609748987339335
0.3199939767435527 0.9609748987339335
0.32807478482436075 0.9609748987339335
0.29575155250112845 0.9650153027743376
0.29979195654153246 0.9650153027743376
0.3038323605819365 0.9650153027743376
0.3078727646223406 0.9650153027743376
0.3159535727031486 0.9650153027743376
0.29575155250112845 0.9690557068147416
0.29979195654153246 0.9690557068147416
0.3038323605819365 0.9690557068147416
0.3078727646223406 0.9730961108551457
