# x y
0.6999726406833138 0.7145102522692871
0.6959322366429097 0.7185506563096911
0.6918918326025056 0.7225910603500951
0.6878514285621016 0.7266314643904992
0.6797706204812934 0.7306718684309033
0.6838110245216975 0.7306718684309033
0.6757302164408894 0.7347122724713073
0.6797706204812934 0.7347122724713073
0.6716898124004854 0.7387526765117113
0.6757302164408894 0.7387526765117113
0.6676494083600814 0.7427930805521153
0.6716898124004854 0.7427930805521153
0.6636090043196774 0.7468334845925194
0.6676494083600814 0.7468334845925194
0.6595686002792733 0.7508738886329235
0.6555281962388693 0.7549142926733274
0.6514877921984652 0.7589546967137315
0.6434069841176571 0.7629951007541356
0.6474473881580611 0.7629951007541356
0.6393665800772531 0.7670355047945396
0.6434069841176571 0.7670355047945396
0.635326176036849 0.7710759088349436
0.6393665800772531 0.7710759088349436
0.6312857719964451 0.7751163128753477
0.627245367956041 0.7791567169157517
0.6191645598752329 0.7831971209561558
0.623204963915637 0.7831971209561558
0.6151241558348288 0.7872375249965597
0.6191645598752329 0.7872375249965597
0.6110837517944248 0.7912779290369638
0.6030029437136167 0.7953183330773679
0.6070433477540207 0.7953183330773679
0.5989625396732127 0.799358737117772
0.6030029437136167 0.799358737117772
0.5949221356328087 0.803399141158176
0.5989625396732127 0.803399141158176
0.5868413275520006 0.80743954519858
0.5908817315924046 0.80743954519858
0.5828009235115965 0.811479949238984
0.5868413275520006 0.811479949238984
0.5787605194711924 0.8155203532793881
0.5706797113903844 0.819560757319792
0.5747201154307884 0.819560757319792
0.5666393073499804 0.8236011613601961
0.5706797113903844 0.8236011613601961
0.5585584992691723 0.8276415654006002
0.5625989033095764 0.8276415654006002
0.5545180952287683 0.8316819694410043
0.5585584992691723 0.8316819694410043
0.5464372871479601 0.8357223734814083
0.5504776911883642 0.8357223734814083
0.5423968831075561 0.8397627775218124
0.5464372871479601 0.8397627775218124
0.534316075026748 0.8438031815622163
0.5383564790671521 0.8438031815622163
0.52623526694594 0.8478435856026204
0.530275670986344 0.8478435856026204
0.522194862905536 0.8518839896430245
0.52623526694594 0.8518839896430245
0.5141140548247278 0.8559243936834284
0.5181544588651319 0.8559243936834284
0.5100736507843238 0.8599647977238325
0.5141140548247278 0.8599647977238325
0.5019928427035157 0.8640052017642366
0.5060332467439197 0.8640052017642366
0.4939120346227076 0.8680456058046406
0.4979524386631117 0.8680456058046406
0.4858312265418996 0.8720860098450447
0.4898716305823036 0.8720860098450447
0.47775041846109145 0.8761264138854487
0.4817908225014955 0.8761264138854487
0.4858312265418996 0.8761264138854487
0.47371001442068744 0.8801668179258527
0.47775041846109145 0.8801668179258527
0.46562920633987936 0.8842072219662568
0.46966961038028343 0.8842072219662568
0.45754839825907123 0.8882476260066607
0.4615888022994753 0.8882476260066607
0.4494675901782632 0.8922880300470648
0.4535079942186672 0.8922880300470648
0.4413867820974551 0.8963284340874689
0.44542718613785914 0.8963284340874689
0.43330597401664706 0.9003688381278729
0.43734637805705107 0.9003688381278729
0.4252251659358389 0.904409242168277
0.429265569976243 0.904409242168277
0.41310395381462683 0.9084496462086811
0.4171443578550309 0.9084496462086811
0.4211847618954349 0.9084496462086811
0.40502314573381876 0.912490050249085
0.40906354977422277 0.912490050249085
0.41310395381462683 0.912490050249085
0.3969423376530107 0.9165304542894891
0.4009827416934147 0.9165304542894891
0.40502314573381876 0.9165304542894891
0.3888615295722026 0.920570858329893
0.3929019336126066 0.920570858329893
0.37674031745099046 0.9246112623702971
0.3807807214913945 0.9246112623702971
0.38482112553179854 0.9246112623702971
0.3686595093701824 0.9286516664107012
0.3726999134105864 0.9286516664107012
0.35653829724897024 0.9326920704511052
0.3605787012893743 0.9326920704511052
0.36461910532977837 0.9326920704511052
0.34441708512775815 0.9367324744915093
0.3484574891681622 0.9367324744915093
0.3524978932085662 0.9367324744915093
0.33633627704695007 0.9407728785319134
0.3403766810873541 0.9407728785319134
0.34441708512775815 0.9407728785319134
0.32421506492573793 0.9448132825723174
0.328255468966142 0.9448132825723174
0.332295873006546 0.9448132825723174
0.31209385280452584 0.9488536866127214
0.31613425684492985 0.9488536866127214
0.32017466088533386 0.9488536866127214
0.2999726406833137 0.9528940906531255
0.3040130447237177 0.9528940906531255
0.3080534487641218 0.9528940906531255
