# x y
0.6636047592265387 0.7629951007541356
0.6595643551861347 0.7791567169157517
0.6312815269033064 0.803399141158176
0.6110795067012862 0.819560757319792
0.582796678418458 0.8276415654006002
0.59491789053967 0.8316819694410043
0.5181502137719932 0.8640052017642366
0.49390778952956904 0.8801668179258527
0.5019885976103771 0.8801668179258527
0.4737057693275488 0.8963284340874689
0.4454229410447205 0.904409242168277
0.4817865774083569 0.904409242168277
0.4171401127618922 0.9246112623702971
0.36865526427704376 0.9407728785319134
0.3646148602366397 0.9609748987339335
