# x y
0.6959150646806991 0.7145102522692871
0.6999554687211031 0.7145102522692871
0.691874660640295 0.7185506563096911
0.6959150646806991 0.7185506563096911
0.687834256599891 0.7225910603500951
0.691874660640295 0.7225910603500951
0.6837938525594869 0.7266314643904992
0.687834256599891 0.7266314643904992
0.6797534485190828 0.7306718684309033
0.6837938525594869 0.7306718684309033
0.6757130444786787 0.7347122724713073
0.6797534485190828 0.7347122724713073
0.6716726404382748 0.7387526765117113
0.6757130444786787 0.7387526765117113
0.6676322363978707 0.7427930805521153
0.6716726404382748 0.7427930805521153
0.6635918323574668 0.7468334845925194
0.6676322363978707 0.7468334845925194
0.6595514283170627 0.7508738886329235
0.6635918323574668 0.7508738886329235
0.6555110242766586 0.7549142926733274
0.6595514283170627 0.7549142926733274
0.6474302161958505 0.7589546967137315
0.6514706202362546 0.7589546967137315
0.6433898121554464 0.7629951007541356
0.6474302161958505 0.7629951007541356
0.6393494081150425 0.7670355047945396
0.6433898121554464 0.7670355047945396
0.6353090040746384 0.7710759088349436
0.6393494081150425 0.7710759088349436
0.6312686000342345 0.7751163128753477
0.6353090040746384 0.7751163128753477
0.6231877919534263 0.7791567169157517
0.6272281959938304 0.7791567169157517
0.6191473879130223 0.7831971209561558
0.6231877919534263 0.7831971209561558
0.6151069838726182 0.7872375249965597
0.6191473879130223 0.7872375249965597
0.6070261757918101 0.7912779290369638
0.6110665798322141 0.7912779290369638
0.6151069838726182 0.7912779290369638
0.6029857717514061 0.7953183330773679
0.6070261757918101 0.7953183330773679
0.598945367711002 0.799358737117772
0.6029857717514061 0.799358737117772
0.590864559630194 0.803399141158176
0.5949049636705981 0.803399141158176
0.598945367711002 0.803399141158176
0.58682415558979 0.80743954519858
0.590864559630194 0.80743954519858
0.5827837515493859 0.811479949238984
0.58682415558979 0.811479949238984
0.5747029434685778 0.8155203532793881
0.5787433475089818 0.8155203532793881
0.5827837515493859 0.8155203532793881
0.5706625394281738 0.819560757319792
0.5747029434685778 0.819560757319792
0.5625817313473658 0.8236011613601961
0.5666221353877697 0.8236011613601961
0.5706625394281738 0.8236011613601961
0.5585413273069617 0.8276415654006002
0.5625817313473658 0.8276415654006002
0.5504605192261536 0.8316819694410043
0.5545009232665576 0.8316819694410043
0.5585413273069617 0.8316819694410043
0.5464201151857495 0.8357223734814083
0.5504605192261536 0.8357223734814083
0.5383393071049415 0.8397627775218124
0.5423797111453454 0.8397627775218124
0.5464201151857495 0.8397627775218124
0.5342989030645374 0.8438031815622163
0.5383393071049415 0.8438031815622163
0.5262180949837294 0.8478435856026204
0.5302584990241334 0.8478435856026204
0.5342989030645374 0.8478435856026204
0.5221776909433253 0.8518839896430245
0.5262180949837294 0.8518839896430245
0.5140968828625172 0.8559243936834284
0.5181372869029213 0.8559243936834284
0.5221776909433253 0.8559243936834284
0.5060160747817091 0.8599647977238325
0.5100564788221131 0.8599647977238325
0.5140968828625172 0.8599647977238325
0.5019756707413051 0.8640052017642366
0.5060160747817091 0.8640052017642366
0.493894862660497 0.8680456058046406
0.49793526670090105 0.8680456058046406
0.48581405457968896 0.8720860098450447
0.48985445862009297 0.8720860098450447
0.493894862660497 0.8720860098450447
0.4777332464988808 0.8761264138854487
0.4817736505392849 0.8761264138854487
0.48581405457968896 0.8761264138854487
0.4696524384180728 0.8801668179258527
0.4736928424584768 0.8801668179258527
0.4777332464988808 0.8801668179258527
0.46157163033726467 0.8842072219662568
0.46561203437766874 0.8842072219662568
0.4696524384180728 0.8842072219662568
0.4534908222564566 0.8882476260066607
0.4575312262968606 0.8882476260066607
0.46157163033726467 0.8882476260066607
0.4454100141756485 0.8922880300470648
0.4494504182160526 0.8922880300470648
0.4534908222564566 0.8922880300470648
0.43732920609484044 0.8963284340874689
0.44136961013524445 0.8963284340874689
0.4454100141756485 0.8963284340874689
0.42924839801403236 0.9003688381278729
0.43328880205443643 0.9003688381278729
0.43732920609484044 0.9003688381278729
0.4211675899332243 0.904409242168277
0.4252079939736283 0.904409242168277
0.42924839801403236 0.904409242168277
0.4130867818524162 0.9084496462086811
0.4171271858928203 0.9084496462086811
0.4211675899332243 0.9084496462086811
0.40500597377160813 0.912490050249085
0.40904637781201214 0.912490050249085
0.4130867818524162 0.912490050249085
0.39692516569080005 0.9165304542894891
0.40096556973120406 0.9165304542894891
0.40500597377160813 0.9165304542894891
0.3848039535695879 0.920570858329893
0.388844357609992 0.920570858329893
0.392884761650396 0.920570858329893
0.39692516569080005 0.920570858329893
0.37672314548877983 0.9246112623702971
0.3807635495291839 0.9246112623702971
0.3848039535695879 0.9246112623702971
0.36460193336756774 0.9286516664107012
0.36864233740797175 0.9286516664107012
0.37268274144837577 0.9286516664107012
0.37672314548877983 0.9286516664107012
0.3565211252867596 0.9326920704511052
0.3605615293271637 0.9326920704511052
0.36460193336756774 0.9326920704511052
0.3443999131655475 0.9367324744915093
0.3484403172059516 0.9367324744915093
0.3524807212463556 0.9367324744915093
0.3565211252867596 0.9367324744915093
0.3322787010443354 0.9407728785319134
0.33631910508473944 0.9407728785319134
0.34035950912514346 0.9407728785319134
0.3443999131655475 0.9407728785319134
0.32015748892312323 0.9448132825723174
0.3241978929635273 0.9448132825723174
0.32823829700393137 0.9448132825723174
0.3322787010443354 0.9448132825723174
0.30803627680191115 0.9488536866127214
0.3120766808423152 0.9488536866127214
0.3161170848827192 0.9488536866127214
0.32015748892312323 0.9488536866127214
0.29995546872110307 0.9528940906531255
0.3039958727615071 0.9528940906531255
0.30803627680191115 0.9528940906531255
