# x y
0.6993845018205314 0.702389040148075
0.6953440977801273 0.706429444188479
0.6993845018205314 0.706429444188479
0.6913036937397232 0.710469848228883
0.6953440977801273 0.710469848228883
0.6993845018205314 0.710469848228883
0.6872632896993192 0.7145102522692871
0.6913036937397232 0.7145102522692871
0.6953440977801273 0.7145102522692871
0.6993845018205314 0.7145102522692871
0.6832228856589151 0.7185506563096911
0.6872632896993192 0.7185506563096911
0.6913036937397232 0.7185506563096911
0.6953440977801273 0.7185506563096911
0.6993845018205314 0.7185506563096911
0.679182481618511 0.7225910603500951
0.6832228856589151 0.7225910603500951
0.6872632896993192 0.7225910603500951
0.6913036937397232 0.7225910603500951
0.6953440977801273 0.7225910603500951
0.6993845018205314 0.7225910603500951
0.675142077578107 0.7266314643904992
0.679182481618511 0.7266314643904992
0.6832228856589151 0.7266314643904992
0.6872632896993192 0.7266314643904992
0.6913036937397232 0.7266314643904992
0.6953440977801273 0.7266314643904992
0.6993845018205314 0.7266314643904992
0.671101673537703 0.7306718684309033
0.675142077578107 0.7306718684309033
0.679182481618511 0.7306718684309033
0.6832228856589151 0.7306718684309033
0.6872632896993192 0.7306718684309033
0.6913036937397232 0.7306718684309033
0.6953440977801273 0.7306718684309033
0.6670612694972989 0.7347122724713073
0.671101673537703 0.7347122724713073
0.675142077578107 0.7347122724713073
0.679182481618511 0.7347122724713073
0.6832228856589151 0.7347122724713073
0.6872632896993192 0.7347122724713073
0.6913036937397232 0.7347122724713073
0.6589804614164909 0.7387526765117113
0.663020865456895 0.7387526765117113
0.6670612694972989 0.7387526765117113
0.671101673537703 0.7387526765117113
0.675142077578107 0.7387526765117113
0.679182481618511 0.7387526765117113
0.6832228856589151 0.7387526765117113
0.6872632896993192 0.7387526765117113
0.6549400573760868 0.7427930805521153
0.6589804614164909 0.7427930805521153
0.663020865456895 0.7427930805521153
0.6670612694972989 0.7427930805521153
0.671101673537703 0.7427930805521153
0.675142077578107 0.7427930805521153
0.679182481618511 0.7427930805521153
0.6508996533356828 0.7468334845925194
0.6549400573760868 0.7468334845925194
0.6589804614164909 0.7468334845925194
0.663020865456895 0.7468334845925194
0.6670612694972989 0.7468334845925194
0.671101673537703 0.7468334845925194
0.675142077578107 0.7468334845925194
0.6468592492952787 0.7508738886329235
0.6508996533356828 0.7508738886329235
0.6549400573760868 0.7508738886329235
0.6589804614164909 0.7508738886329235
0.663020865456895 0.7508738886329235
0.6670612694972989 0.7508738886329235
0.671101673537703 0.7508738886329235
0.6428188452548746 0.7549142926733274
0.6468592492952787 0.7549142926733274
0.6508996533356828 0.7549142926733274
0.6549400573760868 0.7549142926733274
0.6589804614164909 0.7549142926733274
0.663020865456895 0.7549142926733274
0.6670612694972989 0.7549142926733274
0.6387784412144707 0.7589546967137315
0.6428188452548746 0.7589546967137315
0.6468592492952787 0.7589546967137315
0.6508996533356828 0.7589546967137315
0.6549400573760868 0.7589546967137315
0.6589804614164909 0.7589546967137315
0.663020865456895 0.7589546967137315
0.6306976331336627 0.7629951007541356
0.6347380371740666 0.7629951007541356
0.6387784412144707 0.7629951007541356
0.6428188452548746 0.7629951007541356
0.6468592492952787 0.7629951007541356
0.6508996533356828 0.7629951007541356
0.6549400573760868 0.7629951007541356
0.6589804614164909 0.7629951007541356
0.6266572290932586 0.7670355047945396
0.6306976331336627 0.7670355047945396
0.6347380371740666 0.7670355047945396
0.6387784412144707 0.7670355047945396
0.6428188452548746 0.7670355047945396
0.6468592492952787 0.7670355047945396
0.6508996533356828 0.7670355047945396
0.6549400573760868 0.7670355047945396
0.6226168250528545 0.7710759088349436
0.6266572290932586 0.7710759088349436
0.6306976331336627 0.7710759088349436
0.6347380371740666 0.7710759088349436
0.6387784412144707 0.7710759088349436
0.6428188452548746 0.7710759088349436
0.6468592492952787 0.7710759088349436
0.6508996533356828 0.7710759088349436
0.6185764210124505 0.7751163128753477
0.6226168250528545 0.7751163128753477
0.6266572290932586 0.7751163128753477
0.6306976331336627 0.7751163128753477
0.6347380371740666 0.7751163128753477
0.6387784412144707 0.7751163128753477
0.6428188452548746 0.7751163128753477
0.6104956129316423 0.7791567169157517
0.6145360169720464 0.7791567169157517
0.6185764210124505 0.7791567169157517
0.6226168250528545 0.7791567169157517
0.6266572290932586 0.7791567169157517
0.6306976331336627 0.7791567169157517
0.6347380371740666 0.7791567169157517
0.6387784412144707 0.7791567169157517
0.6064552088912383 0.7831971209561558
0.6104956129316423 0.7831971209561558
0.6145360169720464 0.7831971209561558
0.6185764210124505 0.7831971209561558
0.6226168250528545 0.7831971209561558
0.6266572290932586 0.7831971209561558
0.6306976331336627 0.7831971209561558
0.6347380371740666 0.7831971209561558
0.6024148048508343 0.7872375249965597
0.6064552088912383 0.7872375249965597
0.6104956129316423 0.7872375249965597
0.6145360169720464 0.7872375249965597
0.6185764210124505 0.7872375249965597
0.6226168250528545 0.7872375249965597
0.6266572290932586 0.7872375249965597
0.6306976331336627 0.7872375249965597
0.5943339967700263 0.7912779290369638
0.5983744008104303 0.7912779290369638
0.6024148048508343 0.7912779290369638
0.6064552088912383 0.7912779290369638
0.6104956129316423 0.7912779290369638
0.6145360169720464 0.7912779290369638
0.6185764210124505 0.7912779290369638
0.6226168250528545 0.7912779290369638
0.6266572290932586 0.7912779290369638
0.5902935927296222 0.7953183330773679
0.5943339967700263 0.7953183330773679
0.5983744008104303 0.7953183330773679
0.6024148048508343 0.7953183330773679
0.6064552088912383 0.7953183330773679
0.6104956129316423 0.7953183330773679
0.6145360169720464 0.7953183330773679
0.6185764210124505 0.7953183330773679
0.5862531886892182 0.799358737117772
0.5902935927296222 0.799358737117772
0.5943339967700263 0.799358737117772
0.5983744008104303 0.799358737117772
0.6024148048508343 0.799358737117772
0.6064552088912383 0.799358737117772
0.6104956129316423 0.799358737117772
0.6145360169720464 0.799358737117772
0.57817238060841 0.803399141158176
0.5822127846488141 0.803399141158176
0.5862531886892182 0.803399141158176
0.5902935927296222 0.803399141158176
0.5943339967700263 0.803399141158176
0.5983744008104303 0.803399141158176
0.6024148048508343 0.803399141158176
0.6064552088912383 0.803399141158176
0.6104956129316423 0.803399141158176
0.574131976568006 0.80743954519858
0.57817238060841 0.80743954519858
0.5822127846488141 0.80743954519858
0.5862531886892182 0.80743954519858
0.5902935927296222 0.80743954519858
0.5943339967700263 0.80743954519858
0.5983744008104303 0.80743954519858
0.6024148048508343 0.80743954519858
0.570091572527602 0.811479949238984
0.574131976568006 0.811479949238984
0.57817238060841 0.811479949238984
0.5822127846488141 0.811479949238984
0.5862531886892182 0.811479949238984
0.5902935927296222 0.811479949238984
0.5943339967700263 0.811479949238984
0.5983744008104303 0.811479949238984
0.562010764446794 0.8155203532793881
0.5660511684871979 0.8155203532793881
0.570091572527602 0.8155203532793881
0.574131976568006 0.8155203532793881
0.57817238060841 0.8155203532793881
0.5822127846488141 0.8155203532793881
0.5862531886892182 0.8155203532793881
0.5902935927296222 0.8155203532793881
0.5943339967700263 0.8155203532793881
0.5579703604063899 0.819560757319792
0.562010764446794 0.819560757319792
0.5660511684871979 0.819560757319792
0.570091572527602 0.819560757319792
0.574131976568006 0.819560757319792
0.57817238060841 0.819560757319792
0.5822127846488141 0.819560757319792
0.5862531886892182 0.819560757319792
0.5498895523255818 0.8236011613601961
0.5539299563659859 0.8236011613601961
0.5579703604063899 0.8236011613601961
0.562010764446794 0.8236011613601961
0.5660511684871979 0.8236011613601961
0.570091572527602 0.8236011613601961
0.574131976568006 0.8236011613601961
0.57817238060841 0.8236011613601961
0.5822127846488141 0.8236011613601961
0.5458491482851777 0.8276415654006002
0.5498895523255818 0.8276415654006002
0.5539299563659859 0.8276415654006002
0.5579703604063899 0.8276415654006002
0.562010764446794 0.8276415654006002
0.5660511684871979 0.8276415654006002
0.570091572527602 0.8276415654006002
0.574131976568006 0.8276415654006002
0.57817238060841 0.8276415654006002
0.5377683402043697 0.8316819694410043
0.5418087442447737 0.8316819694410043
0.5458491482851777 0.8316819694410043
0.5498895523255818 0.8316819694410043
0.5539299563659859 0.8316819694410043
0.5579703604063899 0.8316819694410043
0.562010764446794 0.8316819694410043
0.5660511684871979 0.8316819694410043
0.570091572527602 0.8316819694410043
0.5337279361639656 0.8357223734814083
0.5377683402043697 0.8357223734814083
0.5418087442447737 0.8357223734814083
0.5458491482851777 0.8357223734814083
0.5498895523255818 0.8357223734814083
0.5539299563659859 0.8357223734814083
0.5579703604063899 0.8357223734814083
0.562010764446794 0.8357223734814083
0.5660511684871979 0.8357223734814083
0.5256471280831576 0.8397627775218124
0.5296875321235616 0.8397627775218124
0.5337279361639656 0.8397627775218124
0.5377683402043697 0.8397627775218124
0.5418087442447737 0.8397627775218124
0.5458491482851777 0.8397627775218124
0.5498895523255818 0.8397627775218124
0.5539299563659859 0.8397627775218124
0.5579703604063899 0.8397627775218124
0.5175663200023495 0.8438031815622163
0.5216067240427535 0.8438031815622163
0.5256471280831576 0.8438031815622163
0.5296875321235616 0.8438031815622163
0.5337279361639656 0.8438031815622163
0.5377683402043697 0.8438031815622163
0.5418087442447737 0.8438031815622163
0.5458491482851777 0.8438031815622163
0.5498895523255818 0.8438031815622163
0.5539299563659859 0.8438031815622163
0.5135259159619454 0.8478435856026204
0.5175663200023495 0.8478435856026204
0.5216067240427535 0.8478435856026204
0.5256471280831576 0.8478435856026204
0.5296875321235616 0.8478435856026204
0.5337279361639656 0.8478435856026204
0.5377683402043697 0.8478435856026204
0.5418087442447737 0.8478435856026204
0.5458491482851777 0.8478435856026204
0.5054451078811373 0.8518839896430245
0.5094855119215413 0.8518839896430245
0.5135259159619454 0.8518839896430245
0.5175663200023495 0.8518839896430245
0.5216067240427535 0.8518839896430245
0.5256471280831576 0.8518839896430245
0.5296875321235616 0.8518839896430245
0.5337279361639656 0.8518839896430245
0.5377683402043697 0.8518839896430245
0.5418087442447737 0.8518839896430245
0.49736429980032926 0.8559243936834284
0.5014047038407333 0.8559243936834284
0.5054451078811373 0.8559243936834284
0.5094855119215413 0.8559243936834284
0.5135259159619454 0.8559243936834284
0.5175663200023495 0.8559243936834284
0.5216067240427535 0.8559243936834284
0.5256471280831576 0.8559243936834284
0.5296875321235616 0.8559243936834284
0.5337279361639656 0.8559243936834284
0.4933238957599252 0.8599647977238325
0.49736429980032926 0.8599647977238325
0.5014047038407333 0.8599647977238325
0.5054451078811373 0.8599647977238325
0.5094855119215413 0.8599647977238325
0.5135259159619454 0.8599647977238325
0.5175663200023495 0.8599647977238325
0.5216067240427535 0.8599647977238325
0.5256471280831576 0.8599647977238325
0.48524308767911717 0.8640052017642366
0.4892834917195212 0.8640052017642366
0.4933238957599252 0.8640052017642366
0.49736429980032926 0.8640052017642366
0.5014047038407333 0.8640052017642366
0.5054451078811373 0.8640052017642366
0.5094855119215413 0.8640052017642366
0.5135259159619454 0.8640052017642366
0.5175663200023495 0.8640052017642366
0.5216067240427535 0.8640052017642366
0.47716227959830904 0.8680456058046406
0.4812026836387131 0.8680456058046406
0.48524308767911717 0.8680456058046406
0.4892834917195212 0.8680456058046406
0.4933238957599252 0.8680456058046406
0.49736429980032926 0.8680456058046406
0.5014047038407333 0.8680456058046406
0.5054451078811373 0.8680456058046406
0.5094855119215413 0.8680456058046406
0.5135259159619454 0.8680456058046406
0.469081471517501 0.8720860098450447
0.473121875557905 0.8720860098450447
0.47716227959830904 0.8720860098450447
0.4812026836387131 0.8720860098450447
0.48524308767911717 0.8720860098450447
0.4892834917195212 0.8720860098450447
0.4933238957599252 0.8720860098450447
0.49736429980032926 0.8720860098450447
0.5014047038407333 0.8720860098450447
0.5054451078811373 0.8720860098450447
0.4610006634366929 0.8761264138854487
0.46504106747709695 0.8761264138854487
0.469081471517501 0.8761264138854487
0.473121875557905 0.8761264138854487
0.47716227959830904 0.8761264138854487
0.4812026836387131 0.8761264138854487
0.48524308767911717 0.8761264138854487
0.4892834917195212 0.8761264138854487
0.4933238957599252 0.8761264138854487
0.49736429980032926 0.8761264138854487
0.5014047038407333 0.8761264138854487
0.4529198553558848 0.8801668179258527
0.4569602593962888 0.8801668179258527
0.4610006634366929 0.8801668179258527
0.46504106747709695 0.8801668179258527
0.469081471517501 0.8801668179258527
0.473121875557905 0.8801668179258527
0.47716227959830904 0.8801668179258527
0.4812026836387131 0.8801668179258527
0.48524308767911717 0.8801668179258527
0.4892834917195212 0.8801668179258527
0.4933238957599252 0.8801668179258527
0.4448390472750767 0.8842072219662568
0.4488794513154808 0.8842072219662568
0.4529198553558848 0.8842072219662568
0.4569602593962888 0.8842072219662568
0.4610006634366929 0.8842072219662568
0.46504106747709695 0.8842072219662568
0.469081471517501 0.8842072219662568
0.473121875557905 0.8842072219662568
0.47716227959830904 0.8842072219662568
0.4812026836387131 0.8842072219662568
0.48524308767911717 0.8842072219662568
0.43675823919426865 0.8882476260066607
0.44079864323467266 0.8882476260066607
0.4448390472750767 0.8882476260066607
0.4488794513154808 0.8882476260066607
0.4529198553558848 0.8882476260066607
0.4569602593962888 0.8882476260066607
0.4610006634366929 0.8882476260066607
0.46504106747709695 0.8882476260066607
0.469081471517501 0.8882476260066607
0.473121875557905 0.8882476260066607
0.47716227959830904 0.8882476260066607
0.42867743111346057 0.8922880300470648
0.43271783515386464 0.8922880300470648
0.43675823919426865 0.8922880300470648
0.44079864323467266 0.8922880300470648
0.4448390472750767 0.8922880300470648
0.4488794513154808 0.8922880300470648
0.4529198553558848 0.8922880300470648
0.4569602593962888 0.8922880300470648
0.4610006634366929 0.8922880300470648
0.46504106747709695 0.8922880300470648
0.469081471517501 0.8922880300470648
0.4205966230326525 0.8963284340874689
0.4246370270730565 0.8963284340874689
0.42867743111346057 0.8963284340874689
0.43271783515386464 0.8963284340874689
0.43675823919426865 0.8963284340874689
0.44079864323467266 0.8963284340874689
0.4448390472750767 0.8963284340874689
0.4488794513154808 0.8963284340874689
0.4529198553558848 0.8963284340874689
0.4569602593962888 0.8963284340874689
0.4610006634366929 0.8963284340874689
0.4125158149518444 0.9003688381278729
0.4165562189922485 0.9003688381278729
0.4205966230326525 0.9003688381278729
0.4246370270730565 0.9003688381278729
0.42867743111346057 0.9003688381278729
0.43271783515386464 0.9003688381278729
0.43675823919426865 0.9003688381278729
0.44079864323467266 0.9003688381278729
0.4448390472750767 0.9003688381278729
0.4488794513154808 0.9003688381278729
0.4529198553558848 0.9003688381278729
0.40443500687103634 0.904409242168277
0.40847541091144035 0.904409242168277
0.4125158149518444 0.904409242168277
0.4165562189922485 0.904409242168277
0.4205966230326525 0.904409242168277
0.4246370270730565 0.904409242168277
0.42867743111346057 0.904409242168277
0.43271783515386464 0.904409242168277
0.43675823919426865 0.904409242168277
0.44079864323467266 0.904409242168277
0.4448390472750767 0.904409242168277
0.39635419879022826 0.9084496462086811
0.4003946028306323 0.9084496462086811
0.40443500687103634 0.9084496462086811
0.40847541091144035 0.9084496462086811
0.4125158149518444 0.9084496462086811
0.4165562189922485 0.9084496462086811
0.4205966230326525 0.9084496462086811
0.4246370270730565 0.9084496462086811
0.42867743111346057 0.9084496462086811
0.43271783515386464 0.9084496462086811
0.43675823919426865 0.9084496462086811
0.3842329866690161 0.912490050249085
0.3882733907094202 0.912490050249085
0.3923137947498242 0.912490050249085
0.39635419879022826 0.912490050249085
0.4003946028306323 0.912490050249085
0.40443500687103634 0.912490050249085
0.40847541091144035 0.912490050249085
0.4125158149518444 0.912490050249085
0.4165562189922485 0.912490050249085
0.4205966230326525 0.912490050249085
0.4246370270730565 0.912490050249085
0.42867743111346057 0.912490050249085
0.37615217858820804 0.9165304542894891
0.3801925826286121 0.9165304542894891
0.3842329866690161 0.9165304542894891
0.3882733907094202 0.9165304542894891
0.3923137947498242 0.9165304542894891
0.39635419879022826 0.9165304542894891
0.4003946028306323 0.9165304542894891
0.40443500687103634 0.9165304542894891
0.40847541091144035 0.9165304542894891
0.4125158149518444 0.9165304542894891
0.4165562189922485 0.9165304542894891
0.4205966230326525 0.9165304542894891
0.36403096646699595 0.920570858329893
0.36807137050739996 0.920570858329893
0.372111774547804 0.920570858329893
0.37615217858820804 0.920570858329893
0.3801925826286121 0.920570858329893
0.3842329866690161 0.920570858329893
0.3882733907094202 0.920570858329893
0.3923137947498242 0.920570858329893
0.39635419879022826 0.920570858329893
0.4003946028306323 0.920570858329893
0.40443500687103634 0.920570858329893
0.40847541091144035 0.920570858329893
0.4125158149518444 0.920570858329893
0.3559501583861878 0.9246112623702971
0.3599905624265919 0.9246112623702971
0.36403096646699595 0.9246112623702971
0.36807137050739996 0.9246112623702971
0.372111774547804 0.9246112623702971
0.37615217858820804 0.9246112623702971
0.3801925826286121 0.9246112623702971
0.3842329866690161 0.9246112623702971
0.3882733907094202 0.9246112623702971
0.3923137947498242 0.9246112623702971
0.39635419879022826 0.9246112623702971
0.4003946028306323 0.9246112623702971
0.40443500687103634 0.9246112623702971
0.34382894626497573 0.9286516664107012
0.3478693503053798 0.9286516664107012
0.3519097543457838 0.9286516664107012
0.3559501583861878 0.9286516664107012
0.3599905624265919 0.9286516664107012
0.36403096646699595 0.9286516664107012
0.36807137050739996 0.9286516664107012
0.372111774547804 0.9286516664107012
0.37615217858820804 0.9286516664107012
0.3801925826286121 0.9286516664107012
0.3842329866690161 0.9286516664107012
0.3882733907094202 0.9286516664107012
0.3923137947498242 0.9286516664107012
0.3317077341437636 0.9326920704511052
0.33574813818416765 0.9326920704511052
0.33978854222457167 0.9326920704511052
0.34382894626497573 0.9326920704511052
0.3478693503053798 0.9326920704511052
0.3519097543457838 0.9326920704511052
0.3559501583861878 0.9326920704511052
0.3599905624265919 0.9326920704511052
0.36403096646699595 0.9326920704511052
0.36807137050739996 0.9326920704511052
0.372111774547804 0.9326920704511052
0.37615217858820804 0.9326920704511052
0.3801925826286121 0.9326920704511052
0.3842329866690161 0.9326920704511052
0.3236269260629555 0.9367324744915093
0.3276673301033596 0.9367324744915093
0.3317077341437636 0.9367324744915093
0.33574813818416765 0.9367324744915093
0.33978854222457167 0.9367324744915093
0.34382894626497573 0.9367324744915093
0.3478693503053798 0.9367324744915093
0.3519097543457838 0.9367324744915093
0.3559501583861878 0.9367324744915093
0.3599905624265919 0.9367324744915093
0.36403096646699595 0.9367324744915093
0.36807137050739996 0.9367324744915093
0.372111774547804 0.9367324744915093
0.37615217858820804 0.9367324744915093
0.3115057139417434 0.9407728785319134
0.31554611798214743 0.9407728785319134
0.31958652202255144 0.9407728785319134
0.3236269260629555 0.9407728785319134
0.3276673301033596 0.9407728785319134
0.3317077341437636 0.9407728785319134
0.33574813818416765 0.9407728785319134
0.33978854222457167 0.9407728785319134
0.34382894626497573 0.9407728785319134
0.3478693503053798 0.9407728785319134
0.3519097543457838 0.9407728785319134
0.3559501583861878 0.9407728785319134
0.3599905624265919 0.9407728785319134
0.36403096646699595 0.9407728785319134
0.2993845018205313 0.9448132825723174
0.3034249058609353 0.9448132825723174
0.30746530990133936 0.9448132825723174
0.3115057139417434 0.9448132825723174
0.31554611798214743 0.9448132825723174
0.31958652202255144 0.9448132825723174
0.3236269260629555 0.9448132825723174
0.3276673301033596 0.9448132825723174
0.3317077341437636 0.9448132825723174
0.33574813818416765 0.9448132825723174
0.33978854222457167 0.9448132825723174
0.34382894626497573 0.9448132825723174
0.3478693503053798 0.9448132825723174
0.3519097543457838 0.9448132825723174
0.2993845018205313 0.9488536866127214
0.3034249058609353 0.9488536866127214
0.30746530990133936 0.9488536866127214
0.3115057139417434 0.9488536866127214
0.31554611798214743 0.9488536866127214
0.31958652202255144 0.9488536866127214
0.3236269260629555 0.9488536866127214
0.3276673301033596 0.9488536866127214
0.3317077341437636 0.9488536866127214
0.33574813818416765 0.9488536866127214
0.33978854222457167 0.9488536866127214
0.34382894626497573 0.9488536866127214
0.2993845018205313 0.9528940906531255
0.3034249058609353 0.9528940906531255
0.30746530990133936 0.9528940906531255
0.3115057139417434 0.9528940906531255
0.31554611798214743 0.9528940906531255
0.31958652202255144 0.9528940906531255
0.3236269260629555 0.9528940906531255
0.3276673301033596 0.9528940906531255
0.3317077341437636 0.9528940906531255
0.2993845018205313 0.9569344946935294
0.3034249058609353 0.9569344946935294
0.30746530990133936 0.9569344946935294
0.3115057139417434 0.9569344946935294
0.31554611798214743 0.9569344946935294
0.31958652202255144 0.9569344946935294
0.2993845018205313 0.9609748987339335
0.3034249058609353 0.9609748987339335
0.30746530990133936 0.9609748987339335
