# x y
0.6595695179885006 0.7791567169157517
0.6312866897056724 0.803399141158176
0.5989634573824401 0.811479949238984
0.5989634573824401 0.8155203532793881
0.6110846695036521 0.819560757319792
0.5383573967763794 0.8518839896430245
0.5221957806147632 0.8680456058046406
0.5060341644531471 0.8720860098450447
0.497953356372339 0.8761264138854487
0.48987254829153093 0.8801668179258527
0.501993760412743 0.8801668179258527
0.4656301240491067 0.9003688381278729
0.48987254829153093 0.9003688381278729
0.48179174021072285 0.904409242168277
0.400983659402642 0.9246112623702971
0.3484584068773895 0.9448132825723174
0.3040139624329451 0.9690557068147416
0.33229679071577334 0.9730961108551457
