# x y
0.699973558392541 0.7145102522692871
0.695933154352137 0.7185506563096911
0.6918927503117329 0.7225910603500951
0.6878523462713289 0.7266314643904992
0.6797715381905208 0.7306718684309033
0.6838119422309248 0.7306718684309033
0.6757311341501168 0.7347122724713073
0.6797715381905208 0.7347122724713073
0.6716907301097128 0.7387526765117113
0.6757311341501168 0.7387526765117113
0.6676503260693087 0.7427930805521153
0.6716907301097128 0.7427930805521153
0.6636099220289047 0.7468334845925194
0.6676503260693087 0.7468334845925194
0.6595695179885006 0.7508738886329235
0.6555291139480965 0.7549142926733274
0.6514887099076925 0.7589546967137315
0.6434079018268845 0.7629951007541356
0.6474483058672885 0.7629951007541356
0.6393674977864805 0.7670355047945396
0.6434079018268845 0.7670355047945396
0.6353270937460764 0.7710759088349436
0.6393674977864805 0.7710759088349436
0.6312866897056724 0.7751163128753477
0.6272462856652683 0.7791567169157517
0.6191654775844602 0.7831971209561558
0.6232058816248642 0.7831971209561558
0.6151250735440561 0.7872375249965597
0.6191654775844602 0.7872375249965597
0.6110846695036521 0.7912779290369638
0.6030038614228441 0.7953183330773679
0.6070442654632481 0.7953183330773679
0.5989634573824401 0.799358737117772
0.6030038614228441 0.799358737117772
0.594923053342036 0.803399141158176
0.5868422452612279 0.80743954519858
0.5908826493016319 0.80743954519858
0.5828018412208238 0.811479949238984
0.5868422452612279 0.811479949238984
0.5787614371804198 0.8155203532793881
0.5706806290996118 0.819560757319792
0.5747210331400158 0.819560757319792
0.5666402250592077 0.8236011613601961
0.5706806290996118 0.8236011613601961
0.5585594169783996 0.8276415654006002
0.5625998210188037 0.8276415654006002
0.5545190129379955 0.8316819694410043
0.5585594169783996 0.8316819694410043
0.5464382048571875 0.8357223734814083
0.5504786088975915 0.8357223734814083
0.5423978008167835 0.8397627775218124
0.5464382048571875 0.8397627775218124
0.5343169927359754 0.8438031815622163
0.5383573967763794 0.8438031815622163
0.5302765886955714 0.8478435856026204
0.5221957806147632 0.8518839896430245
0.5262361846551673 0.8518839896430245
0.5141149725339551 0.8559243936834284
0.5181553765743592 0.8559243936834284
0.5100745684935512 0.8599647977238325
0.5141149725339551 0.8599647977238325
0.501993760412743 0.8640052017642366
0.5060341644531471 0.8640052017642366
0.493912952331935 0.8680456058046406
0.497953356372339 0.8680456058046406
0.48583214425112686 0.8720860098450447
0.48987254829153093 0.8720860098450447
0.47775133617031884 0.8761264138854487
0.48179174021072285 0.8761264138854487
0.48583214425112686 0.8761264138854487
0.4737109321299148 0.8801668179258527
0.47775133617031884 0.8801668179258527
0.4656301240491067 0.8842072219662568
0.4696705280895107 0.8842072219662568
0.4575493159682986 0.8882476260066607
0.46158972000870263 0.8882476260066607
0.4494685078874905 0.8922880300470648
0.45350891192789455 0.8922880300470648
0.44138769980668247 0.8963284340874689
0.4454281038470865 0.8963284340874689
0.43330689172587433 0.9003688381278729
0.4373472957662784 0.9003688381278729
0.4252260836450663 0.904409242168277
0.4292664876854703 0.904409242168277
0.41310487152385417 0.9084496462086811
0.4171452755642582 0.9084496462086811
0.42118567960466224 0.9084496462086811
0.4050240634430461 0.912490050249085
0.4090644674834501 0.912490050249085
0.41310487152385417 0.912490050249085
0.396943255362238 0.9165304542894891
0.400983659402642 0.9165304542894891
0.4050240634430461 0.9165304542894891
0.38886244728142993 0.920570858329893
0.39290285132183395 0.920570858329893
0.3767412351602178 0.9246112623702971
0.3807816392006218 0.9246112623702971
0.38482204324102587 0.9246112623702971
0.3686604270794097 0.9286516664107012
0.3727008311198138 0.9286516664107012
0.3565392149581976 0.9326920704511052
0.36057961899860164 0.9326920704511052
0.36462002303900565 0.9326920704511052
0.3444180028369855 0.9367324744915093
0.3484584068773895 0.9367324744915093
0.35249881091779356 0.9367324744915093
0.3363371947561774 0.9407728785319134
0.3403775987965814 0.9407728785319134
0.3444180028369855 0.9407728785319134
0.32421598263496526 0.9448132825723174
0.3282563866753693 0.9448132825723174
0.33229679071577334 0.9448132825723174
0.3120947705137531 0.9488536866127214
0.3161351745541572 0.9488536866127214
0.32017557859456125 0.9488536866127214
0.29997355839254103 0.9528940906531255
0.3040139624329451 0.9528940906531255
0.3080543664733491 0.9528940906531255
