# x y
0.6999819852415812 0.7145102522692871
0.6959415812011771 0.7185506563096911
0.691901177160773 0.7225910603500951
0.687860773120369 0.7266314643904992
0.6838203690799649 0.7306718684309033
0.6797799650395608 0.7347122724713073
0.6716991569587528 0.7387526765117113
0.6757395609991568 0.7387526765117113
0.6676587529183488 0.7427930805521153
0.6716991569587528 0.7427930805521153
0.6636183488779448 0.7468334845925194
0.6595779448375407 0.7508738886329235
0.6555375407971367 0.7549142926733274
0.6514971367567326 0.7589546967137315
0.6474567327163285 0.7629951007541356
0.6393759246355205 0.7670355047945396
0.6434163286759245 0.7670355047945396
0.6353355205951164 0.7710759088349436
0.6393759246355205 0.7710759088349436
0.6312951165547125 0.7751163128753477
0.6272547125143084 0.7791567169157517
0.6191739044335003 0.7831971209561558
0.6232143084739044 0.7831971209561558
0.6151335003930962 0.7872375249965597
0.6191739044335003 0.7872375249965597
0.6110930963526922 0.7912779290369638
0.6070526923122881 0.7953183330773679
0.5989718842314801 0.799358737117772
0.6030122882718841 0.799358737117772
0.5949314801910761 0.803399141158176
0.590891076150672 0.80743954519858
0.5828102680698639 0.811479949238984
0.586850672110268 0.811479949238984
0.5787698640294598 0.8155203532793881
0.5706890559486518 0.819560757319792
0.5747294599890558 0.819560757319792
0.5666486519082478 0.8236011613601961
0.5585678438274397 0.8276415654006002
0.5626082478678438 0.8276415654006002
0.5545274397870357 0.8316819694410043
0.5464466317062275 0.8357223734814083
0.5504870357466316 0.8357223734814083
0.5424062276658235 0.8397627775218124
0.5343254195850154 0.8438031815622163
0.5383658236254195 0.8438031815622163
0.5302850155446114 0.8478435856026204
0.5222042074638034 0.8518839896430245
0.5262446115042074 0.8518839896430245
0.5141233993829952 0.8559243936834284
0.5181638034233993 0.8559243936834284
0.5100829953425912 0.8599647977238325
0.5020021872617831 0.8640052017642366
0.5060425913021871 0.8640052017642366
0.493921379180975 0.8680456058046406
0.4979617832213791 0.8680456058046406
0.485840571100167 0.8720860098450447
0.489880975140571 0.8720860098450447
0.4818001670597629 0.8761264138854487
0.47371935897895484 0.8801668179258527
0.47775976301935885 0.8801668179258527
0.46563855089814676 0.8842072219662568
0.46967895493855083 0.8842072219662568
0.45755774281733863 0.8882476260066607
0.4615981468577427 0.8882476260066607
0.4494769347365306 0.8922880300470648
0.4535173387769346 0.8922880300470648
0.4413961266557225 0.8963284340874689
0.44543653069612654 0.8963284340874689
0.43331531857491445 0.9003688381278729
0.43735572261531847 0.9003688381278729
0.4252345104941063 0.904409242168277
0.4292749145345104 0.904409242168277
0.4171537024132983 0.9084496462086811
0.4211941064537023 0.9084496462086811
0.40503249029208616 0.912490050249085
0.40907289433249017 0.912490050249085
0.41311329837289423 0.912490050249085
0.3969516822112781 0.9165304542894891
0.4009920862516821 0.9165304542894891
0.38887087413047 0.920570858329893
0.392911278170874 0.920570858329893
0.37674966200925786 0.9246112623702971
0.3807900660496619 0.9246112623702971
0.38483047009006593 0.9246112623702971
0.3686688539284498 0.9286516664107012
0.3727092579688538 0.9286516664107012
0.35654764180723764 0.9326920704511052
0.3605880458476417 0.9326920704511052
0.36462844988804577 0.9326920704511052
0.3484668337264296 0.9367324744915093
0.3525072377668336 0.9367324744915093
0.33634562160521747 0.9407728785319134
0.3403860256456215 0.9407728785319134
0.3242244094840053 0.9448132825723174
0.3282648135244094 0.9448132825723174
0.3323052175648134 0.9448132825723174
0.31210319736279324 0.9488536866127214
0.31614360140319725 0.9488536866127214
0.32018400544360126 0.9488536866127214
0.2999819852415811 0.9528940906531255
0.3040223892819851 0.9528940906531255
0.3080627933223892 0.9528940906531255
