# x y
0.6514950908738839 0.7670355047945396
0.6393738787526718 0.7791567169157517
0.659575898954692 0.7791567169157517
0.6070506464294394 0.803399141158176
0.5989698383486314 0.8155203532793881
0.6151314545102475 0.8155203532793881
0.558565797944591 0.8397627775218124
0.5464445858233788 0.8478435856026204
0.5222021615809547 0.8680456058046406
0.5302829696617627 0.8761264138854487
0.5020001413789345 0.8801668179258527
0.5100809494597425 0.8882476260066607
0.45755569693448994 0.8963284340874689
0.4413940807728738 0.904409242168277
0.42523246461125763 0.912490050249085
0.4009900403688334 0.9246112623702971
0.3686668080456011 0.9367324744915093
0.35654559592438895 0.9448132825723174
0.31614155552034856 0.9650153027743376
0.3040203433991364 0.9690557068147416
