# x y
0.6999838395031921 0.7145102522692871
0.695943435462788 0.7185506563096911
0.691903031422384 0.7225910603500951
0.6878626273819799 0.7266314643904992
0.6838222233415758 0.7306718684309033
0.6797818193011718 0.7347122724713073
0.6717010112203637 0.7387526765117113
0.6757414152607677 0.7387526765117113
0.6676606071799597 0.7427930805521153
0.6717010112203637 0.7427930805521153
0.6636202031395557 0.7468334845925194
0.6595797990991517 0.7508738886329235
0.6555393950587476 0.7549142926733274
0.6514989910183435 0.7589546967137315
0.6474585869779395 0.7629951007541356
0.6393777788971314 0.7670355047945396
0.6434181829375354 0.7670355047945396
0.6353373748567274 0.7710759088349436
0.6393777788971314 0.7710759088349436
0.6312969708163234 0.7751163128753477
0.6272565667759193 0.7791567169157517
0.6191757586951112 0.7831971209561558
0.6232161627355153 0.7831971209561558
0.6151353546547071 0.7872375249965597
0.6191757586951112 0.7872375249965597
0.6110949506143031 0.7912779290369638
0.607054546573899 0.7953183330773679
0.598973738493091 0.799358737117772
0.6030141425334951 0.799358737117772
0.594933334452687 0.803399141158176
0.590892930412283 0.80743954519858
0.5828121223314748 0.811479949238984
0.5868525263718789 0.811479949238984
0.5787717182910708 0.8155203532793881
0.5706909102102627 0.819560757319792
0.5747313142506667 0.819560757319792
0.5666505061698587 0.8236011613601961
0.5585696980890507 0.8276415654006002
0.5626101021294547 0.8276415654006002
0.5545292940486466 0.8316819694410043
0.5464484859678385 0.8357223734814083
0.5504888900082425 0.8357223734814083
0.5424080819274344 0.8397627775218124
0.5343272738466264 0.8438031815622163
0.5383676778870304 0.8438031815622163
0.5302868698062223 0.8478435856026204
0.5222060617254143 0.8518839896430245
0.5262464657658183 0.8518839896430245
0.5141252536446062 0.8559243936834284
0.5181656576850102 0.8559243936834284
0.5100848496042021 0.8599647977238325
0.5020040415233941 0.8640052017642366
0.506044445563798 0.8640052017642366
0.49392323344258593 0.8680456058046406
0.49796363748299 0.8680456058046406
0.4898828294021819 0.8720860098450447
0.48180202132137384 0.8761264138854487
0.47372121324056576 0.8801668179258527
0.4777616172809698 0.8801668179258527
0.4656404051597577 0.8842072219662568
0.46968080920016175 0.8842072219662568
0.45755959707894955 0.8882476260066607
0.4616000011193536 0.8882476260066607
0.44947878899814153 0.8922880300470648
0.45351919303854554 0.8922880300470648
0.4413979809173334 0.8963284340874689
0.44543838495773747 0.8963284340874689
0.4333171728365254 0.9003688381278729
0.4373575768769294 0.9003688381278729
0.42523636475571724 0.904409242168277
0.4292767687961213 0.904409242168277
0.4171555566749092 0.9084496462086811
0.42119596071531323 0.9084496462086811
0.4090747485941011 0.912490050249085
0.41311515263450516 0.912490050249085
0.396953536472889 0.9165304542894891
0.400993940513293 0.9165304542894891
0.3888727283920809 0.920570858329893
0.39291313243248494 0.920570858329893
0.3767515162708688 0.9246112623702971
0.38079192031127285 0.9246112623702971
0.38483232435167686 0.9246112623702971
0.3686707081900607 0.9286516664107012
0.3727111122304647 0.9286516664107012
0.35654949606884856 0.9326920704511052
0.3605899001092526 0.9326920704511052
0.3646303041496567 0.9326920704511052
0.34846868798804054 0.9367324744915093
0.35250909202844455 0.9367324744915093
0.3363474758668284 0.9407728785319134
0.3403878799072324 0.9407728785319134
0.32422626374561625 0.9448132825723174
0.3282666677860203 0.9448132825723174
0.3323070718264243 0.9448132825723174
0.31210505162440416 0.9488536866127214
0.3161454556648082 0.9488536866127214
0.3201858597052122 0.9488536866127214
0.299983839503192 0.9528940906531255
0.30402424354359603 0.9528940906531255
0.3080646475840001 0.9528940906531255
