# x y
0.6999693574340433 0.7145102522692871
0.6959289533936392 0.7185506563096911
0.6918885493532352 0.7225910603500951
0.6878481453128311 0.7266314643904992
0.6797673372320231 0.7306718684309033
0.683807741272427 0.7306718684309033
0.675726933191619 0.7347122724713073
0.6797673372320231 0.7347122724713073
0.6716865291512151 0.7387526765117113
0.675726933191619 0.7387526765117113
0.667646125110811 0.7427930805521153
0.6716865291512151 0.7427930805521153
0.6636057210704069 0.7468334845925194
0.667646125110811 0.7468334845925194
0.6595653170300029 0.7508738886329235
0.6636057210704069 0.7508738886329235
0.6555249129895988 0.7549142926733274
0.6514845089491947 0.7589546967137315
0.6434037008683867 0.7629951007541356
0.6474441049087908 0.7629951007541356
0.6393632968279828 0.7670355047945396
0.6434037008683867 0.7670355047945396
0.6353228927875787 0.7710759088349436
0.6393632968279828 0.7710759088349436
0.6312824887471746 0.7751163128753477
0.6272420847067706 0.7791567169157517
0.6191612766259624 0.7831971209561558
0.6232016806663665 0.7831971209561558
0.6151208725855584 0.7872375249965597
0.6191612766259624 0.7872375249965597
0.6110804685451544 0.7912779290369638
0.6029996604643464 0.7953183330773679
0.6070400645047503 0.7953183330773679
0.5989592564239423 0.799358737117772
0.6029996604643464 0.799358737117772
0.5949188523835383 0.803399141158176
0.5989592564239423 0.803399141158176
0.5868380443027301 0.80743954519858
0.5908784483431342 0.80743954519858
0.582797640262326 0.811479949238984
0.5868380443027301 0.811479949238984
0.5787572362219221 0.8155203532793881
0.5706764281411141 0.819560757319792
0.574716832181518 0.819560757319792
0.56663602410071 0.8236011613601961
0.5706764281411141 0.8236011613601961
0.5585552160199019 0.8276415654006002
0.562595620060306 0.8276415654006002
0.5545148119794978 0.8316819694410043
0.5585552160199019 0.8316819694410043
0.5464340038986898 0.8357223734814083
0.5504744079390937 0.8357223734814083
0.5423935998582857 0.8397627775218124
0.5464340038986898 0.8397627775218124
0.5343127917774777 0.8438031815622163
0.5383531958178817 0.8438031815622163
0.5262319836966696 0.8478435856026204
0.5302723877370736 0.8478435856026204
0.5343127917774777 0.8478435856026204
0.5221915796562655 0.8518839896430245
0.5262319836966696 0.8518839896430245
0.5141107715754574 0.8559243936834284
0.5181511756158614 0.8559243936834284
0.5060299634946493 0.8599647977238325
0.5100703675350534 0.8599647977238325
0.5141107715754574 0.8599647977238325
0.5019895594542453 0.8640052017642366
0.5060299634946493 0.8640052017642366
0.49390875137343726 0.8680456058046406
0.49794915541384127 0.8680456058046406
0.4858279432926291 0.8720860098450447
0.4898683473330332 0.8720860098450447
0.49390875137343726 0.8720860098450447
0.4777471352118211 0.8761264138854487
0.4817875392522251 0.8761264138854487
0.4858279432926291 0.8761264138854487
0.47370673117141704 0.8801668179258527
0.4777471352118211 0.8801668179258527
0.46562592309060896 0.8842072219662568
0.469666327131013 0.8842072219662568
0.4575451150098009 0.8882476260066607
0.4615855190502049 0.8882476260066607
0.44946430692899275 0.8922880300470648
0.4535047109693968 0.8922880300470648
0.44138349884818473 0.8963284340874689
0.44542390288858874 0.8963284340874689
0.4333026907673766 0.9003688381278729
0.43734309480778066 0.9003688381278729
0.4252218826865686 0.904409242168277
0.4292622867269726 0.904409242168277
0.41310067056535643 0.9084496462086811
0.41714107460576044 0.9084496462086811
0.4211814786461645 0.9084496462086811
0.40501986248454835 0.912490050249085
0.40906026652495237 0.912490050249085
0.41310067056535643 0.912490050249085
0.3969390544037403 0.9165304542894891
0.4009794584441443 0.9165304542894891
0.40501986248454835 0.9165304542894891
0.38481784228252813 0.920570858329893
0.3888582463229322 0.920570858329893
0.3928986503633362 0.920570858329893
0.37673703420172006 0.9246112623702971
0.38077743824212407 0.9246112623702971
0.38481784228252813 0.9246112623702971
0.368656226120912 0.9286516664107012
0.37269663016131604 0.9286516664107012
0.37673703420172006 0.9286516664107012
0.3565350139996999 0.9326920704511052
0.3605754180401039 0.9326920704511052
0.3646158220805079 0.9326920704511052
0.34441380187848775 0.9367324744915093
0.34845420591889176 0.9367324744915093
0.3524946099592958 0.9367324744915093
0.33633299379767967 0.9407728785319134
0.3403733978380837 0.9407728785319134
0.34441380187848775 0.9407728785319134
0.3242117816764675 0.9448132825723174
0.3282521857168716 0.9448132825723174
0.3322925897572756 0.9448132825723174
0.3120905695552554 0.9488536866127214
0.31613097359565945 0.9488536866127214
0.3201713776360635 0.9488536866127214
0.2999693574340433 0.9528940906531255
0.30400976147444736 0.9528940906531255
0.30805016551485137 0.9528940906531255
