# x y
0.6905296968958814 0.706429444188479
0.6864892928554773 0.710469848228883
0.6905296968958814 0.710469848228883
0.6824488888150733 0.7145102522692871
0.6864892928554773 0.7145102522692871
0.6905296968958814 0.7145102522692871
0.6743680807342651 0.7185506563096911
0.6784084847746692 0.7185506563096911
0.6824488888150733 0.7185506563096911
0.6864892928554773 0.7185506563096911
0.6905296968958814 0.7185506563096911
0.6703276766938612 0.7225910603500951
0.6743680807342651 0.7225910603500951
0.6784084847746692 0.7225910603500951
0.6824488888150733 0.7225910603500951
0.6864892928554773 0.7225910603500951
0.6905296968958814 0.7225910603500951
0.6662872726534571 0.7266314643904992
0.6703276766938612 0.7266314643904992
0.6743680807342651 0.7266314643904992
0.6784084847746692 0.7266314643904992
0.6824488888150733 0.7266314643904992
0.6864892928554773 0.7266314643904992
0.6905296968958814 0.7266314643904992
0.6622468686130532 0.7306718684309033
0.6662872726534571 0.7306718684309033
0.6703276766938612 0.7306718684309033
0.6743680807342651 0.7306718684309033
0.6784084847746692 0.7306718684309033
0.6824488888150733 0.7306718684309033
0.6864892928554773 0.7306718684309033
0.6582064645726491 0.7347122724713073
0.6622468686130532 0.7347122724713073
0.6662872726534571 0.7347122724713073
0.6703276766938612 0.7347122724713073
0.6743680807342651 0.7347122724713073
0.6784084847746692 0.7347122724713073
0.6824488888150733 0.7347122724713073
0.654166060532245 0.7387526765117113
0.6582064645726491 0.7387526765117113
0.6622468686130532 0.7387526765117113
0.6662872726534571 0.7387526765117113
0.6703276766938612 0.7387526765117113
0.6743680807342651 0.7387526765117113
0.6784084847746692 0.7387526765117113
0.6460852524514369 0.7427930805521153
0.650125656491841 0.7427930805521153
0.654166060532245 0.7427930805521153
0.6582064645726491 0.7427930805521153
0.6622468686130532 0.7427930805521153
0.6662872726534571 0.7427930805521153
0.6703276766938612 0.7427930805521153
0.6743680807342651 0.7427930805521153
0.6420448484110328 0.7468334845925194
0.6460852524514369 0.7468334845925194
0.650125656491841 0.7468334845925194
0.654166060532245 0.7468334845925194
0.6582064645726491 0.7468334845925194
0.6622468686130532 0.7468334845925194
0.6662872726534571 0.7468334845925194
0.6703276766938612 0.7468334845925194
0.6380044443706289 0.7508738886329235
0.6420448484110328 0.7508738886329235
0.6460852524514369 0.7508738886329235
0.650125656491841 0.7508738886329235
0.654166060532245 0.7508738886329235
0.6582064645726491 0.7508738886329235
0.6622468686130532 0.7508738886329235
0.6662872726534571 0.7508738886329235
0.6339640403302248 0.7549142926733274
0.6380044443706289 0.7549142926733274
0.6420448484110328 0.7549142926733274
0.6460852524514369 0.7549142926733274
0.650125656491841 0.7549142926733274
0.654166060532245 0.7549142926733274
0.6582064645726491 0.7549142926733274
0.6622468686130532 0.7549142926733274
0.6258832322494168 0.7589546967137315
0.6299236362898208 0.7589546967137315
0.6339640403302248 0.7589546967137315
0.6380044443706289 0.7589546967137315
0.6420448484110328 0.7589546967137315
0.6460852524514369 0.7589546967137315
0.650125656491841 0.7589546967137315
0.654166060532245 0.7589546967137315
0.6582064645726491 0.7589546967137315
0.6218428282090127 0.7629951007541356
0.6258832322494168 0.7629951007541356
0.6299236362898208 0.7629951007541356
0.6339640403302248 0.7629951007541356
0.6380044443706289 0.7629951007541356
0.6420448484110328 0.7629951007541356
0.6460852524514369 0.7629951007541356
0.650125656491841 0.7629951007541356
0.654166060532245 0.7629951007541356
0.6178024241686086 0.7670355047945396
0.6218428282090127 0.7670355047945396
0.6258832322494168 0.7670355047945396
0.6299236362898208 0.7670355047945396
0.6339640403302248 0.7670355047945396
0.6380044443706289 0.7670355047945396
0.6420448484110328 0.7670355047945396
0.6460852524514369 0.7670355047945396
0.650125656491841 0.7670355047945396
0.6137620201282046 0.7710759088349436
0.6178024241686086 0.7710759088349436
0.6218428282090127 0.7710759088349436
0.6258832322494168 0.7710759088349436
0.6299236362898208 0.7710759088349436
0.6339640403302248 0.7710759088349436
0.6380044443706289 0.7710759088349436
0.6420448484110328 0.7710759088349436
0.6056812120473964 0.7751163128753477
0.6097216160878005 0.7751163128753477
0.6137620201282046 0.7751163128753477
0.6178024241686086 0.7751163128753477
0.6218428282090127 0.7751163128753477
0.6258832322494168 0.7751163128753477
0.6299236362898208 0.7751163128753477
0.6339640403302248 0.7751163128753477
0.6380044443706289 0.7751163128753477
0.6016408080069925 0.7791567169157517
0.6056812120473964 0.7791567169157517
0.6097216160878005 0.7791567169157517
0.6137620201282046 0.7791567169157517
0.6178024241686086 0.7791567169157517
0.6218428282090127 0.7791567169157517
0.6258832322494168 0.7791567169157517
0.6299236362898208 0.7791567169157517
0.6339640403302248 0.7791567169157517
0.5976004039665884 0.7831971209561558
0.6016408080069925 0.7831971209561558
0.6056812120473964 0.7831971209561558
0.6097216160878005 0.7831971209561558
0.6137620201282046 0.7831971209561558
0.6178024241686086 0.7831971209561558
0.6218428282090127 0.7831971209561558
0.6258832322494168 0.7831971209561558
0.6299236362898208 0.7831971209561558
0.5895195958857804 0.7872375249965597
0.5935599999261845 0.7872375249965597
0.5976004039665884 0.7872375249965597
0.6016408080069925 0.7872375249965597
0.6056812120473964 0.7872375249965597
0.6097216160878005 0.7872375249965597
0.6137620201282046 0.7872375249965597
0.6178024241686086 0.7872375249965597
0.6218428282090127 0.7872375249965597
0.6258832322494168 0.7872375249965597
0.5854791918453763 0.7912779290369638
0.5895195958857804 0.7912779290369638
0.5935599999261845 0.7912779290369638
0.5976004039665884 0.7912779290369638
0.6016408080069925 0.7912779290369638
0.6056812120473964 0.7912779290369638
0.6097216160878005 0.7912779290369638
0.6137620201282046 0.7912779290369638
0.6178024241686086 0.7912779290369638
0.6218428282090127 0.7912779290369638
0.5773983837645682 0.7953183330773679
0.5814387878049723 0.7953183330773679
0.5854791918453763 0.7953183330773679
0.5895195958857804 0.7953183330773679
0.5935599999261845 0.7953183330773679
0.5976004039665884 0.7953183330773679
0.6016408080069925 0.7953183330773679
0.6056812120473964 0.7953183330773679
0.6097216160878005 0.7953183330773679
0.6137620201282046 0.7953183330773679
0.5733579797241641 0.799358737117772
0.5773983837645682 0.799358737117772
0.5814387878049723 0.799358737117772
0.5854791918453763 0.799358737117772
0.5895195958857804 0.799358737117772
0.5935599999261845 0.799358737117772
0.5976004039665884 0.799358737117772
0.6016408080069925 0.799358737117772
0.6056812120473964 0.799358737117772
0.6097216160878005 0.799358737117772
0.5652771716433561 0.803399141158176
0.5693175756837602 0.803399141158176
0.5733579797241641 0.803399141158176
0.5773983837645682 0.803399141158176
0.5814387878049723 0.803399141158176
0.5854791918453763 0.803399141158176
0.5895195958857804 0.803399141158176
0.5935599999261845 0.803399141158176
0.5976004039665884 0.803399141158176
0.6016408080069925 0.803399141158176
0.6056812120473964 0.803399141158176
0.5612367676029522 0.80743954519858
0.5652771716433561 0.80743954519858
0.5693175756837602 0.80743954519858
0.5733579797241641 0.80743954519858
0.5773983837645682 0.80743954519858
0.5814387878049723 0.80743954519858
0.5854791918453763 0.80743954519858
0.5895195958857804 0.80743954519858
0.5935599999261845 0.80743954519858
0.5976004039665884 0.80743954519858
0.5571963635625481 0.811479949238984
0.5612367676029522 0.811479949238984
0.5652771716433561 0.811479949238984
0.5693175756837602 0.811479949238984
0.5733579797241641 0.811479949238984
0.5773983837645682 0.811479949238984
0.5814387878049723 0.811479949238984
0.5854791918453763 0.811479949238984
0.5895195958857804 0.811479949238984
0.5935599999261845 0.811479949238984
0.54911555548174 0.8155203532793881
0.553155959522144 0.8155203532793881
0.5571963635625481 0.8155203532793881
0.5612367676029522 0.8155203532793881
0.5652771716433561 0.8155203532793881
0.5693175756837602 0.8155203532793881
0.5733579797241641 0.8155203532793881
0.5773983837645682 0.8155203532793881
0.5814387878049723 0.8155203532793881
0.5854791918453763 0.8155203532793881
0.5895195958857804 0.8155203532793881
0.5410347474009318 0.819560757319792
0.5450751514413359 0.819560757319792
0.54911555548174 0.819560757319792
0.553155959522144 0.819560757319792
0.5571963635625481 0.819560757319792
0.5612367676029522 0.819560757319792
0.5652771716433561 0.819560757319792
0.5693175756837602 0.819560757319792
0.5733579797241641 0.819560757319792
0.5773983837645682 0.819560757319792
0.5814387878049723 0.819560757319792
0.5369943433605279 0.8236011613601961
0.5410347474009318 0.8236011613601961
0.5450751514413359 0.8236011613601961
0.54911555548174 0.8236011613601961
0.553155959522144 0.8236011613601961
0.5571963635625481 0.8236011613601961
0.5612367676029522 0.8236011613601961
0.5652771716433561 0.8236011613601961
0.5693175756837602 0.8236011613601961
0.5733579797241641 0.8236011613601961
0.5773983837645682 0.8236011613601961
0.5289135352797197 0.8276415654006002
0.5329539393201238 0.8276415654006002
0.5369943433605279 0.8276415654006002
0.5410347474009318 0.8276415654006002
0.5450751514413359 0.8276415654006002
0.54911555548174 0.8276415654006002
0.553155959522144 0.8276415654006002
0.5571963635625481 0.8276415654006002
0.5612367676029522 0.8276415654006002
0.5652771716433561 0.8276415654006002
0.5693175756837602 0.8276415654006002
0.5733579797241641 0.8276415654006002
0.5248731312393158 0.8316819694410043
0.5289135352797197 0.8316819694410043
0.5329539393201238 0.8316819694410043
0.5369943433605279 0.8316819694410043
0.5410347474009318 0.8316819694410043
0.5450751514413359 0.8316819694410043
0.54911555548174 0.8316819694410043
0.553155959522144 0.8316819694410043
0.5571963635625481 0.8316819694410043
0.5612367676029522 0.8316819694410043
0.5652771716433561 0.8316819694410043
0.5167923231585076 0.8357223734814083
0.5208327271989117 0.8357223734814083
0.5248731312393158 0.8357223734814083
0.5289135352797197 0.8357223734814083
0.5329539393201238 0.8357223734814083
0.5369943433605279 0.8357223734814083
0.5410347474009318 0.8357223734814083
0.5450751514413359 0.8357223734814083
0.54911555548174 0.8357223734814083
0.553155959522144 0.8357223734814083
0.5571963635625481 0.8357223734814083
0.5612367676029522 0.8357223734814083
0.5087115150776995 0.8397627775218124
0.5127519191181036 0.8397627775218124
0.5167923231585076 0.8397627775218124
0.5208327271989117 0.8397627775218124
0.5248731312393158 0.8397627775218124
0.5289135352797197 0.8397627775218124
0.5329539393201238 0.8397627775218124
0.5369943433605279 0.8397627775218124
0.5410347474009318 0.8397627775218124
0.5450751514413359 0.8397627775218124
0.54911555548174 0.8397627775218124
0.553155959522144 0.8397627775218124
0.5046711110372955 0.8438031815622163
0.5087115150776995 0.8438031815622163
0.5127519191181036 0.8438031815622163
0.5167923231585076 0.8438031815622163
0.5208327271989117 0.8438031815622163
0.5248731312393158 0.8438031815622163
0.5289135352797197 0.8438031815622163
0.5329539393201238 0.8438031815622163
0.5369943433605279 0.8438031815622163
0.5410347474009318 0.8438031815622163
0.5450751514413359 0.8438031815622163
0.54911555548174 0.8438031815622163
0.49659030295648743 0.8478435856026204
0.5006307069968915 0.8478435856026204
0.5046711110372955 0.8478435856026204
0.5087115150776995 0.8478435856026204
0.5127519191181036 0.8478435856026204
0.5167923231585076 0.8478435856026204
0.5208327271989117 0.8478435856026204
0.5248731312393158 0.8478435856026204
0.5289135352797197 0.8478435856026204
0.5329539393201238 0.8478435856026204
0.5369943433605279 0.8478435856026204
0.5410347474009318 0.8478435856026204
0.48850949487567935 0.8518839896430245
0.49254989891608336 0.8518839896430245
0.49659030295648743 0.8518839896430245
0.5006307069968915 0.8518839896430245
0.5046711110372955 0.8518839896430245
0.5087115150776995 0.8518839896430245
0.5127519191181036 0.8518839896430245
0.5167923231585076 0.8518839896430245
0.5208327271989117 0.8518839896430245
0.5248731312393158 0.8518839896430245
0.5289135352797197 0.8518839896430245
0.5329539393201238 0.8518839896430245
0.5369943433605279 0.8518839896430245
0.4804286867948713 0.8559243936834284
0.48446909083527534 0.8559243936834284
0.48850949487567935 0.8559243936834284
0.49254989891608336 0.8559243936834284
0.49659030295648743 0.8559243936834284
0.5006307069968915 0.8559243936834284
0.5046711110372955 0.8559243936834284
0.5087115150776995 0.8559243936834284
0.5127519191181036 0.8559243936834284
0.5167923231585076 0.8559243936834284
0.5208327271989117 0.8559243936834284
0.5248731312393158 0.8559243936834284
0.5289135352797197 0.8559243936834284
0.4763882827544672 0.8599647977238325
0.4804286867948713 0.8599647977238325
0.48446909083527534 0.8599647977238325
0.48850949487567935 0.8599647977238325
0.49254989891608336 0.8599647977238325
0.49659030295648743 0.8599647977238325
0.5006307069968915 0.8599647977238325
0.5046711110372955 0.8599647977238325
0.5087115150776995 0.8599647977238325
0.5127519191181036 0.8599647977238325
0.5167923231585076 0.8599647977238325
0.5208327271989117 0.8599647977238325
0.5248731312393158 0.8599647977238325
0.4683074746736592 0.8640052017642366
0.4723478787140632 0.8640052017642366
0.4763882827544672 0.8640052017642366
0.4804286867948713 0.8640052017642366
0.48446909083527534 0.8640052017642366
0.48850949487567935 0.8640052017642366
0.49254989891608336 0.8640052017642366
0.49659030295648743 0.8640052017642366
0.5006307069968915 0.8640052017642366
0.5046711110372955 0.8640052017642366
0.5087115150776995 0.8640052017642366
0.5127519191181036 0.8640052017642366
0.5167923231585076 0.8640052017642366
0.46022666659285105 0.8680456058046406
0.4642670706332551 0.8680456058046406
0.4683074746736592 0.8680456058046406
0.4723478787140632 0.8680456058046406
0.4763882827544672 0.8680456058046406
0.4804286867948713 0.8680456058046406
0.48446909083527534 0.8680456058046406
0.48850949487567935 0.8680456058046406
0.49254989891608336 0.8680456058046406
0.49659030295648743 0.8680456058046406
0.5006307069968915 0.8680456058046406
0.5046711110372955 0.8680456058046406
0.5087115150776995 0.8680456058046406
0.452145858512043 0.8720860098450447
0.45618626255244704 0.8720860098450447
0.46022666659285105 0.8720860098450447
0.4642670706332551 0.8720860098450447
0.4683074746736592 0.8720860098450447
0.4723478787140632 0.8720860098450447
0.4763882827544672 0.8720860098450447
0.4804286867948713 0.8720860098450447
0.48446909083527534 0.8720860098450447
0.48850949487567935 0.8720860098450447
0.49254989891608336 0.8720860098450447
0.49659030295648743 0.8720860098450447
0.5006307069968915 0.8720860098450447
0.5046711110372955 0.8720860098450447
0.4440650504312349 0.8761264138854487
0.44810545447163896 0.8761264138854487
0.452145858512043 0.8761264138854487
0.45618626255244704 0.8761264138854487
0.46022666659285105 0.8761264138854487
0.4642670706332551 0.8761264138854487
0.4683074746736592 0.8761264138854487
0.4723478787140632 0.8761264138854487
0.4763882827544672 0.8761264138854487
0.4804286867948713 0.8761264138854487
0.48446909083527534 0.8761264138854487
0.48850949487567935 0.8761264138854487
0.49254989891608336 0.8761264138854487
0.49659030295648743 0.8761264138854487
0.4359842423504268 0.8801668179258527
0.44002464639083083 0.8801668179258527
0.4440650504312349 0.8801668179258527
0.44810545447163896 0.8801668179258527
0.452145858512043 0.8801668179258527
0.45618626255244704 0.8801668179258527
0.46022666659285105 0.8801668179258527
0.4642670706332551 0.8801668179258527
0.4683074746736592 0.8801668179258527
0.4723478787140632 0.8801668179258527
0.4763882827544672 0.8801668179258527
0.4804286867948713 0.8801668179258527
0.48446909083527534 0.8801668179258527
0.48850949487567935 0.8801668179258527
0.42790343426961874 0.8842072219662568
0.4319438383100228 0.8842072219662568
0.4359842423504268 0.8842072219662568
0.44002464639083083 0.8842072219662568
0.4440650504312349 0.8842072219662568
0.44810545447163896 0.8842072219662568
0.452145858512043 0.8842072219662568
0.45618626255244704 0.8842072219662568
0.46022666659285105 0.8842072219662568
0.4642670706332551 0.8842072219662568
0.4683074746736592 0.8842072219662568
0.4723478787140632 0.8842072219662568
0.4763882827544672 0.8842072219662568
0.4804286867948713 0.8842072219662568
0.41982262618881067 0.8882476260066607
0.4238630302292147 0.8882476260066607
0.42790343426961874 0.8882476260066607
0.4319438383100228 0.8882476260066607
0.4359842423504268 0.8882476260066607
0.44002464639083083 0.8882476260066607
0.4440650504312349 0.8882476260066607
0.44810545447163896 0.8882476260066607
0.452145858512043 0.8882476260066607
0.45618626255244704 0.8882476260066607
0.46022666659285105 0.8882476260066607
0.4642670706332551 0.8882476260066607
0.4683074746736592 0.8882476260066607
0.4723478787140632 0.8882476260066607
0.4763882827544672 0.8882476260066607
0.4077014140675985 0.8922880300470648
0.4117418181080026 0.8922880300470648
0.41578222214840665 0.8922880300470648
0.41982262618881067 0.8922880300470648
0.4238630302292147 0.8922880300470648
0.42790343426961874 0.8922880300470648
0.4319438383100228 0.8922880300470648
0.4359842423504268 0.8922880300470648
0.44002464639083083 0.8922880300470648
0.4440650504312349 0.8922880300470648
0.44810545447163896 0.8922880300470648
0.452145858512043 0.8922880300470648
0.45618626255244704 0.8922880300470648
0.46022666659285105 0.8922880300470648
0.4642670706332551 0.8922880300470648
0.4683074746736592 0.8922880300470648
0.39962060598679044 0.8963284340874689
0.4036610100271945 0.8963284340874689
0.4077014140675985 0.8963284340874689
0.4117418181080026 0.8963284340874689
0.41578222214840665 0.8963284340874689
0.41982262618881067 0.8963284340874689
0.4238630302292147 0.8963284340874689
0.42790343426961874 0.8963284340874689
0.4319438383100228 0.8963284340874689
0.4359842423504268 0.8963284340874689
0.44002464639083083 0.8963284340874689
0.4440650504312349 0.8963284340874689
0.44810545447163896 0.8963284340874689
0.452145858512043 0.8963284340874689
0.45618626255244704 0.8963284340874689
0.46022666659285105 0.8963284340874689
0.39153979790598237 0.9003688381278729
0.39558020194638643 0.9003688381278729
0.39962060598679044 0.9003688381278729
0.4036610100271945 0.9003688381278729
0.4077014140675985 0.9003688381278729
0.4117418181080026 0.9003688381278729
0.41578222214840665 0.9003688381278729
0.41982262618881067 0.9003688381278729
0.4238630302292147 0.9003688381278729
0.42790343426961874 0.9003688381278729
0.4319438383100228 0.9003688381278729
0.4359842423504268 0.9003688381278729
0.44002464639083083 0.9003688381278729
0.4440650504312349 0.9003688381278729
0.44810545447163896 0.9003688381278729
0.452145858512043 0.9003688381278729
0.3794185857847703 0.904409242168277
0.3834589898251743 0.904409242168277
0.38749939386557836 0.904409242168277
0.39153979790598237 0.904409242168277
0.39558020194638643 0.904409242168277
0.39962060598679044 0.904409242168277
0.4036610100271945 0.904409242168277
0.4077014140675985 0.904409242168277
0.4117418181080026 0.904409242168277
0.41578222214840665 0.904409242168277
0.41982262618881067 0.904409242168277
0.4238630302292147 0.904409242168277
0.42790343426961874 0.904409242168277
0.4319438383100228 0.904409242168277
0.4359842423504268 0.904409242168277
0.44002464639083083 0.904409242168277
0.4440650504312349 0.904409242168277
0.37133777770396215 0.9084496462086811
0.3753781817443662 0.9084496462086811
0.3794185857847703 0.9084496462086811
0.3834589898251743 0.9084496462086811
0.38749939386557836 0.9084496462086811
0.39153979790598237 0.9084496462086811
0.39558020194638643 0.9084496462086811
0.39962060598679044 0.9084496462086811
0.4036610100271945 0.9084496462086811
0.4077014140675985 0.9084496462086811
0.4117418181080026 0.9084496462086811
0.41578222214840665 0.9084496462086811
0.41982262618881067 0.9084496462086811
0.4238630302292147 0.9084496462086811
0.42790343426961874 0.9084496462086811
0.4319438383100228 0.9084496462086811
0.4359842423504268 0.9084496462086811
0.3632569696231541 0.912490050249085
0.36729737366355814 0.912490050249085
0.37133777770396215 0.912490050249085
0.3753781817443662 0.912490050249085
0.3794185857847703 0.912490050249085
0.3834589898251743 0.912490050249085
0.38749939386557836 0.912490050249085
0.39153979790598237 0.912490050249085
0.39558020194638643 0.912490050249085
0.39962060598679044 0.912490050249085
0.4036610100271945 0.912490050249085
0.4077014140675985 0.912490050249085
0.4117418181080026 0.912490050249085
0.41578222214840665 0.912490050249085
0.41982262618881067 0.912490050249085
0.4238630302292147 0.912490050249085
0.42790343426961874 0.912490050249085
0.351135757501942 0.9165304542894891
0.355176161542346 0.9165304542894891
0.35921656558275006 0.9165304542894891
0.3632569696231541 0.9165304542894891
0.36729737366355814 0.9165304542894891
0.37133777770396215 0.9165304542894891
0.3753781817443662 0.9165304542894891
0.3794185857847703 0.9165304542894891
0.3834589898251743 0.9165304542894891
0.38749939386557836 0.9165304542894891
0.39153979790598237 0.9165304542894891
0.39558020194638643 0.9165304542894891
0.39962060598679044 0.9165304542894891
0.4036610100271945 0.9165304542894891
0.4077014140675985 0.9165304542894891
0.4117418181080026 0.9165304542894891
0.41578222214840665 0.9165304542894891
0.41982262618881067 0.9165304542894891
0.33901454538072984 0.920570858329893
0.3430549494211339 0.920570858329893
0.34709535346153797 0.920570858329893
0.351135757501942 0.920570858329893
0.355176161542346 0.920570858329893
0.35921656558275006 0.920570858329893
0.3632569696231541 0.920570858329893
0.36729737366355814 0.920570858329893
0.37133777770396215 0.920570858329893
0.3753781817443662 0.920570858329893
0.3794185857847703 0.920570858329893
0.3834589898251743 0.920570858329893
0.38749939386557836 0.920570858329893
0.39153979790598237 0.920570858329893
0.39558020194638643 0.920570858329893
0.39962060598679044 0.920570858329893
0.4036610100271945 0.920570858329893
0.4077014140675985 0.920570858329893
0.4117418181080026 0.920570858329893
0.32689333325951775 0.9246112623702971
0.33093373729992176 0.9246112623702971
0.3349741413403258 0.9246112623702971
0.33901454538072984 0.9246112623702971
0.3430549494211339 0.9246112623702971
0.34709535346153797 0.9246112623702971
0.351135757501942 0.9246112623702971
0.355176161542346 0.9246112623702971
0.35921656558275006 0.9246112623702971
0.3632569696231541 0.9246112623702971
0.36729737366355814 0.9246112623702971
0.37133777770396215 0.9246112623702971
0.3753781817443662 0.9246112623702971
0.3794185857847703 0.9246112623702971
0.3834589898251743 0.9246112623702971
0.38749939386557836 0.9246112623702971
0.39153979790598237 0.9246112623702971
0.39558020194638643 0.9246112623702971
0.39962060598679044 0.9246112623702971
0.31881252517870967 0.9286516664107012
0.3228529292191137 0.9286516664107012
0.32689333325951775 0.9286516664107012
0.33093373729992176 0.9286516664107012
0.3349741413403258 0.9286516664107012
0.33901454538072984 0.9286516664107012
0.3430549494211339 0.9286516664107012
0.34709535346153797 0.9286516664107012
0.351135757501942 0.9286516664107012
0.355176161542346 0.9286516664107012
0.35921656558275006 0.9286516664107012
0.3632569696231541 0.9286516664107012
0.36729737366355814 0.9286516664107012
0.37133777770396215 0.9286516664107012
0.3753781817443662 0.9286516664107012
0.3794185857847703 0.9286516664107012
0.3834589898251743 0.9286516664107012
0.38749939386557836 0.9286516664107012
0.39153979790598237 0.9286516664107012
0.3066913130574975 0.9326920704511052
0.3107317170979016 0.9326920704511052
0.3147721211383056 0.9326920704511052
0.31881252517870967 0.9326920704511052
0.3228529292191137 0.9326920704511052
0.32689333325951775 0.9326920704511052
0.33093373729992176 0.9326920704511052
0.3349741413403258 0.9326920704511052
0.33901454538072984 0.9326920704511052
0.3430549494211339 0.9326920704511052
0.34709535346153797 0.9326920704511052
0.351135757501942 0.9326920704511052
0.355176161542346 0.9326920704511052
0.35921656558275006 0.9326920704511052
0.3632569696231541 0.9326920704511052
0.36729737366355814 0.9326920704511052
0.37133777770396215 0.9326920704511052
0.3753781817443662 0.9326920704511052
0.3794185857847703 0.9326920704511052
0.3834589898251743 0.9326920704511052
0.2905296968958814 0.9367324744915093
0.29457010093628544 0.9367324744915093
0.29861050497668945 0.9367324744915093
0.30265090901709346 0.9367324744915093
0.3066913130574975 0.9367324744915093
0.3107317170979016 0.9367324744915093
0.3147721211383056 0.9367324744915093
0.31881252517870967 0.9367324744915093
0.3228529292191137 0.9367324744915093
0.32689333325951775 0.9367324744915093
0.33093373729992176 0.9367324744915093
0.3349741413403258 0.9367324744915093
0.33901454538072984 0.9367324744915093
0.3430549494211339 0.9367324744915093
0.34709535346153797 0.9367324744915093
0.351135757501942 0.9367324744915093
0.355176161542346 0.9367324744915093
0.35921656558275006 0.9367324744915093
0.3632569696231541 0.9367324744915093
0.36729737366355814 0.9367324744915093
0.37133777770396215 0.9367324744915093
0.2905296968958814 0.9407728785319134
0.29457010093628544 0.9407728785319134
0.29861050497668945 0.9407728785319134
0.30265090901709346 0.9407728785319134
0.3066913130574975 0.9407728785319134
0.3107317170979016 0.9407728785319134
0.3147721211383056 0.9407728785319134
0.31881252517870967 0.9407728785319134
0.3228529292191137 0.9407728785319134
0.32689333325951775 0.9407728785319134
0.33093373729992176 0.9407728785319134
0.3349741413403258 0.9407728785319134
0.33901454538072984 0.9407728785319134
0.3430549494211339 0.9407728785319134
0.34709535346153797 0.9407728785319134
0.351135757501942 0.9407728785319134
0.355176161542346 0.9407728785319134
0.35921656558275006 0.9407728785319134
0.3632569696231541 0.9407728785319134
0.2905296968958814 0.9448132825723174
0.29457010093628544 0.9448132825723174
0.29861050497668945 0.9448132825723174
0.30265090901709346 0.9448132825723174
0.3066913130574975 0.9448132825723174
0.3107317170979016 0.9448132825723174
0.3147721211383056 0.9448132825723174
0.31881252517870967 0.9448132825723174
0.3228529292191137 0.9448132825723174
0.32689333325951775 0.9448132825723174
0.33093373729992176 0.9448132825723174
0.3349741413403258 0.9448132825723174
0.33901454538072984 0.9448132825723174
0.3430549494211339 0.9448132825723174
0.34709535346153797 0.9448132825723174
0.351135757501942 0.9448132825723174
0.2905296968958814 0.9488536866127214
0.29457010093628544 0.9488536866127214
0.29861050497668945 0.9488536866127214
0.30265090901709346 0.9488536866127214
0.3066913130574975 0.9488536866127214
0.3107317170979016 0.9488536866127214
0.3147721211383056 0.9488536866127214
0.31881252517870967 0.9488536866127214
0.3228529292191137 0.9488536866127214
0.32689333325951775 0.9488536866127214
0.33093373729992176 0.9488536866127214
0.3349741413403258 0.9488536866127214
0.33901454538072984 0.9488536866127214
0.3430549494211339 0.9488536866127214
0.2905296968958814 0.9528940906531255
0.29457010093628544 0.9528940906531255
0.29861050497668945 0.9528940906531255
0.30265090901709346 0.9528940906531255
0.3066913130574975 0.9528940906531255
0.3107317170979016 0.9528940906531255
0.3147721211383056 0.9528940906531255
0.31881252517870967 0.9528940906531255
0.3228529292191137 0.9528940906531255
0.32689333325951775 0.9528940906531255
0.33093373729992176 0.9528940906531255
0.2905296968958814 0.9569344946935294
0.29457010093628544 0.9569344946935294
0.29861050497668945 0.9569344946935294
0.30265090901709346 0.9569344946935294
0.3066913130574975 0.9569344946935294
0.3107317170979016 0.9569344946935294
0.3147721211383056 0.9569344946935294
0.31881252517870967 0.9569344946935294
0.2905296968958814 0.9609748987339335
0.29457010093628544 0.9609748987339335
0.29861050497668945 0.9609748987339335
0.30265090901709346 0.9609748987339335
0.3066913130574975 0.9609748987339335
0.2905296968958814 0.9650153027743376
0.29457010093628544 0.9650153027743376
