# x y
0.6988321735735377 0.698348636107671
0.6947917695331336 0.702389040148075
0.6988321735735377 0.702389040148075
0.6907513654927296 0.706429444188479
0.6947917695331336 0.706429444188479
0.6988321735735377 0.706429444188479
0.6867109614523256 0.710469848228883
0.6907513654927296 0.710469848228883
0.6947917695331336 0.710469848228883
0.6988321735735377 0.710469848228883
0.6826705574119215 0.7145102522692871
0.6867109614523256 0.7145102522692871
0.6907513654927296 0.7145102522692871
0.6947917695331336 0.7145102522692871
0.6988321735735377 0.7145102522692871
0.6786301533715176 0.7185506563096911
0.6826705574119215 0.7185506563096911
0.6867109614523256 0.7185506563096911
0.6907513654927296 0.7185506563096911
0.6947917695331336 0.7185506563096911
0.6988321735735377 0.7185506563096911
0.6745897493311135 0.7225910603500951
0.6786301533715176 0.7225910603500951
0.6826705574119215 0.7225910603500951
0.6867109614523256 0.7225910603500951
0.6907513654927296 0.7225910603500951
0.6947917695331336 0.7225910603500951
0.6988321735735377 0.7225910603500951
0.6705493452907094 0.7266314643904992
0.6745897493311135 0.7266314643904992
0.6786301533715176 0.7266314643904992
0.6826705574119215 0.7266314643904992
0.6867109614523256 0.7266314643904992
0.6907513654927296 0.7266314643904992
0.6947917695331336 0.7266314643904992
0.6988321735735377 0.7266314643904992
0.6624685372099013 0.7306718684309033
0.6665089412503054 0.7306718684309033
0.6705493452907094 0.7306718684309033
0.6745897493311135 0.7306718684309033
0.6786301533715176 0.7306718684309033
0.6826705574119215 0.7306718684309033
0.6867109614523256 0.7306718684309033
0.6907513654927296 0.7306718684309033
0.6947917695331336 0.7306718684309033
0.6988321735735377 0.7306718684309033
0.6584281331694972 0.7347122724713073
0.6624685372099013 0.7347122724713073
0.6665089412503054 0.7347122724713073
0.6705493452907094 0.7347122724713073
0.6745897493311135 0.7347122724713073
0.6786301533715176 0.7347122724713073
0.6826705574119215 0.7347122724713073
0.6867109614523256 0.7347122724713073
0.6907513654927296 0.7347122724713073
0.6947917695331336 0.7347122724713073
0.6543877291290933 0.7387526765117113
0.6584281331694972 0.7387526765117113
0.6624685372099013 0.7387526765117113
0.6665089412503054 0.7387526765117113
0.6705493452907094 0.7387526765117113
0.6745897493311135 0.7387526765117113
0.6786301533715176 0.7387526765117113
0.6826705574119215 0.7387526765117113
0.6867109614523256 0.7387526765117113
0.6907513654927296 0.7387526765117113
0.6503473250886892 0.7427930805521153
0.6543877291290933 0.7427930805521153
0.6584281331694972 0.7427930805521153
0.6624685372099013 0.7427930805521153
0.6665089412503054 0.7427930805521153
0.6705493452907094 0.7427930805521153
0.6745897493311135 0.7427930805521153
0.6786301533715176 0.7427930805521153
0.6826705574119215 0.7427930805521153
0.6867109614523256 0.7427930805521153
0.6463069210482852 0.7468334845925194
0.6503473250886892 0.7468334845925194
0.6543877291290933 0.7468334845925194
0.6584281331694972 0.7468334845925194
0.6624685372099013 0.7468334845925194
0.6665089412503054 0.7468334845925194
0.6705493452907094 0.7468334845925194
0.6745897493311135 0.7468334845925194
0.6786301533715176 0.7468334845925194
0.6422665170078812 0.7508738886329235
0.6463069210482852 0.7508738886329235
0.6503473250886892 0.7508738886329235
0.6543877291290933 0.7508738886329235
0.6584281331694972 0.7508738886329235
0.6624685372099013 0.7508738886329235
0.6665089412503054 0.7508738886329235
0.6705493452907094 0.7508738886329235
0.6745897493311135 0.7508738886329235
0.6786301533715176 0.7508738886329235
0.634185708927073 0.7549142926733274
0.6382261129674771 0.7549142926733274
0.6422665170078812 0.7549142926733274
0.6463069210482852 0.7549142926733274
0.6503473250886892 0.7549142926733274
0.6543877291290933 0.7549142926733274
0.6584281331694972 0.7549142926733274
0.6624685372099013 0.7549142926733274
0.6665089412503054 0.7549142926733274
0.6705493452907094 0.7549142926733274
0.6745897493311135 0.7549142926733274
0.634185708927073 0.7589546967137315
0.6382261129674771 0.7589546967137315
0.6422665170078812 0.7589546967137315
0.6463069210482852 0.7589546967137315
0.6503473250886892 0.7589546967137315
0.6543877291290933 0.7589546967137315
0.6584281331694972 0.7589546967137315
0.6624685372099013 0.7589546967137315
0.6665089412503054 0.7589546967137315
0.6705493452907094 0.7589546967137315
0.6261049008462649 0.7629951007541356
0.630145304886669 0.7629951007541356
0.634185708927073 0.7629951007541356
0.6382261129674771 0.7629951007541356
0.6422665170078812 0.7629951007541356
0.6463069210482852 0.7629951007541356
0.6503473250886892 0.7629951007541356
0.6543877291290933 0.7629951007541356
0.6584281331694972 0.7629951007541356
0.6624685372099013 0.7629951007541356
0.6220644968058608 0.7670355047945396
0.6261049008462649 0.7670355047945396
0.630145304886669 0.7670355047945396
0.634185708927073 0.7670355047945396
0.6382261129674771 0.7670355047945396
0.6422665170078812 0.7670355047945396
0.6463069210482852 0.7670355047945396
0.6503473250886892 0.7670355047945396
0.6543877291290933 0.7670355047945396
0.6584281331694972 0.7670355047945396
0.6139836887250528 0.7710759088349436
0.6180240927654569 0.7710759088349436
0.6220644968058608 0.7710759088349436
0.6261049008462649 0.7710759088349436
0.630145304886669 0.7710759088349436
0.634185708927073 0.7710759088349436
0.6382261129674771 0.7710759088349436
0.6422665170078812 0.7710759088349436
0.6463069210482852 0.7710759088349436
0.6503473250886892 0.7710759088349436
0.6543877291290933 0.7710759088349436
0.6139836887250528 0.7751163128753477
0.6180240927654569 0.7751163128753477
0.6220644968058608 0.7751163128753477
0.6261049008462649 0.7751163128753477
0.630145304886669 0.7751163128753477
0.634185708927073 0.7751163128753477
0.6382261129674771 0.7751163128753477
0.6422665170078812 0.7751163128753477
0.6463069210482852 0.7751163128753477
0.6503473250886892 0.7751163128753477
0.6059028806442448 0.7791567169157517
0.6099432846846489 0.7791567169157517
0.6139836887250528 0.7791567169157517
0.6180240927654569 0.7791567169157517
0.6220644968058608 0.7791567169157517
0.6261049008462649 0.7791567169157517
0.630145304886669 0.7791567169157517
0.634185708927073 0.7791567169157517
0.6382261129674771 0.7791567169157517
0.6422665170078812 0.7791567169157517
0.6018624766038407 0.7831971209561558
0.6059028806442448 0.7831971209561558
0.6099432846846489 0.7831971209561558
0.6139836887250528 0.7831971209561558
0.6180240927654569 0.7831971209561558
0.6220644968058608 0.7831971209561558
0.6261049008462649 0.7831971209561558
0.630145304886669 0.7831971209561558
0.634185708927073 0.7831971209561558
0.6382261129674771 0.7831971209561558
0.5937816685230326 0.7872375249965597
0.5978220725634367 0.7872375249965597
0.6018624766038407 0.7872375249965597
0.6059028806442448 0.7872375249965597
0.6099432846846489 0.7872375249965597
0.6139836887250528 0.7872375249965597
0.6180240927654569 0.7872375249965597
0.6220644968058608 0.7872375249965597
0.6261049008462649 0.7872375249965597
0.630145304886669 0.7872375249965597
0.634185708927073 0.7872375249965597
0.5897412644826285 0.7912779290369638
0.5937816685230326 0.7912779290369638
0.5978220725634367 0.7912779290369638
0.6018624766038407 0.7912779290369638
0.6059028806442448 0.7912779290369638
0.6099432846846489 0.7912779290369638
0.6139836887250528 0.7912779290369638
0.6180240927654569 0.7912779290369638
0.6220644968058608 0.7912779290369638
0.6261049008462649 0.7912779290369638
0.630145304886669 0.7912779290369638
0.5857008604422246 0.7953183330773679
0.5897412644826285 0.7953183330773679
0.5937816685230326 0.7953183330773679
0.5978220725634367 0.7953183330773679
0.6018624766038407 0.7953183330773679
0.6059028806442448 0.7953183330773679
0.6099432846846489 0.7953183330773679
0.6139836887250528 0.7953183330773679
0.6180240927654569 0.7953183330773679
0.6220644968058608 0.7953183330773679
0.5816604564018205 0.799358737117772
0.5857008604422246 0.799358737117772
0.5897412644826285 0.799358737117772
0.5937816685230326 0.799358737117772
0.5978220725634367 0.799358737117772
0.6018624766038407 0.799358737117772
0.6059028806442448 0.799358737117772
0.6099432846846489 0.799358737117772
0.6139836887250528 0.799358737117772
0.6180240927654569 0.799358737117772
0.5735796483210125 0.803399141158176
0.5776200523614166 0.803399141158176
0.5816604564018205 0.803399141158176
0.5857008604422246 0.803399141158176
0.5897412644826285 0.803399141158176
0.5937816685230326 0.803399141158176
0.5978220725634367 0.803399141158176
0.6018624766038407 0.803399141158176
0.6059028806442448 0.803399141158176
0.6099432846846489 0.803399141158176
0.6139836887250528 0.803399141158176
0.5695392442806084 0.80743954519858
0.5735796483210125 0.80743954519858
0.5776200523614166 0.80743954519858
0.5816604564018205 0.80743954519858
0.5857008604422246 0.80743954519858
0.5897412644826285 0.80743954519858
0.5937816685230326 0.80743954519858
0.5978220725634367 0.80743954519858
0.6018624766038407 0.80743954519858
0.6059028806442448 0.80743954519858
0.5614584361998003 0.811479949238984
0.5654988402402044 0.811479949238984
0.5695392442806084 0.811479949238984
0.5735796483210125 0.811479949238984
0.5776200523614166 0.811479949238984
0.5816604564018205 0.811479949238984
0.5857008604422246 0.811479949238984
0.5897412644826285 0.811479949238984
0.5937816685230326 0.811479949238984
0.5978220725634367 0.811479949238984
0.6018624766038407 0.811479949238984
0.5533776281189922 0.8155203532793881
0.5574180321593962 0.8155203532793881
0.5614584361998003 0.8155203532793881
0.5654988402402044 0.8155203532793881
0.5695392442806084 0.8155203532793881
0.5735796483210125 0.8155203532793881
0.5776200523614166 0.8155203532793881
0.5816604564018205 0.8155203532793881
0.5857008604422246 0.8155203532793881
0.5897412644826285 0.8155203532793881
0.5937816685230326 0.8155203532793881
0.5493372240785882 0.819560757319792
0.5533776281189922 0.819560757319792
0.5574180321593962 0.819560757319792
0.5614584361998003 0.819560757319792
0.5654988402402044 0.819560757319792
0.5695392442806084 0.819560757319792
0.5735796483210125 0.819560757319792
0.5776200523614166 0.819560757319792
0.5816604564018205 0.819560757319792
0.5857008604422246 0.819560757319792
0.5897412644826285 0.819560757319792
0.5412564159977802 0.8236011613601961
0.5452968200381841 0.8236011613601961
0.5493372240785882 0.8236011613601961
0.5533776281189922 0.8236011613601961
0.5574180321593962 0.8236011613601961
0.5614584361998003 0.8236011613601961
0.5654988402402044 0.8236011613601961
0.5695392442806084 0.8236011613601961
0.5735796483210125 0.8236011613601961
0.5776200523614166 0.8236011613601961
0.5816604564018205 0.8236011613601961
0.5857008604422246 0.8236011613601961
0.5372160119573761 0.8276415654006002
0.5412564159977802 0.8276415654006002
0.5452968200381841 0.8276415654006002
0.5493372240785882 0.8276415654006002
0.5533776281189922 0.8276415654006002
0.5574180321593962 0.8276415654006002
0.5614584361998003 0.8276415654006002
0.5654988402402044 0.8276415654006002
0.5695392442806084 0.8276415654006002
0.5735796483210125 0.8276415654006002
0.5776200523614166 0.8276415654006002
0.529135203876568 0.8316819694410043
0.533175607916972 0.8316819694410043
0.5372160119573761 0.8316819694410043
0.5412564159977802 0.8316819694410043
0.5452968200381841 0.8316819694410043
0.5493372240785882 0.8316819694410043
0.5533776281189922 0.8316819694410043
0.5574180321593962 0.8316819694410043
0.5614584361998003 0.8316819694410043
0.5654988402402044 0.8316819694410043
0.5695392442806084 0.8316819694410043
0.5735796483210125 0.8316819694410043
0.5250947998361639 0.8357223734814083
0.529135203876568 0.8357223734814083
0.533175607916972 0.8357223734814083
0.5372160119573761 0.8357223734814083
0.5412564159977802 0.8357223734814083
0.5452968200381841 0.8357223734814083
0.5493372240785882 0.8357223734814083
0.5533776281189922 0.8357223734814083
0.5574180321593962 0.8357223734814083
0.5614584361998003 0.8357223734814083
0.5654988402402044 0.8357223734814083
0.5695392442806084 0.8357223734814083
0.5170139917553559 0.8397627775218124
0.5210543957957599 0.8397627775218124
0.5250947998361639 0.8397627775218124
0.529135203876568 0.8397627775218124
0.533175607916972 0.8397627775218124
0.5372160119573761 0.8397627775218124
0.5412564159977802 0.8397627775218124
0.5452968200381841 0.8397627775218124
0.5493372240785882 0.8397627775218124
0.5533776281189922 0.8397627775218124
0.5574180321593962 0.8397627775218124
0.5614584361998003 0.8397627775218124
0.5129735877149518 0.8438031815622163
0.5170139917553559 0.8438031815622163
0.5210543957957599 0.8438031815622163
0.5250947998361639 0.8438031815622163
0.529135203876568 0.8438031815622163
0.533175607916972 0.8438031815622163
0.5372160119573761 0.8438031815622163
0.5412564159977802 0.8438031815622163
0.5452968200381841 0.8438031815622163
0.5493372240785882 0.8438031815622163
0.5533776281189922 0.8438031815622163
0.5048927796341438 0.8478435856026204
0.5089331836745478 0.8478435856026204
0.5129735877149518 0.8478435856026204
0.5170139917553559 0.8478435856026204
0.5210543957957599 0.8478435856026204
0.5250947998361639 0.8478435856026204
0.529135203876568 0.8478435856026204
0.533175607916972 0.8478435856026204
0.5372160119573761 0.8478435856026204
0.5412564159977802 0.8478435856026204
0.5452968200381841 0.8478435856026204
0.5493372240785882 0.8478435856026204
0.4968119715533357 0.8518839896430245
0.5008523755937397 0.8518839896430245
0.5048927796341438 0.8518839896430245
0.5089331836745478 0.8518839896430245
0.5129735877149518 0.8518839896430245
0.5170139917553559 0.8518839896430245
0.5210543957957599 0.8518839896430245
0.5250947998361639 0.8518839896430245
0.529135203876568 0.8518839896430245
0.533175607916972 0.8518839896430245
0.5372160119573761 0.8518839896430245
0.5412564159977802 0.8518839896430245
0.5452968200381841 0.8518839896430245
0.4927715675129316 0.8559243936834284
0.4968119715533357 0.8559243936834284
0.5008523755937397 0.8559243936834284
0.5048927796341438 0.8559243936834284
0.5089331836745478 0.8559243936834284
0.5129735877149518 0.8559243936834284
0.5170139917553559 0.8559243936834284
0.5210543957957599 0.8559243936834284
0.5250947998361639 0.8559243936834284
0.529135203876568 0.8559243936834284
0.533175607916972 0.8559243936834284
0.5372160119573761 0.8559243936834284
0.4846907594321236 0.8599647977238325
0.4887311634725276 0.8599647977238325
0.4927715675129316 0.8599647977238325
0.4968119715533357 0.8599647977238325
0.5008523755937397 0.8599647977238325
0.5048927796341438 0.8599647977238325
0.5089331836745478 0.8599647977238325
0.5129735877149518 0.8599647977238325
0.5170139917553559 0.8599647977238325
0.5210543957957599 0.8599647977238325
0.5250947998361639 0.8599647977238325
0.529135203876568 0.8599647977238325
0.533175607916972 0.8599647977238325
0.47660995135131545 0.8640052017642366
0.4806503553917195 0.8640052017642366
0.4846907594321236 0.8640052017642366
0.4887311634725276 0.8640052017642366
0.4927715675129316 0.8640052017642366
0.4968119715533357 0.8640052017642366
0.5008523755937397 0.8640052017642366
0.5048927796341438 0.8640052017642366
0.5089331836745478 0.8640052017642366
0.5129735877149518 0.8640052017642366
0.5170139917553559 0.8640052017642366
0.5210543957957599 0.8640052017642366
0.5250947998361639 0.8640052017642366
0.46852914327050743 0.8680456058046406
0.47256954731091144 0.8680456058046406
0.47660995135131545 0.8680456058046406
0.4806503553917195 0.8680456058046406
0.4846907594321236 0.8680456058046406
0.4887311634725276 0.8680456058046406
0.4927715675129316 0.8680456058046406
0.4968119715533357 0.8680456058046406
0.5008523755937397 0.8680456058046406
0.5048927796341438 0.8680456058046406
0.5089331836745478 0.8680456058046406
0.5129735877149518 0.8680456058046406
0.5170139917553559 0.8680456058046406
0.4604483351896993 0.8720860098450447
0.46448873923010336 0.8720860098450447
0.46852914327050743 0.8720860098450447
0.47256954731091144 0.8720860098450447
0.47660995135131545 0.8720860098450447
0.4806503553917195 0.8720860098450447
0.4846907594321236 0.8720860098450447
0.4887311634725276 0.8720860098450447
0.4927715675129316 0.8720860098450447
0.4968119715533357 0.8720860098450447
0.5008523755937397 0.8720860098450447
0.5048927796341438 0.8720860098450447
0.5089331836745478 0.8720860098450447
0.5129735877149518 0.8720860098450447
0.45640793114929523 0.8761264138854487
0.4604483351896993 0.8761264138854487
0.46448873923010336 0.8761264138854487
0.46852914327050743 0.8761264138854487
0.47256954731091144 0.8761264138854487
0.47660995135131545 0.8761264138854487
0.4806503553917195 0.8761264138854487
0.4846907594321236 0.8761264138854487
0.4887311634725276 0.8761264138854487
0.4927715675129316 0.8761264138854487
0.4968119715533357 0.8761264138854487
0.5008523755937397 0.8761264138854487
0.5048927796341438 0.8761264138854487
0.44428671902808314 0.8801668179258527
0.4483271230684872 0.8801668179258527
0.4523675271088912 0.8801668179258527
0.45640793114929523 0.8801668179258527
0.4604483351896993 0.8801668179258527
0.46448873923010336 0.8801668179258527
0.46852914327050743 0.8801668179258527
0.47256954731091144 0.8801668179258527
0.47660995135131545 0.8801668179258527
0.4806503553917195 0.8801668179258527
0.4846907594321236 0.8801668179258527
0.4887311634725276 0.8801668179258527
0.4927715675129316 0.8801668179258527
0.4968119715533357 0.8801668179258527
0.43620591094727507 0.8842072219662568
0.4402463149876791 0.8842072219662568
0.44428671902808314 0.8842072219662568
0.4483271230684872 0.8842072219662568
0.4523675271088912 0.8842072219662568
0.45640793114929523 0.8842072219662568
0.4604483351896993 0.8842072219662568
0.46448873923010336 0.8842072219662568
0.46852914327050743 0.8842072219662568
0.47256954731091144 0.8842072219662568
0.47660995135131545 0.8842072219662568
0.4806503553917195 0.8842072219662568
0.4846907594321236 0.8842072219662568
0.4887311634725276 0.8842072219662568
0.43216550690687106 0.8882476260066607
0.43620591094727507 0.8882476260066607
0.4402463149876791 0.8882476260066607
0.44428671902808314 0.8882476260066607
0.4483271230684872 0.8882476260066607
0.4523675271088912 0.8882476260066607
0.45640793114929523 0.8882476260066607
0.4604483351896993 0.8882476260066607
0.46448873923010336 0.8882476260066607
0.46852914327050743 0.8882476260066607
0.47256954731091144 0.8882476260066607
0.47660995135131545 0.8882476260066607
0.4806503553917195 0.8882476260066607
0.4846907594321236 0.8882476260066607
0.4200442947856589 0.8922880300470648
0.4240846988260629 0.8922880300470648
0.428125102866467 0.8922880300470648
0.43216550690687106 0.8922880300470648
0.43620591094727507 0.8922880300470648
0.4402463149876791 0.8922880300470648
0.44428671902808314 0.8922880300470648
0.4483271230684872 0.8922880300470648
0.4523675271088912 0.8922880300470648
0.45640793114929523 0.8922880300470648
0.4604483351896993 0.8922880300470648
0.46448873923010336 0.8922880300470648
0.46852914327050743 0.8922880300470648
0.47256954731091144 0.8922880300470648
0.47660995135131545 0.8922880300470648
0.4160038907452549 0.8963284340874689
0.4200442947856589 0.8963284340874689
0.4240846988260629 0.8963284340874689
0.428125102866467 0.8963284340874689
0.43216550690687106 0.8963284340874689
0.43620591094727507 0.8963284340874689
0.4402463149876791 0.8963284340874689
0.44428671902808314 0.8963284340874689
0.4483271230684872 0.8963284340874689
0.4523675271088912 0.8963284340874689
0.45640793114929523 0.8963284340874689
0.4604483351896993 0.8963284340874689
0.46448873923010336 0.8963284340874689
0.46852914327050743 0.8963284340874689
0.40388267862404276 0.9003688381278729
0.40792308266444677 0.9003688381278729
0.41196348670485083 0.9003688381278729
0.4160038907452549 0.9003688381278729
0.4200442947856589 0.9003688381278729
0.4240846988260629 0.9003688381278729
0.428125102866467 0.9003688381278729
0.43216550690687106 0.9003688381278729
0.43620591094727507 0.9003688381278729
0.4402463149876791 0.9003688381278729
0.44428671902808314 0.9003688381278729
0.4483271230684872 0.9003688381278729
0.4523675271088912 0.9003688381278729
0.45640793114929523 0.9003688381278729
0.4604483351896993 0.9003688381278729
0.3917614665028306 0.904409242168277
0.3958018705432347 0.904409242168277
0.3998422745836387 0.904409242168277
0.40388267862404276 0.904409242168277
0.40792308266444677 0.904409242168277
0.41196348670485083 0.904409242168277
0.4160038907452549 0.904409242168277
0.4200442947856589 0.904409242168277
0.4240846988260629 0.904409242168277
0.428125102866467 0.904409242168277
0.43216550690687106 0.904409242168277
0.43620591094727507 0.904409242168277
0.4402463149876791 0.904409242168277
0.44428671902808314 0.904409242168277
0.4483271230684872 0.904409242168277
0.4523675271088912 0.904409242168277
0.3877210624624266 0.9084496462086811
0.3917614665028306 0.9084496462086811
0.3958018705432347 0.9084496462086811
0.3998422745836387 0.9084496462086811
0.40388267862404276 0.9084496462086811
0.40792308266444677 0.9084496462086811
0.41196348670485083 0.9084496462086811
0.4160038907452549 0.9084496462086811
0.4200442947856589 0.9084496462086811
0.4240846988260629 0.9084496462086811
0.428125102866467 0.9084496462086811
0.43216550690687106 0.9084496462086811
0.43620591094727507 0.9084496462086811
0.4402463149876791 0.9084496462086811
0.44428671902808314 0.9084496462086811
0.37559985034121446 0.912490050249085
0.3796402543816185 0.912490050249085
0.38368065842202254 0.912490050249085
0.3877210624624266 0.912490050249085
0.3917614665028306 0.912490050249085
0.3958018705432347 0.912490050249085
0.3998422745836387 0.912490050249085
0.40388267862404276 0.912490050249085
0.40792308266444677 0.912490050249085
0.41196348670485083 0.912490050249085
0.4160038907452549 0.912490050249085
0.4200442947856589 0.912490050249085
0.4240846988260629 0.912490050249085
0.428125102866467 0.912490050249085
0.43216550690687106 0.912490050249085
0.43620591094727507 0.912490050249085
0.3675190422604064 0.9165304542894891
0.3715594463008104 0.9165304542894891
0.37559985034121446 0.9165304542894891
0.3796402543816185 0.9165304542894891
0.38368065842202254 0.9165304542894891
0.3877210624624266 0.9165304542894891
0.3917614665028306 0.9165304542894891
0.3958018705432347 0.9165304542894891
0.3998422745836387 0.9165304542894891
0.40388267862404276 0.9165304542894891
0.40792308266444677 0.9165304542894891
0.41196348670485083 0.9165304542894891
0.4160038907452549 0.9165304542894891
0.4200442947856589 0.9165304542894891
0.4240846988260629 0.9165304542894891
0.428125102866467 0.9165304542894891
0.35539783013919424 0.920570858329893
0.3594382341795983 0.920570858329893
0.36347863822000237 0.920570858329893
0.3675190422604064 0.920570858329893
0.3715594463008104 0.920570858329893
0.37559985034121446 0.920570858329893
0.3796402543816185 0.920570858329893
0.38368065842202254 0.920570858329893
0.3877210624624266 0.920570858329893
0.3917614665028306 0.920570858329893
0.3958018705432347 0.920570858329893
0.3998422745836387 0.920570858329893
0.40388267862404276 0.920570858329893
0.40792308266444677 0.920570858329893
0.41196348670485083 0.920570858329893
0.4160038907452549 0.920570858329893
0.4200442947856589 0.920570858329893
0.3473170220583862 0.9246112623702971
0.3513574260987902 0.9246112623702971
0.35539783013919424 0.9246112623702971
0.3594382341795983 0.9246112623702971
0.36347863822000237 0.9246112623702971
0.3675190422604064 0.9246112623702971
0.3715594463008104 0.9246112623702971
0.37559985034121446 0.9246112623702971
0.3796402543816185 0.9246112623702971
0.38368065842202254 0.9246112623702971
0.3877210624624266 0.9246112623702971
0.3917614665028306 0.9246112623702971
0.3958018705432347 0.9246112623702971
0.3998422745836387 0.9246112623702971
0.40388267862404276 0.9246112623702971
0.40792308266444677 0.9246112623702971
0.41196348670485083 0.9246112623702971
0.33519580993717407 0.9286516664107012
0.3392362139775781 0.9286516664107012
0.34327661801798215 0.9286516664107012
0.3473170220583862 0.9286516664107012
0.3513574260987902 0.9286516664107012
0.35539783013919424 0.9286516664107012
0.3594382341795983 0.9286516664107012
0.36347863822000237 0.9286516664107012
0.3675190422604064 0.9286516664107012
0.3715594463008104 0.9286516664107012
0.37559985034121446 0.9286516664107012
0.3796402543816185 0.9286516664107012
0.38368065842202254 0.9286516664107012
0.3877210624624266 0.9286516664107012
0.3917614665028306 0.9286516664107012
0.3958018705432347 0.9286516664107012
0.3998422745836387 0.9286516664107012
0.31903419377555786 0.9326920704511052
0.32307459781596193 0.9326920704511052
0.327115001856366 0.9326920704511052
0.33115540589677 0.9326920704511052
0.33519580993717407 0.9326920704511052
0.3392362139775781 0.9326920704511052
0.34327661801798215 0.9326920704511052
0.3473170220583862 0.9326920704511052
0.3513574260987902 0.9326920704511052
0.35539783013919424 0.9326920704511052
0.3594382341795983 0.9326920704511052
0.36347863822000237 0.9326920704511052
0.3675190422604064 0.9326920704511052
0.3715594463008104 0.9326920704511052
0.37559985034121446 0.9326920704511052
0.3796402543816185 0.9326920704511052
0.38368065842202254 0.9326920704511052
0.3877210624624266 0.9326920704511052
0.3917614665028306 0.9326920704511052
0.3069129816543458 0.9367324744915093
0.31095338569474984 0.9367324744915093
0.31499378973515385 0.9367324744915093
0.31903419377555786 0.9367324744915093
0.32307459781596193 0.9367324744915093
0.327115001856366 0.9367324744915093
0.33115540589677 0.9367324744915093
0.33519580993717407 0.9367324744915093
0.3392362139775781 0.9367324744915093
0.34327661801798215 0.9367324744915093
0.3473170220583862 0.9367324744915093
0.3513574260987902 0.9367324744915093
0.35539783013919424 0.9367324744915093
0.3594382341795983 0.9367324744915093
0.36347863822000237 0.9367324744915093
0.3675190422604064 0.9367324744915093
0.3715594463008104 0.9367324744915093
0.37559985034121446 0.9367324744915093
0.3796402543816185 0.9367324744915093
0.3028725776139417 0.9407728785319134
0.3069129816543458 0.9407728785319134
0.31095338569474984 0.9407728785319134
0.31499378973515385 0.9407728785319134
0.31903419377555786 0.9407728785319134
0.32307459781596193 0.9407728785319134
0.327115001856366 0.9407728785319134
0.33115540589677 0.9407728785319134
0.33519580993717407 0.9407728785319134
0.3392362139775781 0.9407728785319134
0.34327661801798215 0.9407728785319134
0.3473170220583862 0.9407728785319134
0.3513574260987902 0.9407728785319134
0.35539783013919424 0.9407728785319134
0.3594382341795983 0.9407728785319134
0.36347863822000237 0.9407728785319134
0.3675190422604064 0.9407728785319134
0.3715594463008104 0.9407728785319134
0.2988321735735377 0.9448132825723174
0.3028725776139417 0.9448132825723174
0.3069129816543458 0.9448132825723174
0.31095338569474984 0.9448132825723174
0.31499378973515385 0.9448132825723174
0.31903419377555786 0.9448132825723174
0.32307459781596193 0.9448132825723174
0.327115001856366 0.9448132825723174
0.33115540589677 0.9448132825723174
0.33519580993717407 0.9448132825723174
0.3392362139775781 0.9448132825723174
0.34327661801798215 0.9448132825723174
0.3473170220583862 0.9448132825723174
0.3513574260987902 0.9448132825723174
0.35539783013919424 0.9448132825723174
0.3594382341795983 0.9448132825723174
0.36347863822000237 0.9448132825723174
0.2988321735735377 0.9488536866127214
0.3028725776139417 0.9488536866127214
0.3069129816543458 0.9488536866127214
0.31095338569474984 0.9488536866127214
0.31499378973515385 0.9488536866127214
0.31903419377555786 0.9488536866127214
0.32307459781596193 0.9488536866127214
0.327115001856366 0.9488536866127214
0.33115540589677 0.9488536866127214
0.33519580993717407 0.9488536866127214
0.3392362139775781 0.9488536866127214
0.34327661801798215 0.9488536866127214
0.3473170220583862 0.9488536866127214
0.3513574260987902 0.9488536866127214
0.2988321735735377 0.9528940906531255
0.3028725776139417 0.9528940906531255
0.3069129816543458 0.9528940906531255
0.31095338569474984 0.9528940906531255
0.31499378973515385 0.9528940906531255
0.31903419377555786 0.9528940906531255
0.32307459781596193 0.9528940906531255
0.327115001856366 0.9528940906531255
0.33115540589677 0.9528940906531255
0.33519580993717407 0.9528940906531255
0.3392362139775781 0.9528940906531255
0.2988321735735377 0.9569344946935294
0.3028725776139417 0.9569344946935294
0.3069129816543458 0.9569344946935294
0.31095338569474984 0.9569344946935294
0.31499378973515385 0.9569344946935294
0.31903419377555786 0.9569344946935294
0.32307459781596193 0.9569344946935294
0.327115001856366 0.9569344946935294
0.33115540589677 0.9569344946935294
0.2988321735735377 0.9609748987339335
0.3028725776139417 0.9609748987339335
0.3069129816543458 0.9609748987339335
0.31095338569474984 0.9609748987339335
0.31499378973515385 0.9609748987339335
0.2988321735735377 0.9650153027743376
0.3028725776139417 0.9650153027743376
0.3069129816543458 0.9650153027743376
