# x y
0.6991175158209149 0.702389040148075
0.6910367077401068 0.706429444188479
0.6950771117805108 0.706429444188479
0.6991175158209149 0.706429444188479
0.6910367077401068 0.710469848228883
0.6950771117805108 0.710469848228883
0.6991175158209149 0.710469848228883
0.6829558996592987 0.7145102522692871
0.6869963036997028 0.7145102522692871
0.6910367077401068 0.7145102522692871
0.6950771117805108 0.7145102522692871
0.6991175158209149 0.7145102522692871
0.6789154956188947 0.7185506563096911
0.6829558996592987 0.7185506563096911
0.6869963036997028 0.7185506563096911
0.6910367077401068 0.7185506563096911
0.6950771117805108 0.7185506563096911
0.6991175158209149 0.7185506563096911
0.6748750915784907 0.7225910603500951
0.6789154956188947 0.7225910603500951
0.6829558996592987 0.7225910603500951
0.6869963036997028 0.7225910603500951
0.6910367077401068 0.7225910603500951
0.6950771117805108 0.7225910603500951
0.6991175158209149 0.7225910603500951
0.6708346875380866 0.7266314643904992
0.6748750915784907 0.7266314643904992
0.6789154956188947 0.7266314643904992
0.6829558996592987 0.7266314643904992
0.6869963036997028 0.7266314643904992
0.6910367077401068 0.7266314643904992
0.6950771117805108 0.7266314643904992
0.6991175158209149 0.7266314643904992
0.6667942834976825 0.7306718684309033
0.6708346875380866 0.7306718684309033
0.6748750915784907 0.7306718684309033
0.6789154956188947 0.7306718684309033
0.6829558996592987 0.7306718684309033
0.6869963036997028 0.7306718684309033
0.6910367077401068 0.7306718684309033
0.6950771117805108 0.7306718684309033
0.6627538794572785 0.7347122724713073
0.6667942834976825 0.7347122724713073
0.6708346875380866 0.7347122724713073
0.6748750915784907 0.7347122724713073
0.6789154956188947 0.7347122724713073
0.6829558996592987 0.7347122724713073
0.6869963036997028 0.7347122724713073
0.6910367077401068 0.7347122724713073
0.6587134754168744 0.7387526765117113
0.6627538794572785 0.7387526765117113
0.6667942834976825 0.7387526765117113
0.6708346875380866 0.7387526765117113
0.6748750915784907 0.7387526765117113
0.6789154956188947 0.7387526765117113
0.6829558996592987 0.7387526765117113
0.6869963036997028 0.7387526765117113
0.6546730713764705 0.7427930805521153
0.6587134754168744 0.7427930805521153
0.6627538794572785 0.7427930805521153
0.6667942834976825 0.7427930805521153
0.6708346875380866 0.7427930805521153
0.6748750915784907 0.7427930805521153
0.6789154956188947 0.7427930805521153
0.6829558996592987 0.7427930805521153
0.6465922632956624 0.7468334845925194
0.6506326673360664 0.7468334845925194
0.6546730713764705 0.7468334845925194
0.6587134754168744 0.7468334845925194
0.6627538794572785 0.7468334845925194
0.6667942834976825 0.7468334845925194
0.6708346875380866 0.7468334845925194
0.6748750915784907 0.7468334845925194
0.6789154956188947 0.7468334845925194
0.6425518592552584 0.7508738886329235
0.6465922632956624 0.7508738886329235
0.6506326673360664 0.7508738886329235
0.6546730713764705 0.7508738886329235
0.6587134754168744 0.7508738886329235
0.6627538794572785 0.7508738886329235
0.6667942834976825 0.7508738886329235
0.6708346875380866 0.7508738886329235
0.6748750915784907 0.7508738886329235
0.6385114552148543 0.7549142926733274
0.6425518592552584 0.7549142926733274
0.6465922632956624 0.7549142926733274
0.6506326673360664 0.7549142926733274
0.6546730713764705 0.7549142926733274
0.6587134754168744 0.7549142926733274
0.6627538794572785 0.7549142926733274
0.6667942834976825 0.7549142926733274
0.6708346875380866 0.7549142926733274
0.6344710511744502 0.7589546967137315
0.6385114552148543 0.7589546967137315
0.6425518592552584 0.7589546967137315
0.6465922632956624 0.7589546967137315
0.6506326673360664 0.7589546967137315
0.6546730713764705 0.7589546967137315
0.6587134754168744 0.7589546967137315
0.6627538794572785 0.7589546967137315
0.6667942834976825 0.7589546967137315
0.6304306471340462 0.7629951007541356
0.6344710511744502 0.7629951007541356
0.6385114552148543 0.7629951007541356
0.6425518592552584 0.7629951007541356
0.6465922632956624 0.7629951007541356
0.6506326673360664 0.7629951007541356
0.6546730713764705 0.7629951007541356
0.6587134754168744 0.7629951007541356
0.6627538794572785 0.7629951007541356
0.622349839053238 0.7670355047945396
0.6263902430936421 0.7670355047945396
0.6304306471340462 0.7670355047945396
0.6344710511744502 0.7670355047945396
0.6385114552148543 0.7670355047945396
0.6425518592552584 0.7670355047945396
0.6465922632956624 0.7670355047945396
0.6506326673360664 0.7670355047945396
0.6546730713764705 0.7670355047945396
0.6183094350128341 0.7710759088349436
0.622349839053238 0.7710759088349436
0.6263902430936421 0.7710759088349436
0.6304306471340462 0.7710759088349436
0.6344710511744502 0.7710759088349436
0.6385114552148543 0.7710759088349436
0.6425518592552584 0.7710759088349436
0.6465922632956624 0.7710759088349436
0.6506326673360664 0.7710759088349436
0.61426903097243 0.7751163128753477
0.6183094350128341 0.7751163128753477
0.622349839053238 0.7751163128753477
0.6263902430936421 0.7751163128753477
0.6304306471340462 0.7751163128753477
0.6344710511744502 0.7751163128753477
0.6385114552148543 0.7751163128753477
0.6425518592552584 0.7751163128753477
0.6465922632956624 0.7751163128753477
0.6102286269320261 0.7791567169157517
0.61426903097243 0.7791567169157517
0.6183094350128341 0.7791567169157517
0.622349839053238 0.7791567169157517
0.6263902430936421 0.7791567169157517
0.6304306471340462 0.7791567169157517
0.6344710511744502 0.7791567169157517
0.6385114552148543 0.7791567169157517
0.6425518592552584 0.7791567169157517
0.6021478188512179 0.7831971209561558
0.606188222891622 0.7831971209561558
0.6102286269320261 0.7831971209561558
0.61426903097243 0.7831971209561558
0.6183094350128341 0.7831971209561558
0.622349839053238 0.7831971209561558
0.6263902430936421 0.7831971209561558
0.6304306471340462 0.7831971209561558
0.6344710511744502 0.7831971209561558
0.6385114552148543 0.7831971209561558
0.5981074148108139 0.7872375249965597
0.6021478188512179 0.7872375249965597
0.606188222891622 0.7872375249965597
0.6102286269320261 0.7872375249965597
0.61426903097243 0.7872375249965597
0.6183094350128341 0.7872375249965597
0.622349839053238 0.7872375249965597
0.6263902430936421 0.7872375249965597
0.6304306471340462 0.7872375249965597
0.5940670107704098 0.7912779290369638
0.5981074148108139 0.7912779290369638
0.6021478188512179 0.7912779290369638
0.606188222891622 0.7912779290369638
0.6102286269320261 0.7912779290369638
0.61426903097243 0.7912779290369638
0.6183094350128341 0.7912779290369638
0.622349839053238 0.7912779290369638
0.6263902430936421 0.7912779290369638
0.5859862026896018 0.7953183330773679
0.5900266067300057 0.7953183330773679
0.5940670107704098 0.7953183330773679
0.5981074148108139 0.7953183330773679
0.6021478188512179 0.7953183330773679
0.606188222891622 0.7953183330773679
0.6102286269320261 0.7953183330773679
0.61426903097243 0.7953183330773679
0.6183094350128341 0.7953183330773679
0.622349839053238 0.7953183330773679
0.5819457986491977 0.799358737117772
0.5859862026896018 0.799358737117772
0.5900266067300057 0.799358737117772
0.5940670107704098 0.799358737117772
0.5981074148108139 0.799358737117772
0.6021478188512179 0.799358737117772
0.606188222891622 0.799358737117772
0.6102286269320261 0.799358737117772
0.61426903097243 0.799358737117772
0.6183094350128341 0.799358737117772
0.5779053946087938 0.803399141158176
0.5819457986491977 0.803399141158176
0.5859862026896018 0.803399141158176
0.5900266067300057 0.803399141158176
0.5940670107704098 0.803399141158176
0.5981074148108139 0.803399141158176
0.6021478188512179 0.803399141158176
0.606188222891622 0.803399141158176
0.6102286269320261 0.803399141158176
0.5698245865279856 0.80743954519858
0.5738649905683897 0.80743954519858
0.5779053946087938 0.80743954519858
0.5819457986491977 0.80743954519858
0.5859862026896018 0.80743954519858
0.5900266067300057 0.80743954519858
0.5940670107704098 0.80743954519858
0.5981074148108139 0.80743954519858
0.6021478188512179 0.80743954519858
0.606188222891622 0.80743954519858
0.5657841824875816 0.811479949238984
0.5698245865279856 0.811479949238984
0.5738649905683897 0.811479949238984
0.5779053946087938 0.811479949238984
0.5819457986491977 0.811479949238984
0.5859862026896018 0.811479949238984
0.5900266067300057 0.811479949238984
0.5940670107704098 0.811479949238984
0.5981074148108139 0.811479949238984
0.6021478188512179 0.811479949238984
0.5577033744067734 0.8155203532793881
0.5617437784471775 0.8155203532793881
0.5657841824875816 0.8155203532793881
0.5698245865279856 0.8155203532793881
0.5738649905683897 0.8155203532793881
0.5779053946087938 0.8155203532793881
0.5819457986491977 0.8155203532793881
0.5859862026896018 0.8155203532793881
0.5900266067300057 0.8155203532793881
0.5940670107704098 0.8155203532793881
0.5536629703663694 0.819560757319792
0.5577033744067734 0.819560757319792
0.5617437784471775 0.819560757319792
0.5657841824875816 0.819560757319792
0.5698245865279856 0.819560757319792
0.5738649905683897 0.819560757319792
0.5779053946087938 0.819560757319792
0.5819457986491977 0.819560757319792
0.5859862026896018 0.819560757319792
0.5900266067300057 0.819560757319792
0.5455821622855613 0.8236011613601961
0.5496225663259654 0.8236011613601961
0.5536629703663694 0.8236011613601961
0.5577033744067734 0.8236011613601961
0.5617437784471775 0.8236011613601961
0.5657841824875816 0.8236011613601961
0.5698245865279856 0.8236011613601961
0.5738649905683897 0.8236011613601961
0.5779053946087938 0.8236011613601961
0.5819457986491977 0.8236011613601961
0.5859862026896018 0.8236011613601961
0.5415417582451574 0.8276415654006002
0.5455821622855613 0.8276415654006002
0.5496225663259654 0.8276415654006002
0.5536629703663694 0.8276415654006002
0.5577033744067734 0.8276415654006002
0.5617437784471775 0.8276415654006002
0.5657841824875816 0.8276415654006002
0.5698245865279856 0.8276415654006002
0.5738649905683897 0.8276415654006002
0.5779053946087938 0.8276415654006002
0.5334609501643492 0.8316819694410043
0.5375013542047533 0.8316819694410043
0.5415417582451574 0.8316819694410043
0.5455821622855613 0.8316819694410043
0.5496225663259654 0.8316819694410043
0.5536629703663694 0.8316819694410043
0.5577033744067734 0.8316819694410043
0.5617437784471775 0.8316819694410043
0.5657841824875816 0.8316819694410043
0.5698245865279856 0.8316819694410043
0.5738649905683897 0.8316819694410043
0.5294205461239452 0.8357223734814083
0.5334609501643492 0.8357223734814083
0.5375013542047533 0.8357223734814083
0.5415417582451574 0.8357223734814083
0.5455821622855613 0.8357223734814083
0.5496225663259654 0.8357223734814083
0.5536629703663694 0.8357223734814083
0.5577033744067734 0.8357223734814083
0.5617437784471775 0.8357223734814083
0.5657841824875816 0.8357223734814083
0.521339738043137 0.8397627775218124
0.5253801420835411 0.8397627775218124
0.5294205461239452 0.8397627775218124
0.5334609501643492 0.8397627775218124
0.5375013542047533 0.8397627775218124
0.5415417582451574 0.8397627775218124
0.5455821622855613 0.8397627775218124
0.5496225663259654 0.8397627775218124
0.5536629703663694 0.8397627775218124
0.5577033744067734 0.8397627775218124
0.5617437784471775 0.8397627775218124
0.5172993340027331 0.8438031815622163
0.521339738043137 0.8438031815622163
0.5253801420835411 0.8438031815622163
0.5294205461239452 0.8438031815622163
0.5334609501643492 0.8438031815622163
0.5375013542047533 0.8438031815622163
0.5415417582451574 0.8438031815622163
0.5455821622855613 0.8438031815622163
0.5496225663259654 0.8438031815622163
0.5536629703663694 0.8438031815622163
0.509218525921925 0.8478435856026204
0.513258929962329 0.8478435856026204
0.5172993340027331 0.8478435856026204
0.521339738043137 0.8478435856026204
0.5253801420835411 0.8478435856026204
0.5294205461239452 0.8478435856026204
0.5334609501643492 0.8478435856026204
0.5375013542047533 0.8478435856026204
0.5415417582451574 0.8478435856026204
0.5455821622855613 0.8478435856026204
0.5496225663259654 0.8478435856026204
0.5011377178411169 0.8518839896430245
0.505178121881521 0.8518839896430245
0.509218525921925 0.8518839896430245
0.513258929962329 0.8518839896430245
0.5172993340027331 0.8518839896430245
0.521339738043137 0.8518839896430245
0.5253801420835411 0.8518839896430245
0.5294205461239452 0.8518839896430245
0.5334609501643492 0.8518839896430245
0.5375013542047533 0.8518839896430245
0.5415417582451574 0.8518839896430245
0.4930569097603088 0.8559243936834284
0.49709731380071287 0.8559243936834284
0.5011377178411169 0.8559243936834284
0.505178121881521 0.8559243936834284
0.509218525921925 0.8559243936834284
0.513258929962329 0.8559243936834284
0.5172993340027331 0.8559243936834284
0.521339738043137 0.8559243936834284
0.5253801420835411 0.8559243936834284
0.5294205461239452 0.8559243936834284
0.5334609501643492 0.8559243936834284
0.5375013542047533 0.8559243936834284
0.4890165057199048 0.8599647977238325
0.4930569097603088 0.8599647977238325
0.49709731380071287 0.8599647977238325
0.5011377178411169 0.8599647977238325
0.505178121881521 0.8599647977238325
0.509218525921925 0.8599647977238325
0.513258929962329 0.8599647977238325
0.5172993340027331 0.8599647977238325
0.521339738043137 0.8599647977238325
0.5253801420835411 0.8599647977238325
0.5294205461239452 0.8599647977238325
0.4809356976390967 0.8640052017642366
0.4849761016795008 0.8640052017642366
0.4890165057199048 0.8640052017642366
0.4930569097603088 0.8640052017642366
0.49709731380071287 0.8640052017642366
0.5011377178411169 0.8640052017642366
0.505178121881521 0.8640052017642366
0.509218525921925 0.8640052017642366
0.513258929962329 0.8640052017642366
0.5172993340027331 0.8640052017642366
0.521339738043137 0.8640052017642366
0.47285488955828864 0.8680456058046406
0.47689529359869265 0.8680456058046406
0.4809356976390967 0.8680456058046406
0.4849761016795008 0.8680456058046406
0.4890165057199048 0.8680456058046406
0.4930569097603088 0.8680456058046406
0.49709731380071287 0.8680456058046406
0.5011377178411169 0.8680456058046406
0.505178121881521 0.8680456058046406
0.509218525921925 0.8680456058046406
0.513258929962329 0.8680456058046406
0.5172993340027331 0.8680456058046406
0.46477408147748056 0.8720860098450447
0.4688144855178846 0.8720860098450447
0.47285488955828864 0.8720860098450447
0.47689529359869265 0.8720860098450447
0.4809356976390967 0.8720860098450447
0.4849761016795008 0.8720860098450447
0.4890165057199048 0.8720860098450447
0.4930569097603088 0.8720860098450447
0.49709731380071287 0.8720860098450447
0.5011377178411169 0.8720860098450447
0.505178121881521 0.8720860098450447
0.509218525921925 0.8720860098450447
0.45669327339667243 0.8761264138854487
0.4607336774370765 0.8761264138854487
0.46477408147748056 0.8761264138854487
0.4688144855178846 0.8761264138854487
0.47285488955828864 0.8761264138854487
0.47689529359869265 0.8761264138854487
0.4809356976390967 0.8761264138854487
0.4849761016795008 0.8761264138854487
0.4890165057199048 0.8761264138854487
0.4930569097603088 0.8761264138854487
0.49709731380071287 0.8761264138854487
0.5011377178411169 0.8761264138854487
0.4486124653158644 0.8801668179258527
0.4526528693562684 0.8801668179258527
0.45669327339667243 0.8801668179258527
0.4607336774370765 0.8801668179258527
0.46477408147748056 0.8801668179258527
0.4688144855178846 0.8801668179258527
0.47285488955828864 0.8801668179258527
0.47689529359869265 0.8801668179258527
0.4809356976390967 0.8801668179258527
0.4849761016795008 0.8801668179258527
0.4890165057199048 0.8801668179258527
0.4930569097603088 0.8801668179258527
0.49709731380071287 0.8801668179258527
0.4405316572350563 0.8842072219662568
0.44457206127546034 0.8842072219662568
0.4486124653158644 0.8842072219662568
0.4526528693562684 0.8842072219662568
0.45669327339667243 0.8842072219662568
0.4607336774370765 0.8842072219662568
0.46477408147748056 0.8842072219662568
0.4688144855178846 0.8842072219662568
0.47285488955828864 0.8842072219662568
0.47689529359869265 0.8842072219662568
0.4809356976390967 0.8842072219662568
0.4849761016795008 0.8842072219662568
0.4890165057199048 0.8842072219662568
0.43245084915424825 0.8882476260066607
0.43649125319465226 0.8882476260066607
0.4405316572350563 0.8882476260066607
0.44457206127546034 0.8882476260066607
0.4486124653158644 0.8882476260066607
0.4526528693562684 0.8882476260066607
0.45669327339667243 0.8882476260066607
0.4607336774370765 0.8882476260066607
0.46477408147748056 0.8882476260066607
0.4688144855178846 0.8882476260066607
0.47285488955828864 0.8882476260066607
0.47689529359869265 0.8882476260066607
0.4809356976390967 0.8882476260066607
0.4243700410734401 0.8922880300470648
0.4284104451138442 0.8922880300470648
0.43245084915424825 0.8922880300470648
0.43649125319465226 0.8922880300470648
0.4405316572350563 0.8922880300470648
0.44457206127546034 0.8922880300470648
0.4486124653158644 0.8922880300470648
0.4526528693562684 0.8922880300470648
0.45669327339667243 0.8922880300470648
0.4607336774370765 0.8922880300470648
0.46477408147748056 0.8922880300470648
0.4688144855178846 0.8922880300470648
0.47285488955828864 0.8922880300470648
0.4162892329926321 0.8963284340874689
0.4203296370330361 0.8963284340874689
0.4243700410734401 0.8963284340874689
0.4284104451138442 0.8963284340874689
0.43245084915424825 0.8963284340874689
0.43649125319465226 0.8963284340874689
0.4405316572350563 0.8963284340874689
0.44457206127546034 0.8963284340874689
0.4486124653158644 0.8963284340874689
0.4526528693562684 0.8963284340874689
0.45669327339667243 0.8963284340874689
0.4607336774370765 0.8963284340874689
0.46477408147748056 0.8963284340874689
0.40820842491182396 0.9003688381278729
0.41224882895222803 0.9003688381278729
0.4162892329926321 0.9003688381278729
0.4203296370330361 0.9003688381278729
0.4243700410734401 0.9003688381278729
0.4284104451138442 0.9003688381278729
0.43245084915424825 0.9003688381278729
0.43649125319465226 0.9003688381278729
0.4405316572350563 0.9003688381278729
0.44457206127546034 0.9003688381278729
0.4486124653158644 0.9003688381278729
0.4526528693562684 0.9003688381278729
0.45669327339667243 0.9003688381278729
0.4001276168310159 0.904409242168277
0.40416802087141995 0.904409242168277
0.40820842491182396 0.904409242168277
0.41224882895222803 0.904409242168277
0.4162892329926321 0.904409242168277
0.4203296370330361 0.904409242168277
0.4243700410734401 0.904409242168277
0.4284104451138442 0.904409242168277
0.43245084915424825 0.904409242168277
0.43649125319465226 0.904409242168277
0.4405316572350563 0.904409242168277
0.44457206127546034 0.904409242168277
0.4486124653158644 0.904409242168277
0.4526528693562684 0.904409242168277
0.3880064047098038 0.9084496462086811
0.3920468087502078 0.9084496462086811
0.3960872127906119 0.9084496462086811
0.4001276168310159 0.9084496462086811
0.40416802087141995 0.9084496462086811
0.40820842491182396 0.9084496462086811
0.41224882895222803 0.9084496462086811
0.4162892329926321 0.9084496462086811
0.4203296370330361 0.9084496462086811
0.4243700410734401 0.9084496462086811
0.4284104451138442 0.9084496462086811
0.43245084915424825 0.9084496462086811
0.43649125319465226 0.9084496462086811
0.4405316572350563 0.9084496462086811
0.3799255966289957 0.912490050249085
0.38396600066939973 0.912490050249085
0.3880064047098038 0.912490050249085
0.3920468087502078 0.912490050249085
0.3960872127906119 0.912490050249085
0.4001276168310159 0.912490050249085
0.40416802087141995 0.912490050249085
0.40820842491182396 0.912490050249085
0.41224882895222803 0.912490050249085
0.4162892329926321 0.912490050249085
0.4203296370330361 0.912490050249085
0.4243700410734401 0.912490050249085
0.4284104451138442 0.912490050249085
0.43245084915424825 0.912490050249085
0.3678043845077836 0.9165304542894891
0.3718447885481876 0.9165304542894891
0.37588519258859165 0.9165304542894891
0.3799255966289957 0.9165304542894891
0.38396600066939973 0.9165304542894891
0.3880064047098038 0.9165304542894891
0.3920468087502078 0.9165304542894891
0.3960872127906119 0.9165304542894891
0.4001276168310159 0.9165304542894891
0.40416802087141995 0.9165304542894891
0.40820842491182396 0.9165304542894891
0.41224882895222803 0.9165304542894891
0.4162892329926321 0.9165304542894891
0.4203296370330361 0.9165304542894891
0.4243700410734401 0.9165304542894891
0.3597235764269755 0.920570858329893
0.36376398046737957 0.920570858329893
0.3678043845077836 0.920570858329893
0.3718447885481876 0.920570858329893
0.37588519258859165 0.920570858329893
0.3799255966289957 0.920570858329893
0.38396600066939973 0.920570858329893
0.3880064047098038 0.920570858329893
0.3920468087502078 0.920570858329893
0.3960872127906119 0.920570858329893
0.4001276168310159 0.920570858329893
0.40416802087141995 0.920570858329893
0.40820842491182396 0.920570858329893
0.41224882895222803 0.920570858329893
0.4162892329926321 0.920570858329893
0.3476023643057634 0.9246112623702971
0.3516427683461674 0.9246112623702971
0.35568317238657143 0.9246112623702971
0.3597235764269755 0.9246112623702971
0.36376398046737957 0.9246112623702971
0.3678043845077836 0.9246112623702971
0.3718447885481876 0.9246112623702971
0.37588519258859165 0.9246112623702971
0.3799255966289957 0.9246112623702971
0.38396600066939973 0.9246112623702971
0.3880064047098038 0.9246112623702971
0.3920468087502078 0.9246112623702971
0.3960872127906119 0.9246112623702971
0.4001276168310159 0.9246112623702971
0.40416802087141995 0.9246112623702971
0.40820842491182396 0.9246112623702971
0.3395215562249553 0.9286516664107012
0.34356196026535935 0.9286516664107012
0.3476023643057634 0.9286516664107012
0.3516427683461674 0.9286516664107012
0.35568317238657143 0.9286516664107012
0.3597235764269755 0.9286516664107012
0.36376398046737957 0.9286516664107012
0.3678043845077836 0.9286516664107012
0.3718447885481876 0.9286516664107012
0.37588519258859165 0.9286516664107012
0.3799255966289957 0.9286516664107012
0.38396600066939973 0.9286516664107012
0.3880064047098038 0.9286516664107012
0.3920468087502078 0.9286516664107012
0.3960872127906119 0.9286516664107012
0.4001276168310159 0.9286516664107012
0.3274003441037432 0.9326920704511052
0.3314407481441472 0.9326920704511052
0.33548115218455127 0.9326920704511052
0.3395215562249553 0.9326920704511052
0.34356196026535935 0.9326920704511052
0.3476023643057634 0.9326920704511052
0.3516427683461674 0.9326920704511052
0.35568317238657143 0.9326920704511052
0.3597235764269755 0.9326920704511052
0.36376398046737957 0.9326920704511052
0.3678043845077836 0.9326920704511052
0.3718447885481876 0.9326920704511052
0.37588519258859165 0.9326920704511052
0.3799255966289957 0.9326920704511052
0.38396600066939973 0.9326920704511052
0.3880064047098038 0.9326920704511052
0.31527913198253105 0.9367324744915093
0.31931953602293506 0.9367324744915093
0.3233599400633391 0.9367324744915093
0.3274003441037432 0.9367324744915093
0.3314407481441472 0.9367324744915093
0.33548115218455127 0.9367324744915093
0.3395215562249553 0.9367324744915093
0.34356196026535935 0.9367324744915093
0.3476023643057634 0.9367324744915093
0.3516427683461674 0.9367324744915093
0.35568317238657143 0.9367324744915093
0.3597235764269755 0.9367324744915093
0.36376398046737957 0.9367324744915093
0.3678043845077836 0.9367324744915093
0.3718447885481876 0.9367324744915093
0.37588519258859165 0.9367324744915093
0.3799255966289957 0.9367324744915093
0.3031579198613189 0.9407728785319134
0.30719832390172297 0.9407728785319134
0.31123872794212704 0.9407728785319134
0.31527913198253105 0.9407728785319134
0.31931953602293506 0.9407728785319134
0.3233599400633391 0.9407728785319134
0.3274003441037432 0.9407728785319134
0.3314407481441472 0.9407728785319134
0.33548115218455127 0.9407728785319134
0.3395215562249553 0.9407728785319134
0.34356196026535935 0.9407728785319134
0.3476023643057634 0.9407728785319134
0.3516427683461674 0.9407728785319134
0.35568317238657143 0.9407728785319134
0.3597235764269755 0.9407728785319134
0.36376398046737957 0.9407728785319134
0.3678043845077836 0.9407728785319134
0.2991175158209149 0.9448132825723174
0.3031579198613189 0.9448132825723174
0.30719832390172297 0.9448132825723174
0.31123872794212704 0.9448132825723174
0.31527913198253105 0.9448132825723174
0.31931953602293506 0.9448132825723174
0.3233599400633391 0.9448132825723174
0.3274003441037432 0.9448132825723174
0.3314407481441472 0.9448132825723174
0.33548115218455127 0.9448132825723174
0.3395215562249553 0.9448132825723174
0.34356196026535935 0.9448132825723174
0.3476023643057634 0.9448132825723174
0.3516427683461674 0.9448132825723174
0.35568317238657143 0.9448132825723174
0.3597235764269755 0.9448132825723174
0.2991175158209149 0.9488536866127214
0.3031579198613189 0.9488536866127214
0.30719832390172297 0.9488536866127214
0.31123872794212704 0.9488536866127214
0.31527913198253105 0.9488536866127214
0.31931953602293506 0.9488536866127214
0.3233599400633391 0.9488536866127214
0.3274003441037432 0.9488536866127214
0.3314407481441472 0.9488536866127214
0.33548115218455127 0.9488536866127214
0.3395215562249553 0.9488536866127214
0.34356196026535935 0.9488536866127214
0.3476023643057634 0.9488536866127214
0.2991175158209149 0.9528940906531255
0.3031579198613189 0.9528940906531255
0.30719832390172297 0.9528940906531255
0.31123872794212704 0.9528940906531255
0.31527913198253105 0.9528940906531255
0.31931953602293506 0.9528940906531255
0.3233599400633391 0.9528940906531255
0.3274003441037432 0.9528940906531255
0.3314407481441472 0.9528940906531255
0.33548115218455127 0.9528940906531255
0.2991175158209149 0.9569344946935294
0.3031579198613189 0.9569344946935294
0.30719832390172297 0.9569344946935294
0.31123872794212704 0.9569344946935294
0.31527913198253105 0.9569344946935294
0.31931953602293506 0.9569344946935294
0.3233599400633391 0.9569344946935294
0.2991175158209149 0.9609748987339335
0.3031579198613189 0.9609748987339335
0.30719832390172297 0.9609748987339335
0.31123872794212704 0.9609748987339335
0.2991175158209149 0.9650153027743376
