# x y
0.6885452523666955 0.706429444188479
0.6845048483262914 0.710469848228883
0.6885452523666955 0.710469848228883
0.6804644442858874 0.7145102522692871
0.6845048483262914 0.7145102522692871
0.6885452523666955 0.7145102522692871
0.6723836362050792 0.7185506563096911
0.6764240402454833 0.7185506563096911
0.6804644442858874 0.7185506563096911
0.6845048483262914 0.7185506563096911
0.6885452523666955 0.7185506563096911
0.6683432321646753 0.7225910603500951
0.6723836362050792 0.7225910603500951
0.6764240402454833 0.7225910603500951
0.6804644442858874 0.7225910603500951
0.6845048483262914 0.7225910603500951
0.6885452523666955 0.7225910603500951
0.6643028281242712 0.7266314643904992
0.6683432321646753 0.7266314643904992
0.6723836362050792 0.7266314643904992
0.6764240402454833 0.7266314643904992
0.6804644442858874 0.7266314643904992
0.6845048483262914 0.7266314643904992
0.6885452523666955 0.7266314643904992
0.6562220200434632 0.7306718684309033
0.6602624240838673 0.7306718684309033
0.6643028281242712 0.7306718684309033
0.6683432321646753 0.7306718684309033
0.6723836362050792 0.7306718684309033
0.6764240402454833 0.7306718684309033
0.6804644442858874 0.7306718684309033
0.6845048483262914 0.7306718684309033
0.6562220200434632 0.7347122724713073
0.6602624240838673 0.7347122724713073
0.6643028281242712 0.7347122724713073
0.6683432321646753 0.7347122724713073
0.6723836362050792 0.7347122724713073
0.6764240402454833 0.7347122724713073
0.6804644442858874 0.7347122724713073
0.6481412119626551 0.7387526765117113
0.6521816160030591 0.7387526765117113
0.6562220200434632 0.7387526765117113
0.6602624240838673 0.7387526765117113
0.6643028281242712 0.7387526765117113
0.6683432321646753 0.7387526765117113
0.6723836362050792 0.7387526765117113
0.6764240402454833 0.7387526765117113
0.644100807922251 0.7427930805521153
0.6481412119626551 0.7427930805521153
0.6521816160030591 0.7427930805521153
0.6562220200434632 0.7427930805521153
0.6602624240838673 0.7427930805521153
0.6643028281242712 0.7427930805521153
0.6683432321646753 0.7427930805521153
0.6723836362050792 0.7427930805521153
0.6400604038818469 0.7468334845925194
0.644100807922251 0.7468334845925194
0.6481412119626551 0.7468334845925194
0.6521816160030591 0.7468334845925194
0.6562220200434632 0.7468334845925194
0.6602624240838673 0.7468334845925194
0.6643028281242712 0.7468334845925194
0.6683432321646753 0.7468334845925194
0.6319795958010389 0.7508738886329235
0.636019999841443 0.7508738886329235
0.6400604038818469 0.7508738886329235
0.644100807922251 0.7508738886329235
0.6481412119626551 0.7508738886329235
0.6521816160030591 0.7508738886329235
0.6562220200434632 0.7508738886329235
0.6602624240838673 0.7508738886329235
0.6643028281242712 0.7508738886329235
0.627939191760635 0.7549142926733274
0.6319795958010389 0.7549142926733274
0.636019999841443 0.7549142926733274
0.6400604038818469 0.7549142926733274
0.644100807922251 0.7549142926733274
0.6481412119626551 0.7549142926733274
0.6521816160030591 0.7549142926733274
0.6562220200434632 0.7549142926733274
0.6238987877202309 0.7589546967137315
0.627939191760635 0.7589546967137315
0.6319795958010389 0.7589546967137315
0.636019999841443 0.7589546967137315
0.6400604038818469 0.7589546967137315
0.644100807922251 0.7589546967137315
0.6481412119626551 0.7589546967137315
0.6521816160030591 0.7589546967137315
0.6158179796394228 0.7629951007541356
0.6198583836798268 0.7629951007541356
0.6238987877202309 0.7629951007541356
0.627939191760635 0.7629951007541356
0.6319795958010389 0.7629951007541356
0.636019999841443 0.7629951007541356
0.6400604038818469 0.7629951007541356
0.644100807922251 0.7629951007541356
0.6481412119626551 0.7629951007541356
0.6117775755990187 0.7670355047945396
0.6158179796394228 0.7670355047945396
0.6198583836798268 0.7670355047945396
0.6238987877202309 0.7670355047945396
0.627939191760635 0.7670355047945396
0.6319795958010389 0.7670355047945396
0.636019999841443 0.7670355047945396
0.6400604038818469 0.7670355047945396
0.644100807922251 0.7670355047945396
0.6481412119626551 0.7670355047945396
0.6077371715586146 0.7710759088349436
0.6117775755990187 0.7710759088349436
0.6158179796394228 0.7710759088349436
0.6198583836798268 0.7710759088349436
0.6238987877202309 0.7710759088349436
0.627939191760635 0.7710759088349436
0.6319795958010389 0.7710759088349436
0.636019999841443 0.7710759088349436
0.6400604038818469 0.7710759088349436
0.644100807922251 0.7710759088349436
0.6481412119626551 0.7710759088349436
0.5996563634778066 0.7751163128753477
0.6036967675182106 0.7751163128753477
0.6077371715586146 0.7751163128753477
0.6117775755990187 0.7751163128753477
0.6158179796394228 0.7751163128753477
0.6198583836798268 0.7751163128753477
0.6238987877202309 0.7751163128753477
0.627939191760635 0.7751163128753477
0.6319795958010389 0.7751163128753477
0.636019999841443 0.7751163128753477
0.5956159594374025 0.7791567169157517
0.5996563634778066 0.7791567169157517
0.6036967675182106 0.7791567169157517
0.6077371715586146 0.7791567169157517
0.6117775755990187 0.7791567169157517
0.6158179796394228 0.7791567169157517
0.6198583836798268 0.7791567169157517
0.6238987877202309 0.7791567169157517
0.627939191760635 0.7791567169157517
0.6319795958010389 0.7791567169157517
0.6400604038818469 0.7791567169157517
0.5875351513565945 0.7831971209561558
0.5915755553969986 0.7831971209561558
0.5956159594374025 0.7831971209561558
0.5996563634778066 0.7831971209561558
0.6036967675182106 0.7831971209561558
0.6077371715586146 0.7831971209561558
0.6117775755990187 0.7831971209561558
0.6158179796394228 0.7831971209561558
0.6198583836798268 0.7831971209561558
0.6238987877202309 0.7831971209561558
0.627939191760635 0.7831971209561558
0.5834947473161904 0.7872375249965597
0.5875351513565945 0.7872375249965597
0.5915755553969986 0.7872375249965597
0.5956159594374025 0.7872375249965597
0.5996563634778066 0.7872375249965597
0.6036967675182106 0.7872375249965597
0.6077371715586146 0.7872375249965597
0.6117775755990187 0.7872375249965597
0.6158179796394228 0.7872375249965597
0.6198583836798268 0.7872375249965597
0.6238987877202309 0.7872375249965597
0.5754139392353823 0.7912779290369638
0.5834947473161904 0.7912779290369638
0.5875351513565945 0.7912779290369638
0.5915755553969986 0.7912779290369638
0.5956159594374025 0.7912779290369638
0.5996563634778066 0.7912779290369638
0.6036967675182106 0.7912779290369638
0.6077371715586146 0.7912779290369638
0.6117775755990187 0.7912779290369638
0.6158179796394228 0.7912779290369638
0.6198583836798268 0.7912779290369638
0.5754139392353823 0.7953183330773679
0.5794543432757864 0.7953183330773679
0.5834947473161904 0.7953183330773679
0.5875351513565945 0.7953183330773679
0.5915755553969986 0.7953183330773679
0.5956159594374025 0.7953183330773679
0.5996563634778066 0.7953183330773679
0.6036967675182106 0.7953183330773679
0.6077371715586146 0.7953183330773679
0.6117775755990187 0.7953183330773679
0.6158179796394228 0.7953183330773679
0.5632927271141702 0.799358737117772
0.5713735351949782 0.799358737117772
0.5754139392353823 0.799358737117772
0.5794543432757864 0.799358737117772
0.5834947473161904 0.799358737117772
0.5875351513565945 0.799358737117772
0.5915755553969986 0.799358737117772
0.5956159594374025 0.799358737117772
0.5996563634778066 0.799358737117772
0.6036967675182106 0.799358737117772
0.6077371715586146 0.799358737117772
0.5632927271141702 0.803399141158176
0.5673331311545743 0.803399141158176
0.5713735351949782 0.803399141158176
0.5754139392353823 0.803399141158176
0.5794543432757864 0.803399141158176
0.5834947473161904 0.803399141158176
0.5875351513565945 0.803399141158176
0.5915755553969986 0.803399141158176
0.5956159594374025 0.803399141158176
0.5996563634778066 0.803399141158176
0.6036967675182106 0.803399141158176
0.5511715149929581 0.80743954519858
0.5552119190333622 0.80743954519858
0.5592523230737663 0.80743954519858
0.5632927271141702 0.80743954519858
0.5673331311545743 0.80743954519858
0.5713735351949782 0.80743954519858
0.5754139392353823 0.80743954519858
0.5794543432757864 0.80743954519858
0.5834947473161904 0.80743954519858
0.5875351513565945 0.80743954519858
0.5915755553969986 0.80743954519858
0.5956159594374025 0.80743954519858
0.5511715149929581 0.811479949238984
0.5552119190333622 0.811479949238984
0.5592523230737663 0.811479949238984
0.5632927271141702 0.811479949238984
0.5673331311545743 0.811479949238984
0.5713735351949782 0.811479949238984
0.5754139392353823 0.811479949238984
0.5794543432757864 0.811479949238984
0.5834947473161904 0.811479949238984
0.5875351513565945 0.811479949238984
0.5915755553969986 0.811479949238984
0.5956159594374025 0.811479949238984
0.54309070691215 0.8155203532793881
0.5471311109525541 0.8155203532793881
0.5511715149929581 0.8155203532793881
0.5552119190333622 0.8155203532793881
0.5592523230737663 0.8155203532793881
0.5632927271141702 0.8155203532793881
0.5673331311545743 0.8155203532793881
0.5713735351949782 0.8155203532793881
0.5754139392353823 0.8155203532793881
0.5794543432757864 0.8155203532793881
0.5834947473161904 0.8155203532793881
0.5875351513565945 0.8155203532793881
0.535009898831342 0.819560757319792
0.5390503028717459 0.819560757319792
0.54309070691215 0.819560757319792
0.5471311109525541 0.819560757319792
0.5511715149929581 0.819560757319792
0.5552119190333622 0.819560757319792
0.5592523230737663 0.819560757319792
0.5632927271141702 0.819560757319792
0.5673331311545743 0.819560757319792
0.5713735351949782 0.819560757319792
0.5754139392353823 0.819560757319792
0.5794543432757864 0.819560757319792
0.5875351513565945 0.819560757319792
0.5309694947909379 0.8236011613601961
0.535009898831342 0.8236011613601961
0.5390503028717459 0.8236011613601961
0.54309070691215 0.8236011613601961
0.5471311109525541 0.8236011613601961
0.5511715149929581 0.8236011613601961
0.5552119190333622 0.8236011613601961
0.5592523230737663 0.8236011613601961
0.5632927271141702 0.8236011613601961
0.5673331311545743 0.8236011613601961
0.5713735351949782 0.8236011613601961
0.5754139392353823 0.8236011613601961
0.5794543432757864 0.8236011613601961
0.5228886867101299 0.8276415654006002
0.5269290907505338 0.8276415654006002
0.5309694947909379 0.8276415654006002
0.535009898831342 0.8276415654006002
0.5390503028717459 0.8276415654006002
0.54309070691215 0.8276415654006002
0.5471311109525541 0.8276415654006002
0.5511715149929581 0.8276415654006002
0.5552119190333622 0.8276415654006002
0.5592523230737663 0.8276415654006002
0.5632927271141702 0.8276415654006002
0.5673331311545743 0.8276415654006002
0.5713735351949782 0.8276415654006002
0.5754139392353823 0.8276415654006002
0.5107674745889177 0.8316819694410043
0.5148078786293218 0.8316819694410043
0.5188482826697258 0.8316819694410043
0.5228886867101299 0.8316819694410043
0.5269290907505338 0.8316819694410043
0.5309694947909379 0.8316819694410043
0.535009898831342 0.8316819694410043
0.5390503028717459 0.8316819694410043
0.54309070691215 0.8316819694410043
0.5471311109525541 0.8316819694410043
0.5511715149929581 0.8316819694410043
0.5552119190333622 0.8316819694410043
0.5592523230737663 0.8316819694410043
0.5632927271141702 0.8316819694410043
0.5107674745889177 0.8357223734814083
0.5148078786293218 0.8357223734814083
0.5188482826697258 0.8357223734814083
0.5228886867101299 0.8357223734814083
0.5269290907505338 0.8357223734814083
0.5309694947909379 0.8357223734814083
0.535009898831342 0.8357223734814083
0.5390503028717459 0.8357223734814083
0.54309070691215 0.8357223734814083
0.5471311109525541 0.8357223734814083
0.5511715149929581 0.8357223734814083
0.5552119190333622 0.8357223734814083
0.5592523230737663 0.8357223734814083
0.5632927271141702 0.8357223734814083
0.5026866665081096 0.8397627775218124
0.5067270705485136 0.8397627775218124
0.5107674745889177 0.8397627775218124
0.5148078786293218 0.8397627775218124
0.5188482826697258 0.8397627775218124
0.5228886867101299 0.8397627775218124
0.5269290907505338 0.8397627775218124
0.5309694947909379 0.8397627775218124
0.535009898831342 0.8397627775218124
0.5390503028717459 0.8397627775218124
0.54309070691215 0.8397627775218124
0.5471311109525541 0.8397627775218124
0.5511715149929581 0.8397627775218124
0.5552119190333622 0.8397627775218124
0.5592523230737663 0.8397627775218124
0.4986462624677056 0.8438031815622163
0.5026866665081096 0.8438031815622163
0.5067270705485136 0.8438031815622163
0.5107674745889177 0.8438031815622163
0.5148078786293218 0.8438031815622163
0.5188482826697258 0.8438031815622163
0.5228886867101299 0.8438031815622163
0.5269290907505338 0.8438031815622163
0.5309694947909379 0.8438031815622163
0.535009898831342 0.8438031815622163
0.5390503028717459 0.8438031815622163
0.54309070691215 0.8438031815622163
0.5471311109525541 0.8438031815622163
0.5511715149929581 0.8438031815622163
0.49056545438689747 0.8478435856026204
0.49460585842730154 0.8478435856026204
0.4986462624677056 0.8478435856026204
0.5026866665081096 0.8478435856026204
0.5067270705485136 0.8478435856026204
0.5107674745889177 0.8478435856026204
0.5148078786293218 0.8478435856026204
0.5188482826697258 0.8478435856026204
0.5228886867101299 0.8478435856026204
0.5269290907505338 0.8478435856026204
0.5309694947909379 0.8478435856026204
0.535009898831342 0.8478435856026204
0.5390503028717459 0.8478435856026204
0.54309070691215 0.8478435856026204
0.5471311109525541 0.8478435856026204
0.48248464630608945 0.8518839896430245
0.48652505034649346 0.8518839896430245
0.49056545438689747 0.8518839896430245
0.49460585842730154 0.8518839896430245
0.4986462624677056 0.8518839896430245
0.5026866665081096 0.8518839896430245
0.5067270705485136 0.8518839896430245
0.5107674745889177 0.8518839896430245
0.5148078786293218 0.8518839896430245
0.5188482826697258 0.8518839896430245
0.5228886867101299 0.8518839896430245
0.5269290907505338 0.8518839896430245
0.5309694947909379 0.8518839896430245
0.535009898831342 0.8518839896430245
0.5390503028717459 0.8518839896430245
0.4744038382252813 0.8559243936834284
0.4784442422656854 0.8559243936834284
0.48248464630608945 0.8559243936834284
0.48652505034649346 0.8559243936834284
0.49056545438689747 0.8559243936834284
0.49460585842730154 0.8559243936834284
0.4986462624677056 0.8559243936834284
0.5026866665081096 0.8559243936834284
0.5067270705485136 0.8559243936834284
0.5107674745889177 0.8559243936834284
0.5148078786293218 0.8559243936834284
0.5188482826697258 0.8559243936834284
0.5228886867101299 0.8559243936834284
0.5269290907505338 0.8559243936834284
0.5309694947909379 0.8559243936834284
0.45824222206366516 0.8599647977238325
0.4663230301444733 0.8599647977238325
0.4703634341848773 0.8599647977238325
0.4744038382252813 0.8599647977238325
0.4784442422656854 0.8599647977238325
0.48248464630608945 0.8599647977238325
0.48652505034649346 0.8599647977238325
0.49056545438689747 0.8599647977238325
0.49460585842730154 0.8599647977238325
0.4986462624677056 0.8599647977238325
0.5026866665081096 0.8599647977238325
0.5067270705485136 0.8599647977238325
0.5107674745889177 0.8599647977238325
0.5148078786293218 0.8599647977238325
0.5188482826697258 0.8599647977238325
0.5228886867101299 0.8599647977238325
0.5269290907505338 0.8599647977238325
0.45824222206366516 0.8640052017642366
0.4622826261040692 0.8640052017642366
0.4663230301444733 0.8640052017642366
0.4703634341848773 0.8640052017642366
0.4744038382252813 0.8640052017642366
0.4784442422656854 0.8640052017642366
0.48248464630608945 0.8640052017642366
0.48652505034649346 0.8640052017642366
0.49056545438689747 0.8640052017642366
0.49460585842730154 0.8640052017642366
0.4986462624677056 0.8640052017642366
0.5026866665081096 0.8640052017642366
0.5067270705485136 0.8640052017642366
0.5107674745889177 0.8640052017642366
0.5148078786293218 0.8640052017642366
0.442080605902049 0.8680456058046406
0.4501614139828571 0.8680456058046406
0.45420181802326115 0.8680456058046406
0.45824222206366516 0.8680456058046406
0.4622826261040692 0.8680456058046406
0.4663230301444733 0.8680456058046406
0.4703634341848773 0.8680456058046406
0.4744038382252813 0.8680456058046406
0.4784442422656854 0.8680456058046406
0.48248464630608945 0.8680456058046406
0.48652505034649346 0.8680456058046406
0.49056545438689747 0.8680456058046406
0.49460585842730154 0.8680456058046406
0.4986462624677056 0.8680456058046406
0.5026866665081096 0.8680456058046406
0.5067270705485136 0.8680456058046406
0.5107674745889177 0.8680456058046406
0.442080605902049 0.8720860098450447
0.4461210099424531 0.8720860098450447
0.4501614139828571 0.8720860098450447
0.45420181802326115 0.8720860098450447
0.45824222206366516 0.8720860098450447
0.4622826261040692 0.8720860098450447
0.4663230301444733 0.8720860098450447
0.4703634341848773 0.8720860098450447
0.4744038382252813 0.8720860098450447
0.4784442422656854 0.8720860098450447
0.48248464630608945 0.8720860098450447
0.48652505034649346 0.8720860098450447
0.49056545438689747 0.8720860098450447
0.49460585842730154 0.8720860098450447
0.4986462624677056 0.8720860098450447
0.5026866665081096 0.8720860098450447
0.43399979782124093 0.8761264138854487
0.43804020186164494 0.8761264138854487
0.442080605902049 0.8761264138854487
0.4461210099424531 0.8761264138854487
0.4501614139828571 0.8761264138854487
0.45420181802326115 0.8761264138854487
0.45824222206366516 0.8761264138854487
0.4622826261040692 0.8761264138854487
0.4663230301444733 0.8761264138854487
0.4703634341848773 0.8761264138854487
0.4744038382252813 0.8761264138854487
0.4784442422656854 0.8761264138854487
0.48248464630608945 0.8761264138854487
0.48652505034649346 0.8761264138854487
0.49056545438689747 0.8761264138854487
0.49460585842730154 0.8761264138854487
0.4986462624677056 0.8761264138854487
0.42591898974043285 0.8801668179258527
0.4299593937808369 0.8801668179258527
0.43399979782124093 0.8801668179258527
0.43804020186164494 0.8801668179258527
0.442080605902049 0.8801668179258527
0.4461210099424531 0.8801668179258527
0.4501614139828571 0.8801668179258527
0.45420181802326115 0.8801668179258527
0.45824222206366516 0.8801668179258527
0.4622826261040692 0.8801668179258527
0.4663230301444733 0.8801668179258527
0.4703634341848773 0.8801668179258527
0.4744038382252813 0.8801668179258527
0.4784442422656854 0.8801668179258527
0.48248464630608945 0.8801668179258527
0.48652505034649346 0.8801668179258527
0.49056545438689747 0.8801668179258527
0.4178381816596248 0.8842072219662568
0.4218785857000288 0.8842072219662568
0.42591898974043285 0.8842072219662568
0.4299593937808369 0.8842072219662568
0.43399979782124093 0.8842072219662568
0.43804020186164494 0.8842072219662568
0.442080605902049 0.8842072219662568
0.4461210099424531 0.8842072219662568
0.4501614139828571 0.8842072219662568
0.45420181802326115 0.8842072219662568
0.45824222206366516 0.8842072219662568
0.4622826261040692 0.8842072219662568
0.4663230301444733 0.8842072219662568
0.4703634341848773 0.8842072219662568
0.4744038382252813 0.8842072219662568
0.4784442422656854 0.8842072219662568
0.48248464630608945 0.8842072219662568
0.48652505034649346 0.8842072219662568
0.4097573735788167 0.8882476260066607
0.41379777761922076 0.8882476260066607
0.4178381816596248 0.8882476260066607
0.4218785857000288 0.8882476260066607
0.42591898974043285 0.8882476260066607
0.4299593937808369 0.8882476260066607
0.43399979782124093 0.8882476260066607
0.43804020186164494 0.8882476260066607
0.442080605902049 0.8882476260066607
0.4461210099424531 0.8882476260066607
0.4501614139828571 0.8882476260066607
0.45420181802326115 0.8882476260066607
0.45824222206366516 0.8882476260066607
0.4622826261040692 0.8882476260066607
0.4663230301444733 0.8882476260066607
0.4703634341848773 0.8882476260066607
0.4744038382252813 0.8882476260066607
0.4784442422656854 0.8882476260066607
0.39763616145760455 0.8922880300470648
0.4016765654980086 0.8922880300470648
0.40571696953841263 0.8922880300470648
0.4097573735788167 0.8922880300470648
0.41379777761922076 0.8922880300470648
0.4178381816596248 0.8922880300470648
0.4218785857000288 0.8922880300470648
0.42591898974043285 0.8922880300470648
0.4299593937808369 0.8922880300470648
0.43399979782124093 0.8922880300470648
0.43804020186164494 0.8922880300470648
0.442080605902049 0.8922880300470648
0.4461210099424531 0.8922880300470648
0.4501614139828571 0.8922880300470648
0.45420181802326115 0.8922880300470648
0.45824222206366516 0.8922880300470648
0.4622826261040692 0.8922880300470648
0.4663230301444733 0.8922880300470648
0.4703634341848773 0.8922880300470648
0.3895553533767965 0.8963284340874689
0.39359575741720054 0.8963284340874689
0.39763616145760455 0.8963284340874689
0.4016765654980086 0.8963284340874689
0.40571696953841263 0.8963284340874689
0.4097573735788167 0.8963284340874689
0.41379777761922076 0.8963284340874689
0.4178381816596248 0.8963284340874689
0.4218785857000288 0.8963284340874689
0.42591898974043285 0.8963284340874689
0.4299593937808369 0.8963284340874689
0.43399979782124093 0.8963284340874689
0.43804020186164494 0.8963284340874689
0.442080605902049 0.8963284340874689
0.4461210099424531 0.8963284340874689
0.4501614139828571 0.8963284340874689
0.45420181802326115 0.8963284340874689
0.45824222206366516 0.8963284340874689
0.4622826261040692 0.8963284340874689
0.3774341412555844 0.9003688381278729
0.3814745452959884 0.9003688381278729
0.38551494933639247 0.9003688381278729
0.3895553533767965 0.9003688381278729
0.39359575741720054 0.9003688381278729
0.39763616145760455 0.9003688381278729
0.4016765654980086 0.9003688381278729
0.40571696953841263 0.9003688381278729
0.4097573735788167 0.9003688381278729
0.41379777761922076 0.9003688381278729
0.4178381816596248 0.9003688381278729
0.4218785857000288 0.9003688381278729
0.42591898974043285 0.9003688381278729
0.4299593937808369 0.9003688381278729
0.43399979782124093 0.9003688381278729
0.43804020186164494 0.9003688381278729
0.442080605902049 0.9003688381278729
0.4461210099424531 0.9003688381278729
0.4501614139828571 0.9003688381278729
0.45420181802326115 0.9003688381278729
0.36935333317477625 0.904409242168277
0.3733937372151803 0.904409242168277
0.3774341412555844 0.904409242168277
0.3814745452959884 0.904409242168277
0.38551494933639247 0.904409242168277
0.3895553533767965 0.904409242168277
0.39359575741720054 0.904409242168277
0.39763616145760455 0.904409242168277
0.4016765654980086 0.904409242168277
0.40571696953841263 0.904409242168277
0.4097573735788167 0.904409242168277
0.41379777761922076 0.904409242168277
0.4178381816596248 0.904409242168277
0.4218785857000288 0.904409242168277
0.42591898974043285 0.904409242168277
0.4299593937808369 0.904409242168277
0.43399979782124093 0.904409242168277
0.43804020186164494 0.904409242168277
0.442080605902049 0.904409242168277
0.4461210099424531 0.904409242168277
0.4501614139828571 0.904409242168277
0.35723212105356417 0.9084496462086811
0.36127252509396823 0.9084496462086811
0.36531292913437224 0.9084496462086811
0.36935333317477625 0.9084496462086811
0.3733937372151803 0.9084496462086811
0.3774341412555844 0.9084496462086811
0.3814745452959884 0.9084496462086811
0.38551494933639247 0.9084496462086811
0.3895553533767965 0.9084496462086811
0.39359575741720054 0.9084496462086811
0.39763616145760455 0.9084496462086811
0.4016765654980086 0.9084496462086811
0.40571696953841263 0.9084496462086811
0.4097573735788167 0.9084496462086811
0.41379777761922076 0.9084496462086811
0.4178381816596248 0.9084496462086811
0.4218785857000288 0.9084496462086811
0.42591898974043285 0.9084496462086811
0.4299593937808369 0.9084496462086811
0.43399979782124093 0.9084496462086811
0.43804020186164494 0.9084496462086811
0.442080605902049 0.9084496462086811
0.33703010085154395 0.912490050249085
0.3491513129727561 0.912490050249085
0.3531917170131601 0.912490050249085
0.35723212105356417 0.912490050249085
0.36127252509396823 0.912490050249085
0.36531292913437224 0.912490050249085
0.36935333317477625 0.912490050249085
0.3733937372151803 0.912490050249085
0.3774341412555844 0.912490050249085
0.3814745452959884 0.912490050249085
0.38551494933639247 0.912490050249085
0.3895553533767965 0.912490050249085
0.39359575741720054 0.912490050249085
0.39763616145760455 0.912490050249085
0.4016765654980086 0.912490050249085
0.40571696953841263 0.912490050249085
0.4097573735788167 0.912490050249085
0.41379777761922076 0.912490050249085
0.4178381816596248 0.912490050249085
0.4218785857000288 0.912490050249085
0.42591898974043285 0.912490050249085
0.4299593937808369 0.912490050249085
0.33703010085154395 0.9165304542894891
0.341070504891948 0.9165304542894891
0.3451109089323521 0.9165304542894891
0.3491513129727561 0.9165304542894891
0.3531917170131601 0.9165304542894891
0.35723212105356417 0.9165304542894891
0.36127252509396823 0.9165304542894891
0.36531292913437224 0.9165304542894891
0.36935333317477625 0.9165304542894891
0.3733937372151803 0.9165304542894891
0.3774341412555844 0.9165304542894891
0.3814745452959884 0.9165304542894891
0.38551494933639247 0.9165304542894891
0.3895553533767965 0.9165304542894891
0.39359575741720054 0.9165304542894891
0.39763616145760455 0.9165304542894891
0.4016765654980086 0.9165304542894891
0.40571696953841263 0.9165304542894891
0.4097573735788167 0.9165304542894891
0.41379777761922076 0.9165304542894891
0.4178381816596248 0.9165304542894891
0.4218785857000288 0.9165304542894891
0.32490888873033186 0.920570858329893
0.32894929277073587 0.920570858329893
0.33298969681113993 0.920570858329893
0.33703010085154395 0.920570858329893
0.341070504891948 0.920570858329893
0.3451109089323521 0.920570858329893
0.3491513129727561 0.920570858329893
0.3531917170131601 0.920570858329893
0.35723212105356417 0.920570858329893
0.36127252509396823 0.920570858329893
0.36531292913437224 0.920570858329893
0.36935333317477625 0.920570858329893
0.3733937372151803 0.920570858329893
0.3774341412555844 0.920570858329893
0.3814745452959884 0.920570858329893
0.38551494933639247 0.920570858329893
0.3895553533767965 0.920570858329893
0.39359575741720054 0.920570858329893
0.39763616145760455 0.920570858329893
0.4016765654980086 0.920570858329893
0.40571696953841263 0.920570858329893
0.4097573735788167 0.920570858329893
0.41379777761922076 0.920570858329893
0.3127876766091197 0.9246112623702971
0.3168280806495238 0.9246112623702971
0.3208684846899278 0.9246112623702971
0.32490888873033186 0.9246112623702971
0.32894929277073587 0.9246112623702971
0.33298969681113993 0.9246112623702971
0.33703010085154395 0.9246112623702971
0.341070504891948 0.9246112623702971
0.3451109089323521 0.9246112623702971
0.3491513129727561 0.9246112623702971
0.3531917170131601 0.9246112623702971
0.35723212105356417 0.9246112623702971
0.36127252509396823 0.9246112623702971
0.36531292913437224 0.9246112623702971
0.36935333317477625 0.9246112623702971
0.3733937372151803 0.9246112623702971
0.3774341412555844 0.9246112623702971
0.3814745452959884 0.9246112623702971
0.38551494933639247 0.9246112623702971
0.3895553533767965 0.9246112623702971
0.39359575741720054 0.9246112623702971
0.39763616145760455 0.9246112623702971
0.4016765654980086 0.9246112623702971
0.40571696953841263 0.9246112623702971
0.30066646448790757 0.9286516664107012
0.30470686852831164 0.9286516664107012
0.3087472725687157 0.9286516664107012
0.3127876766091197 0.9286516664107012
0.3168280806495238 0.9286516664107012
0.3208684846899278 0.9286516664107012
0.32490888873033186 0.9286516664107012
0.32894929277073587 0.9286516664107012
0.33298969681113993 0.9286516664107012
0.33703010085154395 0.9286516664107012
0.341070504891948 0.9286516664107012
0.3451109089323521 0.9286516664107012
0.3491513129727561 0.9286516664107012
0.3531917170131601 0.9286516664107012
0.35723212105356417 0.9286516664107012
0.36127252509396823 0.9286516664107012
0.36531292913437224 0.9286516664107012
0.36935333317477625 0.9286516664107012
0.3733937372151803 0.9286516664107012
0.3774341412555844 0.9286516664107012
0.3814745452959884 0.9286516664107012
0.38551494933639247 0.9286516664107012
0.3895553533767965 0.9286516664107012
0.39359575741720054 0.9286516664107012
0.39763616145760455 0.9286516664107012
0.2885452523666955 0.9326920704511052
0.29258565640709955 0.9326920704511052
0.29662606044750356 0.9326920704511052
0.30066646448790757 0.9326920704511052
0.30470686852831164 0.9326920704511052
0.3087472725687157 0.9326920704511052
0.3127876766091197 0.9326920704511052
0.3168280806495238 0.9326920704511052
0.3208684846899278 0.9326920704511052
0.32490888873033186 0.9326920704511052
0.32894929277073587 0.9326920704511052
0.33298969681113993 0.9326920704511052
0.33703010085154395 0.9326920704511052
0.341070504891948 0.9326920704511052
0.3451109089323521 0.9326920704511052
0.3491513129727561 0.9326920704511052
0.3531917170131601 0.9326920704511052
0.35723212105356417 0.9326920704511052
0.36127252509396823 0.9326920704511052
0.36531292913437224 0.9326920704511052
0.36935333317477625 0.9326920704511052
0.3733937372151803 0.9326920704511052
0.3774341412555844 0.9326920704511052
0.3814745452959884 0.9326920704511052
0.38551494933639247 0.9326920704511052
0.2885452523666955 0.9367324744915093
0.29258565640709955 0.9367324744915093
0.29662606044750356 0.9367324744915093
0.30066646448790757 0.9367324744915093
0.30470686852831164 0.9367324744915093
0.3087472725687157 0.9367324744915093
0.3127876766091197 0.9367324744915093
0.3168280806495238 0.9367324744915093
0.3208684846899278 0.9367324744915093
0.32490888873033186 0.9367324744915093
0.32894929277073587 0.9367324744915093
0.33298969681113993 0.9367324744915093
0.33703010085154395 0.9367324744915093
0.341070504891948 0.9367324744915093
0.3451109089323521 0.9367324744915093
0.3491513129727561 0.9367324744915093
0.3531917170131601 0.9367324744915093
0.35723212105356417 0.9367324744915093
0.36127252509396823 0.9367324744915093
0.36531292913437224 0.9367324744915093
0.36935333317477625 0.9367324744915093
0.3733937372151803 0.9367324744915093
0.3774341412555844 0.9367324744915093
0.2885452523666955 0.9407728785319134
0.29258565640709955 0.9407728785319134
0.29662606044750356 0.9407728785319134
0.30066646448790757 0.9407728785319134
0.30470686852831164 0.9407728785319134
0.3087472725687157 0.9407728785319134
0.3127876766091197 0.9407728785319134
0.3168280806495238 0.9407728785319134
0.3208684846899278 0.9407728785319134
0.32490888873033186 0.9407728785319134
0.32894929277073587 0.9407728785319134
0.33298969681113993 0.9407728785319134
0.33703010085154395 0.9407728785319134
0.341070504891948 0.9407728785319134
0.3451109089323521 0.9407728785319134
0.3491513129727561 0.9407728785319134
0.3531917170131601 0.9407728785319134
0.35723212105356417 0.9407728785319134
0.36127252509396823 0.9407728785319134
0.36531292913437224 0.9407728785319134
0.2885452523666955 0.9448132825723174
0.29258565640709955 0.9448132825723174
0.29662606044750356 0.9448132825723174
0.30066646448790757 0.9448132825723174
0.30470686852831164 0.9448132825723174
0.3087472725687157 0.9448132825723174
0.3127876766091197 0.9448132825723174
0.3168280806495238 0.9448132825723174
0.3208684846899278 0.9448132825723174
0.32490888873033186 0.9448132825723174
0.32894929277073587 0.9448132825723174
0.33298969681113993 0.9448132825723174
0.33703010085154395 0.9448132825723174
0.341070504891948 0.9448132825723174
0.3451109089323521 0.9448132825723174
0.3491513129727561 0.9448132825723174
0.3531917170131601 0.9448132825723174
0.35723212105356417 0.9448132825723174
0.2885452523666955 0.9488536866127214
0.29258565640709955 0.9488536866127214
0.29662606044750356 0.9488536866127214
0.30066646448790757 0.9488536866127214
0.30470686852831164 0.9488536866127214
0.3087472725687157 0.9488536866127214
0.3127876766091197 0.9488536866127214
0.3168280806495238 0.9488536866127214
0.3208684846899278 0.9488536866127214
0.32490888873033186 0.9488536866127214
0.32894929277073587 0.9488536866127214
0.33298969681113993 0.9488536866127214
0.33703010085154395 0.9488536866127214
0.341070504891948 0.9488536866127214
0.3451109089323521 0.9488536866127214
0.2885452523666955 0.9528940906531255
0.29258565640709955 0.9528940906531255
0.29662606044750356 0.9528940906531255
0.30066646448790757 0.9528940906531255
0.30470686852831164 0.9528940906531255
0.3087472725687157 0.9528940906531255
0.3127876766091197 0.9528940906531255
0.3168280806495238 0.9528940906531255
0.3208684846899278 0.9528940906531255
0.32490888873033186 0.9528940906531255
0.32894929277073587 0.9528940906531255
0.33298969681113993 0.9528940906531255
0.2885452523666955 0.9569344946935294
0.29258565640709955 0.9569344946935294
0.29662606044750356 0.9569344946935294
0.30066646448790757 0.9569344946935294
0.30470686852831164 0.9569344946935294
0.3087472725687157 0.9569344946935294
0.3127876766091197 0.9569344946935294
0.3168280806495238 0.9569344946935294
0.3208684846899278 0.9569344946935294
0.2885452523666955 0.9609748987339335
0.29258565640709955 0.9609748987339335
0.29662606044750356 0.9609748987339335
0.30066646448790757 0.9609748987339335
0.30470686852831164 0.9609748987339335
0.3087472725687157 0.9609748987339335
0.2885452523666955 0.9650153027743376
0.29258565640709955 0.9650153027743376
0.29662606044750356 0.9650153027743376
0.30066646448790757 0.9650153027743376
0.2885452523666955 0.9690557068147416
