# x y
0.6797935247741285 0.7387526765117113
0.6797935247741285 0.7427930805521153
0.6757531207337244 0.7468334845925194
0.6434298884104921 0.7710759088349436
0.6393894843700881 0.7751163128753477
0.6030258480064518 0.80743954519858
0.5868642318448356 0.8155203532793881
0.5585814035620074 0.8357223734814083
0.5707026156832194 0.8357223734814083
0.5505005954811992 0.8397627775218124
0.5424197874003911 0.8478435856026204
0.5141369591175629 0.8680456058046406
0.48181372679433054 0.8842072219662568
0.4858541308347346 0.8842072219662568
0.4616117065923103 0.8922880300470648
0.429288474269078 0.9084496462086811
0.42120766618826994 0.912490050249085
0.4010056459862497 0.920570858329893
0.42524807022867395 0.920570858329893
0.38080362578422955 0.9326920704511052
0.35252079750140125 0.9407728785319134
0.3201975651781689 0.9528940906531255
