# x y
0.6999452287062995 0.710469848228883
0.6959048246658954 0.7145102522692871
0.6999452287062995 0.7145102522692871
0.6918644206254914 0.7185506563096911
0.6959048246658954 0.7185506563096911
0.6878240165850873 0.7225910603500951
0.6918644206254914 0.7225910603500951
0.6837836125446832 0.7266314643904992
0.6878240165850873 0.7266314643904992
0.6797432085042793 0.7306718684309033
0.6837836125446832 0.7306718684309033
0.6757028044638752 0.7347122724713073
0.6797432085042793 0.7347122724713073
0.6716624004234713 0.7387526765117113
0.6757028044638752 0.7387526765117113
0.6676219963830672 0.7427930805521153
0.6716624004234713 0.7427930805521153
0.6635815923426631 0.7468334845925194
0.6676219963830672 0.7468334845925194
0.659541188302259 0.7508738886329235
0.6635815923426631 0.7508738886329235
0.6514603802214509 0.7549142926733274
0.655500784261855 0.7549142926733274
0.659541188302259 0.7549142926733274
0.647419976181047 0.7589546967137315
0.6514603802214509 0.7589546967137315
0.655500784261855 0.7589546967137315
0.6433795721406429 0.7629951007541356
0.647419976181047 0.7629951007541356
0.6393391681002389 0.7670355047945396
0.6433795721406429 0.7670355047945396
0.6352987640598349 0.7710759088349436
0.6393391681002389 0.7710759088349436
0.6272179559790267 0.7751163128753477
0.6312583600194308 0.7751163128753477
0.6352987640598349 0.7751163128753477
0.6231775519386227 0.7791567169157517
0.6272179559790267 0.7791567169157517
0.6312583600194308 0.7791567169157517
0.6191371478982186 0.7831971209561558
0.6231775519386227 0.7831971209561558
0.6150967438578145 0.7872375249965597
0.6191371478982186 0.7872375249965597
0.6070159357770065 0.7912779290369638
0.6110563398174106 0.7912779290369638
0.6150967438578145 0.7912779290369638
0.6029755317366026 0.7953183330773679
0.6070159357770065 0.7953183330773679
0.5989351276961985 0.799358737117772
0.6029755317366026 0.799358737117772
0.5908543196153904 0.803399141158176
0.5948947236557944 0.803399141158176
0.5989351276961985 0.803399141158176
0.5868139155749863 0.80743954519858
0.5908543196153904 0.80743954519858
0.5948947236557944 0.80743954519858
0.5827735115345822 0.811479949238984
0.5868139155749863 0.811479949238984
0.5746927034537742 0.8155203532793881
0.5787331074941783 0.8155203532793881
0.5827735115345822 0.8155203532793881
0.5706522994133703 0.819560757319792
0.5746927034537742 0.819560757319792
0.5625714913325621 0.8236011613601961
0.5666118953729662 0.8236011613601961
0.5706522994133703 0.8236011613601961
0.5585310872921581 0.8276415654006002
0.5625714913325621 0.8276415654006002
0.5504502792113499 0.8316819694410043
0.554490683251754 0.8316819694410043
0.5585310872921581 0.8316819694410043
0.546409875170946 0.8357223734814083
0.5504502792113499 0.8357223734814083
0.554490683251754 0.8357223734814083
0.5383290670901378 0.8397627775218124
0.5423694711305419 0.8397627775218124
0.546409875170946 0.8397627775218124
0.5342886630497339 0.8438031815622163
0.5383290670901378 0.8438031815622163
0.5262078549689257 0.8478435856026204
0.5302482590093298 0.8478435856026204
0.5342886630497339 0.8478435856026204
0.5181270468881176 0.8518839896430245
0.5221674509285217 0.8518839896430245
0.5262078549689257 0.8518839896430245
0.5140866428477135 0.8559243936834284
0.5181270468881176 0.8559243936834284
0.5221674509285217 0.8559243936834284
0.5060058347669055 0.8599647977238325
0.5100462388073096 0.8599647977238325
0.5140866428477135 0.8599647977238325
0.49792502668609745 0.8640052017642366
0.5019654307265015 0.8640052017642366
0.5060058347669055 0.8640052017642366
0.49388462264569344 0.8680456058046406
0.49792502668609745 0.8680456058046406
0.5019654307265015 0.8680456058046406
0.4858038145648853 0.8720860098450447
0.48984421860528937 0.8720860098450447
0.49388462264569344 0.8720860098450447
0.4777230064840773 0.8761264138854487
0.4817634105244813 0.8761264138854487
0.4858038145648853 0.8761264138854487
0.46964219840326915 0.8801668179258527
0.4736826024436732 0.8801668179258527
0.4777230064840773 0.8801668179258527
0.4615613903224611 0.8842072219662568
0.46560179436286514 0.8842072219662568
0.46964219840326915 0.8842072219662568
0.453480582241653 0.8882476260066607
0.45752098628205706 0.8882476260066607
0.4615613903224611 0.8882476260066607
0.46560179436286514 0.8882476260066607
0.4453997741608449 0.8922880300470648
0.44944017820124893 0.8922880300470648
0.453480582241653 0.8922880300470648
0.45752098628205706 0.8922880300470648
0.43731896608003684 0.8963284340874689
0.4413593701204409 0.8963284340874689
0.4453997741608449 0.8963284340874689
0.44944017820124893 0.8963284340874689
0.42923815799922876 0.9003688381278729
0.4332785620396328 0.9003688381278729
0.43731896608003684 0.9003688381278729
0.4413593701204409 0.9003688381278729
0.4211573499184207 0.904409242168277
0.42519775395882475 0.904409242168277
0.42923815799922876 0.904409242168277
0.4332785620396328 0.904409242168277
0.4130765418376126 0.9084496462086811
0.4171169458780166 0.9084496462086811
0.4211573499184207 0.9084496462086811
0.40499573375680453 0.912490050249085
0.40903613779720854 0.912490050249085
0.4130765418376126 0.912490050249085
0.3928745216355924 0.9165304542894891
0.39691492567599646 0.9165304542894891
0.40095532971640047 0.9165304542894891
0.40499573375680453 0.9165304542894891
0.3847937135547843 0.920570858329893
0.3888341175951884 0.920570858329893
0.3928745216355924 0.920570858329893
0.39691492567599646 0.920570858329893
0.37671290547397623 0.9246112623702971
0.38075330951438024 0.9246112623702971
0.3847937135547843 0.9246112623702971
0.3645916933527641 0.9286516664107012
0.36863209739316816 0.9286516664107012
0.3726725014335722 0.9286516664107012
0.37671290547397623 0.9286516664107012
0.352470481231552 0.9326920704511052
0.35651088527195607 0.9326920704511052
0.3605512893123601 0.9326920704511052
0.3645916933527641 0.9326920704511052
0.36863209739316816 0.9326920704511052
0.3443896731507439 0.9367324744915093
0.34843007719114794 0.9367324744915093
0.352470481231552 0.9367324744915093
0.35651088527195607 0.9367324744915093
0.3322684610295318 0.9407728785319134
0.33630886506993585 0.9407728785319134
0.34034926911033986 0.9407728785319134
0.3443896731507439 0.9407728785319134
0.3201472489083197 0.9448132825723174
0.3241876529487237 0.9448132825723174
0.32822805698912777 0.9448132825723174
0.3322684610295318 0.9448132825723174
0.33630886506993585 0.9448132825723174
0.30802603678710755 0.9488536866127214
0.31206644082751156 0.9488536866127214
0.3161068448679156 0.9488536866127214
0.3201472489083197 0.9488536866127214
0.3241876529487237 0.9488536866127214
0.29994522870629947 0.9528940906531255
0.30398563274670354 0.9528940906531255
0.30802603678710755 0.9528940906531255
0.31206644082751156 0.9528940906531255
0.29994522870629947 0.9569344946935294
