# x y
0.6999853075867378 0.7225910603500951
0.6959449035463338 0.7266314643904992
0.6717024793039095 0.7508738886329235
0.6474600550614853 0.7710759088349436
0.619177226778657 0.7953183330773679
0.6353388429402731 0.799358737117772
0.5989752065766367 0.8155203532793881
0.5949348025362328 0.8316819694410043
0.5585711661725964 0.8397627775218124
0.5464499540513843 0.8478435856026204
0.52220752980896 0.8599647977238325
0.5545307621321923 0.8599647977238325
0.5020055096069398 0.8720860098450447
0.5302883378897681 0.8761264138854487
0.4656418732433035 0.8922880300470648
0.4656418732433035 0.9003688381278729
0.3969550045564348 0.9286516664107012
0.31614692374835396 0.9650153027743376
0.30402571162714187 0.9690557068147416
