# x y
0.6999853075867378 0.7145102522692871
0.6959449035463338 0.7185506563096911
0.6919044995059298 0.7225910603500951
0.6878640954655257 0.7266314643904992
0.6838236914251217 0.7306718684309033
0.6797832873847176 0.7347122724713073
0.6717024793039095 0.7387526765117113
0.6757428833443135 0.7387526765117113
0.6676620752635054 0.7427930805521153
0.6717024793039095 0.7427930805521153
0.6636216712231015 0.7468334845925194
0.6595812671826974 0.7508738886329235
0.6555408631422934 0.7549142926733274
0.6515004591018894 0.7589546967137315
0.6474600550614853 0.7629951007541356
0.6393792469806772 0.7670355047945396
0.6434196510210812 0.7670355047945396
0.6353388429402731 0.7710759088349436
0.6312984388998691 0.7751163128753477
0.6272580348594651 0.7791567169157517
0.623217630819061 0.7831971209561558
0.615136822738253 0.7872375249965597
0.619177226778657 0.7872375249965597
0.6110964186978489 0.7912779290369638
0.6070560146574449 0.7953183330773679
0.5989752065766367 0.799358737117772
0.6030156106170408 0.799358737117772
0.5949348025362328 0.803399141158176
0.5908943984958287 0.80743954519858
0.5828135904150207 0.811479949238984
0.5868539944554247 0.811479949238984
0.5787731863746166 0.8155203532793881
0.5706923782938085 0.819560757319792
0.5747327823342125 0.819560757319792
0.5666519742534044 0.8236011613601961
0.5585711661725964 0.8276415654006002
0.5626115702130005 0.8276415654006002
0.5545307621321923 0.8316819694410043
0.5464499540513843 0.8357223734814083
0.5504903580917884 0.8357223734814083
0.5424095500109802 0.8397627775218124
0.5343287419301721 0.8438031815622163
0.5383691459705762 0.8438031815622163
0.5302883378897681 0.8478435856026204
0.52220752980896 0.8518839896430245
0.5262479338493641 0.8518839896430245
0.514126721728152 0.8559243936834284
0.518167125768556 0.8559243936834284
0.5100863176877479 0.8599647977238325
0.5020055096069398 0.8640052017642366
0.5060459136473439 0.8640052017642366
0.49392470152613177 0.8680456058046406
0.4979651055665358 0.8680456058046406
0.4898842974857277 0.8720860098450447
0.4818034894049196 0.8761264138854487
0.47372268132411155 0.8801668179258527
0.4777630853645156 0.8801668179258527
0.4656418732433035 0.8842072219662568
0.4696822772837075 0.8842072219662568
0.4575610651624954 0.8882476260066607
0.4616014692028994 0.8882476260066607
0.44948025708168726 0.8922880300470648
0.45352066112209133 0.8922880300470648
0.44139944900087924 0.8963284340874689
0.44543985304128325 0.8963284340874689
0.4333186409200711 0.9003688381278729
0.4373590449604752 0.9003688381278729
0.4252378328392631 0.904409242168277
0.4292782368796671 0.904409242168277
0.41715702475845495 0.9084496462086811
0.421197428798859 0.9084496462086811
0.4090762166776469 0.912490050249085
0.41311662071805094 0.912490050249085
0.3969550045564348 0.9165304542894891
0.4009954085968388 0.9165304542894891
0.3888741964756267 0.920570858329893
0.3929146005160307 0.920570858329893
0.3807933883948186 0.9246112623702971
0.38483379243522264 0.9246112623702971
0.3686721762736065 0.9286516664107012
0.37271258031401056 0.9286516664107012
0.3565509641523944 0.9326920704511052
0.3605913681927984 0.9326920704511052
0.3646317722332024 0.9326920704511052
0.34847015607158627 0.9367324744915093
0.35251056011199033 0.9367324744915093
0.3363489439503742 0.9407728785319134
0.3403893479907782 0.9407728785319134
0.32422773182916204 0.9448132825723174
0.3282681358695661 0.9448132825723174
0.3323085399099701 0.9448132825723174
0.3121065197079499 0.9488536866127214
0.31614692374835396 0.9488536866127214
0.320187327788758 0.9488536866127214
0.2999853075867378 0.9528940906531255
0.30402571162714187 0.9528940906531255
0.3080661156675459 0.9528940906531255
