# x y
0.6393724661802164 0.7791567169157517
0.6595744863822366 0.7791567169157517
0.6272512540590043 0.7872375249965597
0.5989684257761759 0.8155203532793881
0.5464431732509234 0.8478435856026204
0.5222007490084992 0.8680456058046406
0.5302815570893072 0.8761264138854487
0.501998728806479 0.8801668179258527
0.4333118601196103 0.9084496462086811
0.40098862779637795 0.9246112623702971
0.3767462035539537 0.9367324744915093
0.3929078197155699 0.9488536866127214
0.3161401429478931 0.9650153027743376
0.30401893082668097 0.9690557068147416
