# x y
0.6919023586643915 0.7306718684309033
0.6393771061391391 0.7791567169157517
0.6595791263411592 0.7791567169157517
0.5989730657350987 0.8155203532793881
0.5949326616946946 0.8316819694410043
0.5585690253310582 0.8397627775218124
0.5585690253310582 0.8438031815622163
0.5464478132098461 0.8478435856026204
0.53028619704823 0.8559243936834284
0.5545286212906542 0.8599647977238325
0.5424074091694421 0.8680456058046406
0.53028619704823 0.8761264138854487
0.4939225606845936 0.8801668179258527
0.4656397324017653 0.8922880300470648
0.4171548839169168 0.9165304542894891
0.39695286371489663 0.9286516664107012
0.336346803108836 0.9488536866127214
0.3161447829068158 0.9650153027743376
0.3040235707856037 0.9690557068147416
