# x y
0.6942316848454061 0.698348636107671
0.6982720888858102 0.698348636107671
0.6942316848454061 0.702389040148075
0.6982720888858102 0.702389040148075
0.6861508767645981 0.706429444188479
0.6901912808050021 0.706429444188479
0.6942316848454061 0.706429444188479
0.6982720888858102 0.706429444188479
0.6861508767645981 0.710469848228883
0.6901912808050021 0.710469848228883
0.6942316848454061 0.710469848228883
0.6982720888858102 0.710469848228883
0.6780700686837899 0.7145102522692871
0.682110472724194 0.7145102522692871
0.6861508767645981 0.7145102522692871
0.6901912808050021 0.7145102522692871
0.6942316848454061 0.7145102522692871
0.6982720888858102 0.7145102522692871
0.6740296646433859 0.7185506563096911
0.6780700686837899 0.7185506563096911
0.682110472724194 0.7185506563096911
0.6861508767645981 0.7185506563096911
0.6901912808050021 0.7185506563096911
0.6942316848454061 0.7185506563096911
0.6982720888858102 0.7185506563096911
0.6699892606029818 0.7225910603500951
0.6740296646433859 0.7225910603500951
0.6780700686837899 0.7225910603500951
0.682110472724194 0.7225910603500951
0.6861508767645981 0.7225910603500951
0.6901912808050021 0.7225910603500951
0.6942316848454061 0.7225910603500951
0.6982720888858102 0.7225910603500951
0.6699892606029818 0.7266314643904992
0.6740296646433859 0.7266314643904992
0.6780700686837899 0.7266314643904992
0.682110472724194 0.7266314643904992
0.6861508767645981 0.7266314643904992
0.6901912808050021 0.7266314643904992
0.6942316848454061 0.7266314643904992
0.6982720888858102 0.7266314643904992
0.6619084525221738 0.7306718684309033
0.6659488565625777 0.7306718684309033
0.6699892606029818 0.7306718684309033
0.6740296646433859 0.7306718684309033
0.6780700686837899 0.7306718684309033
0.682110472724194 0.7306718684309033
0.6861508767645981 0.7306718684309033
0.6901912808050021 0.7306718684309033
0.6942316848454061 0.7306718684309033
0.6982720888858102 0.7306718684309033
0.6538276444413658 0.7347122724713073
0.6619084525221738 0.7347122724713073
0.6659488565625777 0.7347122724713073
0.6699892606029818 0.7347122724713073
0.6740296646433859 0.7347122724713073
0.6780700686837899 0.7347122724713073
0.682110472724194 0.7347122724713073
0.6861508767645981 0.7347122724713073
0.6901912808050021 0.7347122724713073
0.6942316848454061 0.7347122724713073
0.6982720888858102 0.7347122724713073
0.6538276444413658 0.7387526765117113
0.6578680484817697 0.7387526765117113
0.6619084525221738 0.7387526765117113
0.6659488565625777 0.7387526765117113
0.6699892606029818 0.7387526765117113
0.6740296646433859 0.7387526765117113
0.6780700686837899 0.7387526765117113
0.682110472724194 0.7387526765117113
0.6861508767645981 0.7387526765117113
0.6901912808050021 0.7387526765117113
0.6942316848454061 0.7387526765117113
0.6497872404009617 0.7427930805521153
0.6538276444413658 0.7427930805521153
0.6578680484817697 0.7427930805521153
0.6619084525221738 0.7427930805521153
0.6659488565625777 0.7427930805521153
0.6699892606029818 0.7427930805521153
0.6740296646433859 0.7427930805521153
0.6780700686837899 0.7427930805521153
0.682110472724194 0.7427930805521153
0.6861508767645981 0.7427930805521153
0.6417064323201536 0.7468334845925194
0.6457468363605576 0.7468334845925194
0.6497872404009617 0.7468334845925194
0.6538276444413658 0.7468334845925194
0.6578680484817697 0.7468334845925194
0.6619084525221738 0.7468334845925194
0.6659488565625777 0.7468334845925194
0.6699892606029818 0.7468334845925194
0.6740296646433859 0.7468334845925194
0.6780700686837899 0.7468334845925194
0.682110472724194 0.7468334845925194
0.6376660282797495 0.7508738886329235
0.6417064323201536 0.7508738886329235
0.6457468363605576 0.7508738886329235
0.6497872404009617 0.7508738886329235
0.6538276444413658 0.7508738886329235
0.6578680484817697 0.7508738886329235
0.6619084525221738 0.7508738886329235
0.6659488565625777 0.7508738886329235
0.6699892606029818 0.7508738886329235
0.6740296646433859 0.7508738886329235
0.6780700686837899 0.7508738886329235
0.6336256242393454 0.7549142926733274
0.6376660282797495 0.7549142926733274
0.6417064323201536 0.7549142926733274
0.6457468363605576 0.7549142926733274
0.6497872404009617 0.7549142926733274
0.6538276444413658 0.7549142926733274
0.6578680484817697 0.7549142926733274
0.6619084525221738 0.7549142926733274
0.6659488565625777 0.7549142926733274
0.6699892606029818 0.7549142926733274
0.6740296646433859 0.7549142926733274
0.6780700686837899 0.7549142926733274
0.6295852201989415 0.7589546967137315
0.6336256242393454 0.7589546967137315
0.6376660282797495 0.7589546967137315
0.6417064323201536 0.7589546967137315
0.6457468363605576 0.7589546967137315
0.6497872404009617 0.7589546967137315
0.6538276444413658 0.7589546967137315
0.6578680484817697 0.7589546967137315
0.6619084525221738 0.7589546967137315
0.6659488565625777 0.7589546967137315
0.6699892606029818 0.7589546967137315
0.6255448161585374 0.7629951007541356
0.6295852201989415 0.7629951007541356
0.6336256242393454 0.7629951007541356
0.6376660282797495 0.7629951007541356
0.6417064323201536 0.7629951007541356
0.6457468363605576 0.7629951007541356
0.6497872404009617 0.7629951007541356
0.6538276444413658 0.7629951007541356
0.6578680484817697 0.7629951007541356
0.6619084525221738 0.7629951007541356
0.6659488565625777 0.7629951007541356
0.6174640080777294 0.7670355047945396
0.6215044121181333 0.7670355047945396
0.6255448161585374 0.7670355047945396
0.6295852201989415 0.7670355047945396
0.6336256242393454 0.7670355047945396
0.6376660282797495 0.7670355047945396
0.6417064323201536 0.7670355047945396
0.6457468363605576 0.7670355047945396
0.6497872404009617 0.7670355047945396
0.6538276444413658 0.7670355047945396
0.6578680484817697 0.7670355047945396
0.6619084525221738 0.7670355047945396
0.6093831999969213 0.7710759088349436
0.6134236040373253 0.7710759088349436
0.6174640080777294 0.7710759088349436
0.6215044121181333 0.7710759088349436
0.6255448161585374 0.7710759088349436
0.6295852201989415 0.7710759088349436
0.6336256242393454 0.7710759088349436
0.6376660282797495 0.7710759088349436
0.6417064323201536 0.7710759088349436
0.6457468363605576 0.7710759088349436
0.6497872404009617 0.7710759088349436
0.6538276444413658 0.7710759088349436
0.6053427959565172 0.7751163128753477
0.6093831999969213 0.7751163128753477
0.6134236040373253 0.7751163128753477
0.6174640080777294 0.7751163128753477
0.6215044121181333 0.7751163128753477
0.6255448161585374 0.7751163128753477
0.6295852201989415 0.7751163128753477
0.6336256242393454 0.7751163128753477
0.6376660282797495 0.7751163128753477
0.6417064323201536 0.7751163128753477
0.6457468363605576 0.7751163128753477
0.6497872404009617 0.7751163128753477
0.6053427959565172 0.7791567169157517
0.6093831999969213 0.7791567169157517
0.6134236040373253 0.7791567169157517
0.6174640080777294 0.7791567169157517
0.6215044121181333 0.7791567169157517
0.6255448161585374 0.7791567169157517
0.6295852201989415 0.7791567169157517
0.6336256242393454 0.7791567169157517
0.6376660282797495 0.7791567169157517
0.6417064323201536 0.7791567169157517
0.6457468363605576 0.7791567169157517
0.597261987875709 0.7831971209561558
0.6013023919161131 0.7831971209561558
0.6053427959565172 0.7831971209561558
0.6093831999969213 0.7831971209561558
0.6134236040373253 0.7831971209561558
0.6174640080777294 0.7831971209561558
0.6215044121181333 0.7831971209561558
0.6255448161585374 0.7831971209561558
0.6295852201989415 0.7831971209561558
0.6336256242393454 0.7831971209561558
0.6376660282797495 0.7831971209561558
0.6417064323201536 0.7831971209561558
0.5932215838353051 0.7872375249965597
0.597261987875709 0.7872375249965597
0.6013023919161131 0.7872375249965597
0.6053427959565172 0.7872375249965597
0.6093831999969213 0.7872375249965597
0.6134236040373253 0.7872375249965597
0.6174640080777294 0.7872375249965597
0.6215044121181333 0.7872375249965597
0.6255448161585374 0.7872375249965597
0.6295852201989415 0.7872375249965597
0.6336256242393454 0.7872375249965597
0.5851407757544971 0.7912779290369638
0.589181179794901 0.7912779290369638
0.5932215838353051 0.7912779290369638
0.597261987875709 0.7912779290369638
0.6013023919161131 0.7912779290369638
0.6053427959565172 0.7912779290369638
0.6093831999969213 0.7912779290369638
0.6134236040373253 0.7912779290369638
0.6174640080777294 0.7912779290369638
0.6215044121181333 0.7912779290369638
0.6255448161585374 0.7912779290369638
0.6295852201989415 0.7912779290369638
0.577059967673689 0.7953183330773679
0.5851407757544971 0.7953183330773679
0.589181179794901 0.7953183330773679
0.5932215838353051 0.7953183330773679
0.597261987875709 0.7953183330773679
0.6013023919161131 0.7953183330773679
0.6053427959565172 0.7953183330773679
0.6093831999969213 0.7953183330773679
0.6134236040373253 0.7953183330773679
0.6174640080777294 0.7953183330773679
0.6215044121181333 0.7953183330773679
0.6255448161585374 0.7953183330773679
0.6295852201989415 0.7953183330773679
0.577059967673689 0.799358737117772
0.581100371714093 0.799358737117772
0.5851407757544971 0.799358737117772
0.589181179794901 0.799358737117772
0.5932215838353051 0.799358737117772
0.597261987875709 0.799358737117772
0.6013023919161131 0.799358737117772
0.6053427959565172 0.799358737117772
0.6093831999969213 0.799358737117772
0.6134236040373253 0.799358737117772
0.6174640080777294 0.799358737117772
0.6215044121181333 0.799358737117772
0.5730195636332849 0.803399141158176
0.577059967673689 0.803399141158176
0.581100371714093 0.803399141158176
0.5851407757544971 0.803399141158176
0.589181179794901 0.803399141158176
0.5932215838353051 0.803399141158176
0.597261987875709 0.803399141158176
0.6013023919161131 0.803399141158176
0.6053427959565172 0.803399141158176
0.6093831999969213 0.803399141158176
0.6134236040373253 0.803399141158176
0.6174640080777294 0.803399141158176
0.5649387555524767 0.80743954519858
0.5689791595928808 0.80743954519858
0.5730195636332849 0.80743954519858
0.577059967673689 0.80743954519858
0.581100371714093 0.80743954519858
0.5851407757544971 0.80743954519858
0.589181179794901 0.80743954519858
0.5932215838353051 0.80743954519858
0.597261987875709 0.80743954519858
0.6013023919161131 0.80743954519858
0.6053427959565172 0.80743954519858
0.6093831999969213 0.80743954519858
0.5608983515120728 0.811479949238984
0.5649387555524767 0.811479949238984
0.5689791595928808 0.811479949238984
0.5730195636332849 0.811479949238984
0.577059967673689 0.811479949238984
0.581100371714093 0.811479949238984
0.5851407757544971 0.811479949238984
0.589181179794901 0.811479949238984
0.5932215838353051 0.811479949238984
0.597261987875709 0.811479949238984
0.6013023919161131 0.811479949238984
0.6053427959565172 0.811479949238984
0.6093831999969213 0.811479949238984
0.5528175434312647 0.8155203532793881
0.5568579474716687 0.8155203532793881
0.5608983515120728 0.8155203532793881
0.5649387555524767 0.8155203532793881
0.5689791595928808 0.8155203532793881
0.5730195636332849 0.8155203532793881
0.577059967673689 0.8155203532793881
0.581100371714093 0.8155203532793881
0.5851407757544971 0.8155203532793881
0.589181179794901 0.8155203532793881
0.5932215838353051 0.8155203532793881
0.597261987875709 0.8155203532793881
0.6013023919161131 0.8155203532793881
0.6053427959565172 0.8155203532793881
0.5447367353504566 0.819560757319792
0.5487771393908607 0.819560757319792
0.5528175434312647 0.819560757319792
0.5568579474716687 0.819560757319792
0.5608983515120728 0.819560757319792
0.5649387555524767 0.819560757319792
0.5689791595928808 0.819560757319792
0.5730195636332849 0.819560757319792
0.577059967673689 0.819560757319792
0.581100371714093 0.819560757319792
0.5851407757544971 0.819560757319792
0.589181179794901 0.819560757319792
0.5932215838353051 0.819560757319792
0.597261987875709 0.819560757319792
0.5406963313100526 0.8236011613601961
0.5447367353504566 0.8236011613601961
0.5487771393908607 0.8236011613601961
0.5528175434312647 0.8236011613601961
0.5568579474716687 0.8236011613601961
0.5608983515120728 0.8236011613601961
0.5649387555524767 0.8236011613601961
0.5689791595928808 0.8236011613601961
0.5730195636332849 0.8236011613601961
0.577059967673689 0.8236011613601961
0.581100371714093 0.8236011613601961
0.5851407757544971 0.8236011613601961
0.5326155232292444 0.8276415654006002
0.5366559272696485 0.8276415654006002
0.5406963313100526 0.8276415654006002
0.5447367353504566 0.8276415654006002
0.5487771393908607 0.8276415654006002
0.5528175434312647 0.8276415654006002
0.5568579474716687 0.8276415654006002
0.5608983515120728 0.8276415654006002
0.5649387555524767 0.8276415654006002
0.5689791595928808 0.8276415654006002
0.5730195636332849 0.8276415654006002
0.577059967673689 0.8276415654006002
0.581100371714093 0.8276415654006002
0.589181179794901 0.8276415654006002
0.5285751191888405 0.8316819694410043
0.5326155232292444 0.8316819694410043
0.5366559272696485 0.8316819694410043
0.5406963313100526 0.8316819694410043
0.5447367353504566 0.8316819694410043
0.5487771393908607 0.8316819694410043
0.5528175434312647 0.8316819694410043
0.5568579474716687 0.8316819694410043
0.5608983515120728 0.8316819694410043
0.5649387555524767 0.8316819694410043
0.5689791595928808 0.8316819694410043
0.5730195636332849 0.8316819694410043
0.577059967673689 0.8316819694410043
0.581100371714093 0.8316819694410043
0.5245347151484364 0.8357223734814083
0.5285751191888405 0.8357223734814083
0.5326155232292444 0.8357223734814083
0.5366559272696485 0.8357223734814083
0.5406963313100526 0.8357223734814083
0.5447367353504566 0.8357223734814083
0.5487771393908607 0.8357223734814083
0.5528175434312647 0.8357223734814083
0.5568579474716687 0.8357223734814083
0.5608983515120728 0.8357223734814083
0.5649387555524767 0.8357223734814083
0.5689791595928808 0.8357223734814083
0.5164539070676283 0.8397627775218124
0.5204943111080323 0.8397627775218124
0.5245347151484364 0.8397627775218124
0.5285751191888405 0.8397627775218124
0.5326155232292444 0.8397627775218124
0.5366559272696485 0.8397627775218124
0.5406963313100526 0.8397627775218124
0.5447367353504566 0.8397627775218124
0.5487771393908607 0.8397627775218124
0.5528175434312647 0.8397627775218124
0.5568579474716687 0.8397627775218124
0.5608983515120728 0.8397627775218124
0.5649387555524767 0.8397627775218124
0.5689791595928808 0.8397627775218124
0.5083730989868203 0.8438031815622163
0.5124135030272243 0.8438031815622163
0.5164539070676283 0.8438031815622163
0.5204943111080323 0.8438031815622163
0.5245347151484364 0.8438031815622163
0.5285751191888405 0.8438031815622163
0.5326155232292444 0.8438031815622163
0.5366559272696485 0.8438031815622163
0.5406963313100526 0.8438031815622163
0.5447367353504566 0.8438031815622163
0.5487771393908607 0.8438031815622163
0.5528175434312647 0.8438031815622163
0.5568579474716687 0.8438031815622163
0.5002922909060121 0.8478435856026204
0.5043326949464162 0.8478435856026204
0.5083730989868203 0.8478435856026204
0.5124135030272243 0.8478435856026204
0.5164539070676283 0.8478435856026204
0.5204943111080323 0.8478435856026204
0.5245347151484364 0.8478435856026204
0.5285751191888405 0.8478435856026204
0.5326155232292444 0.8478435856026204
0.5366559272696485 0.8478435856026204
0.5406963313100526 0.8478435856026204
0.5447367353504566 0.8478435856026204
0.5487771393908607 0.8478435856026204
0.5528175434312647 0.8478435856026204
0.5568579474716687 0.8478435856026204
0.4922114828252041 0.8518839896430245
0.4962518868656081 0.8518839896430245
0.5002922909060121 0.8518839896430245
0.5043326949464162 0.8518839896430245
0.5083730989868203 0.8518839896430245
0.5124135030272243 0.8518839896430245
0.5164539070676283 0.8518839896430245
0.5204943111080323 0.8518839896430245
0.5245347151484364 0.8518839896430245
0.5285751191888405 0.8518839896430245
0.5326155232292444 0.8518839896430245
0.5366559272696485 0.8518839896430245
0.5406963313100526 0.8518839896430245
0.5447367353504566 0.8518839896430245
0.5487771393908607 0.8518839896430245
0.5528175434312647 0.8518839896430245
0.48817107878480004 0.8559243936834284
0.4922114828252041 0.8559243936834284
0.4962518868656081 0.8559243936834284
0.5002922909060121 0.8559243936834284
0.5043326949464162 0.8559243936834284
0.5083730989868203 0.8559243936834284
0.5124135030272243 0.8559243936834284
0.5164539070676283 0.8559243936834284
0.5204943111080323 0.8559243936834284
0.5245347151484364 0.8559243936834284
0.5285751191888405 0.8559243936834284
0.5326155232292444 0.8559243936834284
0.5366559272696485 0.8559243936834284
0.5406963313100526 0.8559243936834284
0.484130674744396 0.8599647977238325
0.48817107878480004 0.8599647977238325
0.4922114828252041 0.8599647977238325
0.4962518868656081 0.8599647977238325
0.5002922909060121 0.8599647977238325
0.5043326949464162 0.8599647977238325
0.5083730989868203 0.8599647977238325
0.5124135030272243 0.8599647977238325
0.5164539070676283 0.8599647977238325
0.5204943111080323 0.8599647977238325
0.5245347151484364 0.8599647977238325
0.5285751191888405 0.8599647977238325
0.5326155232292444 0.8599647977238325
0.5366559272696485 0.8599647977238325
0.4720094626231839 0.8640052017642366
0.47604986666358795 0.8640052017642366
0.48009027070399196 0.8640052017642366
0.484130674744396 0.8640052017642366
0.48817107878480004 0.8640052017642366
0.4922114828252041 0.8640052017642366
0.4962518868656081 0.8640052017642366
0.5002922909060121 0.8640052017642366
0.5043326949464162 0.8640052017642366
0.5083730989868203 0.8640052017642366
0.5124135030272243 0.8640052017642366
0.5164539070676283 0.8640052017642366
0.5204943111080323 0.8640052017642366
0.5245347151484364 0.8640052017642366
0.5285751191888405 0.8640052017642366
0.5366559272696485 0.8640052017642366
0.4639286545423758 0.8680456058046406
0.4679690585827798 0.8680456058046406
0.4720094626231839 0.8680456058046406
0.47604986666358795 0.8680456058046406
0.48009027070399196 0.8680456058046406
0.484130674744396 0.8680456058046406
0.48817107878480004 0.8680456058046406
0.4922114828252041 0.8680456058046406
0.4962518868656081 0.8680456058046406
0.5002922909060121 0.8680456058046406
0.5043326949464162 0.8680456058046406
0.5083730989868203 0.8680456058046406
0.5124135030272243 0.8680456058046406
0.5164539070676283 0.8680456058046406
0.5204943111080323 0.8680456058046406
0.45180744242116366 0.8720860098450447
0.45584784646156773 0.8720860098450447
0.45988825050197174 0.8720860098450447
0.4639286545423758 0.8720860098450447
0.4679690585827798 0.8720860098450447
0.4720094626231839 0.8720860098450447
0.47604986666358795 0.8720860098450447
0.48009027070399196 0.8720860098450447
0.484130674744396 0.8720860098450447
0.48817107878480004 0.8720860098450447
0.4922114828252041 0.8720860098450447
0.4962518868656081 0.8720860098450447
0.5002922909060121 0.8720860098450447
0.5043326949464162 0.8720860098450447
0.5083730989868203 0.8720860098450447
0.5124135030272243 0.8720860098450447
0.4477670383807596 0.8761264138854487
0.45180744242116366 0.8761264138854487
0.45584784646156773 0.8761264138854487
0.45988825050197174 0.8761264138854487
0.4639286545423758 0.8761264138854487
0.4679690585827798 0.8761264138854487
0.4720094626231839 0.8761264138854487
0.47604986666358795 0.8761264138854487
0.48009027070399196 0.8761264138854487
0.484130674744396 0.8761264138854487
0.48817107878480004 0.8761264138854487
0.4922114828252041 0.8761264138854487
0.4962518868656081 0.8761264138854487
0.5002922909060121 0.8761264138854487
0.5043326949464162 0.8761264138854487
0.5083730989868203 0.8761264138854487
0.4437266343403556 0.8801668179258527
0.4477670383807596 0.8801668179258527
0.45180744242116366 0.8801668179258527
0.45584784646156773 0.8801668179258527
0.45988825050197174 0.8801668179258527
0.4639286545423758 0.8801668179258527
0.4679690585827798 0.8801668179258527
0.4720094626231839 0.8801668179258527
0.47604986666358795 0.8801668179258527
0.48009027070399196 0.8801668179258527
0.484130674744396 0.8801668179258527
0.48817107878480004 0.8801668179258527
0.4922114828252041 0.8801668179258527
0.4962518868656081 0.8801668179258527
0.5002922909060121 0.8801668179258527
0.42756501817873943 0.8842072219662568
0.4356458262595475 0.8842072219662568
0.4396862302999516 0.8842072219662568
0.4437266343403556 0.8842072219662568
0.4477670383807596 0.8842072219662568
0.45180744242116366 0.8842072219662568
0.45584784646156773 0.8842072219662568
0.45988825050197174 0.8842072219662568
0.4639286545423758 0.8842072219662568
0.4679690585827798 0.8842072219662568
0.4720094626231839 0.8842072219662568
0.47604986666358795 0.8842072219662568
0.48009027070399196 0.8842072219662568
0.484130674744396 0.8842072219662568
0.48817107878480004 0.8842072219662568
0.4922114828252041 0.8842072219662568
0.4235246141383354 0.8882476260066607
0.42756501817873943 0.8882476260066607
0.43160542221914344 0.8882476260066607
0.4356458262595475 0.8882476260066607
0.4396862302999516 0.8882476260066607
0.4437266343403556 0.8882476260066607
0.4477670383807596 0.8882476260066607
0.45180744242116366 0.8882476260066607
0.45584784646156773 0.8882476260066607
0.45988825050197174 0.8882476260066607
0.4639286545423758 0.8882476260066607
0.4679690585827798 0.8882476260066607
0.4720094626231839 0.8882476260066607
0.47604986666358795 0.8882476260066607
0.48009027070399196 0.8882476260066607
0.484130674744396 0.8882476260066607
0.48817107878480004 0.8882476260066607
0.41948421009793135 0.8922880300470648
0.4235246141383354 0.8922880300470648
0.42756501817873943 0.8922880300470648
0.43160542221914344 0.8922880300470648
0.4356458262595475 0.8922880300470648
0.4396862302999516 0.8922880300470648
0.4437266343403556 0.8922880300470648
0.4477670383807596 0.8922880300470648
0.45180744242116366 0.8922880300470648
0.45584784646156773 0.8922880300470648
0.45988825050197174 0.8922880300470648
0.4639286545423758 0.8922880300470648
0.4679690585827798 0.8922880300470648
0.4720094626231839 0.8922880300470648
0.47604986666358795 0.8922880300470648
0.4073629979767192 0.8963284340874689
0.4114034020171233 0.8963284340874689
0.4154438060575273 0.8963284340874689
0.41948421009793135 0.8963284340874689
0.4235246141383354 0.8963284340874689
0.42756501817873943 0.8963284340874689
0.43160542221914344 0.8963284340874689
0.4356458262595475 0.8963284340874689
0.4396862302999516 0.8963284340874689
0.4437266343403556 0.8963284340874689
0.4477670383807596 0.8963284340874689
0.45180744242116366 0.8963284340874689
0.45584784646156773 0.8963284340874689
0.45988825050197174 0.8963284340874689
0.4639286545423758 0.8963284340874689
0.4679690585827798 0.8963284340874689
0.3952417858555071 0.9003688381278729
0.39928218989591113 0.9003688381278729
0.4033225939363152 0.9003688381278729
0.4073629979767192 0.9003688381278729
0.4114034020171233 0.9003688381278729
0.4154438060575273 0.9003688381278729
0.41948421009793135 0.9003688381278729
0.4235246141383354 0.9003688381278729
0.42756501817873943 0.9003688381278729
0.43160542221914344 0.9003688381278729
0.4356458262595475 0.9003688381278729
0.4396862302999516 0.9003688381278729
0.4437266343403556 0.9003688381278729
0.4477670383807596 0.9003688381278729
0.45180744242116366 0.9003688381278729
0.45584784646156773 0.9003688381278729
0.45988825050197174 0.9003688381278729
0.4639286545423758 0.9003688381278729
0.38716097777469904 0.904409242168277
0.39120138181510306 0.904409242168277
0.3952417858555071 0.904409242168277
0.39928218989591113 0.904409242168277
0.4033225939363152 0.904409242168277
0.4073629979767192 0.904409242168277
0.4114034020171233 0.904409242168277
0.4154438060575273 0.904409242168277
0.41948421009793135 0.904409242168277
0.4235246141383354 0.904409242168277
0.42756501817873943 0.904409242168277
0.43160542221914344 0.904409242168277
0.4356458262595475 0.904409242168277
0.4396862302999516 0.904409242168277
0.4437266343403556 0.904409242168277
0.4477670383807596 0.904409242168277
0.45180744242116366 0.904409242168277
0.45584784646156773 0.904409242168277
0.383120573734295 0.9084496462086811
0.38716097777469904 0.9084496462086811
0.39120138181510306 0.9084496462086811
0.3952417858555071 0.9084496462086811
0.39928218989591113 0.9084496462086811
0.4033225939363152 0.9084496462086811
0.4073629979767192 0.9084496462086811
0.4114034020171233 0.9084496462086811
0.4154438060575273 0.9084496462086811
0.41948421009793135 0.9084496462086811
0.4235246141383354 0.9084496462086811
0.42756501817873943 0.9084496462086811
0.43160542221914344 0.9084496462086811
0.4356458262595475 0.9084496462086811
0.4396862302999516 0.9084496462086811
0.4437266343403556 0.9084496462086811
0.3709993616130829 0.912490050249085
0.3750397656534869 0.912490050249085
0.3790801696938909 0.912490050249085
0.383120573734295 0.912490050249085
0.38716097777469904 0.912490050249085
0.39120138181510306 0.912490050249085
0.3952417858555071 0.912490050249085
0.39928218989591113 0.912490050249085
0.4033225939363152 0.912490050249085
0.4073629979767192 0.912490050249085
0.4114034020171233 0.912490050249085
0.4154438060575273 0.912490050249085
0.41948421009793135 0.912490050249085
0.4235246141383354 0.912490050249085
0.42756501817873943 0.912490050249085
0.43160542221914344 0.912490050249085
0.4356458262595475 0.912490050249085
0.35887814949187075 0.9165304542894891
0.36291855353227476 0.9165304542894891
0.3669589575726788 0.9165304542894891
0.3709993616130829 0.9165304542894891
0.3750397656534869 0.9165304542894891
0.3790801696938909 0.9165304542894891
0.383120573734295 0.9165304542894891
0.38716097777469904 0.9165304542894891
0.39120138181510306 0.9165304542894891
0.3952417858555071 0.9165304542894891
0.39928218989591113 0.9165304542894891
0.4033225939363152 0.9165304542894891
0.4073629979767192 0.9165304542894891
0.4114034020171233 0.9165304542894891
0.4154438060575273 0.9165304542894891
0.41948421009793135 0.9165304542894891
0.4235246141383354 0.9165304542894891
0.42756501817873943 0.9165304542894891
0.43160542221914344 0.9165304542894891
0.35079734141106267 0.920570858329893
0.35483774545146674 0.920570858329893
0.35887814949187075 0.920570858329893
0.36291855353227476 0.920570858329893
0.3669589575726788 0.920570858329893
0.3709993616130829 0.920570858329893
0.3750397656534869 0.920570858329893
0.3790801696938909 0.920570858329893
0.383120573734295 0.920570858329893
0.38716097777469904 0.920570858329893
0.39120138181510306 0.920570858329893
0.3952417858555071 0.920570858329893
0.39928218989591113 0.920570858329893
0.4033225939363152 0.920570858329893
0.4073629979767192 0.920570858329893
0.4114034020171233 0.920570858329893
0.4154438060575273 0.920570858329893
0.41948421009793135 0.920570858329893
0.3386761292898505 0.9246112623702971
0.3427165333302546 0.9246112623702971
0.3467569373706586 0.9246112623702971
0.35079734141106267 0.9246112623702971
0.35483774545146674 0.9246112623702971
0.35887814949187075 0.9246112623702971
0.36291855353227476 0.9246112623702971
0.3669589575726788 0.9246112623702971
0.3709993616130829 0.9246112623702971
0.3750397656534869 0.9246112623702971
0.3790801696938909 0.9246112623702971
0.383120573734295 0.9246112623702971
0.38716097777469904 0.9246112623702971
0.39120138181510306 0.9246112623702971
0.3952417858555071 0.9246112623702971
0.39928218989591113 0.9246112623702971
0.4033225939363152 0.9246112623702971
0.4073629979767192 0.9246112623702971
0.4114034020171233 0.9246112623702971
0.32251451312823437 0.9286516664107012
0.33059532120904245 0.9286516664107012
0.3346357252494465 0.9286516664107012
0.3386761292898505 0.9286516664107012
0.3427165333302546 0.9286516664107012
0.3467569373706586 0.9286516664107012
0.35079734141106267 0.9286516664107012
0.35483774545146674 0.9286516664107012
0.35887814949187075 0.9286516664107012
0.36291855353227476 0.9286516664107012
0.3669589575726788 0.9286516664107012
0.3709993616130829 0.9286516664107012
0.3750397656534869 0.9286516664107012
0.3790801696938909 0.9286516664107012
0.383120573734295 0.9286516664107012
0.38716097777469904 0.9286516664107012
0.39120138181510306 0.9286516664107012
0.3952417858555071 0.9286516664107012
0.39928218989591113 0.9286516664107012
0.4033225939363152 0.9286516664107012
0.31847410908783036 0.9326920704511052
0.32251451312823437 0.9326920704511052
0.32655491716863844 0.9326920704511052
0.33059532120904245 0.9326920704511052
0.3346357252494465 0.9326920704511052
0.3386761292898505 0.9326920704511052
0.3427165333302546 0.9326920704511052
0.3467569373706586 0.9326920704511052
0.35079734141106267 0.9326920704511052
0.35483774545146674 0.9326920704511052
0.35887814949187075 0.9326920704511052
0.36291855353227476 0.9326920704511052
0.3669589575726788 0.9326920704511052
0.3709993616130829 0.9326920704511052
0.3750397656534869 0.9326920704511052
0.3790801696938909 0.9326920704511052
0.383120573734295 0.9326920704511052
0.38716097777469904 0.9326920704511052
0.39120138181510306 0.9326920704511052
0.3063528969666182 0.9367324744915093
0.3103933010070222 0.9367324744915093
0.3144337050474263 0.9367324744915093
0.31847410908783036 0.9367324744915093
0.32251451312823437 0.9367324744915093
0.32655491716863844 0.9367324744915093
0.33059532120904245 0.9367324744915093
0.3346357252494465 0.9367324744915093
0.3386761292898505 0.9367324744915093
0.3427165333302546 0.9367324744915093
0.3467569373706586 0.9367324744915093
0.35079734141106267 0.9367324744915093
0.35483774545146674 0.9367324744915093
0.35887814949187075 0.9367324744915093
0.36291855353227476 0.9367324744915093
0.3669589575726788 0.9367324744915093
0.3709993616130829 0.9367324744915093
0.3750397656534869 0.9367324744915093
0.3790801696938909 0.9367324744915093
0.383120573734295 0.9367324744915093
0.29827208888581014 0.9407728785319134
0.3023124929262142 0.9407728785319134
0.3063528969666182 0.9407728785319134
0.3103933010070222 0.9407728785319134
0.3144337050474263 0.9407728785319134
0.31847410908783036 0.9407728785319134
0.32251451312823437 0.9407728785319134
0.32655491716863844 0.9407728785319134
0.33059532120904245 0.9407728785319134
0.3346357252494465 0.9407728785319134
0.3386761292898505 0.9407728785319134
0.3427165333302546 0.9407728785319134
0.3467569373706586 0.9407728785319134
0.35079734141106267 0.9407728785319134
0.35483774545146674 0.9407728785319134
0.35887814949187075 0.9407728785319134
0.36291855353227476 0.9407728785319134
0.3669589575726788 0.9407728785319134
0.3709993616130829 0.9407728785319134
0.3750397656534869 0.9407728785319134
0.29827208888581014 0.9448132825723174
0.3023124929262142 0.9448132825723174
0.3063528969666182 0.9448132825723174
0.3103933010070222 0.9448132825723174
0.3144337050474263 0.9448132825723174
0.31847410908783036 0.9448132825723174
0.32251451312823437 0.9448132825723174
0.32655491716863844 0.9448132825723174
0.33059532120904245 0.9448132825723174
0.3346357252494465 0.9448132825723174
0.3386761292898505 0.9448132825723174
0.3427165333302546 0.9448132825723174
0.3467569373706586 0.9448132825723174
0.35079734141106267 0.9448132825723174
0.35483774545146674 0.9448132825723174
0.35887814949187075 0.9448132825723174
0.36291855353227476 0.9448132825723174
0.3669589575726788 0.9448132825723174
0.29827208888581014 0.9488536866127214
0.3023124929262142 0.9488536866127214
0.3063528969666182 0.9488536866127214
0.3103933010070222 0.9488536866127214
0.3144337050474263 0.9488536866127214
0.31847410908783036 0.9488536866127214
0.32251451312823437 0.9488536866127214
0.32655491716863844 0.9488536866127214
0.33059532120904245 0.9488536866127214
0.3346357252494465 0.9488536866127214
0.3386761292898505 0.9488536866127214
0.3427165333302546 0.9488536866127214
0.3467569373706586 0.9488536866127214
0.35079734141106267 0.9488536866127214
0.35483774545146674 0.9488536866127214
0.29827208888581014 0.9528940906531255
0.3023124929262142 0.9528940906531255
0.3063528969666182 0.9528940906531255
0.3103933010070222 0.9528940906531255
0.3144337050474263 0.9528940906531255
0.31847410908783036 0.9528940906531255
0.32251451312823437 0.9528940906531255
0.32655491716863844 0.9528940906531255
0.33059532120904245 0.9528940906531255
0.3346357252494465 0.9528940906531255
0.3386761292898505 0.9528940906531255
0.3427165333302546 0.9528940906531255
0.29827208888581014 0.9569344946935294
0.3023124929262142 0.9569344946935294
0.3063528969666182 0.9569344946935294
0.3103933010070222 0.9569344946935294
0.3144337050474263 0.9569344946935294
0.31847410908783036 0.9569344946935294
0.32251451312823437 0.9569344946935294
0.32655491716863844 0.9569344946935294
0.33059532120904245 0.9569344946935294
0.29827208888581014 0.9609748987339335
0.3023124929262142 0.9609748987339335
0.3063528969666182 0.9609748987339335
0.3103933010070222 0.9609748987339335
0.3144337050474263 0.9609748987339335
0.31847410908783036 0.9609748987339335
0.29827208888581014 0.9650153027743376
0.3023124929262142 0.9650153027743376
0.3063528969666182 0.9650153027743376
0.3103933010070222 0.9650153027743376
