# x y
0.6973382757108616 0.6943082320672669
0.6932978716704575 0.698348636107671
0.6973382757108616 0.698348636107671
0.6932978716704575 0.702389040148075
0.6973382757108616 0.702389040148075
0.6892574676300536 0.706429444188479
0.6932978716704575 0.706429444188479
0.6973382757108616 0.706429444188479
0.6811766595492454 0.710469848228883
0.6852170635896495 0.710469848228883
0.6892574676300536 0.710469848228883
0.6932978716704575 0.710469848228883
0.6973382757108616 0.710469848228883
0.6730958514684373 0.7145102522692871
0.6771362555088414 0.7145102522692871
0.6811766595492454 0.7145102522692871
0.6852170635896495 0.7145102522692871
0.6892574676300536 0.7145102522692871
0.6932978716704575 0.7145102522692871
0.6973382757108616 0.7145102522692871
0.6730958514684373 0.7185506563096911
0.6771362555088414 0.7185506563096911
0.6811766595492454 0.7185506563096911
0.6852170635896495 0.7185506563096911
0.6892574676300536 0.7185506563096911
0.6932978716704575 0.7185506563096911
0.6973382757108616 0.7185506563096911
0.6690554474280332 0.7225910603500951
0.6730958514684373 0.7225910603500951
0.6771362555088414 0.7225910603500951
0.6811766595492454 0.7225910603500951
0.6852170635896495 0.7225910603500951
0.6892574676300536 0.7225910603500951
0.6932978716704575 0.7225910603500951
0.6973382757108616 0.7225910603500951
0.6650150433876292 0.7266314643904992
0.6690554474280332 0.7266314643904992
0.6730958514684373 0.7266314643904992
0.6771362555088414 0.7266314643904992
0.6811766595492454 0.7266314643904992
0.6852170635896495 0.7266314643904992
0.6892574676300536 0.7266314643904992
0.6932978716704575 0.7266314643904992
0.6973382757108616 0.7266314643904992
0.6609746393472252 0.7306718684309033
0.6650150433876292 0.7306718684309033
0.6690554474280332 0.7306718684309033
0.6730958514684373 0.7306718684309033
0.6771362555088414 0.7306718684309033
0.6811766595492454 0.7306718684309033
0.6852170635896495 0.7306718684309033
0.6892574676300536 0.7306718684309033
0.6932978716704575 0.7306718684309033
0.6973382757108616 0.7306718684309033
0.6528938312664172 0.7347122724713073
0.6569342353068212 0.7347122724713073
0.6609746393472252 0.7347122724713073
0.6650150433876292 0.7347122724713073
0.6690554474280332 0.7347122724713073
0.6730958514684373 0.7347122724713073
0.6771362555088414 0.7347122724713073
0.6811766595492454 0.7347122724713073
0.6852170635896495 0.7347122724713073
0.6892574676300536 0.7347122724713073
0.6932978716704575 0.7347122724713073
0.6973382757108616 0.7347122724713073
0.6528938312664172 0.7387526765117113
0.6569342353068212 0.7387526765117113
0.6609746393472252 0.7387526765117113
0.6650150433876292 0.7387526765117113
0.6690554474280332 0.7387526765117113
0.6730958514684373 0.7387526765117113
0.6771362555088414 0.7387526765117113
0.6811766595492454 0.7387526765117113
0.6852170635896495 0.7387526765117113
0.6892574676300536 0.7387526765117113
0.6932978716704575 0.7387526765117113
0.6448130231856091 0.7427930805521153
0.6488534272260131 0.7427930805521153
0.6528938312664172 0.7427930805521153
0.6569342353068212 0.7427930805521153
0.6609746393472252 0.7427930805521153
0.6650150433876292 0.7427930805521153
0.6690554474280332 0.7427930805521153
0.6730958514684373 0.7427930805521153
0.6771362555088414 0.7427930805521153
0.6811766595492454 0.7427930805521153
0.6852170635896495 0.7427930805521153
0.640772619145205 0.7468334845925194
0.6448130231856091 0.7468334845925194
0.6488534272260131 0.7468334845925194
0.6528938312664172 0.7468334845925194
0.6569342353068212 0.7468334845925194
0.6609746393472252 0.7468334845925194
0.6650150433876292 0.7468334845925194
0.6690554474280332 0.7468334845925194
0.6730958514684373 0.7468334845925194
0.6771362555088414 0.7468334845925194
0.6811766595492454 0.7468334845925194
0.6367322151048009 0.7508738886329235
0.640772619145205 0.7508738886329235
0.6448130231856091 0.7508738886329235
0.6488534272260131 0.7508738886329235
0.6528938312664172 0.7508738886329235
0.6569342353068212 0.7508738886329235
0.6609746393472252 0.7508738886329235
0.6650150433876292 0.7508738886329235
0.6690554474280332 0.7508738886329235
0.6730958514684373 0.7508738886329235
0.6771362555088414 0.7508738886329235
0.6326918110643969 0.7549142926733274
0.6367322151048009 0.7549142926733274
0.640772619145205 0.7549142926733274
0.6448130231856091 0.7549142926733274
0.6488534272260131 0.7549142926733274
0.6528938312664172 0.7549142926733274
0.6569342353068212 0.7549142926733274
0.6609746393472252 0.7549142926733274
0.6650150433876292 0.7549142926733274
0.6690554474280332 0.7549142926733274
0.6730958514684373 0.7549142926733274
0.6246110029835888 0.7589546967137315
0.6286514070239929 0.7589546967137315
0.6326918110643969 0.7589546967137315
0.6367322151048009 0.7589546967137315
0.640772619145205 0.7589546967137315
0.6448130231856091 0.7589546967137315
0.6488534272260131 0.7589546967137315
0.6528938312664172 0.7589546967137315
0.6569342353068212 0.7589546967137315
0.6609746393472252 0.7589546967137315
0.6650150433876292 0.7589546967137315
0.6690554474280332 0.7589546967137315
0.6205705989431848 0.7629951007541356
0.6246110029835888 0.7629951007541356
0.6286514070239929 0.7629951007541356
0.6326918110643969 0.7629951007541356
0.6367322151048009 0.7629951007541356
0.640772619145205 0.7629951007541356
0.6448130231856091 0.7629951007541356
0.6488534272260131 0.7629951007541356
0.6528938312664172 0.7629951007541356
0.6569342353068212 0.7629951007541356
0.6609746393472252 0.7629951007541356
0.6650150433876292 0.7629951007541356
0.6165301949027808 0.7670355047945396
0.6205705989431848 0.7670355047945396
0.6246110029835888 0.7670355047945396
0.6286514070239929 0.7670355047945396
0.6326918110643969 0.7670355047945396
0.6367322151048009 0.7670355047945396
0.640772619145205 0.7670355047945396
0.6448130231856091 0.7670355047945396
0.6488534272260131 0.7670355047945396
0.6528938312664172 0.7670355047945396
0.6569342353068212 0.7670355047945396
0.6609746393472252 0.7670355047945396
0.6084493868219727 0.7710759088349436
0.6124897908623768 0.7710759088349436
0.6165301949027808 0.7710759088349436
0.6205705989431848 0.7710759088349436
0.6246110029835888 0.7710759088349436
0.6286514070239929 0.7710759088349436
0.6326918110643969 0.7710759088349436
0.6367322151048009 0.7710759088349436
0.640772619145205 0.7710759088349436
0.6448130231856091 0.7710759088349436
0.6488534272260131 0.7710759088349436
0.6528938312664172 0.7710759088349436
0.6044089827815686 0.7751163128753477
0.6084493868219727 0.7751163128753477
0.6124897908623768 0.7751163128753477
0.6165301949027808 0.7751163128753477
0.6205705989431848 0.7751163128753477
0.6246110029835888 0.7751163128753477
0.6286514070239929 0.7751163128753477
0.6326918110643969 0.7751163128753477
0.6367322151048009 0.7751163128753477
0.640772619145205 0.7751163128753477
0.6448130231856091 0.7751163128753477
0.6488534272260131 0.7751163128753477
0.6528938312664172 0.7751163128753477
0.6003685787411646 0.7791567169157517
0.6044089827815686 0.7791567169157517
0.6084493868219727 0.7791567169157517
0.6124897908623768 0.7791567169157517
0.6165301949027808 0.7791567169157517
0.6205705989431848 0.7791567169157517
0.6246110029835888 0.7791567169157517
0.6286514070239929 0.7791567169157517
0.6326918110643969 0.7791567169157517
0.6367322151048009 0.7791567169157517
0.640772619145205 0.7791567169157517
0.6448130231856091 0.7791567169157517
0.5963281747007605 0.7831971209561558
0.6003685787411646 0.7831971209561558
0.6044089827815686 0.7831971209561558
0.6084493868219727 0.7831971209561558
0.6124897908623768 0.7831971209561558
0.6165301949027808 0.7831971209561558
0.6205705989431848 0.7831971209561558
0.6246110029835888 0.7831971209561558
0.6286514070239929 0.7831971209561558
0.6326918110643969 0.7831971209561558
0.6367322151048009 0.7831971209561558
0.640772619145205 0.7831971209561558
0.5882473666199525 0.7872375249965597
0.5922877706603565 0.7872375249965597
0.5963281747007605 0.7872375249965597
0.6003685787411646 0.7872375249965597
0.6044089827815686 0.7872375249965597
0.6084493868219727 0.7872375249965597
0.6124897908623768 0.7872375249965597
0.6165301949027808 0.7872375249965597
0.6205705989431848 0.7872375249965597
0.6246110029835888 0.7872375249965597
0.6286514070239929 0.7872375249965597
0.6326918110643969 0.7872375249965597
0.6367322151048009 0.7872375249965597
0.5842069625795485 0.7912779290369638
0.5882473666199525 0.7912779290369638
0.5922877706603565 0.7912779290369638
0.5963281747007605 0.7912779290369638
0.6003685787411646 0.7912779290369638
0.6044089827815686 0.7912779290369638
0.6084493868219727 0.7912779290369638
0.6124897908623768 0.7912779290369638
0.6165301949027808 0.7912779290369638
0.6205705989431848 0.7912779290369638
0.6246110029835888 0.7912779290369638
0.6286514070239929 0.7912779290369638
0.6326918110643969 0.7912779290369638
0.5801665585391445 0.7953183330773679
0.5842069625795485 0.7953183330773679
0.5882473666199525 0.7953183330773679
0.5922877706603565 0.7953183330773679
0.5963281747007605 0.7953183330773679
0.6003685787411646 0.7953183330773679
0.6044089827815686 0.7953183330773679
0.6084493868219727 0.7953183330773679
0.6124897908623768 0.7953183330773679
0.6165301949027808 0.7953183330773679
0.6205705989431848 0.7953183330773679
0.6246110029835888 0.7953183330773679
0.5720857504583363 0.799358737117772
0.5761261544987404 0.799358737117772
0.5801665585391445 0.799358737117772
0.5842069625795485 0.799358737117772
0.5882473666199525 0.799358737117772
0.5922877706603565 0.799358737117772
0.5963281747007605 0.799358737117772
0.6003685787411646 0.799358737117772
0.6044089827815686 0.799358737117772
0.6084493868219727 0.799358737117772
0.6124897908623768 0.799358737117772
0.6165301949027808 0.799358737117772
0.6205705989431848 0.799358737117772
0.5680453464179323 0.803399141158176
0.5720857504583363 0.803399141158176
0.5761261544987404 0.803399141158176
0.5801665585391445 0.803399141158176
0.5842069625795485 0.803399141158176
0.5882473666199525 0.803399141158176
0.5922877706603565 0.803399141158176
0.5963281747007605 0.803399141158176
0.6003685787411646 0.803399141158176
0.6044089827815686 0.803399141158176
0.6084493868219727 0.803399141158176
0.6124897908623768 0.803399141158176
0.6165301949027808 0.803399141158176
0.5599645383371242 0.80743954519858
0.5640049423775282 0.80743954519858
0.5680453464179323 0.80743954519858
0.5720857504583363 0.80743954519858
0.5761261544987404 0.80743954519858
0.5801665585391445 0.80743954519858
0.5842069625795485 0.80743954519858
0.5882473666199525 0.80743954519858
0.5922877706603565 0.80743954519858
0.5963281747007605 0.80743954519858
0.6003685787411646 0.80743954519858
0.6044089827815686 0.80743954519858
0.6084493868219727 0.80743954519858
0.6124897908623768 0.80743954519858
0.5599645383371242 0.811479949238984
0.5640049423775282 0.811479949238984
0.5680453464179323 0.811479949238984
0.5720857504583363 0.811479949238984
0.5761261544987404 0.811479949238984
0.5801665585391445 0.811479949238984
0.5842069625795485 0.811479949238984
0.5882473666199525 0.811479949238984
0.5922877706603565 0.811479949238984
0.5963281747007605 0.811479949238984
0.6003685787411646 0.811479949238984
0.6044089827815686 0.811479949238984
0.6084493868219727 0.811479949238984
0.5478433262159121 0.8155203532793881
0.5518837302563161 0.8155203532793881
0.5559241342967202 0.8155203532793881
0.5599645383371242 0.8155203532793881
0.5640049423775282 0.8155203532793881
0.5680453464179323 0.8155203532793881
0.5720857504583363 0.8155203532793881
0.5761261544987404 0.8155203532793881
0.5801665585391445 0.8155203532793881
0.5842069625795485 0.8155203532793881
0.5882473666199525 0.8155203532793881
0.5922877706603565 0.8155203532793881
0.5963281747007605 0.8155203532793881
0.6003685787411646 0.8155203532793881
0.5438029221755081 0.819560757319792
0.5478433262159121 0.819560757319792
0.5518837302563161 0.819560757319792
0.5559241342967202 0.819560757319792
0.5599645383371242 0.819560757319792
0.5640049423775282 0.819560757319792
0.5680453464179323 0.819560757319792
0.5720857504583363 0.819560757319792
0.5761261544987404 0.819560757319792
0.5801665585391445 0.819560757319792
0.5842069625795485 0.819560757319792
0.5882473666199525 0.819560757319792
0.5922877706603565 0.819560757319792
0.5963281747007605 0.819560757319792
0.5357221140946999 0.8236011613601961
0.539762518135104 0.8236011613601961
0.5438029221755081 0.8236011613601961
0.5478433262159121 0.8236011613601961
0.5518837302563161 0.8236011613601961
0.5559241342967202 0.8236011613601961
0.5599645383371242 0.8236011613601961
0.5640049423775282 0.8236011613601961
0.5680453464179323 0.8236011613601961
0.5720857504583363 0.8236011613601961
0.5761261544987404 0.8236011613601961
0.5801665585391445 0.8236011613601961
0.5842069625795485 0.8236011613601961
0.5882473666199525 0.8236011613601961
0.5276413060138919 0.8276415654006002
0.5316817100542959 0.8276415654006002
0.5357221140946999 0.8276415654006002
0.539762518135104 0.8276415654006002
0.5438029221755081 0.8276415654006002
0.5478433262159121 0.8276415654006002
0.5518837302563161 0.8276415654006002
0.5559241342967202 0.8276415654006002
0.5599645383371242 0.8276415654006002
0.5640049423775282 0.8276415654006002
0.5680453464179323 0.8276415654006002
0.5720857504583363 0.8276415654006002
0.5761261544987404 0.8276415654006002
0.5801665585391445 0.8276415654006002
0.5842069625795485 0.8276415654006002
0.5236009019734879 0.8316819694410043
0.5276413060138919 0.8316819694410043
0.5316817100542959 0.8316819694410043
0.5357221140946999 0.8316819694410043
0.539762518135104 0.8316819694410043
0.5438029221755081 0.8316819694410043
0.5478433262159121 0.8316819694410043
0.5518837302563161 0.8316819694410043
0.5559241342967202 0.8316819694410043
0.5599645383371242 0.8316819694410043
0.5640049423775282 0.8316819694410043
0.5680453464179323 0.8316819694410043
0.5720857504583363 0.8316819694410043
0.5761261544987404 0.8316819694410043
0.5801665585391445 0.8316819694410043
0.5155200938926797 0.8357223734814083
0.5195604979330838 0.8357223734814083
0.5236009019734879 0.8357223734814083
0.5276413060138919 0.8357223734814083
0.5316817100542959 0.8357223734814083
0.5357221140946999 0.8357223734814083
0.539762518135104 0.8357223734814083
0.5438029221755081 0.8357223734814083
0.5478433262159121 0.8357223734814083
0.5518837302563161 0.8357223734814083
0.5559241342967202 0.8357223734814083
0.5599645383371242 0.8357223734814083
0.5640049423775282 0.8357223734814083
0.5680453464179323 0.8357223734814083
0.5720857504583363 0.8357223734814083
0.5155200938926797 0.8397627775218124
0.5195604979330838 0.8397627775218124
0.5236009019734879 0.8397627775218124
0.5276413060138919 0.8397627775218124
0.5316817100542959 0.8397627775218124
0.5357221140946999 0.8397627775218124
0.539762518135104 0.8397627775218124
0.5438029221755081 0.8397627775218124
0.5478433262159121 0.8397627775218124
0.5518837302563161 0.8397627775218124
0.5559241342967202 0.8397627775218124
0.5599645383371242 0.8397627775218124
0.5640049423775282 0.8397627775218124
0.5680453464179323 0.8397627775218124
0.5074392858118717 0.8438031815622163
0.5114796898522758 0.8438031815622163
0.5155200938926797 0.8438031815622163
0.5195604979330838 0.8438031815622163
0.5236009019734879 0.8438031815622163
0.5276413060138919 0.8438031815622163
0.5316817100542959 0.8438031815622163
0.5357221140946999 0.8438031815622163
0.539762518135104 0.8438031815622163
0.5438029221755081 0.8438031815622163
0.5478433262159121 0.8438031815622163
0.5518837302563161 0.8438031815622163
0.5559241342967202 0.8438031815622163
0.5599645383371242 0.8438031815622163
0.49531807369065955 0.8478435856026204
0.49935847773106357 0.8478435856026204
0.5033988817714676 0.8478435856026204
0.5074392858118717 0.8478435856026204
0.5114796898522758 0.8478435856026204
0.5155200938926797 0.8478435856026204
0.5195604979330838 0.8478435856026204
0.5236009019734879 0.8478435856026204
0.5276413060138919 0.8478435856026204
0.5316817100542959 0.8478435856026204
0.5357221140946999 0.8478435856026204
0.539762518135104 0.8478435856026204
0.5438029221755081 0.8478435856026204
0.5478433262159121 0.8478435856026204
0.5518837302563161 0.8478435856026204
0.5559241342967202 0.8478435856026204
0.4872372656098515 0.8518839896430245
0.49531807369065955 0.8518839896430245
0.49935847773106357 0.8518839896430245
0.5033988817714676 0.8518839896430245
0.5074392858118717 0.8518839896430245
0.5114796898522758 0.8518839896430245
0.5155200938926797 0.8518839896430245
0.5195604979330838 0.8518839896430245
0.5236009019734879 0.8518839896430245
0.5276413060138919 0.8518839896430245
0.5316817100542959 0.8518839896430245
0.5357221140946999 0.8518839896430245
0.539762518135104 0.8518839896430245
0.5438029221755081 0.8518839896430245
0.5478433262159121 0.8518839896430245
0.5559241342967202 0.8518839896430245
0.4791564575290434 0.8559243936834284
0.4872372656098515 0.8559243936834284
0.49127766965025554 0.8559243936834284
0.49531807369065955 0.8559243936834284
0.49935847773106357 0.8559243936834284
0.5033988817714676 0.8559243936834284
0.5074392858118717 0.8559243936834284
0.5114796898522758 0.8559243936834284
0.5155200938926797 0.8559243936834284
0.5195604979330838 0.8559243936834284
0.5236009019734879 0.8559243936834284
0.5276413060138919 0.8559243936834284
0.5316817100542959 0.8559243936834284
0.5357221140946999 0.8559243936834284
0.539762518135104 0.8559243936834284
0.5438029221755081 0.8559243936834284
0.4791564575290434 0.8599647977238325
0.4831968615694474 0.8599647977238325
0.4872372656098515 0.8599647977238325
0.49127766965025554 0.8599647977238325
0.49531807369065955 0.8599647977238325
0.49935847773106357 0.8599647977238325
0.5033988817714676 0.8599647977238325
0.5074392858118717 0.8599647977238325
0.5114796898522758 0.8599647977238325
0.5155200938926797 0.8599647977238325
0.5195604979330838 0.8599647977238325
0.5236009019734879 0.8599647977238325
0.5276413060138919 0.8599647977238325
0.5316817100542959 0.8599647977238325
0.5357221140946999 0.8599647977238325
0.4710756494482353 0.8640052017642366
0.4751160534886394 0.8640052017642366
0.4791564575290434 0.8640052017642366
0.4831968615694474 0.8640052017642366
0.4872372656098515 0.8640052017642366
0.49127766965025554 0.8640052017642366
0.49531807369065955 0.8640052017642366
0.49935847773106357 0.8640052017642366
0.5033988817714676 0.8640052017642366
0.5074392858118717 0.8640052017642366
0.5114796898522758 0.8640052017642366
0.5155200938926797 0.8640052017642366
0.5195604979330838 0.8640052017642366
0.5236009019734879 0.8640052017642366
0.5276413060138919 0.8640052017642366
0.5316817100542959 0.8640052017642366
0.4589544373270232 0.8680456058046406
0.46299484136742725 0.8680456058046406
0.46703524540783126 0.8680456058046406
0.4710756494482353 0.8680456058046406
0.4751160534886394 0.8680456058046406
0.4791564575290434 0.8680456058046406
0.4831968615694474 0.8680456058046406
0.4872372656098515 0.8680456058046406
0.49127766965025554 0.8680456058046406
0.49531807369065955 0.8680456058046406
0.49935847773106357 0.8680456058046406
0.5033988817714676 0.8680456058046406
0.5074392858118717 0.8680456058046406
0.5114796898522758 0.8680456058046406
0.5155200938926797 0.8680456058046406
0.5195604979330838 0.8680456058046406
0.5236009019734879 0.8680456058046406
0.45491403328661917 0.8720860098450447
0.4589544373270232 0.8720860098450447
0.46299484136742725 0.8720860098450447
0.46703524540783126 0.8720860098450447
0.4710756494482353 0.8720860098450447
0.4751160534886394 0.8720860098450447
0.4791564575290434 0.8720860098450447
0.4831968615694474 0.8720860098450447
0.4872372656098515 0.8720860098450447
0.49127766965025554 0.8720860098450447
0.49531807369065955 0.8720860098450447
0.49935847773106357 0.8720860098450447
0.5033988817714676 0.8720860098450447
0.5074392858118717 0.8720860098450447
0.5114796898522758 0.8720860098450447
0.5155200938926797 0.8720860098450447
0.5195604979330838 0.8720860098450447
0.442792821165407 0.8761264138854487
0.4508736292462151 0.8761264138854487
0.45491403328661917 0.8761264138854487
0.4589544373270232 0.8761264138854487
0.46299484136742725 0.8761264138854487
0.46703524540783126 0.8761264138854487
0.4710756494482353 0.8761264138854487
0.4751160534886394 0.8761264138854487
0.4791564575290434 0.8761264138854487
0.4831968615694474 0.8761264138854487
0.4872372656098515 0.8761264138854487
0.49127766965025554 0.8761264138854487
0.49531807369065955 0.8761264138854487
0.49935847773106357 0.8761264138854487
0.5033988817714676 0.8761264138854487
0.5074392858118717 0.8761264138854487
0.5114796898522758 0.8761264138854487
0.42663120500379087 0.8801668179258527
0.4306716090441949 0.8801668179258527
0.43471201308459895 0.8801668179258527
0.438752417125003 0.8801668179258527
0.442792821165407 0.8801668179258527
0.44683322520581104 0.8801668179258527
0.4508736292462151 0.8801668179258527
0.45491403328661917 0.8801668179258527
0.4589544373270232 0.8801668179258527
0.46299484136742725 0.8801668179258527
0.46703524540783126 0.8801668179258527
0.4710756494482353 0.8801668179258527
0.4751160534886394 0.8801668179258527
0.4791564575290434 0.8801668179258527
0.4831968615694474 0.8801668179258527
0.4872372656098515 0.8801668179258527
0.49127766965025554 0.8801668179258527
0.49531807369065955 0.8801668179258527
0.49935847773106357 0.8801668179258527
0.42259080096338686 0.8842072219662568
0.4306716090441949 0.8842072219662568
0.43471201308459895 0.8842072219662568
0.438752417125003 0.8842072219662568
0.442792821165407 0.8842072219662568
0.44683322520581104 0.8842072219662568
0.4508736292462151 0.8842072219662568
0.45491403328661917 0.8842072219662568
0.4589544373270232 0.8842072219662568
0.46299484136742725 0.8842072219662568
0.46703524540783126 0.8842072219662568
0.4710756494482353 0.8842072219662568
0.4751160534886394 0.8842072219662568
0.4791564575290434 0.8842072219662568
0.4831968615694474 0.8842072219662568
0.4872372656098515 0.8842072219662568
0.49127766965025554 0.8842072219662568
0.49531807369065955 0.8842072219662568
0.4185503969229828 0.8882476260066607
0.42259080096338686 0.8882476260066607
0.42663120500379087 0.8882476260066607
0.4306716090441949 0.8882476260066607
0.43471201308459895 0.8882476260066607
0.438752417125003 0.8882476260066607
0.442792821165407 0.8882476260066607
0.44683322520581104 0.8882476260066607
0.4508736292462151 0.8882476260066607
0.45491403328661917 0.8882476260066607
0.4589544373270232 0.8882476260066607
0.46299484136742725 0.8882476260066607
0.46703524540783126 0.8882476260066607
0.4710756494482353 0.8882476260066607
0.4751160534886394 0.8882476260066607
0.4791564575290434 0.8882476260066607
0.4831968615694474 0.8882476260066607
0.4872372656098515 0.8882476260066607
0.49127766965025554 0.8882476260066607
0.4185503969229828 0.8922880300470648
0.42259080096338686 0.8922880300470648
0.42663120500379087 0.8922880300470648
0.4306716090441949 0.8922880300470648
0.43471201308459895 0.8922880300470648
0.438752417125003 0.8922880300470648
0.442792821165407 0.8922880300470648
0.44683322520581104 0.8922880300470648
0.4508736292462151 0.8922880300470648
0.45491403328661917 0.8922880300470648
0.4589544373270232 0.8922880300470648
0.46299484136742725 0.8922880300470648
0.46703524540783126 0.8922880300470648
0.4710756494482353 0.8922880300470648
0.4751160534886394 0.8922880300470648
0.4791564575290434 0.8922880300470648
0.4831968615694474 0.8922880300470648
0.40642918480177065 0.8963284340874689
0.4104695888421747 0.8963284340874689
0.4145099928825787 0.8963284340874689
0.4185503969229828 0.8963284340874689
0.42259080096338686 0.8963284340874689
0.42663120500379087 0.8963284340874689
0.4306716090441949 0.8963284340874689
0.43471201308459895 0.8963284340874689
0.438752417125003 0.8963284340874689
0.442792821165407 0.8963284340874689
0.44683322520581104 0.8963284340874689
0.4508736292462151 0.8963284340874689
0.45491403328661917 0.8963284340874689
0.4589544373270232 0.8963284340874689
0.46299484136742725 0.8963284340874689
0.46703524540783126 0.8963284340874689
0.4710756494482353 0.8963284340874689
0.39834837672096257 0.9003688381278729
0.40238878076136664 0.9003688381278729
0.40642918480177065 0.9003688381278729
0.4104695888421747 0.9003688381278729
0.4145099928825787 0.9003688381278729
0.4185503969229828 0.9003688381278729
0.42259080096338686 0.9003688381278729
0.42663120500379087 0.9003688381278729
0.4306716090441949 0.9003688381278729
0.43471201308459895 0.9003688381278729
0.438752417125003 0.9003688381278729
0.442792821165407 0.9003688381278729
0.44683322520581104 0.9003688381278729
0.4508736292462151 0.9003688381278729
0.45491403328661917 0.9003688381278729
0.4589544373270232 0.9003688381278729
0.46299484136742725 0.9003688381278729
0.3821867605593464 0.904409242168277
0.3902675686401545 0.904409242168277
0.39430797268055856 0.904409242168277
0.39834837672096257 0.904409242168277
0.40238878076136664 0.904409242168277
0.40642918480177065 0.904409242168277
0.4104695888421747 0.904409242168277
0.4145099928825787 0.904409242168277
0.4185503969229828 0.904409242168277
0.42259080096338686 0.904409242168277
0.42663120500379087 0.904409242168277
0.4306716090441949 0.904409242168277
0.43471201308459895 0.904409242168277
0.438752417125003 0.904409242168277
0.442792821165407 0.904409242168277
0.44683322520581104 0.904409242168277
0.4508736292462151 0.904409242168277
0.45491403328661917 0.904409242168277
0.37814635651894235 0.9084496462086811
0.3821867605593464 0.9084496462086811
0.3862271645997505 0.9084496462086811
0.3902675686401545 0.9084496462086811
0.39430797268055856 0.9084496462086811
0.39834837672096257 0.9084496462086811
0.40238878076136664 0.9084496462086811
0.40642918480177065 0.9084496462086811
0.4104695888421747 0.9084496462086811
0.4145099928825787 0.9084496462086811
0.4185503969229828 0.9084496462086811
0.42259080096338686 0.9084496462086811
0.42663120500379087 0.9084496462086811
0.4306716090441949 0.9084496462086811
0.43471201308459895 0.9084496462086811
0.438752417125003 0.9084496462086811
0.442792821165407 0.9084496462086811
0.44683322520581104 0.9084496462086811
0.4508736292462151 0.9084496462086811
0.45491403328661917 0.9084496462086811
0.3619847403573262 0.912490050249085
0.37006554843813433 0.912490050249085
0.37410595247853834 0.912490050249085
0.37814635651894235 0.912490050249085
0.3821867605593464 0.912490050249085
0.3862271645997505 0.912490050249085
0.3902675686401545 0.912490050249085
0.39430797268055856 0.912490050249085
0.39834837672096257 0.912490050249085
0.40238878076136664 0.912490050249085
0.40642918480177065 0.912490050249085
0.4104695888421747 0.912490050249085
0.4145099928825787 0.912490050249085
0.4185503969229828 0.912490050249085
0.42259080096338686 0.912490050249085
0.42663120500379087 0.912490050249085
0.4306716090441949 0.912490050249085
0.43471201308459895 0.912490050249085
0.438752417125003 0.912490050249085
0.3619847403573262 0.9165304542894891
0.36602514439773026 0.9165304542894891
0.37006554843813433 0.9165304542894891
0.37410595247853834 0.9165304542894891
0.37814635651894235 0.9165304542894891
0.3821867605593464 0.9165304542894891
0.3862271645997505 0.9165304542894891
0.3902675686401545 0.9165304542894891
0.39430797268055856 0.9165304542894891
0.39834837672096257 0.9165304542894891
0.40238878076136664 0.9165304542894891
0.40642918480177065 0.9165304542894891
0.4104695888421747 0.9165304542894891
0.4145099928825787 0.9165304542894891
0.4185503969229828 0.9165304542894891
0.42259080096338686 0.9165304542894891
0.42663120500379087 0.9165304542894891
0.4306716090441949 0.9165304542894891
0.3498635282361141 0.920570858329893
0.3539039322765182 0.920570858329893
0.3579443363169222 0.920570858329893
0.3619847403573262 0.920570858329893
0.36602514439773026 0.920570858329893
0.37006554843813433 0.920570858329893
0.37410595247853834 0.920570858329893
0.37814635651894235 0.920570858329893
0.3821867605593464 0.920570858329893
0.3862271645997505 0.920570858329893
0.3902675686401545 0.920570858329893
0.39430797268055856 0.920570858329893
0.39834837672096257 0.920570858329893
0.40238878076136664 0.920570858329893
0.40642918480177065 0.920570858329893
0.4104695888421747 0.920570858329893
0.4145099928825787 0.920570858329893
0.4185503969229828 0.920570858329893
0.42259080096338686 0.920570858329893
0.33774231611490196 0.9246112623702971
0.34178272015530603 0.9246112623702971
0.34582312419571004 0.9246112623702971
0.3498635282361141 0.9246112623702971
0.3539039322765182 0.9246112623702971
0.3579443363169222 0.9246112623702971
0.3619847403573262 0.9246112623702971
0.36602514439773026 0.9246112623702971
0.37006554843813433 0.9246112623702971
0.37410595247853834 0.9246112623702971
0.37814635651894235 0.9246112623702971
0.3821867605593464 0.9246112623702971
0.3862271645997505 0.9246112623702971
0.3902675686401545 0.9246112623702971
0.39430797268055856 0.9246112623702971
0.39834837672096257 0.9246112623702971
0.40238878076136664 0.9246112623702971
0.40642918480177065 0.9246112623702971
0.4104695888421747 0.9246112623702971
0.4145099928825787 0.9246112623702971
0.3215806999532858 0.9286516664107012
0.3256211039936899 0.9286516664107012
0.3296615080340939 0.9286516664107012
0.33370191207449795 0.9286516664107012
0.33774231611490196 0.9286516664107012
0.34178272015530603 0.9286516664107012
0.34582312419571004 0.9286516664107012
0.3498635282361141 0.9286516664107012
0.3539039322765182 0.9286516664107012
0.3579443363169222 0.9286516664107012
0.3619847403573262 0.9286516664107012
0.36602514439773026 0.9286516664107012
0.37006554843813433 0.9286516664107012
0.37410595247853834 0.9286516664107012
0.37814635651894235 0.9286516664107012
0.3821867605593464 0.9286516664107012
0.3862271645997505 0.9286516664107012
0.3902675686401545 0.9286516664107012
0.39430797268055856 0.9286516664107012
0.39834837672096257 0.9286516664107012
0.40238878076136664 0.9286516664107012
0.40642918480177065 0.9286516664107012
0.4104695888421747 0.9286516664107012
0.4145099928825787 0.9286516664107012
0.31349989187247773 0.9326920704511052
0.3175402959128818 0.9326920704511052
0.3215806999532858 0.9326920704511052
0.3256211039936899 0.9326920704511052
0.3296615080340939 0.9326920704511052
0.33370191207449795 0.9326920704511052
0.33774231611490196 0.9326920704511052
0.34178272015530603 0.9326920704511052
0.34582312419571004 0.9326920704511052
0.3498635282361141 0.9326920704511052
0.3539039322765182 0.9326920704511052
0.3579443363169222 0.9326920704511052
0.3619847403573262 0.9326920704511052
0.36602514439773026 0.9326920704511052
0.37006554843813433 0.9326920704511052
0.37410595247853834 0.9326920704511052
0.37814635651894235 0.9326920704511052
0.3821867605593464 0.9326920704511052
0.3862271645997505 0.9326920704511052
0.3902675686401545 0.9326920704511052
0.39834837672096257 0.9326920704511052
0.40238878076136664 0.9326920704511052
0.40642918480177065 0.9326920704511052
0.30541908379166965 0.9367324744915093
0.30945948783207367 0.9367324744915093
0.31349989187247773 0.9367324744915093
0.3175402959128818 0.9367324744915093
0.3215806999532858 0.9367324744915093
0.3256211039936899 0.9367324744915093
0.3296615080340939 0.9367324744915093
0.33370191207449795 0.9367324744915093
0.33774231611490196 0.9367324744915093
0.34178272015530603 0.9367324744915093
0.34582312419571004 0.9367324744915093
0.3498635282361141 0.9367324744915093
0.3539039322765182 0.9367324744915093
0.3579443363169222 0.9367324744915093
0.3619847403573262 0.9367324744915093
0.36602514439773026 0.9367324744915093
0.37006554843813433 0.9367324744915093
0.37410595247853834 0.9367324744915093
0.37814635651894235 0.9367324744915093
0.3821867605593464 0.9367324744915093
0.2973382757108616 0.9407728785319134
0.30137867975126564 0.9407728785319134
0.30541908379166965 0.9407728785319134
0.30945948783207367 0.9407728785319134
0.31349989187247773 0.9407728785319134
0.3175402959128818 0.9407728785319134
0.3215806999532858 0.9407728785319134
0.3256211039936899 0.9407728785319134
0.3296615080340939 0.9407728785319134
0.33370191207449795 0.9407728785319134
0.33774231611490196 0.9407728785319134
0.34178272015530603 0.9407728785319134
0.34582312419571004 0.9407728785319134
0.3498635282361141 0.9407728785319134
0.3539039322765182 0.9407728785319134
0.3579443363169222 0.9407728785319134
0.3619847403573262 0.9407728785319134
0.36602514439773026 0.9407728785319134
0.37006554843813433 0.9407728785319134
0.37410595247853834 0.9407728785319134
0.3862271645997505 0.9407728785319134
0.2973382757108616 0.9448132825723174
0.30137867975126564 0.9448132825723174
0.30541908379166965 0.9448132825723174
0.30945948783207367 0.9448132825723174
0.31349989187247773 0.9448132825723174
0.3175402959128818 0.9448132825723174
0.3215806999532858 0.9448132825723174
0.3256211039936899 0.9448132825723174
0.3296615080340939 0.9448132825723174
0.33370191207449795 0.9448132825723174
0.33774231611490196 0.9448132825723174
0.34178272015530603 0.9448132825723174
0.34582312419571004 0.9448132825723174
0.3498635282361141 0.9448132825723174
0.3539039322765182 0.9448132825723174
0.3579443363169222 0.9448132825723174
0.3619847403573262 0.9448132825723174
0.36602514439773026 0.9448132825723174
0.2973382757108616 0.9488536866127214
0.30137867975126564 0.9488536866127214
0.30541908379166965 0.9488536866127214
0.30945948783207367 0.9488536866127214
0.31349989187247773 0.9488536866127214
0.3175402959128818 0.9488536866127214
0.3215806999532858 0.9488536866127214
0.3256211039936899 0.9488536866127214
0.3296615080340939 0.9488536866127214
0.33370191207449795 0.9488536866127214
0.33774231611490196 0.9488536866127214
0.34178272015530603 0.9488536866127214
0.34582312419571004 0.9488536866127214
0.3498635282361141 0.9488536866127214
0.3539039322765182 0.9488536866127214
0.3579443363169222 0.9488536866127214
0.37410595247853834 0.9488536866127214
0.2973382757108616 0.9528940906531255
0.30137867975126564 0.9528940906531255
0.30541908379166965 0.9528940906531255
0.30945948783207367 0.9528940906531255
0.31349989187247773 0.9528940906531255
0.3175402959128818 0.9528940906531255
0.3215806999532858 0.9528940906531255
0.3256211039936899 0.9528940906531255
0.3296615080340939 0.9528940906531255
0.33370191207449795 0.9528940906531255
0.33774231611490196 0.9528940906531255
0.34178272015530603 0.9528940906531255
0.3619847403573262 0.9528940906531255
0.2973382757108616 0.9569344946935294
0.30137867975126564 0.9569344946935294
0.30541908379166965 0.9569344946935294
0.30945948783207367 0.9569344946935294
0.31349989187247773 0.9569344946935294
0.3175402959128818 0.9569344946935294
0.3215806999532858 0.9569344946935294
0.3256211039936899 0.9569344946935294
0.3296615080340939 0.9569344946935294
0.2973382757108616 0.9609748987339335
0.30137867975126564 0.9609748987339335
0.30541908379166965 0.9609748987339335
0.30945948783207367 0.9609748987339335
0.31349989187247773 0.9609748987339335
0.3175402959128818 0.9609748987339335
0.33370191207449795 0.9609748987339335
0.2973382757108616 0.9650153027743376
0.30137867975126564 0.9650153027743376
0.30541908379166965 0.9650153027743376
0.30945948783207367 0.9650153027743376
0.3256211039936899 0.9650153027743376
0.30137867975126564 0.9690557068147416
