# x y
0.6998688817613318 0.710469848228883
0.6958284777209277 0.7145102522692871
0.6998688817613318 0.7145102522692871
0.6917880736805238 0.7185506563096911
0.6958284777209277 0.7185506563096911
0.6998688817613318 0.7185506563096911
0.6877476696401197 0.7225910603500951
0.6917880736805238 0.7225910603500951
0.6958284777209277 0.7225910603500951
0.6837072655997156 0.7266314643904992
0.6877476696401197 0.7266314643904992
0.6917880736805238 0.7266314643904992
0.6796668615593116 0.7306718684309033
0.6837072655997156 0.7306718684309033
0.6877476696401197 0.7306718684309033
0.6715860534785034 0.7347122724713073
0.6756264575189075 0.7347122724713073
0.6796668615593116 0.7347122724713073
0.6837072655997156 0.7347122724713073
0.6675456494380994 0.7387526765117113
0.6715860534785034 0.7387526765117113
0.6756264575189075 0.7387526765117113
0.6796668615593116 0.7387526765117113
0.6635052453976954 0.7427930805521153
0.6675456494380994 0.7427930805521153
0.6715860534785034 0.7427930805521153
0.6756264575189075 0.7427930805521153
0.6594648413572913 0.7468334845925194
0.6635052453976954 0.7468334845925194
0.6675456494380994 0.7468334845925194
0.6715860534785034 0.7468334845925194
0.6554244373168874 0.7508738886329235
0.6594648413572913 0.7508738886329235
0.6635052453976954 0.7508738886329235
0.6513840332764833 0.7549142926733274
0.6554244373168874 0.7549142926733274
0.6594648413572913 0.7549142926733274
0.6473436292360792 0.7589546967137315
0.6513840332764833 0.7589546967137315
0.6554244373168874 0.7589546967137315
0.6392628211552711 0.7629951007541356
0.6433032251956752 0.7629951007541356
0.6473436292360792 0.7629951007541356
0.6513840332764833 0.7629951007541356
0.635222417114867 0.7670355047945396
0.6392628211552711 0.7670355047945396
0.6433032251956752 0.7670355047945396
0.6473436292360792 0.7670355047945396
0.6311820130744631 0.7710759088349436
0.635222417114867 0.7710759088349436
0.6392628211552711 0.7710759088349436
0.6433032251956752 0.7710759088349436
0.627141609034059 0.7751163128753477
0.6311820130744631 0.7751163128753477
0.635222417114867 0.7751163128753477
0.623101204993655 0.7791567169157517
0.627141609034059 0.7791567169157517
0.6311820130744631 0.7791567169157517
0.6150203969128469 0.7831971209561558
0.619060800953251 0.7831971209561558
0.623101204993655 0.7831971209561558
0.627141609034059 0.7831971209561558
0.6109799928724429 0.7872375249965597
0.6150203969128469 0.7872375249965597
0.619060800953251 0.7872375249965597
0.623101204993655 0.7872375249965597
0.6069395888320388 0.7912779290369638
0.6109799928724429 0.7912779290369638
0.6150203969128469 0.7912779290369638
0.5988587807512307 0.7953183330773679
0.6028991847916347 0.7953183330773679
0.6069395888320388 0.7953183330773679
0.6109799928724429 0.7953183330773679
0.5948183767108267 0.799358737117772
0.5988587807512307 0.799358737117772
0.6028991847916347 0.799358737117772
0.6069395888320388 0.799358737117772
0.5907779726704226 0.803399141158176
0.5948183767108267 0.803399141158176
0.5988587807512307 0.803399141158176
0.6028991847916347 0.803399141158176
0.5826971645896146 0.80743954519858
0.5867375686300187 0.80743954519858
0.5907779726704226 0.80743954519858
0.5948183767108267 0.80743954519858
0.5786567605492106 0.811479949238984
0.5826971645896146 0.811479949238984
0.5867375686300187 0.811479949238984
0.5907779726704226 0.811479949238984
0.5705759524684024 0.8155203532793881
0.5746163565088065 0.8155203532793881
0.5786567605492106 0.8155203532793881
0.5826971645896146 0.8155203532793881
0.5665355484279984 0.819560757319792
0.5705759524684024 0.819560757319792
0.5746163565088065 0.819560757319792
0.5786567605492106 0.819560757319792
0.5624951443875944 0.8236011613601961
0.5665355484279984 0.8236011613601961
0.5705759524684024 0.8236011613601961
0.5746163565088065 0.8236011613601961
0.5544143363067863 0.8276415654006002
0.5584547403471903 0.8276415654006002
0.5624951443875944 0.8276415654006002
0.5665355484279984 0.8276415654006002
0.5503739322663823 0.8316819694410043
0.5544143363067863 0.8316819694410043
0.5584547403471903 0.8316819694410043
0.5624951443875944 0.8316819694410043
0.5422931241855742 0.8357223734814083
0.5463335282259782 0.8357223734814083
0.5503739322663823 0.8357223734814083
0.5544143363067863 0.8357223734814083
0.534212316104766 0.8397627775218124
0.5382527201451701 0.8397627775218124
0.5422931241855742 0.8397627775218124
0.5463335282259782 0.8397627775218124
0.5503739322663823 0.8397627775218124
0.5301719120643621 0.8438031815622163
0.534212316104766 0.8438031815622163
0.5382527201451701 0.8438031815622163
0.5422931241855742 0.8438031815622163
0.522091103983554 0.8478435856026204
0.526131508023958 0.8478435856026204
0.5301719120643621 0.8478435856026204
0.534212316104766 0.8478435856026204
0.5382527201451701 0.8478435856026204
0.5180506999431499 0.8518839896430245
0.522091103983554 0.8518839896430245
0.526131508023958 0.8518839896430245
0.5301719120643621 0.8518839896430245
0.5099698918623419 0.8559243936834284
0.5140102959027459 0.8559243936834284
0.5180506999431499 0.8559243936834284
0.522091103983554 0.8559243936834284
0.5018890837815337 0.8599647977238325
0.5059294878219378 0.8599647977238325
0.5099698918623419 0.8599647977238325
0.5140102959027459 0.8599647977238325
0.5180506999431499 0.8599647977238325
0.49784867974112973 0.8640052017642366
0.5018890837815337 0.8640052017642366
0.5059294878219378 0.8640052017642366
0.5099698918623419 0.8640052017642366
0.48976787166032165 0.8680456058046406
0.4938082757007257 0.8680456058046406
0.49784867974112973 0.8680456058046406
0.5018890837815337 0.8680456058046406
0.4816870635795136 0.8720860098450447
0.4857274676199176 0.8720860098450447
0.48976787166032165 0.8720860098450447
0.4938082757007257 0.8720860098450447
0.49784867974112973 0.8720860098450447
0.4736062554987055 0.8761264138854487
0.47764665953910956 0.8761264138854487
0.4816870635795136 0.8761264138854487
0.4857274676199176 0.8761264138854487
0.48976787166032165 0.8761264138854487
0.4655254474178974 0.8801668179258527
0.46956585145830143 0.8801668179258527
0.4736062554987055 0.8801668179258527
0.47764665953910956 0.8801668179258527
0.4816870635795136 0.8801668179258527
0.45744463933708934 0.8842072219662568
0.46148504337749335 0.8842072219662568
0.4655254474178974 0.8842072219662568
0.46956585145830143 0.8842072219662568
0.4736062554987055 0.8842072219662568
0.4493638312562812 0.8882476260066607
0.4534042352966853 0.8882476260066607
0.45744463933708934 0.8882476260066607
0.46148504337749335 0.8882476260066607
0.4655254474178974 0.8882476260066607
0.4412830231754732 0.8922880300470648
0.4453234272158772 0.8922880300470648
0.4493638312562812 0.8922880300470648
0.4534042352966853 0.8922880300470648
0.45744463933708934 0.8922880300470648
0.46148504337749335 0.8922880300470648
0.43320221509466506 0.8963284340874689
0.4372426191350691 0.8963284340874689
0.4412830231754732 0.8963284340874689
0.4453234272158772 0.8963284340874689
0.4493638312562812 0.8963284340874689
0.4534042352966853 0.8963284340874689
0.42512140701385703 0.9003688381278729
0.42916181105426104 0.9003688381278729
0.43320221509466506 0.9003688381278729
0.4372426191350691 0.9003688381278729
0.4412830231754732 0.9003688381278729
0.4453234272158772 0.9003688381278729
0.4170405989330489 0.904409242168277
0.42108100297345297 0.904409242168277
0.42512140701385703 0.904409242168277
0.42916181105426104 0.904409242168277
0.43320221509466506 0.904409242168277
0.4372426191350691 0.904409242168277
0.4089597908522408 0.9084496462086811
0.4130001948926449 0.9084496462086811
0.4170405989330489 0.9084496462086811
0.42108100297345297 0.9084496462086811
0.42512140701385703 0.9084496462086811
0.40087898277143275 0.912490050249085
0.4049193868118368 0.912490050249085
0.4089597908522408 0.912490050249085
0.4130001948926449 0.912490050249085
0.4170405989330489 0.912490050249085
0.38875777065022066 0.9165304542894891
0.39279817469062467 0.9165304542894891
0.39683857873102873 0.9165304542894891
0.40087898277143275 0.9165304542894891
0.4049193868118368 0.9165304542894891
0.4089597908522408 0.9165304542894891
0.3806769625694125 0.920570858329893
0.3847173666098166 0.920570858329893
0.38875777065022066 0.920570858329893
0.39279817469062467 0.920570858329893
0.39683857873102873 0.920570858329893
0.40087898277143275 0.920570858329893
0.36855575044820044 0.9246112623702971
0.3725961544886045 0.9246112623702971
0.3766365585290085 0.9246112623702971
0.3806769625694125 0.9246112623702971
0.3847173666098166 0.9246112623702971
0.38875777065022066 0.9246112623702971
0.36047494236739236 0.9286516664107012
0.36451534640779637 0.9286516664107012
0.36855575044820044 0.9286516664107012
0.3725961544886045 0.9286516664107012
0.3766365585290085 0.9286516664107012
0.3806769625694125 0.9286516664107012
0.3483537302461802 0.9326920704511052
0.3523941342865843 0.9326920704511052
0.35643453832698835 0.9326920704511052
0.36047494236739236 0.9326920704511052
0.36451534640779637 0.9326920704511052
0.36855575044820044 0.9326920704511052
0.3725961544886045 0.9326920704511052
0.34027292216537214 0.9367324744915093
0.3443133262057762 0.9367324744915093
0.3483537302461802 0.9367324744915093
0.3523941342865843 0.9367324744915093
0.35643453832698835 0.9367324744915093
0.36047494236739236 0.9367324744915093
0.32815171004416005 0.9407728785319134
0.33219211408456406 0.9407728785319134
0.3362325181249681 0.9407728785319134
0.34027292216537214 0.9407728785319134
0.3443133262057762 0.9407728785319134
0.3483537302461802 0.9407728785319134
0.3160304979229479 0.9448132825723174
0.320070901963352 0.9448132825723174
0.324111306003756 0.9448132825723174
0.32815171004416005 0.9448132825723174
0.33219211408456406 0.9448132825723174
0.3362325181249681 0.9448132825723174
0.34027292216537214 0.9448132825723174
0.3039092858017358 0.9488536866127214
0.30794968984213983 0.9488536866127214
0.31199009388254384 0.9488536866127214
0.3160304979229479 0.9488536866127214
0.320070901963352 0.9488536866127214
0.324111306003756 0.9488536866127214
0.32815171004416005 0.9488536866127214
0.29986888176133175 0.9528940906531255
0.3039092858017358 0.9528940906531255
0.30794968984213983 0.9528940906531255
0.31199009388254384 0.9528940906531255
0.3160304979229479 0.9528940906531255
0.29986888176133175 0.9569344946935294
0.3039092858017358 0.9569344946935294
