# x y
0.6717049877515459 0.7508738886329235
0.6595837756303338 0.7791567169157517
0.6191797352262933 0.7953183330773679
0.6191797352262933 0.799358737117772
0.5989777150242731 0.8155203532793881
0.582816098862657 0.819560757319792
0.5949373109838691 0.8316819694410043
0.5585736746202328 0.8397627775218124
0.5464524624990206 0.8478435856026204
0.5666544827010408 0.8518839896430245
0.5302908463374044 0.8559243936834284
0.5222100382565964 0.8599647977238325
0.42524034128689936 0.920570858329893
0.3444322604788186 0.9448132825723174
0.3363514523980105 0.9528940906531255
0.29998781603437413 0.9609748987339335
0.3161494321959903 0.9650153027743376
0.30402822007477814 0.9690557068147416
