# x y
0.6636275632422521 0.7549142926733274
0.6676679672826562 0.7589546967137315
0.655546755161444 0.7629951007541356
0.6191831187978076 0.7953183330773679
0.5989810985957875 0.8155203532793881
0.5706982703129593 0.8276415654006002
0.5343346339493229 0.8518839896430245
0.5100922097068986 0.8680456058046406
0.5141326137473026 0.8680456058046406
0.49393059354528246 0.8761264138854487
0.46564776526245416 0.9003688381278729
0.44140534102002993 0.912490050249085
0.41312251273720163 0.9165304542894891
0.40504170465639355 0.920570858329893
0.4252437248584138 0.920570858329893
0.3969608965755855 0.9286516664107012
0.37675887637356525 0.9326920704511052
0.3605972602119491 0.9407728785319134
0.3242336238483127 0.9528940906531255
0.31615281576750465 0.9569344946935294
0.2999911996058885 0.9609748987339335
0.31615281576750465 0.9650153027743376
0.30403160364629256 0.9690557068147416
