# x y
0.6999196926324718 0.710469848228883
0.6958792885920677 0.7145102522692871
0.6999196926324718 0.7145102522692871
0.6918388845516636 0.7185506563096911
0.6958792885920677 0.7185506563096911
0.6999196926324718 0.7185506563096911
0.6877984805112596 0.7225910603500951
0.6918388845516636 0.7225910603500951
0.6958792885920677 0.7225910603500951
0.6837580764708555 0.7266314643904992
0.6877984805112596 0.7266314643904992
0.6918388845516636 0.7266314643904992
0.6797176724304516 0.7306718684309033
0.6837580764708555 0.7306718684309033
0.6756772683900475 0.7347122724713073
0.6797176724304516 0.7347122724713073
0.6716368643496435 0.7387526765117113
0.6756772683900475 0.7387526765117113
0.6675964603092395 0.7427930805521153
0.6716368643496435 0.7427930805521153
0.6635560562688354 0.7468334845925194
0.6675964603092395 0.7468334845925194
0.6554752481880273 0.7508738886329235
0.6595156522284313 0.7508738886329235
0.6635560562688354 0.7508738886329235
0.6514348441476232 0.7549142926733274
0.6554752481880273 0.7549142926733274
0.6595156522284313 0.7549142926733274
0.6473944401072192 0.7589546967137315
0.6514348441476232 0.7589546967137315
0.6554752481880273 0.7589546967137315
0.6433540360668152 0.7629951007541356
0.6473944401072192 0.7629951007541356
0.6514348441476232 0.7629951007541356
0.6393136320264112 0.7670355047945396
0.6433540360668152 0.7670355047945396
0.6312328239456031 0.7710759088349436
0.6352732279860072 0.7710759088349436
0.6393136320264112 0.7710759088349436
0.627192419905199 0.7751163128753477
0.6312328239456031 0.7751163128753477
0.6352732279860072 0.7751163128753477
0.623152015864795 0.7791567169157517
0.627192419905199 0.7791567169157517
0.6312328239456031 0.7791567169157517
0.6191116118243909 0.7831971209561558
0.623152015864795 0.7831971209561558
0.627192419905199 0.7831971209561558
0.6110308037435829 0.7872375249965597
0.6150712077839868 0.7872375249965597
0.6191116118243909 0.7872375249965597
0.6069903997031788 0.7912779290369638
0.6110308037435829 0.7912779290369638
0.6150712077839868 0.7912779290369638
0.6029499956627749 0.7953183330773679
0.6069903997031788 0.7953183330773679
0.6110308037435829 0.7953183330773679
0.5948691875819667 0.799358737117772
0.5989095916223708 0.799358737117772
0.6029499956627749 0.799358737117772
0.5908287835415627 0.803399141158176
0.5948691875819667 0.803399141158176
0.5989095916223708 0.803399141158176
0.5867883795011586 0.80743954519858
0.5908287835415627 0.80743954519858
0.5948691875819667 0.80743954519858
0.5787075714203506 0.811479949238984
0.5827479754607545 0.811479949238984
0.5867883795011586 0.811479949238984
0.5746671673799465 0.8155203532793881
0.5787075714203506 0.8155203532793881
0.5827479754607545 0.8155203532793881
0.5665863592991385 0.819560757319792
0.5706267633395425 0.819560757319792
0.5746671673799465 0.819560757319792
0.5787075714203506 0.819560757319792
0.5625459552587344 0.8236011613601961
0.5665863592991385 0.8236011613601961
0.5706267633395425 0.8236011613601961
0.5585055512183303 0.8276415654006002
0.5625459552587344 0.8276415654006002
0.5665863592991385 0.8276415654006002
0.5504247431375222 0.8316819694410043
0.5544651471779263 0.8316819694410043
0.5585055512183303 0.8316819694410043
0.5463843390971183 0.8357223734814083
0.5504247431375222 0.8357223734814083
0.5544651471779263 0.8357223734814083
0.5383035310163101 0.8397627775218124
0.5423439350567142 0.8397627775218124
0.5463843390971183 0.8397627775218124
0.5302227229355021 0.8438031815622163
0.5342631269759062 0.8438031815622163
0.5383035310163101 0.8438031815622163
0.5423439350567142 0.8438031815622163
0.526182318895098 0.8478435856026204
0.5302227229355021 0.8478435856026204
0.5342631269759062 0.8478435856026204
0.5181015108142899 0.8518839896430245
0.522141914854694 0.8518839896430245
0.526182318895098 0.8518839896430245
0.5302227229355021 0.8518839896430245
0.5100207027334819 0.8559243936834284
0.5140611067738858 0.8559243936834284
0.5181015108142899 0.8559243936834284
0.522141914854694 0.8559243936834284
0.5059802986930778 0.8599647977238325
0.5100207027334819 0.8599647977238325
0.5140611067738858 0.8599647977238325
0.49789949061226974 0.8640052017642366
0.5019398946526737 0.8640052017642366
0.5059802986930778 0.8640052017642366
0.5100207027334819 0.8640052017642366
0.48981868253146166 0.8680456058046406
0.4938590865718657 0.8680456058046406
0.49789949061226974 0.8680456058046406
0.5019398946526737 0.8680456058046406
0.4817378744506536 0.8720860098450447
0.4857782784910576 0.8720860098450447
0.48981868253146166 0.8720860098450447
0.4938590865718657 0.8720860098450447
0.47769747041024957 0.8761264138854487
0.4817378744506536 0.8761264138854487
0.4857782784910576 0.8761264138854487
0.46961666232944144 0.8801668179258527
0.4736570663698455 0.8801668179258527
0.47769747041024957 0.8801668179258527
0.4817378744506536 0.8801668179258527
0.46153585424863336 0.8842072219662568
0.4655762582890374 0.8842072219662568
0.46961666232944144 0.8842072219662568
0.4736570663698455 0.8842072219662568
0.4534550461678253 0.8882476260066607
0.45749545020822935 0.8882476260066607
0.46153585424863336 0.8882476260066607
0.4655762582890374 0.8882476260066607
0.4453742380870172 0.8922880300470648
0.4494146421274212 0.8922880300470648
0.4534550461678253 0.8922880300470648
0.45749545020822935 0.8922880300470648
0.4372934300062091 0.8963284340874689
0.4413338340466132 0.8963284340874689
0.4453742380870172 0.8963284340874689
0.4494146421274212 0.8963284340874689
0.42921262192540105 0.9003688381278729
0.43325302596580506 0.9003688381278729
0.4372934300062091 0.9003688381278729
0.4413338340466132 0.9003688381278729
0.421131813844593 0.904409242168277
0.42517221788499704 0.904409242168277
0.42921262192540105 0.904409242168277
0.43325302596580506 0.904409242168277
0.4130510057637849 0.9084496462086811
0.4170914098041889 0.9084496462086811
0.421131813844593 0.9084496462086811
0.42517221788499704 0.9084496462086811
0.40092979364257275 0.912490050249085
0.4049701976829768 0.912490050249085
0.40901060172338083 0.912490050249085
0.4130510057637849 0.912490050249085
0.4170914098041889 0.912490050249085
0.3928489855617647 0.9165304542894891
0.39688938960216874 0.9165304542894891
0.40092979364257275 0.9165304542894891
0.4049701976829768 0.9165304542894891
0.3847681774809566 0.920570858329893
0.38880858152136066 0.920570858329893
0.3928489855617647 0.920570858329893
0.39688938960216874 0.920570858329893
0.3726469653597445 0.9246112623702971
0.3766873694001485 0.9246112623702971
0.38072777344055253 0.9246112623702971
0.3847681774809566 0.9246112623702971
0.38880858152136066 0.9246112623702971
0.3645661572789364 0.9286516664107012
0.36860656131934044 0.9286516664107012
0.3726469653597445 0.9286516664107012
0.3766873694001485 0.9286516664107012
0.3524449451577243 0.9326920704511052
0.35648534919812835 0.9326920704511052
0.36052575323853236 0.9326920704511052
0.3645661572789364 0.9326920704511052
0.36860656131934044 0.9326920704511052
0.34032373303651214 0.9367324744915093
0.3443641370769162 0.9367324744915093
0.3484045411173202 0.9367324744915093
0.3524449451577243 0.9367324744915093
0.35648534919812835 0.9367324744915093
0.32820252091530006 0.9407728785319134
0.33224292495570407 0.9407728785319134
0.33628332899610813 0.9407728785319134
0.34032373303651214 0.9407728785319134
0.3443641370769162 0.9407728785319134
0.3484045411173202 0.9407728785319134
0.320121712834492 0.9448132825723174
0.324162116874896 0.9448132825723174
0.32820252091530006 0.9448132825723174
0.33224292495570407 0.9448132825723174
0.33628332899610813 0.9448132825723174
0.30800050071327983 0.9488536866127214
0.31204090475368385 0.9488536866127214
0.3160813087940879 0.9488536866127214
0.320121712834492 0.9488536866127214
0.324162116874896 0.9488536866127214
0.29991969263247176 0.9528940906531255
0.3039600966728758 0.9528940906531255
0.30800050071327983 0.9528940906531255
0.31204090475368385 0.9528940906531255
0.29991969263247176 0.9569344946935294
