# x y
0.691923514431135 0.706429444188479
0.6878831103907309 0.710469848228883
0.691923514431135 0.710469848228883
0.6757618982695188 0.7145102522692871
0.6798023023099229 0.7145102522692871
0.683842706350327 0.7145102522692871
0.6878831103907309 0.7145102522692871
0.691923514431135 0.7145102522692871
0.6757618982695188 0.7185506563096911
0.6798023023099229 0.7185506563096911
0.683842706350327 0.7185506563096911
0.6878831103907309 0.7185506563096911
0.691923514431135 0.7185506563096911
0.6757618982695188 0.7225910603500951
0.6798023023099229 0.7225910603500951
0.683842706350327 0.7225910603500951
0.6878831103907309 0.7225910603500951
0.691923514431135 0.7225910603500951
0.6676810901887107 0.7266314643904992
0.6717214942291148 0.7266314643904992
0.6757618982695188 0.7266314643904992
0.6798023023099229 0.7266314643904992
0.683842706350327 0.7266314643904992
0.6878831103907309 0.7266314643904992
0.691923514431135 0.7266314643904992
0.6596002821079026 0.7306718684309033
0.6636406861483066 0.7306718684309033
0.6676810901887107 0.7306718684309033
0.6717214942291148 0.7306718684309033
0.6757618982695188 0.7306718684309033
0.6798023023099229 0.7306718684309033
0.683842706350327 0.7306718684309033
0.6878831103907309 0.7306718684309033
0.6596002821079026 0.7347122724713073
0.6636406861483066 0.7347122724713073
0.6676810901887107 0.7347122724713073
0.6717214942291148 0.7347122724713073
0.6757618982695188 0.7347122724713073
0.6798023023099229 0.7347122724713073
0.6515194740270945 0.7387526765117113
0.6555598780674986 0.7387526765117113
0.6596002821079026 0.7387526765117113
0.6636406861483066 0.7387526765117113
0.6676810901887107 0.7387526765117113
0.6717214942291148 0.7387526765117113
0.6757618982695188 0.7387526765117113
0.6515194740270945 0.7427930805521153
0.6555598780674986 0.7427930805521153
0.6596002821079026 0.7427930805521153
0.6636406861483066 0.7427930805521153
0.6676810901887107 0.7427930805521153
0.6717214942291148 0.7427930805521153
0.6757618982695188 0.7427930805521153
0.6434386659462865 0.7468334845925194
0.6474790699866906 0.7468334845925194
0.6515194740270945 0.7468334845925194
0.6555598780674986 0.7468334845925194
0.6596002821079026 0.7468334845925194
0.6636406861483066 0.7468334845925194
0.6676810901887107 0.7468334845925194
0.6717214942291148 0.7468334845925194
0.6798023023099229 0.7468334845925194
0.6353578578654784 0.7508738886329235
0.6393982619058824 0.7508738886329235
0.6434386659462865 0.7508738886329235
0.6474790699866906 0.7508738886329235
0.6515194740270945 0.7508738886329235
0.6555598780674986 0.7508738886329235
0.6596002821079026 0.7508738886329235
0.6636406861483066 0.7508738886329235
0.6676810901887107 0.7508738886329235
0.6272770497846702 0.7549142926733274
0.6353578578654784 0.7549142926733274
0.6393982619058824 0.7549142926733274
0.6434386659462865 0.7549142926733274
0.6474790699866906 0.7549142926733274
0.6515194740270945 0.7549142926733274
0.6555598780674986 0.7549142926733274
0.6596002821079026 0.7549142926733274
0.6717214942291148 0.7549142926733274
0.6272770497846702 0.7589546967137315
0.6313174538250743 0.7589546967137315
0.6353578578654784 0.7589546967137315
0.6393982619058824 0.7589546967137315
0.6434386659462865 0.7589546967137315
0.6474790699866906 0.7589546967137315
0.6515194740270945 0.7589546967137315
0.6555598780674986 0.7589546967137315
0.6232366457442663 0.7629951007541356
0.6272770497846702 0.7629951007541356
0.6313174538250743 0.7629951007541356
0.6353578578654784 0.7629951007541356
0.6393982619058824 0.7629951007541356
0.6434386659462865 0.7629951007541356
0.6474790699866906 0.7629951007541356
0.6515194740270945 0.7629951007541356
0.6191962417038622 0.7670355047945396
0.6232366457442663 0.7670355047945396
0.6272770497846702 0.7670355047945396
0.6313174538250743 0.7670355047945396
0.6353578578654784 0.7670355047945396
0.6393982619058824 0.7670355047945396
0.6434386659462865 0.7670355047945396
0.6474790699866906 0.7670355047945396
0.6070750295826501 0.7710759088349436
0.6151558376634582 0.7710759088349436
0.6191962417038622 0.7710759088349436
0.6232366457442663 0.7710759088349436
0.6272770497846702 0.7710759088349436
0.6313174538250743 0.7710759088349436
0.6353578578654784 0.7710759088349436
0.6393982619058824 0.7710759088349436
0.6030346255422461 0.7751163128753477
0.6070750295826501 0.7751163128753477
0.6111154336230542 0.7751163128753477
0.6151558376634582 0.7751163128753477
0.6191962417038622 0.7751163128753477
0.6232366457442663 0.7751163128753477
0.6272770497846702 0.7751163128753477
0.6313174538250743 0.7751163128753477
0.6353578578654784 0.7751163128753477
0.6393982619058824 0.7751163128753477
0.5909134134210339 0.7791567169157517
0.598994221501842 0.7791567169157517
0.6030346255422461 0.7791567169157517
0.6070750295826501 0.7791567169157517
0.6111154336230542 0.7791567169157517
0.6151558376634582 0.7791567169157517
0.6191962417038622 0.7791567169157517
0.6232366457442663 0.7791567169157517
0.6272770497846702 0.7791567169157517
0.6313174538250743 0.7791567169157517
0.5949538174614379 0.7831971209561558
0.598994221501842 0.7831971209561558
0.6030346255422461 0.7831971209561558
0.6070750295826501 0.7831971209561558
0.6111154336230542 0.7831971209561558
0.6151558376634582 0.7831971209561558
0.6191962417038622 0.7831971209561558
0.6232366457442663 0.7831971209561558
0.6272770497846702 0.7831971209561558
0.6313174538250743 0.7831971209561558
0.5868730093806299 0.7872375249965597
0.5909134134210339 0.7872375249965597
0.5949538174614379 0.7872375249965597
0.598994221501842 0.7872375249965597
0.6030346255422461 0.7872375249965597
0.6070750295826501 0.7872375249965597
0.6111154336230542 0.7872375249965597
0.6151558376634582 0.7872375249965597
0.6191962417038622 0.7872375249965597
0.6232366457442663 0.7872375249965597
0.5828326053402259 0.7912779290369638
0.5868730093806299 0.7912779290369638
0.5909134134210339 0.7912779290369638
0.5949538174614379 0.7912779290369638
0.598994221501842 0.7912779290369638
0.6030346255422461 0.7912779290369638
0.6070750295826501 0.7912779290369638
0.6111154336230542 0.7912779290369638
0.6151558376634582 0.7912779290369638
0.6191962417038622 0.7912779290369638
0.5787922012998219 0.7953183330773679
0.5828326053402259 0.7953183330773679
0.5868730093806299 0.7953183330773679
0.5909134134210339 0.7953183330773679
0.5949538174614379 0.7953183330773679
0.598994221501842 0.7953183330773679
0.6030346255422461 0.7953183330773679
0.6070750295826501 0.7953183330773679
0.6111154336230542 0.7953183330773679
0.6191962417038622 0.7953183330773679
0.5666709891786097 0.799358737117772
0.5707113932190138 0.799358737117772
0.5747517972594178 0.799358737117772
0.5787922012998219 0.799358737117772
0.5828326053402259 0.799358737117772
0.5868730093806299 0.799358737117772
0.5909134134210339 0.799358737117772
0.5949538174614379 0.799358737117772
0.598994221501842 0.799358737117772
0.6030346255422461 0.799358737117772
0.6070750295826501 0.799358737117772
0.5585901810978016 0.803399141158176
0.5626305851382056 0.803399141158176
0.5666709891786097 0.803399141158176
0.5707113932190138 0.803399141158176
0.5747517972594178 0.803399141158176
0.5787922012998219 0.803399141158176
0.5828326053402259 0.803399141158176
0.5868730093806299 0.803399141158176
0.5909134134210339 0.803399141158176
0.5949538174614379 0.803399141158176
0.598994221501842 0.803399141158176
0.6030346255422461 0.803399141158176
0.6070750295826501 0.803399141158176
0.5585901810978016 0.80743954519858
0.5626305851382056 0.80743954519858
0.5666709891786097 0.80743954519858
0.5707113932190138 0.80743954519858
0.5747517972594178 0.80743954519858
0.5787922012998219 0.80743954519858
0.5828326053402259 0.80743954519858
0.5868730093806299 0.80743954519858
0.5909134134210339 0.80743954519858
0.5949538174614379 0.80743954519858
0.598994221501842 0.80743954519858
0.5505093730169935 0.811479949238984
0.5545497770573976 0.811479949238984
0.5585901810978016 0.811479949238984
0.5626305851382056 0.811479949238984
0.5666709891786097 0.811479949238984
0.5707113932190138 0.811479949238984
0.5747517972594178 0.811479949238984
0.5787922012998219 0.811479949238984
0.5828326053402259 0.811479949238984
0.5868730093806299 0.811479949238984
0.5909134134210339 0.811479949238984
0.5949538174614379 0.811479949238984
0.5464689689765895 0.8155203532793881
0.5505093730169935 0.8155203532793881
0.5545497770573976 0.8155203532793881
0.5585901810978016 0.8155203532793881
0.5626305851382056 0.8155203532793881
0.5666709891786097 0.8155203532793881
0.5707113932190138 0.8155203532793881
0.5747517972594178 0.8155203532793881
0.5787922012998219 0.8155203532793881
0.5828326053402259 0.8155203532793881
0.5868730093806299 0.8155203532793881
0.5383881608957815 0.819560757319792
0.5424285649361855 0.819560757319792
0.5464689689765895 0.819560757319792
0.5505093730169935 0.819560757319792
0.5545497770573976 0.819560757319792
0.5585901810978016 0.819560757319792
0.5626305851382056 0.819560757319792
0.5666709891786097 0.819560757319792
0.5707113932190138 0.819560757319792
0.5747517972594178 0.819560757319792
0.5787922012998219 0.819560757319792
0.5828326053402259 0.819560757319792
0.5343477568553774 0.8236011613601961
0.5383881608957815 0.8236011613601961
0.5424285649361855 0.8236011613601961
0.5464689689765895 0.8236011613601961
0.5505093730169935 0.8236011613601961
0.5545497770573976 0.8236011613601961
0.5585901810978016 0.8236011613601961
0.5626305851382056 0.8236011613601961
0.5666709891786097 0.8236011613601961
0.5707113932190138 0.8236011613601961
0.5747517972594178 0.8236011613601961
0.5787922012998219 0.8236011613601961
0.5828326053402259 0.8236011613601961
0.5222265447341653 0.8276415654006002
0.5262669487745693 0.8276415654006002
0.5303073528149733 0.8276415654006002
0.5343477568553774 0.8276415654006002
0.5383881608957815 0.8276415654006002
0.5424285649361855 0.8276415654006002
0.5464689689765895 0.8276415654006002
0.5505093730169935 0.8276415654006002
0.5545497770573976 0.8276415654006002
0.5585901810978016 0.8276415654006002
0.5626305851382056 0.8276415654006002
0.5666709891786097 0.8276415654006002
0.5707113932190138 0.8276415654006002
0.5141457366533572 0.8316819694410043
0.5181861406937612 0.8316819694410043
0.5222265447341653 0.8316819694410043
0.5262669487745693 0.8316819694410043
0.5303073528149733 0.8316819694410043
0.5343477568553774 0.8316819694410043
0.5383881608957815 0.8316819694410043
0.5424285649361855 0.8316819694410043
0.5464689689765895 0.8316819694410043
0.5505093730169935 0.8316819694410043
0.5545497770573976 0.8316819694410043
0.5585901810978016 0.8316819694410043
0.5626305851382056 0.8316819694410043
0.5666709891786097 0.8316819694410043
0.5060649285725491 0.8357223734814083
0.5101053326129531 0.8357223734814083
0.5141457366533572 0.8357223734814083
0.5181861406937612 0.8357223734814083
0.5222265447341653 0.8357223734814083
0.5262669487745693 0.8357223734814083
0.5303073528149733 0.8357223734814083
0.5343477568553774 0.8357223734814083
0.5383881608957815 0.8357223734814083
0.5424285649361855 0.8357223734814083
0.5464689689765895 0.8357223734814083
0.5505093730169935 0.8357223734814083
0.5545497770573976 0.8357223734814083
0.5585901810978016 0.8357223734814083
0.5626305851382056 0.8357223734814083
0.5020245245321451 0.8397627775218124
0.5060649285725491 0.8397627775218124
0.5101053326129531 0.8397627775218124
0.5141457366533572 0.8397627775218124
0.5181861406937612 0.8397627775218124
0.5222265447341653 0.8397627775218124
0.5262669487745693 0.8397627775218124
0.5303073528149733 0.8397627775218124
0.5343477568553774 0.8397627775218124
0.5383881608957815 0.8397627775218124
0.5424285649361855 0.8397627775218124
0.5464689689765895 0.8397627775218124
0.5505093730169935 0.8397627775218124
0.5545497770573976 0.8397627775218124
0.49394371645133694 0.8438031815622163
0.497984120491741 0.8438031815622163
0.5020245245321451 0.8438031815622163
0.5060649285725491 0.8438031815622163
0.5101053326129531 0.8438031815622163
0.5141457366533572 0.8438031815622163
0.5181861406937612 0.8438031815622163
0.5222265447341653 0.8438031815622163
0.5262669487745693 0.8438031815622163
0.5303073528149733 0.8438031815622163
0.5343477568553774 0.8438031815622163
0.5383881608957815 0.8438031815622163
0.5424285649361855 0.8438031815622163
0.5464689689765895 0.8438031815622163
0.5505093730169935 0.8438031815622163
0.5585901810978016 0.8438031815622163
0.48182250433012486 0.8478435856026204
0.4858629083705289 0.8478435856026204
0.48990331241093293 0.8478435856026204
0.49394371645133694 0.8478435856026204
0.497984120491741 0.8478435856026204
0.5020245245321451 0.8478435856026204
0.5060649285725491 0.8478435856026204
0.5101053326129531 0.8478435856026204
0.5141457366533572 0.8478435856026204
0.5181861406937612 0.8478435856026204
0.5222265447341653 0.8478435856026204
0.5262669487745693 0.8478435856026204
0.5303073528149733 0.8478435856026204
0.5343477568553774 0.8478435856026204
0.5383881608957815 0.8478435856026204
0.5424285649361855 0.8478435856026204
0.5464689689765895 0.8478435856026204
0.48182250433012486 0.8518839896430245
0.4858629083705289 0.8518839896430245
0.48990331241093293 0.8518839896430245
0.49394371645133694 0.8518839896430245
0.497984120491741 0.8518839896430245
0.5020245245321451 0.8518839896430245
0.5060649285725491 0.8518839896430245
0.5101053326129531 0.8518839896430245
0.5141457366533572 0.8518839896430245
0.5181861406937612 0.8518839896430245
0.5222265447341653 0.8518839896430245
0.5262669487745693 0.8518839896430245
0.5303073528149733 0.8518839896430245
0.5343477568553774 0.8518839896430245
0.5383881608957815 0.8518839896430245
0.4737416962493168 0.8559243936834284
0.4777821002897208 0.8559243936834284
0.48182250433012486 0.8559243936834284
0.4858629083705289 0.8559243936834284
0.48990331241093293 0.8559243936834284
0.49394371645133694 0.8559243936834284
0.497984120491741 0.8559243936834284
0.5020245245321451 0.8559243936834284
0.5060649285725491 0.8559243936834284
0.5101053326129531 0.8559243936834284
0.5141457366533572 0.8559243936834284
0.5181861406937612 0.8559243936834284
0.5222265447341653 0.8559243936834284
0.5262669487745693 0.8559243936834284
0.5303073528149733 0.8559243936834284
0.46162048412810464 0.8599647977238325
0.4656608881685087 0.8599647977238325
0.46970129220891277 0.8599647977238325
0.4737416962493168 0.8599647977238325
0.4777821002897208 0.8599647977238325
0.48182250433012486 0.8599647977238325
0.4858629083705289 0.8599647977238325
0.48990331241093293 0.8599647977238325
0.49394371645133694 0.8599647977238325
0.497984120491741 0.8599647977238325
0.5020245245321451 0.8599647977238325
0.5060649285725491 0.8599647977238325
0.5101053326129531 0.8599647977238325
0.5141457366533572 0.8599647977238325
0.5181861406937612 0.8599647977238325
0.5222265447341653 0.8599647977238325
0.5262669487745693 0.8599647977238325
0.45353967604729656 0.8640052017642366
0.4575800800877006 0.8640052017642366
0.46162048412810464 0.8640052017642366
0.4656608881685087 0.8640052017642366
0.46970129220891277 0.8640052017642366
0.4737416962493168 0.8640052017642366
0.4777821002897208 0.8640052017642366
0.48182250433012486 0.8640052017642366
0.4858629083705289 0.8640052017642366
0.48990331241093293 0.8640052017642366
0.49394371645133694 0.8640052017642366
0.497984120491741 0.8640052017642366
0.5020245245321451 0.8640052017642366
0.5060649285725491 0.8640052017642366
0.5101053326129531 0.8640052017642366
0.5141457366533572 0.8640052017642366
0.5181861406937612 0.8640052017642366
0.4454588679664885 0.8680456058046406
0.44949927200689255 0.8680456058046406
0.45353967604729656 0.8680456058046406
0.4575800800877006 0.8680456058046406
0.46162048412810464 0.8680456058046406
0.4656608881685087 0.8680456058046406
0.46970129220891277 0.8680456058046406
0.4737416962493168 0.8680456058046406
0.4777821002897208 0.8680456058046406
0.48182250433012486 0.8680456058046406
0.4858629083705289 0.8680456058046406
0.48990331241093293 0.8680456058046406
0.49394371645133694 0.8680456058046406
0.497984120491741 0.8680456058046406
0.5020245245321451 0.8680456058046406
0.5060649285725491 0.8680456058046406
0.5101053326129531 0.8680456058046406
0.5141457366533572 0.8680456058046406
0.4414184639260844 0.8720860098450447
0.4454588679664885 0.8720860098450447
0.44949927200689255 0.8720860098450447
0.45353967604729656 0.8720860098450447
0.4575800800877006 0.8720860098450447
0.46162048412810464 0.8720860098450447
0.4656608881685087 0.8720860098450447
0.46970129220891277 0.8720860098450447
0.4737416962493168 0.8720860098450447
0.4777821002897208 0.8720860098450447
0.48182250433012486 0.8720860098450447
0.4858629083705289 0.8720860098450447
0.48990331241093293 0.8720860098450447
0.49394371645133694 0.8720860098450447
0.497984120491741 0.8720860098450447
0.5020245245321451 0.8720860098450447
0.5060649285725491 0.8720860098450447
0.5101053326129531 0.8720860098450447
0.5141457366533572 0.8720860098450447
0.4292972518048723 0.8761264138854487
0.4333376558452764 0.8761264138854487
0.4373780598856804 0.8761264138854487
0.4414184639260844 0.8761264138854487
0.4454588679664885 0.8761264138854487
0.44949927200689255 0.8761264138854487
0.45353967604729656 0.8761264138854487
0.4575800800877006 0.8761264138854487
0.46162048412810464 0.8761264138854487
0.4656608881685087 0.8761264138854487
0.46970129220891277 0.8761264138854487
0.4737416962493168 0.8761264138854487
0.4777821002897208 0.8761264138854487
0.48182250433012486 0.8761264138854487
0.4858629083705289 0.8761264138854487
0.48990331241093293 0.8761264138854487
0.49394371645133694 0.8761264138854487
0.497984120491741 0.8761264138854487
0.5020245245321451 0.8761264138854487
0.41717603968366024 0.8801668179258527
0.42121644372406425 0.8801668179258527
0.42525684776446826 0.8801668179258527
0.4292972518048723 0.8801668179258527
0.4333376558452764 0.8801668179258527
0.4373780598856804 0.8801668179258527
0.4414184639260844 0.8801668179258527
0.4454588679664885 0.8801668179258527
0.44949927200689255 0.8801668179258527
0.45353967604729656 0.8801668179258527
0.4575800800877006 0.8801668179258527
0.46162048412810464 0.8801668179258527
0.4656608881685087 0.8801668179258527
0.46970129220891277 0.8801668179258527
0.4737416962493168 0.8801668179258527
0.4777821002897208 0.8801668179258527
0.48182250433012486 0.8801668179258527
0.4858629083705289 0.8801668179258527
0.48990331241093293 0.8801668179258527
0.49394371645133694 0.8801668179258527
0.497984120491741 0.8801668179258527
0.41313563564325617 0.8842072219662568
0.41717603968366024 0.8842072219662568
0.42121644372406425 0.8842072219662568
0.42525684776446826 0.8842072219662568
0.4292972518048723 0.8842072219662568
0.4333376558452764 0.8842072219662568
0.4373780598856804 0.8842072219662568
0.4414184639260844 0.8842072219662568
0.4454588679664885 0.8842072219662568
0.44949927200689255 0.8842072219662568
0.45353967604729656 0.8842072219662568
0.4575800800877006 0.8842072219662568
0.46162048412810464 0.8842072219662568
0.4656608881685087 0.8842072219662568
0.46970129220891277 0.8842072219662568
0.4737416962493168 0.8842072219662568
0.4777821002897208 0.8842072219662568
0.48182250433012486 0.8842072219662568
0.4858629083705289 0.8842072219662568
0.48990331241093293 0.8842072219662568
0.40101442352204403 0.8882476260066607
0.4050548275624481 0.8882476260066607
0.4090952316028521 0.8882476260066607
0.41313563564325617 0.8882476260066607
0.41717603968366024 0.8882476260066607
0.42121644372406425 0.8882476260066607
0.42525684776446826 0.8882476260066607
0.4292972518048723 0.8882476260066607
0.4333376558452764 0.8882476260066607
0.4373780598856804 0.8882476260066607
0.4414184639260844 0.8882476260066607
0.4454588679664885 0.8882476260066607
0.44949927200689255 0.8882476260066607
0.45353967604729656 0.8882476260066607
0.4575800800877006 0.8882476260066607
0.46162048412810464 0.8882476260066607
0.4656608881685087 0.8882476260066607
0.46970129220891277 0.8882476260066607
0.4737416962493168 0.8882476260066607
0.4777821002897208 0.8882476260066607
0.48182250433012486 0.8882476260066607
0.39293361544123595 0.8922880300470648
0.39697401948164 0.8922880300470648
0.40101442352204403 0.8922880300470648
0.4050548275624481 0.8922880300470648
0.4090952316028521 0.8922880300470648
0.41313563564325617 0.8922880300470648
0.41717603968366024 0.8922880300470648
0.42121644372406425 0.8922880300470648
0.42525684776446826 0.8922880300470648
0.4292972518048723 0.8922880300470648
0.4333376558452764 0.8922880300470648
0.4373780598856804 0.8922880300470648
0.4414184639260844 0.8922880300470648
0.4454588679664885 0.8922880300470648
0.44949927200689255 0.8922880300470648
0.45353967604729656 0.8922880300470648
0.4575800800877006 0.8922880300470648
0.46162048412810464 0.8922880300470648
0.4656608881685087 0.8922880300470648
0.46970129220891277 0.8922880300470648
0.4737416962493168 0.8922880300470648
0.3848528073604279 0.8963284340874689
0.38889321140083194 0.8963284340874689
0.39293361544123595 0.8963284340874689
0.39697401948164 0.8963284340874689
0.40101442352204403 0.8963284340874689
0.4050548275624481 0.8963284340874689
0.4090952316028521 0.8963284340874689
0.41313563564325617 0.8963284340874689
0.41717603968366024 0.8963284340874689
0.42121644372406425 0.8963284340874689
0.42525684776446826 0.8963284340874689
0.4292972518048723 0.8963284340874689
0.4333376558452764 0.8963284340874689
0.4373780598856804 0.8963284340874689
0.4414184639260844 0.8963284340874689
0.4454588679664885 0.8963284340874689
0.44949927200689255 0.8963284340874689
0.45353967604729656 0.8963284340874689
0.4575800800877006 0.8963284340874689
0.46162048412810464 0.8963284340874689
0.4656608881685087 0.8963284340874689
0.37273159523921573 0.9003688381278729
0.3767719992796198 0.9003688381278729
0.38081240332002386 0.9003688381278729
0.3848528073604279 0.9003688381278729
0.38889321140083194 0.9003688381278729
0.39697401948164 0.9003688381278729
0.40101442352204403 0.9003688381278729
0.4050548275624481 0.9003688381278729
0.4090952316028521 0.9003688381278729
0.41313563564325617 0.9003688381278729
0.41717603968366024 0.9003688381278729
0.42121644372406425 0.9003688381278729
0.42525684776446826 0.9003688381278729
0.4292972518048723 0.9003688381278729
0.4333376558452764 0.9003688381278729
0.4373780598856804 0.9003688381278729
0.4414184639260844 0.9003688381278729
0.4454588679664885 0.9003688381278729
0.44949927200689255 0.9003688381278729
0.45353967604729656 0.9003688381278729
0.4575800800877006 0.9003688381278729
0.3646507871584077 0.904409242168277
0.3686911911988117 0.904409242168277
0.37273159523921573 0.904409242168277
0.3767719992796198 0.904409242168277
0.38081240332002386 0.904409242168277
0.3848528073604279 0.904409242168277
0.39293361544123595 0.904409242168277
0.39697401948164 0.904409242168277
0.40101442352204403 0.904409242168277
0.4050548275624481 0.904409242168277
0.4090952316028521 0.904409242168277
0.41313563564325617 0.904409242168277
0.41717603968366024 0.904409242168277
0.42121644372406425 0.904409242168277
0.42525684776446826 0.904409242168277
0.4292972518048723 0.904409242168277
0.4333376558452764 0.904409242168277
0.4373780598856804 0.904409242168277
0.4414184639260844 0.904409242168277
0.4454588679664885 0.904409242168277
0.44949927200689255 0.904409242168277
0.45353967604729656 0.904409242168277
0.35252957503719556 0.9084496462086811
0.3565699790775996 0.9084496462086811
0.36061038311800364 0.9084496462086811
0.3767719992796198 0.9084496462086811
0.38081240332002386 0.9084496462086811
0.3848528073604279 0.9084496462086811
0.38889321140083194 0.9084496462086811
0.39293361544123595 0.9084496462086811
0.39697401948164 0.9084496462086811
0.40101442352204403 0.9084496462086811
0.4050548275624481 0.9084496462086811
0.4090952316028521 0.9084496462086811
0.41313563564325617 0.9084496462086811
0.41717603968366024 0.9084496462086811
0.42121644372406425 0.9084496462086811
0.42525684776446826 0.9084496462086811
0.4292972518048723 0.9084496462086811
0.4333376558452764 0.9084496462086811
0.4373780598856804 0.9084496462086811
0.4414184639260844 0.9084496462086811
0.4454588679664885 0.9084496462086811
0.3444487669563875 0.912490050249085
0.34848917099679155 0.912490050249085
0.35252957503719556 0.912490050249085
0.37273159523921573 0.912490050249085
0.3767719992796198 0.912490050249085
0.38081240332002386 0.912490050249085
0.3848528073604279 0.912490050249085
0.38889321140083194 0.912490050249085
0.39293361544123595 0.912490050249085
0.39697401948164 0.912490050249085
0.40101442352204403 0.912490050249085
0.4050548275624481 0.912490050249085
0.4090952316028521 0.912490050249085
0.41313563564325617 0.912490050249085
0.41717603968366024 0.912490050249085
0.42121644372406425 0.912490050249085
0.42525684776446826 0.912490050249085
0.4292972518048723 0.912490050249085
0.4333376558452764 0.912490050249085
0.4373780598856804 0.912490050249085
0.33232755483517534 0.9165304542894891
0.3363679588755794 0.9165304542894891
0.3404083629159834 0.9165304542894891
0.35252957503719556 0.9165304542894891
0.3565699790775996 0.9165304542894891
0.36061038311800364 0.9165304542894891
0.3646507871584077 0.9165304542894891
0.3686911911988117 0.9165304542894891
0.37273159523921573 0.9165304542894891
0.3767719992796198 0.9165304542894891
0.38081240332002386 0.9165304542894891
0.3848528073604279 0.9165304542894891
0.38889321140083194 0.9165304542894891
0.39293361544123595 0.9165304542894891
0.39697401948164 0.9165304542894891
0.40101442352204403 0.9165304542894891
0.4050548275624481 0.9165304542894891
0.4090952316028521 0.9165304542894891
0.41313563564325617 0.9165304542894891
0.41717603968366024 0.9165304542894891
0.42121644372406425 0.9165304542894891
0.42525684776446826 0.9165304542894891
0.4292972518048723 0.9165304542894891
0.32020634271396325 0.920570858329893
0.32424674675436727 0.920570858329893
0.33232755483517534 0.920570858329893
0.34848917099679155 0.920570858329893
0.35252957503719556 0.920570858329893
0.3565699790775996 0.920570858329893
0.36061038311800364 0.920570858329893
0.3646507871584077 0.920570858329893
0.3686911911988117 0.920570858329893
0.37273159523921573 0.920570858329893
0.3767719992796198 0.920570858329893
0.38081240332002386 0.920570858329893
0.3848528073604279 0.920570858329893
0.38889321140083194 0.920570858329893
0.39293361544123595 0.920570858329893
0.39697401948164 0.920570858329893
0.40101442352204403 0.920570858329893
0.4050548275624481 0.920570858329893
0.4090952316028521 0.920570858329893
0.41313563564325617 0.920570858329893
0.41717603968366024 0.920570858329893
0.42121644372406425 0.920570858329893
0.3080851305927511 0.9246112623702971
0.32020634271396325 0.9246112623702971
0.32424674675436727 0.9246112623702971
0.33232755483517534 0.9246112623702971
0.3404083629159834 0.9246112623702971
0.3444487669563875 0.9246112623702971
0.34848917099679155 0.9246112623702971
0.35252957503719556 0.9246112623702971
0.3565699790775996 0.9246112623702971
0.36061038311800364 0.9246112623702971
0.3646507871584077 0.9246112623702971
0.3686911911988117 0.9246112623702971
0.37273159523921573 0.9246112623702971
0.3767719992796198 0.9246112623702971
0.38081240332002386 0.9246112623702971
0.3848528073604279 0.9246112623702971
0.38889321140083194 0.9246112623702971
0.39293361544123595 0.9246112623702971
0.39697401948164 0.9246112623702971
0.40101442352204403 0.9246112623702971
0.4050548275624481 0.9246112623702971
0.4090952316028521 0.9246112623702971
0.41313563564325617 0.9246112623702971
0.295963918471539 0.9286516664107012
0.30000432251194303 0.9286516664107012
0.30404472655234704 0.9286516664107012
0.3121255346331552 0.9286516664107012
0.3363679588755794 0.9286516664107012
0.3404083629159834 0.9286516664107012
0.3444487669563875 0.9286516664107012
0.34848917099679155 0.9286516664107012
0.35252957503719556 0.9286516664107012
0.3565699790775996 0.9286516664107012
0.36061038311800364 0.9286516664107012
0.3646507871584077 0.9286516664107012
0.3686911911988117 0.9286516664107012
0.37273159523921573 0.9286516664107012
0.3767719992796198 0.9286516664107012
0.38081240332002386 0.9286516664107012
0.3848528073604279 0.9286516664107012
0.38889321140083194 0.9286516664107012
0.39293361544123595 0.9286516664107012
0.39697401948164 0.9286516664107012
0.40101442352204403 0.9286516664107012
0.32424674675436727 0.9326920704511052
0.32828715079477133 0.9326920704511052
0.33232755483517534 0.9326920704511052
0.3363679588755794 0.9326920704511052
0.3404083629159834 0.9326920704511052
0.3444487669563875 0.9326920704511052
0.34848917099679155 0.9326920704511052
0.35252957503719556 0.9326920704511052
0.3565699790775996 0.9326920704511052
0.36061038311800364 0.9326920704511052
0.3646507871584077 0.9326920704511052
0.3686911911988117 0.9326920704511052
0.37273159523921573 0.9326920704511052
0.3767719992796198 0.9326920704511052
0.38081240332002386 0.9326920704511052
0.3848528073604279 0.9326920704511052
0.38889321140083194 0.9326920704511052
0.39293361544123595 0.9326920704511052
0.39697401948164 0.9326920704511052
0.30404472655234704 0.9367324744915093
0.3121255346331552 0.9367324744915093
0.3161659386735592 0.9367324744915093
0.32020634271396325 0.9367324744915093
0.32424674675436727 0.9367324744915093
0.32828715079477133 0.9367324744915093
0.33232755483517534 0.9367324744915093
0.3363679588755794 0.9367324744915093
0.3404083629159834 0.9367324744915093
0.3444487669563875 0.9367324744915093
0.34848917099679155 0.9367324744915093
0.35252957503719556 0.9367324744915093
0.3565699790775996 0.9367324744915093
0.36061038311800364 0.9367324744915093
0.3646507871584077 0.9367324744915093
0.3686911911988117 0.9367324744915093
0.37273159523921573 0.9367324744915093
0.3767719992796198 0.9367324744915093
0.38081240332002386 0.9367324744915093
0.3848528073604279 0.9367324744915093
0.29192351443113496 0.9407728785319134
0.30000432251194303 0.9407728785319134
0.30404472655234704 0.9407728785319134
0.3080851305927511 0.9407728785319134
0.3121255346331552 0.9407728785319134
0.3161659386735592 0.9407728785319134
0.32020634271396325 0.9407728785319134
0.32424674675436727 0.9407728785319134
0.32828715079477133 0.9407728785319134
0.33232755483517534 0.9407728785319134
0.3363679588755794 0.9407728785319134
0.3404083629159834 0.9407728785319134
0.3444487669563875 0.9407728785319134
0.34848917099679155 0.9407728785319134
0.35252957503719556 0.9407728785319134
0.3565699790775996 0.9407728785319134
0.36061038311800364 0.9407728785319134
0.3646507871584077 0.9407728785319134
0.3686911911988117 0.9407728785319134
0.37273159523921573 0.9407728785319134
0.3767719992796198 0.9407728785319134
0.29192351443113496 0.9448132825723174
0.295963918471539 0.9448132825723174
0.30000432251194303 0.9448132825723174
0.30404472655234704 0.9448132825723174
0.3080851305927511 0.9448132825723174
0.3121255346331552 0.9448132825723174
0.3161659386735592 0.9448132825723174
0.32020634271396325 0.9448132825723174
0.32424674675436727 0.9448132825723174
0.32828715079477133 0.9448132825723174
0.33232755483517534 0.9448132825723174
0.3363679588755794 0.9448132825723174
0.3404083629159834 0.9448132825723174
0.3444487669563875 0.9448132825723174
0.34848917099679155 0.9448132825723174
0.35252957503719556 0.9448132825723174
0.3565699790775996 0.9448132825723174
0.36061038311800364 0.9448132825723174
0.3646507871584077 0.9448132825723174
0.3686911911988117 0.9448132825723174
0.29192351443113496 0.9488536866127214
0.295963918471539 0.9488536866127214
0.30000432251194303 0.9488536866127214
0.30404472655234704 0.9488536866127214
0.3080851305927511 0.9488536866127214
0.3121255346331552 0.9488536866127214
0.3161659386735592 0.9488536866127214
0.32020634271396325 0.9488536866127214
0.32424674675436727 0.9488536866127214
0.32828715079477133 0.9488536866127214
0.33232755483517534 0.9488536866127214
0.3363679588755794 0.9488536866127214
0.3404083629159834 0.9488536866127214
0.3444487669563875 0.9488536866127214
0.34848917099679155 0.9488536866127214
0.35252957503719556 0.9488536866127214
0.3565699790775996 0.9488536866127214
0.29192351443113496 0.9528940906531255
0.295963918471539 0.9528940906531255
0.30000432251194303 0.9528940906531255
0.30404472655234704 0.9528940906531255
0.3080851305927511 0.9528940906531255
0.3121255346331552 0.9528940906531255
0.3161659386735592 0.9528940906531255
0.32020634271396325 0.9528940906531255
0.32424674675436727 0.9528940906531255
0.32828715079477133 0.9528940906531255
0.33232755483517534 0.9528940906531255
0.3363679588755794 0.9528940906531255
0.3404083629159834 0.9528940906531255
0.3444487669563875 0.9528940906531255
0.29192351443113496 0.9569344946935294
0.295963918471539 0.9569344946935294
0.30000432251194303 0.9569344946935294
0.30404472655234704 0.9569344946935294
0.3080851305927511 0.9569344946935294
0.3121255346331552 0.9569344946935294
0.3161659386735592 0.9569344946935294
0.32020634271396325 0.9569344946935294
0.32424674675436727 0.9569344946935294
0.32828715079477133 0.9569344946935294
0.33232755483517534 0.9569344946935294
0.3363679588755794 0.9569344946935294
0.29192351443113496 0.9609748987339335
0.295963918471539 0.9609748987339335
0.30000432251194303 0.9609748987339335
0.30404472655234704 0.9609748987339335
0.3080851305927511 0.9609748987339335
0.3121255346331552 0.9609748987339335
0.3161659386735592 0.9609748987339335
0.32020634271396325 0.9609748987339335
0.32424674675436727 0.9609748987339335
0.29192351443113496 0.9650153027743376
0.295963918471539 0.9650153027743376
0.30000432251194303 0.9650153027743376
0.30404472655234704 0.9650153027743376
0.3080851305927511 0.9650153027743376
0.3121255346331552 0.9650153027743376
0.29192351443113496 0.9690557068147416
0.295963918471539 0.9690557068147416
0.30000432251194303 0.9690557068147416
