# x y
0.6636273210595336 0.7549142926733274
0.6555465129787256 0.7629951007541356
0.6595869170191295 0.7791567169157517
0.598980856413069 0.80743954519858
0.598980856413069 0.8155203532793881
0.5706980281302407 0.8276415654006002
0.5343343917666044 0.8518839896430245
0.5100919675241801 0.8680456058046406
0.4939303513625639 0.8761264138854487
0.46564752307973567 0.9003688381278729
0.41312227055448314 0.9165304542894891
0.40504146247367506 0.920570858329893
0.42524348267569523 0.920570858329893
0.396960654392867 0.9286516664107012
0.37675863419084676 0.9326920704511052
0.3605970180292306 0.9407728785319134
0.34443540186761445 0.9448132825723174
0.32423338166559423 0.9528940906531255
0.31615257358478616 0.9569344946935294
0.29999095742317 0.9609748987339335
0.304031361463574 0.9690557068147416
