# x y
0.6959432915591228 0.7266314643904992
0.6919028875187189 0.7306718684309033
0.6878624834783148 0.7347122724713073
0.6393776349934663 0.7791567169157517
0.5989735945894259 0.8155203532793881
0.5949331905490218 0.8316819694410043
0.5585695541853855 0.8397627775218124
0.5464483420641734 0.8478435856026204
0.5302867259025572 0.8559243936834284
0.502003897619729 0.8720860098450447
0.5302867259025572 0.8761264138854487
0.4656402612560926 0.8922880300470648
0.4898826854985168 0.9003688381278729
0.4171554127712441 0.9165304542894891
0.3969533925692239 0.9286516664107012
0.3363473319631633 0.9488536866127214
0.3161453117611431 0.9650153027743376
0.30402409963993093 0.9690557068147416
