# x y
0.6636036936001601 0.7629951007541356
0.6595632895597561 0.7791567169157517
0.6312804612769278 0.803399141158176
0.6110784410749076 0.819560757319792
0.5949168249132915 0.8316819694410043
0.49390672390319046 0.8801668179258527
0.5019875319839985 0.8801668179258527
0.47370470370117024 0.8963284340874689
0.44542187541834194 0.904409242168277
0.4817855117819783 0.904409242168277
0.43734106733753386 0.9084496462086811
0.41713904713551364 0.9246112623702971
0.3686541986506652 0.9407728785319134
0.3646137946102611 0.9609748987339335
