# x y
0.6595707187609108 0.7791567169157517
0.6312878904780825 0.803399141158176
0.5989646581548501 0.8155203532793881
0.5626010217912139 0.8357223734814083
0.5181565773467693 0.8640052017642366
0.5221969813871734 0.8680456058046406
0.5019949611851532 0.8801668179258527
0.4656313248215168 0.9003688381278729
0.48987374906394104 0.9003688381278729
0.40098486017505214 0.9246112623702971
0.37270203189222384 0.9367324744915093
0.3646212238114158 0.9609748987339335
0.3161363753265673 0.9650153027743376
0.30401516320535515 0.9690557068147416
0.33229799148818345 0.9730961108551457
