# x y
0.6970048616118621 0.698348636107671
0.6929644575714581 0.702389040148075
0.6970048616118621 0.702389040148075
0.6889240535310541 0.706429444188479
0.6929644575714581 0.706429444188479
0.6970048616118621 0.706429444188479
0.6848836494906501 0.710469848228883
0.6889240535310541 0.710469848228883
0.6929644575714581 0.710469848228883
0.6970048616118621 0.710469848228883
0.6727624373694379 0.7145102522692871
0.680843245450246 0.7145102522692871
0.6848836494906501 0.7145102522692871
0.6889240535310541 0.7145102522692871
0.6929644575714581 0.7145102522692871
0.6970048616118621 0.7145102522692871
0.6768028414098419 0.7185506563096911
0.680843245450246 0.7185506563096911
0.6848836494906501 0.7185506563096911
0.6889240535310541 0.7185506563096911
0.6929644575714581 0.7185506563096911
0.6970048616118621 0.7185506563096911
0.6646816292886297 0.7225910603500951
0.6687220333290338 0.7225910603500951
0.6727624373694379 0.7225910603500951
0.6768028414098419 0.7225910603500951
0.680843245450246 0.7225910603500951
0.6848836494906501 0.7225910603500951
0.6889240535310541 0.7225910603500951
0.6929644575714581 0.7225910603500951
0.6970048616118621 0.7225910603500951
0.6606412252482258 0.7266314643904992
0.6646816292886297 0.7266314643904992
0.6687220333290338 0.7266314643904992
0.6727624373694379 0.7266314643904992
0.6768028414098419 0.7266314643904992
0.680843245450246 0.7266314643904992
0.6848836494906501 0.7266314643904992
0.6889240535310541 0.7266314643904992
0.6929644575714581 0.7266314643904992
0.6970048616118621 0.7266314643904992
0.6606412252482258 0.7306718684309033
0.6646816292886297 0.7306718684309033
0.6687220333290338 0.7306718684309033
0.6727624373694379 0.7306718684309033
0.6768028414098419 0.7306718684309033
0.680843245450246 0.7306718684309033
0.6848836494906501 0.7306718684309033
0.6889240535310541 0.7306718684309033
0.6929644575714581 0.7306718684309033
0.6970048616118621 0.7306718684309033
0.6566008212078217 0.7347122724713073
0.6606412252482258 0.7347122724713073
0.6646816292886297 0.7347122724713073
0.6687220333290338 0.7347122724713073
0.6727624373694379 0.7347122724713073
0.6768028414098419 0.7347122724713073
0.680843245450246 0.7347122724713073
0.6848836494906501 0.7347122724713073
0.6889240535310541 0.7347122724713073
0.6929644575714581 0.7347122724713073
0.6970048616118621 0.7347122724713073
0.6404392050462056 0.7387526765117113
0.6525604171674178 0.7387526765117113
0.6566008212078217 0.7387526765117113
0.6606412252482258 0.7387526765117113
0.6646816292886297 0.7387526765117113
0.6687220333290338 0.7387526765117113
0.6727624373694379 0.7387526765117113
0.6768028414098419 0.7387526765117113
0.680843245450246 0.7387526765117113
0.6848836494906501 0.7387526765117113
0.6889240535310541 0.7387526765117113
0.6404392050462056 0.7427930805521153
0.6485200131270137 0.7427930805521153
0.6525604171674178 0.7427930805521153
0.6566008212078217 0.7427930805521153
0.6606412252482258 0.7427930805521153
0.6646816292886297 0.7427930805521153
0.6687220333290338 0.7427930805521153
0.6727624373694379 0.7427930805521153
0.6768028414098419 0.7427930805521153
0.680843245450246 0.7427930805521153
0.6848836494906501 0.7427930805521153
0.6323583969653974 0.7468334845925194
0.6404392050462056 0.7468334845925194
0.6444796090866096 0.7468334845925194
0.6485200131270137 0.7468334845925194
0.6525604171674178 0.7468334845925194
0.6566008212078217 0.7468334845925194
0.6606412252482258 0.7468334845925194
0.6646816292886297 0.7468334845925194
0.6687220333290338 0.7468334845925194
0.6727624373694379 0.7468334845925194
0.6768028414098419 0.7468334845925194
0.680843245450246 0.7468334845925194
0.6363988010058015 0.7508738886329235
0.6404392050462056 0.7508738886329235
0.6444796090866096 0.7508738886329235
0.6485200131270137 0.7508738886329235
0.6525604171674178 0.7508738886329235
0.6566008212078217 0.7508738886329235
0.6606412252482258 0.7508738886329235
0.6646816292886297 0.7508738886329235
0.6687220333290338 0.7508738886329235
0.6727624373694379 0.7508738886329235
0.6768028414098419 0.7508738886329235
0.6323583969653974 0.7549142926733274
0.6363988010058015 0.7549142926733274
0.6404392050462056 0.7549142926733274
0.6444796090866096 0.7549142926733274
0.6485200131270137 0.7549142926733274
0.6525604171674178 0.7549142926733274
0.6566008212078217 0.7549142926733274
0.6606412252482258 0.7549142926733274
0.6646816292886297 0.7549142926733274
0.6687220333290338 0.7549142926733274
0.6727624373694379 0.7549142926733274
0.6283179929249935 0.7589546967137315
0.6323583969653974 0.7589546967137315
0.6363988010058015 0.7589546967137315
0.6404392050462056 0.7589546967137315
0.6444796090866096 0.7589546967137315
0.6485200131270137 0.7589546967137315
0.6525604171674178 0.7589546967137315
0.6566008212078217 0.7589546967137315
0.6606412252482258 0.7589546967137315
0.6646816292886297 0.7589546967137315
0.6687220333290338 0.7589546967137315
0.6161967808037814 0.7629951007541356
0.6202371848441853 0.7629951007541356
0.6242775888845894 0.7629951007541356
0.6283179929249935 0.7629951007541356
0.6323583969653974 0.7629951007541356
0.6363988010058015 0.7629951007541356
0.6404392050462056 0.7629951007541356
0.6444796090866096 0.7629951007541356
0.6485200131270137 0.7629951007541356
0.6525604171674178 0.7629951007541356
0.6566008212078217 0.7629951007541356
0.6606412252482258 0.7629951007541356
0.6161967808037814 0.7670355047945396
0.6202371848441853 0.7670355047945396
0.6242775888845894 0.7670355047945396
0.6283179929249935 0.7670355047945396
0.6323583969653974 0.7670355047945396
0.6363988010058015 0.7670355047945396
0.6404392050462056 0.7670355047945396
0.6444796090866096 0.7670355047945396
0.6485200131270137 0.7670355047945396
0.6525604171674178 0.7670355047945396
0.6566008212078217 0.7670355047945396
0.6121563767633773 0.7710759088349436
0.6161967808037814 0.7710759088349436
0.6202371848441853 0.7710759088349436
0.6242775888845894 0.7710759088349436
0.6283179929249935 0.7710759088349436
0.6323583969653974 0.7710759088349436
0.6363988010058015 0.7710759088349436
0.6404392050462056 0.7710759088349436
0.6444796090866096 0.7710759088349436
0.6485200131270137 0.7710759088349436
0.6525604171674178 0.7710759088349436
0.6081159727229732 0.7751163128753477
0.6121563767633773 0.7751163128753477
0.6161967808037814 0.7751163128753477
0.6202371848441853 0.7751163128753477
0.6242775888845894 0.7751163128753477
0.6283179929249935 0.7751163128753477
0.6323583969653974 0.7751163128753477
0.6363988010058015 0.7751163128753477
0.6404392050462056 0.7751163128753477
0.6444796090866096 0.7751163128753477
0.6485200131270137 0.7751163128753477
0.6000351646421651 0.7791567169157517
0.6040755686825692 0.7791567169157517
0.6081159727229732 0.7791567169157517
0.6121563767633773 0.7791567169157517
0.6161967808037814 0.7791567169157517
0.6202371848441853 0.7791567169157517
0.6242775888845894 0.7791567169157517
0.6283179929249935 0.7791567169157517
0.6323583969653974 0.7791567169157517
0.6363988010058015 0.7791567169157517
0.6404392050462056 0.7791567169157517
0.6444796090866096 0.7791567169157517
0.6485200131270137 0.7791567169157517
0.595994760601761 0.7831971209561558
0.6000351646421651 0.7831971209561558
0.6040755686825692 0.7831971209561558
0.6081159727229732 0.7831971209561558
0.6121563767633773 0.7831971209561558
0.6161967808037814 0.7831971209561558
0.6202371848441853 0.7831971209561558
0.6242775888845894 0.7831971209561558
0.6283179929249935 0.7831971209561558
0.6323583969653974 0.7831971209561558
0.6363988010058015 0.7831971209561558
0.6404392050462056 0.7831971209561558
0.5919543565613571 0.7872375249965597
0.595994760601761 0.7872375249965597
0.6000351646421651 0.7872375249965597
0.6040755686825692 0.7872375249965597
0.6081159727229732 0.7872375249965597
0.6121563767633773 0.7872375249965597
0.6161967808037814 0.7872375249965597
0.6202371848441853 0.7872375249965597
0.6242775888845894 0.7872375249965597
0.6283179929249935 0.7872375249965597
0.6323583969653974 0.7872375249965597
0.5838735484805491 0.7912779290369638
0.587913952520953 0.7912779290369638
0.5919543565613571 0.7912779290369638
0.595994760601761 0.7912779290369638
0.6000351646421651 0.7912779290369638
0.6040755686825692 0.7912779290369638
0.6081159727229732 0.7912779290369638
0.6121563767633773 0.7912779290369638
0.6161967808037814 0.7912779290369638
0.6202371848441853 0.7912779290369638
0.6242775888845894 0.7912779290369638
0.6283179929249935 0.7912779290369638
0.6323583969653974 0.7912779290369638
0.579833144440145 0.7953183330773679
0.5838735484805491 0.7953183330773679
0.587913952520953 0.7953183330773679
0.5919543565613571 0.7953183330773679
0.595994760601761 0.7953183330773679
0.6000351646421651 0.7953183330773679
0.6040755686825692 0.7953183330773679
0.6081159727229732 0.7953183330773679
0.6121563767633773 0.7953183330773679
0.6161967808037814 0.7953183330773679
0.6202371848441853 0.7953183330773679
0.6242775888845894 0.7953183330773679
0.5717523363593369 0.799358737117772
0.5757927403997409 0.799358737117772
0.579833144440145 0.799358737117772
0.5838735484805491 0.799358737117772
0.587913952520953 0.799358737117772
0.5919543565613571 0.799358737117772
0.595994760601761 0.799358737117772
0.6000351646421651 0.799358737117772
0.6040755686825692 0.799358737117772
0.6081159727229732 0.799358737117772
0.6121563767633773 0.799358737117772
0.6161967808037814 0.799358737117772
0.6202371848441853 0.799358737117772
0.5677119323189328 0.803399141158176
0.5717523363593369 0.803399141158176
0.5757927403997409 0.803399141158176
0.579833144440145 0.803399141158176
0.5838735484805491 0.803399141158176
0.587913952520953 0.803399141158176
0.5919543565613571 0.803399141158176
0.595994760601761 0.803399141158176
0.6000351646421651 0.803399141158176
0.6040755686825692 0.803399141158176
0.6081159727229732 0.803399141158176
0.6121563767633773 0.803399141158176
0.6161967808037814 0.803399141158176
0.5636715282785287 0.80743954519858
0.5677119323189328 0.80743954519858
0.5717523363593369 0.80743954519858
0.5757927403997409 0.80743954519858
0.579833144440145 0.80743954519858
0.5838735484805491 0.80743954519858
0.587913952520953 0.80743954519858
0.5919543565613571 0.80743954519858
0.595994760601761 0.80743954519858
0.6000351646421651 0.80743954519858
0.6040755686825692 0.80743954519858
0.6081159727229732 0.80743954519858
0.5555907201977207 0.811479949238984
0.5596311242381248 0.811479949238984
0.5636715282785287 0.811479949238984
0.5677119323189328 0.811479949238984
0.5717523363593369 0.811479949238984
0.5757927403997409 0.811479949238984
0.579833144440145 0.811479949238984
0.5838735484805491 0.811479949238984
0.587913952520953 0.811479949238984
0.5919543565613571 0.811479949238984
0.595994760601761 0.811479949238984
0.6000351646421651 0.811479949238984
0.6040755686825692 0.811479949238984
0.5434695080765086 0.8155203532793881
0.5515503161573166 0.8155203532793881
0.5555907201977207 0.8155203532793881
0.5596311242381248 0.8155203532793881
0.5636715282785287 0.8155203532793881
0.5677119323189328 0.8155203532793881
0.5717523363593369 0.8155203532793881
0.5757927403997409 0.8155203532793881
0.579833144440145 0.8155203532793881
0.5838735484805491 0.8155203532793881
0.587913952520953 0.8155203532793881
0.5919543565613571 0.8155203532793881
0.595994760601761 0.8155203532793881
0.6000351646421651 0.8155203532793881
0.6040755686825692 0.8155203532793881
0.5434695080765086 0.819560757319792
0.5475099121169127 0.819560757319792
0.5515503161573166 0.819560757319792
0.5555907201977207 0.819560757319792
0.5596311242381248 0.819560757319792
0.5636715282785287 0.819560757319792
0.5677119323189328 0.819560757319792
0.5717523363593369 0.819560757319792
0.5757927403997409 0.819560757319792
0.579833144440145 0.819560757319792
0.5838735484805491 0.819560757319792
0.587913952520953 0.819560757319792
0.5919543565613571 0.819560757319792
0.6000351646421651 0.819560757319792
0.5273078919148925 0.8236011613601961
0.5394291040361046 0.8236011613601961
0.5434695080765086 0.8236011613601961
0.5475099121169127 0.8236011613601961
0.5515503161573166 0.8236011613601961
0.5555907201977207 0.8236011613601961
0.5596311242381248 0.8236011613601961
0.5636715282785287 0.8236011613601961
0.5677119323189328 0.8236011613601961
0.5717523363593369 0.8236011613601961
0.5757927403997409 0.8236011613601961
0.579833144440145 0.8236011613601961
0.5838735484805491 0.8236011613601961
0.587913952520953 0.8236011613601961
0.5313482959552964 0.8276415654006002
0.5353886999957005 0.8276415654006002
0.5394291040361046 0.8276415654006002
0.5434695080765086 0.8276415654006002
0.5475099121169127 0.8276415654006002
0.5515503161573166 0.8276415654006002
0.5555907201977207 0.8276415654006002
0.5596311242381248 0.8276415654006002
0.5636715282785287 0.8276415654006002
0.5677119323189328 0.8276415654006002
0.5717523363593369 0.8276415654006002
0.5757927403997409 0.8276415654006002
0.579833144440145 0.8276415654006002
0.5838735484805491 0.8276415654006002
0.5232674878744884 0.8316819694410043
0.5273078919148925 0.8316819694410043
0.5313482959552964 0.8316819694410043
0.5353886999957005 0.8316819694410043
0.5394291040361046 0.8316819694410043
0.5434695080765086 0.8316819694410043
0.5475099121169127 0.8316819694410043
0.5515503161573166 0.8316819694410043
0.5555907201977207 0.8316819694410043
0.5596311242381248 0.8316819694410043
0.5636715282785287 0.8316819694410043
0.5677119323189328 0.8316819694410043
0.5717523363593369 0.8316819694410043
0.5757927403997409 0.8316819694410043
0.5192270838340843 0.8357223734814083
0.5232674878744884 0.8357223734814083
0.5273078919148925 0.8357223734814083
0.5313482959552964 0.8357223734814083
0.5353886999957005 0.8357223734814083
0.5394291040361046 0.8357223734814083
0.5434695080765086 0.8357223734814083
0.5475099121169127 0.8357223734814083
0.5515503161573166 0.8357223734814083
0.5555907201977207 0.8357223734814083
0.5596311242381248 0.8357223734814083
0.5636715282785287 0.8357223734814083
0.5677119323189328 0.8357223734814083
0.5717523363593369 0.8357223734814083
0.5111462757532763 0.8397627775218124
0.5151866797936803 0.8397627775218124
0.5192270838340843 0.8397627775218124
0.5232674878744884 0.8397627775218124
0.5273078919148925 0.8397627775218124
0.5313482959552964 0.8397627775218124
0.5353886999957005 0.8397627775218124
0.5394291040361046 0.8397627775218124
0.5434695080765086 0.8397627775218124
0.5475099121169127 0.8397627775218124
0.5515503161573166 0.8397627775218124
0.5555907201977207 0.8397627775218124
0.5596311242381248 0.8397627775218124
0.5636715282785287 0.8397627775218124
0.5030654676724682 0.8438031815622163
0.5071058717128722 0.8438031815622163
0.5111462757532763 0.8438031815622163
0.5151866797936803 0.8438031815622163
0.5192270838340843 0.8438031815622163
0.5232674878744884 0.8438031815622163
0.5273078919148925 0.8438031815622163
0.5313482959552964 0.8438031815622163
0.5353886999957005 0.8438031815622163
0.5394291040361046 0.8438031815622163
0.5434695080765086 0.8438031815622163
0.5475099121169127 0.8438031815622163
0.5515503161573166 0.8438031815622163
0.5555907201977207 0.8438031815622163
0.5596311242381248 0.8438031815622163
0.4990250636320641 0.8478435856026204
0.5030654676724682 0.8478435856026204
0.5071058717128722 0.8478435856026204
0.5111462757532763 0.8478435856026204
0.5151866797936803 0.8478435856026204
0.5192270838340843 0.8478435856026204
0.5232674878744884 0.8478435856026204
0.5273078919148925 0.8478435856026204
0.5313482959552964 0.8478435856026204
0.5353886999957005 0.8478435856026204
0.5394291040361046 0.8478435856026204
0.5434695080765086 0.8478435856026204
0.5475099121169127 0.8478435856026204
0.5515503161573166 0.8478435856026204
0.4909442555512561 0.8518839896430245
0.4949846595916601 0.8518839896430245
0.4990250636320641 0.8518839896430245
0.5030654676724682 0.8518839896430245
0.5071058717128722 0.8518839896430245
0.5111462757532763 0.8518839896430245
0.5151866797936803 0.8518839896430245
0.5192270838340843 0.8518839896430245
0.5232674878744884 0.8518839896430245
0.5273078919148925 0.8518839896430245
0.5313482959552964 0.8518839896430245
0.5353886999957005 0.8518839896430245
0.5394291040361046 0.8518839896430245
0.5434695080765086 0.8518839896430245
0.5475099121169127 0.8518839896430245
0.48286344747044796 0.8559243936834284
0.486903851510852 0.8559243936834284
0.4909442555512561 0.8559243936834284
0.4949846595916601 0.8559243936834284
0.4990250636320641 0.8559243936834284
0.5030654676724682 0.8559243936834284
0.5071058717128722 0.8559243936834284
0.5111462757532763 0.8559243936834284
0.5151866797936803 0.8559243936834284
0.5192270838340843 0.8559243936834284
0.5232674878744884 0.8559243936834284
0.5273078919148925 0.8559243936834284
0.5313482959552964 0.8559243936834284
0.5353886999957005 0.8559243936834284
0.5394291040361046 0.8559243936834284
0.47478263938963994 0.8599647977238325
0.47882304343004395 0.8599647977238325
0.48286344747044796 0.8599647977238325
0.486903851510852 0.8599647977238325
0.4909442555512561 0.8599647977238325
0.4949846595916601 0.8599647977238325
0.4990250636320641 0.8599647977238325
0.5030654676724682 0.8599647977238325
0.5071058717128722 0.8599647977238325
0.5111462757532763 0.8599647977238325
0.5151866797936803 0.8599647977238325
0.5192270838340843 0.8599647977238325
0.5232674878744884 0.8599647977238325
0.5273078919148925 0.8599647977238325
0.5313482959552964 0.8599647977238325
0.5353886999957005 0.8599647977238325
0.4667018313088318 0.8640052017642366
0.47074223534923587 0.8640052017642366
0.47478263938963994 0.8640052017642366
0.47882304343004395 0.8640052017642366
0.48286344747044796 0.8640052017642366
0.486903851510852 0.8640052017642366
0.4909442555512561 0.8640052017642366
0.4949846595916601 0.8640052017642366
0.4990250636320641 0.8640052017642366
0.5030654676724682 0.8640052017642366
0.5071058717128722 0.8640052017642366
0.5111462757532763 0.8640052017642366
0.5151866797936803 0.8640052017642366
0.5192270838340843 0.8640052017642366
0.5232674878744884 0.8640052017642366
0.5273078919148925 0.8640052017642366
0.4586210232280237 0.8680456058046406
0.4626614272684278 0.8680456058046406
0.4667018313088318 0.8680456058046406
0.47074223534923587 0.8680456058046406
0.47478263938963994 0.8680456058046406
0.47882304343004395 0.8680456058046406
0.48286344747044796 0.8680456058046406
0.486903851510852 0.8680456058046406
0.4909442555512561 0.8680456058046406
0.4949846595916601 0.8680456058046406
0.4990250636320641 0.8680456058046406
0.5030654676724682 0.8680456058046406
0.5071058717128722 0.8680456058046406
0.5111462757532763 0.8680456058046406
0.5151866797936803 0.8680456058046406
0.5192270838340843 0.8680456058046406
0.5232674878744884 0.8680456058046406
0.5273078919148925 0.8680456058046406
0.43841900302600356 0.8720860098450447
0.45054021514721565 0.8720860098450447
0.4545806191876197 0.8720860098450447
0.4586210232280237 0.8720860098450447
0.4626614272684278 0.8720860098450447
0.4667018313088318 0.8720860098450447
0.47074223534923587 0.8720860098450447
0.47478263938963994 0.8720860098450447
0.47882304343004395 0.8720860098450447
0.48286344747044796 0.8720860098450447
0.486903851510852 0.8720860098450447
0.4909442555512561 0.8720860098450447
0.4949846595916601 0.8720860098450447
0.4990250636320641 0.8720860098450447
0.5030654676724682 0.8720860098450447
0.5071058717128722 0.8720860098450447
0.5111462757532763 0.8720860098450447
0.5151866797936803 0.8720860098450447
0.4464998111068116 0.8761264138854487
0.45054021514721565 0.8761264138854487
0.4545806191876197 0.8761264138854487
0.4586210232280237 0.8761264138854487
0.4626614272684278 0.8761264138854487
0.4667018313088318 0.8761264138854487
0.47074223534923587 0.8761264138854487
0.47478263938963994 0.8761264138854487
0.47882304343004395 0.8761264138854487
0.48286344747044796 0.8761264138854487
0.486903851510852 0.8761264138854487
0.4909442555512561 0.8761264138854487
0.4949846595916601 0.8761264138854487
0.4990250636320641 0.8761264138854487
0.5030654676724682 0.8761264138854487
0.5071058717128722 0.8761264138854487
0.5111462757532763 0.8761264138854487
0.43841900302600356 0.8801668179258527
0.4424594070664076 0.8801668179258527
0.4464998111068116 0.8801668179258527
0.45054021514721565 0.8801668179258527
0.4545806191876197 0.8801668179258527
0.4586210232280237 0.8801668179258527
0.4626614272684278 0.8801668179258527
0.4667018313088318 0.8801668179258527
0.47074223534923587 0.8801668179258527
0.47478263938963994 0.8801668179258527
0.47882304343004395 0.8801668179258527
0.48286344747044796 0.8801668179258527
0.486903851510852 0.8801668179258527
0.4909442555512561 0.8801668179258527
0.4949846595916601 0.8801668179258527
0.4990250636320641 0.8801668179258527
0.5071058717128722 0.8801668179258527
0.43033819494519543 0.8842072219662568
0.4343785989855995 0.8842072219662568
0.43841900302600356 0.8842072219662568
0.4424594070664076 0.8842072219662568
0.4464998111068116 0.8842072219662568
0.45054021514721565 0.8842072219662568
0.4545806191876197 0.8842072219662568
0.4586210232280237 0.8842072219662568
0.4626614272684278 0.8842072219662568
0.4667018313088318 0.8842072219662568
0.47074223534923587 0.8842072219662568
0.47478263938963994 0.8842072219662568
0.47882304343004395 0.8842072219662568
0.48286344747044796 0.8842072219662568
0.486903851510852 0.8842072219662568
0.4909442555512561 0.8842072219662568
0.4949846595916601 0.8842072219662568
0.4222573868643874 0.8882476260066607
0.4262977909047914 0.8882476260066607
0.43033819494519543 0.8882476260066607
0.4343785989855995 0.8882476260066607
0.43841900302600356 0.8882476260066607
0.4424594070664076 0.8882476260066607
0.4464998111068116 0.8882476260066607
0.45054021514721565 0.8882476260066607
0.4545806191876197 0.8882476260066607
0.4586210232280237 0.8882476260066607
0.4626614272684278 0.8882476260066607
0.4667018313088318 0.8882476260066607
0.47074223534923587 0.8882476260066607
0.47478263938963994 0.8882476260066607
0.47882304343004395 0.8882476260066607
0.48286344747044796 0.8882476260066607
0.486903851510852 0.8882476260066607
0.4949846595916601 0.8882476260066607
0.41013617474317526 0.8922880300470648
0.4141765787835793 0.8922880300470648
0.41821698282398334 0.8922880300470648
0.4222573868643874 0.8922880300470648
0.4262977909047914 0.8922880300470648
0.43033819494519543 0.8922880300470648
0.4343785989855995 0.8922880300470648
0.43841900302600356 0.8922880300470648
0.4424594070664076 0.8922880300470648
0.4464998111068116 0.8922880300470648
0.45054021514721565 0.8922880300470648
0.4545806191876197 0.8922880300470648
0.4586210232280237 0.8922880300470648
0.4626614272684278 0.8922880300470648
0.4667018313088318 0.8922880300470648
0.47074223534923587 0.8922880300470648
0.47478263938963994 0.8922880300470648
0.47882304343004395 0.8922880300470648
0.3939745585815591 0.8963284340874689
0.4060957707027712 0.8963284340874689
0.41013617474317526 0.8963284340874689
0.4141765787835793 0.8963284340874689
0.41821698282398334 0.8963284340874689
0.4222573868643874 0.8963284340874689
0.4262977909047914 0.8963284340874689
0.43033819494519543 0.8963284340874689
0.4343785989855995 0.8963284340874689
0.43841900302600356 0.8963284340874689
0.4424594070664076 0.8963284340874689
0.4464998111068116 0.8963284340874689
0.45054021514721565 0.8963284340874689
0.4545806191876197 0.8963284340874689
0.4586210232280237 0.8963284340874689
0.4626614272684278 0.8963284340874689
0.4667018313088318 0.8963284340874689
0.47074223534923587 0.8963284340874689
0.3980149626219631 0.9003688381278729
0.4020553666623672 0.9003688381278729
0.4060957707027712 0.9003688381278729
0.41013617474317526 0.9003688381278729
0.4141765787835793 0.9003688381278729
0.41821698282398334 0.9003688381278729
0.4222573868643874 0.9003688381278729
0.4262977909047914 0.9003688381278729
0.43033819494519543 0.9003688381278729
0.4343785989855995 0.9003688381278729
0.43841900302600356 0.9003688381278729
0.4424594070664076 0.9003688381278729
0.4464998111068116 0.9003688381278729
0.45054021514721565 0.9003688381278729
0.4545806191876197 0.9003688381278729
0.4586210232280237 0.9003688381278729
0.4626614272684278 0.9003688381278729
0.38185334646034697 0.904409242168277
0.38589375050075103 0.904409242168277
0.38993415454115504 0.904409242168277
0.3939745585815591 0.904409242168277
0.3980149626219631 0.904409242168277
0.4020553666623672 0.904409242168277
0.4060957707027712 0.904409242168277
0.41013617474317526 0.904409242168277
0.4141765787835793 0.904409242168277
0.41821698282398334 0.904409242168277
0.4222573868643874 0.904409242168277
0.4262977909047914 0.904409242168277
0.43033819494519543 0.904409242168277
0.4343785989855995 0.904409242168277
0.43841900302600356 0.904409242168277
0.4424594070664076 0.904409242168277
0.4464998111068116 0.904409242168277
0.45054021514721565 0.904409242168277
0.4545806191876197 0.904409242168277
0.4586210232280237 0.904409242168277
0.3697321343391349 0.9084496462086811
0.3778129424199429 0.9084496462086811
0.38185334646034697 0.9084496462086811
0.38589375050075103 0.9084496462086811
0.38993415454115504 0.9084496462086811
0.3939745585815591 0.9084496462086811
0.3980149626219631 0.9084496462086811
0.4020553666623672 0.9084496462086811
0.4060957707027712 0.9084496462086811
0.41013617474317526 0.9084496462086811
0.4141765787835793 0.9084496462086811
0.41821698282398334 0.9084496462086811
0.4222573868643874 0.9084496462086811
0.4262977909047914 0.9084496462086811
0.43033819494519543 0.9084496462086811
0.4343785989855995 0.9084496462086811
0.43841900302600356 0.9084496462086811
0.4424594070664076 0.9084496462086811
0.4464998111068116 0.9084496462086811
0.45054021514721565 0.9084496462086811
0.4545806191876197 0.9084496462086811
0.3697321343391349 0.912490050249085
0.3737725383795389 0.912490050249085
0.3778129424199429 0.912490050249085
0.38185334646034697 0.912490050249085
0.38589375050075103 0.912490050249085
0.38993415454115504 0.912490050249085
0.3939745585815591 0.912490050249085
0.3980149626219631 0.912490050249085
0.4020553666623672 0.912490050249085
0.4060957707027712 0.912490050249085
0.41013617474317526 0.912490050249085
0.4141765787835793 0.912490050249085
0.41821698282398334 0.912490050249085
0.4222573868643874 0.912490050249085
0.4262977909047914 0.912490050249085
0.43033819494519543 0.912490050249085
0.4343785989855995 0.912490050249085
0.43841900302600356 0.912490050249085
0.4424594070664076 0.912490050249085
0.3454897100967106 0.9165304542894891
0.36165132625832674 0.9165304542894891
0.3656917302987308 0.9165304542894891
0.3697321343391349 0.9165304542894891
0.3737725383795389 0.9165304542894891
0.3778129424199429 0.9165304542894891
0.38185334646034697 0.9165304542894891
0.38589375050075103 0.9165304542894891
0.38993415454115504 0.9165304542894891
0.3939745585815591 0.9165304542894891
0.3980149626219631 0.9165304542894891
0.4020553666623672 0.9165304542894891
0.4060957707027712 0.9165304542894891
0.41013617474317526 0.9165304542894891
0.4141765787835793 0.9165304542894891
0.41821698282398334 0.9165304542894891
0.4222573868643874 0.9165304542894891
0.4262977909047914 0.9165304542894891
0.43033819494519543 0.9165304542894891
0.4343785989855995 0.9165304542894891
0.3454897100967106 0.920570858329893
0.34953011413711466 0.920570858329893
0.3535705181775187 0.920570858329893
0.35761092221792273 0.920570858329893
0.36165132625832674 0.920570858329893
0.3656917302987308 0.920570858329893
0.3697321343391349 0.920570858329893
0.3737725383795389 0.920570858329893
0.3778129424199429 0.920570858329893
0.38185334646034697 0.920570858329893
0.38589375050075103 0.920570858329893
0.38993415454115504 0.920570858329893
0.3939745585815591 0.920570858329893
0.3980149626219631 0.920570858329893
0.4020553666623672 0.920570858329893
0.4060957707027712 0.920570858329893
0.41013617474317526 0.920570858329893
0.4141765787835793 0.920570858329893
0.41821698282398334 0.920570858329893
0.4222573868643874 0.920570858329893
0.4262977909047914 0.920570858329893
0.32932809393509443 0.9246112623702971
0.3374089020159025 0.9246112623702971
0.3414493060563066 0.9246112623702971
0.3454897100967106 0.9246112623702971
0.34953011413711466 0.9246112623702971
0.3535705181775187 0.9246112623702971
0.35761092221792273 0.9246112623702971
0.36165132625832674 0.9246112623702971
0.3656917302987308 0.9246112623702971
0.3697321343391349 0.9246112623702971
0.3737725383795389 0.9246112623702971
0.3778129424199429 0.9246112623702971
0.38185334646034697 0.9246112623702971
0.38589375050075103 0.9246112623702971
0.38993415454115504 0.9246112623702971
0.3939745585815591 0.9246112623702971
0.3980149626219631 0.9246112623702971
0.4020553666623672 0.9246112623702971
0.4060957707027712 0.9246112623702971
0.41013617474317526 0.9246112623702971
0.4141765787835793 0.9246112623702971
0.32932809393509443 0.9286516664107012
0.3333684979754985 0.9286516664107012
0.3374089020159025 0.9286516664107012
0.3414493060563066 0.9286516664107012
0.3454897100967106 0.9286516664107012
0.34953011413711466 0.9286516664107012
0.3535705181775187 0.9286516664107012
0.35761092221792273 0.9286516664107012
0.36165132625832674 0.9286516664107012
0.3656917302987308 0.9286516664107012
0.3697321343391349 0.9286516664107012
0.3737725383795389 0.9286516664107012
0.3778129424199429 0.9286516664107012
0.38185334646034697 0.9286516664107012
0.38589375050075103 0.9286516664107012
0.38993415454115504 0.9286516664107012
0.3939745585815591 0.9286516664107012
0.3980149626219631 0.9286516664107012
0.4020553666623672 0.9286516664107012
0.4060957707027712 0.9286516664107012
0.41821698282398334 0.9286516664107012
0.3131664777734783 0.9326920704511052
0.31720688181388235 0.9326920704511052
0.32124728585428636 0.9326920704511052
0.3252876898946904 0.9326920704511052
0.32932809393509443 0.9326920704511052
0.3333684979754985 0.9326920704511052
0.3374089020159025 0.9326920704511052
0.3414493060563066 0.9326920704511052
0.3454897100967106 0.9326920704511052
0.34953011413711466 0.9326920704511052
0.3535705181775187 0.9326920704511052
0.35761092221792273 0.9326920704511052
0.36165132625832674 0.9326920704511052
0.3656917302987308 0.9326920704511052
0.3697321343391349 0.9326920704511052
0.3737725383795389 0.9326920704511052
0.3778129424199429 0.9326920704511052
0.38185334646034697 0.9326920704511052
0.38589375050075103 0.9326920704511052
0.38993415454115504 0.9326920704511052
0.3939745585815591 0.9326920704511052
0.3050856696926702 0.9367324744915093
0.3091260737330742 0.9367324744915093
0.3131664777734783 0.9367324744915093
0.31720688181388235 0.9367324744915093
0.32124728585428636 0.9367324744915093
0.3252876898946904 0.9367324744915093
0.32932809393509443 0.9367324744915093
0.3333684979754985 0.9367324744915093
0.3374089020159025 0.9367324744915093
0.3414493060563066 0.9367324744915093
0.3454897100967106 0.9367324744915093
0.34953011413711466 0.9367324744915093
0.3535705181775187 0.9367324744915093
0.35761092221792273 0.9367324744915093
0.36165132625832674 0.9367324744915093
0.3656917302987308 0.9367324744915093
0.3697321343391349 0.9367324744915093
0.3737725383795389 0.9367324744915093
0.3778129424199429 0.9367324744915093
0.38185334646034697 0.9367324744915093
0.38589375050075103 0.9367324744915093
0.38993415454115504 0.9367324744915093
0.3980149626219631 0.9367324744915093
0.2970048616118621 0.9407728785319134
0.3010452656522662 0.9407728785319134
0.3050856696926702 0.9407728785319134
0.3091260737330742 0.9407728785319134
0.3131664777734783 0.9407728785319134
0.31720688181388235 0.9407728785319134
0.32124728585428636 0.9407728785319134
0.3252876898946904 0.9407728785319134
0.32932809393509443 0.9407728785319134
0.3333684979754985 0.9407728785319134
0.3374089020159025 0.9407728785319134
0.3414493060563066 0.9407728785319134
0.3454897100967106 0.9407728785319134
0.34953011413711466 0.9407728785319134
0.3535705181775187 0.9407728785319134
0.35761092221792273 0.9407728785319134
0.36165132625832674 0.9407728785319134
0.3656917302987308 0.9407728785319134
0.3697321343391349 0.9407728785319134
0.3737725383795389 0.9407728785319134
0.3778129424199429 0.9407728785319134
0.38185334646034697 0.9407728785319134
0.38993415454115504 0.9407728785319134
0.2970048616118621 0.9448132825723174
0.3010452656522662 0.9448132825723174
0.3050856696926702 0.9448132825723174
0.3091260737330742 0.9448132825723174
0.3131664777734783 0.9448132825723174
0.31720688181388235 0.9448132825723174
0.32124728585428636 0.9448132825723174
0.3252876898946904 0.9448132825723174
0.32932809393509443 0.9448132825723174
0.3333684979754985 0.9448132825723174
0.3374089020159025 0.9448132825723174
0.3414493060563066 0.9448132825723174
0.3454897100967106 0.9448132825723174
0.34953011413711466 0.9448132825723174
0.3535705181775187 0.9448132825723174
0.35761092221792273 0.9448132825723174
0.36165132625832674 0.9448132825723174
0.3656917302987308 0.9448132825723174
0.2970048616118621 0.9488536866127214
0.3010452656522662 0.9488536866127214
0.3050856696926702 0.9488536866127214
0.3091260737330742 0.9488536866127214
0.3131664777734783 0.9488536866127214
0.31720688181388235 0.9488536866127214
0.32124728585428636 0.9488536866127214
0.3252876898946904 0.9488536866127214
0.32932809393509443 0.9488536866127214
0.3333684979754985 0.9488536866127214
0.3374089020159025 0.9488536866127214
0.3414493060563066 0.9488536866127214
0.3454897100967106 0.9488536866127214
0.34953011413711466 0.9488536866127214
0.3535705181775187 0.9488536866127214
0.2970048616118621 0.9528940906531255
0.3010452656522662 0.9528940906531255
0.3050856696926702 0.9528940906531255
0.3091260737330742 0.9528940906531255
0.3131664777734783 0.9528940906531255
0.31720688181388235 0.9528940906531255
0.32124728585428636 0.9528940906531255
0.3252876898946904 0.9528940906531255
0.32932809393509443 0.9528940906531255
0.3333684979754985 0.9528940906531255
0.3374089020159025 0.9528940906531255
0.3414493060563066 0.9528940906531255
0.2970048616118621 0.9569344946935294
0.3010452656522662 0.9569344946935294
0.3050856696926702 0.9569344946935294
0.3091260737330742 0.9569344946935294
0.3131664777734783 0.9569344946935294
0.31720688181388235 0.9569344946935294
0.32124728585428636 0.9569344946935294
0.3252876898946904 0.9569344946935294
0.32932809393509443 0.9569344946935294
0.2970048616118621 0.9609748987339335
0.3010452656522662 0.9609748987339335
0.3050856696926702 0.9609748987339335
0.3091260737330742 0.9609748987339335
0.3131664777734783 0.9609748987339335
0.31720688181388235 0.9609748987339335
0.32124728585428636 0.9609748987339335
0.2970048616118621 0.9650153027743376
0.3010452656522662 0.9650153027743376
0.3050856696926702 0.9650153027743376
0.31720688181388235 0.9650153027743376
0.2970048616118621 0.9690557068147416
0.3091260737330742 0.9690557068147416
0.3050856696926702 0.9730961108551457
