# x y
0.6110479226619907 0.803399141158176
0.5948863065003747 0.8155203532793881
0.5666034782175463 0.8357223734814083
0.5221590337731019 0.8640052017642366
0.526199437813506 0.8640052017642366
0.5019570135710817 0.8761264138854487
0.5302398418539099 0.8761264138854487
0.4655933772074453 0.8963284340874689
0.42518933680340487 0.9165304542894891
0.41710852872259685 0.9246112623702971
0.3807448923589605 0.9407728785319134
0.36054287215694025 0.9488536866127214
0.336300447914516 0.9569344946935294
0.32821963983370794 0.9609748987339335
