# x y
0.6941232454453816 0.698348636107671
0.6900828414049776 0.702389040148075
0.6779616292837654 0.706429444188479
0.6860424373645735 0.706429444188479
0.6900828414049776 0.706429444188479
0.6941232454453816 0.706429444188479
0.6820020333241694 0.710469848228883
0.6900828414049776 0.710469848228883
0.6941232454453816 0.710469848228883
0.6820020333241694 0.7145102522692871
0.6860424373645735 0.7145102522692871
0.6900828414049776 0.7145102522692871
0.6941232454453816 0.7145102522692871
0.6698808212029573 0.7185506563096911
0.6779616292837654 0.7185506563096911
0.6820020333241694 0.7185506563096911
0.6860424373645735 0.7185506563096911
0.6900828414049776 0.7185506563096911
0.6941232454453816 0.7185506563096911
0.6658404171625534 0.7225910603500951
0.6739212252433614 0.7225910603500951
0.6779616292837654 0.7225910603500951
0.6820020333241694 0.7225910603500951
0.6860424373645735 0.7225910603500951
0.6900828414049776 0.7225910603500951
0.6941232454453816 0.7225910603500951
0.645638396960533 0.7266314643904992
0.6739212252433614 0.7266314643904992
0.6779616292837654 0.7266314643904992
0.6820020333241694 0.7266314643904992
0.6860424373645735 0.7266314643904992
0.6900828414049776 0.7266314643904992
0.6698808212029573 0.7306718684309033
0.6739212252433614 0.7306718684309033
0.6779616292837654 0.7306718684309033
0.6820020333241694 0.7306718684309033
0.6860424373645735 0.7306718684309033
0.6900828414049776 0.7306718684309033
0.6618000131221493 0.7347122724713073
0.6658404171625534 0.7347122724713073
0.6698808212029573 0.7347122724713073
0.6739212252433614 0.7347122724713073
0.6779616292837654 0.7347122724713073
0.6820020333241694 0.7347122724713073
0.6900828414049776 0.7347122724713073
0.6941232454453816 0.7347122724713073
0.6577596090817452 0.7387526765117113
0.6618000131221493 0.7387526765117113
0.6658404171625534 0.7387526765117113
0.6698808212029573 0.7387526765117113
0.6739212252433614 0.7387526765117113
0.6779616292837654 0.7387526765117113
0.6900828414049776 0.7387526765117113
0.6415979929201291 0.7427930805521153
0.6537192050413412 0.7427930805521153
0.6577596090817452 0.7427930805521153
0.6618000131221493 0.7427930805521153
0.6658404171625534 0.7427930805521153
0.6698808212029573 0.7427930805521153
0.6739212252433614 0.7427930805521153
0.6820020333241694 0.7427930805521153
0.6860424373645735 0.7427930805521153
0.637557588879725 0.7468334845925194
0.6415979929201291 0.7468334845925194
0.6496788010009371 0.7468334845925194
0.6537192050413412 0.7468334845925194
0.6577596090817452 0.7468334845925194
0.6618000131221493 0.7468334845925194
0.6658404171625534 0.7468334845925194
0.6698808212029573 0.7468334845925194
0.6779616292837654 0.7468334845925194
0.629476780798917 0.7508738886329235
0.6335171848393211 0.7508738886329235
0.6415979929201291 0.7508738886329235
0.645638396960533 0.7508738886329235
0.6496788010009371 0.7508738886329235
0.6537192050413412 0.7508738886329235
0.6577596090817452 0.7508738886329235
0.6618000131221493 0.7508738886329235
0.6658404171625534 0.7508738886329235
0.6335171848393211 0.7549142926733274
0.6415979929201291 0.7549142926733274
0.645638396960533 0.7549142926733274
0.6496788010009371 0.7549142926733274
0.6537192050413412 0.7549142926733274
0.6577596090817452 0.7549142926733274
0.6618000131221493 0.7549142926733274
0.6658404171625534 0.7549142926733274
0.6173555686777048 0.7589546967137315
0.6254363767585129 0.7589546967137315
0.6335171848393211 0.7589546967137315
0.637557588879725 0.7589546967137315
0.6415979929201291 0.7589546967137315
0.645638396960533 0.7589546967137315
0.6496788010009371 0.7589546967137315
0.6537192050413412 0.7589546967137315
0.6577596090817452 0.7589546967137315
0.6173555686777048 0.7629951007541356
0.629476780798917 0.7629951007541356
0.6335171848393211 0.7629951007541356
0.637557588879725 0.7629951007541356
0.6415979929201291 0.7629951007541356
0.645638396960533 0.7629951007541356
0.6496788010009371 0.7629951007541356
0.6052343565564927 0.7670355047945396
0.6173555686777048 0.7670355047945396
0.6254363767585129 0.7670355047945396
0.629476780798917 0.7670355047945396
0.6335171848393211 0.7670355047945396
0.637557588879725 0.7670355047945396
0.6415979929201291 0.7670355047945396
0.645638396960533 0.7670355047945396
0.6537192050413412 0.7670355047945396
0.6173555686777048 0.7710759088349436
0.6213959727181089 0.7710759088349436
0.6254363767585129 0.7710759088349436
0.629476780798917 0.7710759088349436
0.6335171848393211 0.7710759088349436
0.637557588879725 0.7710759088349436
0.6415979929201291 0.7710759088349436
0.5971535484756847 0.7751163128753477
0.6092747605968967 0.7751163128753477
0.6133151646373007 0.7751163128753477
0.6173555686777048 0.7751163128753477
0.6213959727181089 0.7751163128753477
0.6254363767585129 0.7751163128753477
0.629476780798917 0.7751163128753477
0.6335171848393211 0.7751163128753477
0.637557588879725 0.7751163128753477
0.5890727403948766 0.7791567169157517
0.6092747605968967 0.7791567169157517
0.6133151646373007 0.7791567169157517
0.6173555686777048 0.7791567169157517
0.6213959727181089 0.7791567169157517
0.6254363767585129 0.7791567169157517
0.629476780798917 0.7791567169157517
0.6335171848393211 0.7791567169157517
0.6052343565564927 0.7831971209561558
0.6092747605968967 0.7831971209561558
0.6133151646373007 0.7831971209561558
0.6173555686777048 0.7831971209561558
0.6213959727181089 0.7831971209561558
0.6254363767585129 0.7831971209561558
0.629476780798917 0.7831971209561558
0.637557588879725 0.7831971209561558
0.5809919323140684 0.7872375249965597
0.5890727403948766 0.7872375249965597
0.5971535484756847 0.7872375249965597
0.6011939525160886 0.7872375249965597
0.6052343565564927 0.7872375249965597
0.6092747605968967 0.7872375249965597
0.6133151646373007 0.7872375249965597
0.6173555686777048 0.7872375249965597
0.6213959727181089 0.7872375249965597
0.6254363767585129 0.7872375249965597
0.5809919323140684 0.7912779290369638
0.5850323363544725 0.7912779290369638
0.5931131444352806 0.7912779290369638
0.5971535484756847 0.7912779290369638
0.6011939525160886 0.7912779290369638
0.6052343565564927 0.7912779290369638
0.6092747605968967 0.7912779290369638
0.6133151646373007 0.7912779290369638
0.6173555686777048 0.7912779290369638
0.6254363767585129 0.7912779290369638
0.5688707201928563 0.7953183330773679
0.5850323363544725 0.7953183330773679
0.5890727403948766 0.7953183330773679
0.5931131444352806 0.7953183330773679
0.5971535484756847 0.7953183330773679
0.6011939525160886 0.7953183330773679
0.6052343565564927 0.7953183330773679
0.6092747605968967 0.7953183330773679
0.6133151646373007 0.7953183330773679
0.544628295950432 0.799358737117772
0.5688707201928563 0.799358737117772
0.5809919323140684 0.799358737117772
0.5850323363544725 0.799358737117772
0.5890727403948766 0.799358737117772
0.5931131444352806 0.799358737117772
0.5971535484756847 0.799358737117772
0.6011939525160886 0.799358737117772
0.6052343565564927 0.799358737117772
0.6092747605968967 0.799358737117772
0.5567495080716443 0.803399141158176
0.5607899121120483 0.803399141158176
0.5769515282736644 0.803399141158176
0.5809919323140684 0.803399141158176
0.5850323363544725 0.803399141158176
0.5890727403948766 0.803399141158176
0.5931131444352806 0.803399141158176
0.5971535484756847 0.803399141158176
0.6011939525160886 0.803399141158176
0.6052343565564927 0.803399141158176
0.5527091040312402 0.80743954519858
0.5688707201928563 0.80743954519858
0.5729111242332604 0.80743954519858
0.5769515282736644 0.80743954519858
0.5809919323140684 0.80743954519858
0.5850323363544725 0.80743954519858
0.5890727403948766 0.80743954519858
0.5931131444352806 0.80743954519858
0.5971535484756847 0.80743954519858
0.5567495080716443 0.811479949238984
0.5648303161524524 0.811479949238984
0.5688707201928563 0.811479949238984
0.5729111242332604 0.811479949238984
0.5769515282736644 0.811479949238984
0.5809919323140684 0.811479949238984
0.5850323363544725 0.811479949238984
0.5890727403948766 0.811479949238984
0.5931131444352806 0.811479949238984
0.5405878919100281 0.8155203532793881
0.5486686999908361 0.8155203532793881
0.5567495080716443 0.8155203532793881
0.5607899121120483 0.8155203532793881
0.5648303161524524 0.8155203532793881
0.5688707201928563 0.8155203532793881
0.5729111242332604 0.8155203532793881
0.5769515282736644 0.8155203532793881
0.5809919323140684 0.8155203532793881
0.5850323363544725 0.8155203532793881
0.5890727403948766 0.8155203532793881
0.5971535484756847 0.8155203532793881
0.5527091040312402 0.819560757319792
0.5567495080716443 0.819560757319792
0.5607899121120483 0.819560757319792
0.5648303161524524 0.819560757319792
0.5688707201928563 0.819560757319792
0.5729111242332604 0.819560757319792
0.5769515282736644 0.819560757319792
0.5809919323140684 0.819560757319792
0.5244262757484119 0.8236011613601961
0.528466679788816 0.8236011613601961
0.53250708382922 0.8236011613601961
0.5405878919100281 0.8236011613601961
0.544628295950432 0.8236011613601961
0.5486686999908361 0.8236011613601961
0.5527091040312402 0.8236011613601961
0.5567495080716443 0.8236011613601961
0.5607899121120483 0.8236011613601961
0.5648303161524524 0.8236011613601961
0.5688707201928563 0.8236011613601961
0.5729111242332604 0.8236011613601961
0.5769515282736644 0.8236011613601961
0.5203858717080079 0.8276415654006002
0.5244262757484119 0.8276415654006002
0.53250708382922 0.8276415654006002
0.536547487869624 0.8276415654006002
0.5405878919100281 0.8276415654006002
0.544628295950432 0.8276415654006002
0.5486686999908361 0.8276415654006002
0.5527091040312402 0.8276415654006002
0.5567495080716443 0.8276415654006002
0.5607899121120483 0.8276415654006002
0.5648303161524524 0.8276415654006002
0.5688707201928563 0.8276415654006002
0.5769515282736644 0.8276415654006002
0.5163454676676038 0.8316819694410043
0.5203858717080079 0.8316819694410043
0.53250708382922 0.8316819694410043
0.536547487869624 0.8316819694410043
0.5405878919100281 0.8316819694410043
0.544628295950432 0.8316819694410043
0.5486686999908361 0.8316819694410043
0.5527091040312402 0.8316819694410043
0.5567495080716443 0.8316819694410043
0.5607899121120483 0.8316819694410043
0.5648303161524524 0.8316819694410043
0.5042242555463917 0.8357223734814083
0.5082646595867957 0.8357223734814083
0.5123050636271997 0.8357223734814083
0.5244262757484119 0.8357223734814083
0.528466679788816 0.8357223734814083
0.53250708382922 0.8357223734814083
0.536547487869624 0.8357223734814083
0.5405878919100281 0.8357223734814083
0.544628295950432 0.8357223734814083
0.5486686999908361 0.8357223734814083
0.5527091040312402 0.8357223734814083
0.5567495080716443 0.8357223734814083
0.5607899121120483 0.8357223734814083
0.5729111242332604 0.8357223734814083
0.5001838515059877 0.8397627775218124
0.5163454676676038 0.8397627775218124
0.5203858717080079 0.8397627775218124
0.5244262757484119 0.8397627775218124
0.528466679788816 0.8397627775218124
0.53250708382922 0.8397627775218124
0.536547487869624 0.8397627775218124
0.5405878919100281 0.8397627775218124
0.544628295950432 0.8397627775218124
0.5486686999908361 0.8397627775218124
0.5527091040312402 0.8397627775218124
0.4921030434251796 0.8438031815622163
0.5123050636271997 0.8438031815622163
0.5163454676676038 0.8438031815622163
0.5203858717080079 0.8438031815622163
0.5244262757484119 0.8438031815622163
0.528466679788816 0.8438031815622163
0.53250708382922 0.8438031815622163
0.536547487869624 0.8438031815622163
0.5405878919100281 0.8438031815622163
0.544628295950432 0.8438031815622163
0.5486686999908361 0.8438031815622163
0.5607899121120483 0.8438031815622163
0.48806263938477557 0.8478435856026204
0.5001838515059877 0.8478435856026204
0.5042242555463917 0.8478435856026204
0.5082646595867957 0.8478435856026204
0.5123050636271997 0.8478435856026204
0.5163454676676038 0.8478435856026204
0.5203858717080079 0.8478435856026204
0.5244262757484119 0.8478435856026204
0.528466679788816 0.8478435856026204
0.53250708382922 0.8478435856026204
0.536547487869624 0.8478435856026204
0.5405878919100281 0.8478435856026204
0.47998183130396743 0.8518839896430245
0.4840222353443715 0.8518839896430245
0.4961434474655836 0.8518839896430245
0.5001838515059877 0.8518839896430245
0.5042242555463917 0.8518839896430245
0.5082646595867957 0.8518839896430245
0.5123050636271997 0.8518839896430245
0.5163454676676038 0.8518839896430245
0.5203858717080079 0.8518839896430245
0.5244262757484119 0.8518839896430245
0.528466679788816 0.8518839896430245
0.53250708382922 0.8518839896430245
0.536547487869624 0.8518839896430245
0.46786061918275534 0.8559243936834284
0.4719010232231594 0.8559243936834284
0.47998183130396743 0.8559243936834284
0.4921030434251796 0.8559243936834284
0.4961434474655836 0.8559243936834284
0.5001838515059877 0.8559243936834284
0.5042242555463917 0.8559243936834284
0.5082646595867957 0.8559243936834284
0.5123050636271997 0.8559243936834284
0.5163454676676038 0.8559243936834284
0.5203858717080079 0.8559243936834284
0.5244262757484119 0.8559243936834284
0.528466679788816 0.8559243936834284
0.4638202151423513 0.8599647977238325
0.46786061918275534 0.8599647977238325
0.4840222353443715 0.8599647977238325
0.48806263938477557 0.8599647977238325
0.4921030434251796 0.8599647977238325
0.4961434474655836 0.8599647977238325
0.5001838515059877 0.8599647977238325
0.5042242555463917 0.8599647977238325
0.5082646595867957 0.8599647977238325
0.5123050636271997 0.8599647977238325
0.5163454676676038 0.8599647977238325
0.5203858717080079 0.8599647977238325
0.528466679788816 0.8599647977238325
0.536547487869624 0.8599647977238325
0.4557394070615432 0.8640052017642366
0.45977981110194727 0.8640052017642366
0.4719010232231594 0.8640052017642366
0.4759414272635634 0.8640052017642366
0.47998183130396743 0.8640052017642366
0.4840222353443715 0.8640052017642366
0.48806263938477557 0.8640052017642366
0.4921030434251796 0.8640052017642366
0.4961434474655836 0.8640052017642366
0.5001838515059877 0.8640052017642366
0.5042242555463917 0.8640052017642366
0.5082646595867957 0.8640052017642366
0.5123050636271997 0.8640052017642366
0.5163454676676038 0.8640052017642366
0.4476585989807351 0.8680456058046406
0.4516990030211392 0.8680456058046406
0.46786061918275534 0.8680456058046406
0.4719010232231594 0.8680456058046406
0.4759414272635634 0.8680456058046406
0.47998183130396743 0.8680456058046406
0.4840222353443715 0.8680456058046406
0.48806263938477557 0.8680456058046406
0.4921030434251796 0.8680456058046406
0.4961434474655836 0.8680456058046406
0.5001838515059877 0.8680456058046406
0.5042242555463917 0.8680456058046406
0.5082646595867957 0.8680456058046406
0.5123050636271997 0.8680456058046406
0.43957779089992705 0.8720860098450447
0.45977981110194727 0.8720860098450447
0.4638202151423513 0.8720860098450447
0.46786061918275534 0.8720860098450447
0.4719010232231594 0.8720860098450447
0.4759414272635634 0.8720860098450447
0.47998183130396743 0.8720860098450447
0.4840222353443715 0.8720860098450447
0.48806263938477557 0.8720860098450447
0.4921030434251796 0.8720860098450447
0.4961434474655836 0.8720860098450447
0.5001838515059877 0.8720860098450447
0.5042242555463917 0.8720860098450447
0.43149698281911897 0.8761264138854487
0.4516990030211392 0.8761264138854487
0.4557394070615432 0.8761264138854487
0.45977981110194727 0.8761264138854487
0.4638202151423513 0.8761264138854487
0.46786061918275534 0.8761264138854487
0.4719010232231594 0.8761264138854487
0.4759414272635634 0.8761264138854487
0.47998183130396743 0.8761264138854487
0.4840222353443715 0.8761264138854487
0.48806263938477557 0.8761264138854487
0.4921030434251796 0.8761264138854487
0.4961434474655836 0.8761264138854487
0.5001838515059877 0.8761264138854487
0.5042242555463917 0.8761264138854487
0.5082646595867957 0.8761264138854487
0.4193757706979069 0.8801668179258527
0.4234161747383109 0.8801668179258527
0.44361819494033106 0.8801668179258527
0.4476585989807351 0.8801668179258527
0.4516990030211392 0.8801668179258527
0.4557394070615432 0.8801668179258527
0.45977981110194727 0.8801668179258527
0.4638202151423513 0.8801668179258527
0.46786061918275534 0.8801668179258527
0.4719010232231594 0.8801668179258527
0.4759414272635634 0.8801668179258527
0.47998183130396743 0.8801668179258527
0.4840222353443715 0.8801668179258527
0.48806263938477557 0.8801668179258527
0.5042242555463917 0.8801668179258527
0.4153353666575028 0.8842072219662568
0.43149698281911897 0.8842072219662568
0.43553738685952303 0.8842072219662568
0.43957779089992705 0.8842072219662568
0.44361819494033106 0.8842072219662568
0.4476585989807351 0.8842072219662568
0.4516990030211392 0.8842072219662568
0.4557394070615432 0.8842072219662568
0.45977981110194727 0.8842072219662568
0.4638202151423513 0.8842072219662568
0.46786061918275534 0.8842072219662568
0.4719010232231594 0.8842072219662568
0.4759414272635634 0.8842072219662568
0.47998183130396743 0.8842072219662568
0.4961434474655836 0.8842072219662568
0.3830121343342705 0.8882476260066607
0.40321415453629067 0.8882476260066607
0.4274565787787149 0.8882476260066607
0.43149698281911897 0.8882476260066607
0.43553738685952303 0.8882476260066607
0.43957779089992705 0.8882476260066607
0.44361819494033106 0.8882476260066607
0.4476585989807351 0.8882476260066607
0.4516990030211392 0.8882476260066607
0.4557394070615432 0.8882476260066607
0.45977981110194727 0.8882476260066607
0.4638202151423513 0.8882476260066607
0.46786061918275534 0.8882476260066607
0.4719010232231594 0.8882476260066607
0.4759414272635634 0.8882476260066607
0.3951333464554826 0.8922880300470648
0.4153353666575028 0.8922880300470648
0.4193757706979069 0.8922880300470648
0.4234161747383109 0.8922880300470648
0.4274565787787149 0.8922880300470648
0.43149698281911897 0.8922880300470648
0.43553738685952303 0.8922880300470648
0.43957779089992705 0.8922880300470648
0.44361819494033106 0.8922880300470648
0.4476585989807351 0.8922880300470648
0.4516990030211392 0.8922880300470648
0.4557394070615432 0.8922880300470648
0.45977981110194727 0.8922880300470648
0.4638202151423513 0.8922880300470648
0.46786061918275534 0.8922880300470648
0.47998183130396743 0.8922880300470648
0.3951333464554826 0.8963284340874689
0.41129496261709875 0.8963284340874689
0.4153353666575028 0.8963284340874689
0.4193757706979069 0.8963284340874689
0.4234161747383109 0.8963284340874689
0.4274565787787149 0.8963284340874689
0.43149698281911897 0.8963284340874689
0.43553738685952303 0.8963284340874689
0.43957779089992705 0.8963284340874689
0.44361819494033106 0.8963284340874689
0.4476585989807351 0.8963284340874689
0.4516990030211392 0.8963284340874689
0.4557394070615432 0.8963284340874689
0.45977981110194727 0.8963284340874689
0.4638202151423513 0.8963284340874689
0.37493132625346237 0.9003688381278729
0.3870525383746745 0.9003688381278729
0.39917375049588666 0.9003688381278729
0.40321415453629067 0.9003688381278729
0.40725455857669474 0.9003688381278729
0.41129496261709875 0.9003688381278729
0.4153353666575028 0.9003688381278729
0.4193757706979069 0.9003688381278729
0.4234161747383109 0.9003688381278729
0.4274565787787149 0.9003688381278729
0.43149698281911897 0.9003688381278729
0.43553738685952303 0.9003688381278729
0.43957779089992705 0.9003688381278729
0.44361819494033106 0.9003688381278729
0.4476585989807351 0.9003688381278729
0.4516990030211392 0.9003688381278729
0.4638202151423513 0.9003688381278729
0.46786061918275534 0.9003688381278729
0.36685051817265435 0.904409242168277
0.3910929424150786 0.904409242168277
0.3951333464554826 0.904409242168277
0.39917375049588666 0.904409242168277
0.40321415453629067 0.904409242168277
0.40725455857669474 0.904409242168277
0.41129496261709875 0.904409242168277
0.4153353666575028 0.904409242168277
0.4193757706979069 0.904409242168277
0.4234161747383109 0.904409242168277
0.4274565787787149 0.904409242168277
0.43149698281911897 0.904409242168277
0.43553738685952303 0.904409242168277
0.43957779089992705 0.904409242168277
0.44361819494033106 0.904409242168277
0.4476585989807351 0.904409242168277
0.33856768988982605 0.9084496462086811
0.3547293060514422 0.9084496462086811
0.3830121343342705 0.9084496462086811
0.3870525383746745 0.9084496462086811
0.3910929424150786 0.9084496462086811
0.3951333464554826 0.9084496462086811
0.39917375049588666 0.9084496462086811
0.40321415453629067 0.9084496462086811
0.40725455857669474 0.9084496462086811
0.41129496261709875 0.9084496462086811
0.4153353666575028 0.9084496462086811
0.4193757706979069 0.9084496462086811
0.4234161747383109 0.9084496462086811
0.4274565787787149 0.9084496462086811
0.43149698281911897 0.9084496462086811
0.43553738685952303 0.9084496462086811
0.3628101141322503 0.912490050249085
0.37089092221305836 0.912490050249085
0.37493132625346237 0.912490050249085
0.37897173029386644 0.912490050249085
0.3830121343342705 0.912490050249085
0.3870525383746745 0.912490050249085
0.3910929424150786 0.912490050249085
0.3951333464554826 0.912490050249085
0.39917375049588666 0.912490050249085
0.40321415453629067 0.912490050249085
0.40725455857669474 0.912490050249085
0.41129496261709875 0.912490050249085
0.4153353666575028 0.912490050249085
0.4193757706979069 0.912490050249085
0.4234161747383109 0.912490050249085
0.4274565787787149 0.912490050249085
0.43149698281911897 0.912490050249085
0.44361819494033106 0.912490050249085
0.334527285849422 0.9165304542894891
0.3628101141322503 0.9165304542894891
0.36685051817265435 0.9165304542894891
0.37089092221305836 0.9165304542894891
0.37493132625346237 0.9165304542894891
0.37897173029386644 0.9165304542894891
0.3830121343342705 0.9165304542894891
0.3870525383746745 0.9165304542894891
0.3910929424150786 0.9165304542894891
0.3951333464554826 0.9165304542894891
0.39917375049588666 0.9165304542894891
0.40321415453629067 0.9165304542894891
0.40725455857669474 0.9165304542894891
0.41129496261709875 0.9165304542894891
0.4153353666575028 0.9165304542894891
0.4193757706979069 0.9165304542894891
0.4274565787787149 0.9165304542894891
0.43553738685952303 0.9165304542894891
0.3224060737282099 0.920570858329893
0.34664849797063413 0.920570858329893
0.3506889020110382 0.920570858329893
0.3547293060514422 0.920570858329893
0.3587697100918462 0.920570858329893
0.3628101141322503 0.920570858329893
0.36685051817265435 0.920570858329893
0.37089092221305836 0.920570858329893
0.37493132625346237 0.920570858329893
0.37897173029386644 0.920570858329893
0.3830121343342705 0.920570858329893
0.3870525383746745 0.920570858329893
0.3910929424150786 0.920570858329893
0.3951333464554826 0.920570858329893
0.39917375049588666 0.920570858329893
0.40321415453629067 0.920570858329893
0.40725455857669474 0.920570858329893
0.41129496261709875 0.920570858329893
0.4153353666575028 0.920570858329893
0.4274565787787149 0.920570858329893
0.31028486160699775 0.9246112623702971
0.33856768988982605 0.9246112623702971
0.34260809393023006 0.9246112623702971
0.34664849797063413 0.9246112623702971
0.3506889020110382 0.9246112623702971
0.3547293060514422 0.9246112623702971
0.3587697100918462 0.9246112623702971
0.3628101141322503 0.9246112623702971
0.36685051817265435 0.9246112623702971
0.37089092221305836 0.9246112623702971
0.37493132625346237 0.9246112623702971
0.37897173029386644 0.9246112623702971
0.3830121343342705 0.9246112623702971
0.3870525383746745 0.9246112623702971
0.3910929424150786 0.9246112623702971
0.3951333464554826 0.9246112623702971
0.39917375049588666 0.9246112623702971
0.40321415453629067 0.9246112623702971
0.4193757706979069 0.9246112623702971
0.29816364948578566 0.9286516664107012
0.3143252656474018 0.9286516664107012
0.3224060737282099 0.9286516664107012
0.330486881809018 0.9286516664107012
0.334527285849422 0.9286516664107012
0.33856768988982605 0.9286516664107012
0.34260809393023006 0.9286516664107012
0.34664849797063413 0.9286516664107012
0.3506889020110382 0.9286516664107012
0.3547293060514422 0.9286516664107012
0.3587697100918462 0.9286516664107012
0.3628101141322503 0.9286516664107012
0.36685051817265435 0.9286516664107012
0.37089092221305836 0.9286516664107012
0.37493132625346237 0.9286516664107012
0.37897173029386644 0.9286516664107012
0.3830121343342705 0.9286516664107012
0.3870525383746745 0.9286516664107012
0.3910929424150786 0.9286516664107012
0.41129496261709875 0.9286516664107012
0.3143252656474018 0.9326920704511052
0.31836566968780583 0.9326920704511052
0.3264464777686139 0.9326920704511052
0.330486881809018 0.9326920704511052
0.334527285849422 0.9326920704511052
0.33856768988982605 0.9326920704511052
0.34260809393023006 0.9326920704511052
0.34664849797063413 0.9326920704511052
0.3506889020110382 0.9326920704511052
0.3547293060514422 0.9326920704511052
0.3587697100918462 0.9326920704511052
0.3628101141322503 0.9326920704511052
0.36685051817265435 0.9326920704511052
0.37089092221305836 0.9326920704511052
0.37493132625346237 0.9326920704511052
0.37897173029386644 0.9326920704511052
0.3830121343342705 0.9326920704511052
0.3951333464554826 0.9326920704511052
0.39917375049588666 0.9326920704511052
0.40321415453629067 0.9326920704511052
0.3143252656474018 0.9367324744915093
0.31836566968780583 0.9367324744915093
0.3224060737282099 0.9367324744915093
0.3264464777686139 0.9367324744915093
0.330486881809018 0.9367324744915093
0.334527285849422 0.9367324744915093
0.33856768988982605 0.9367324744915093
0.34260809393023006 0.9367324744915093
0.34664849797063413 0.9367324744915093
0.3506889020110382 0.9367324744915093
0.3547293060514422 0.9367324744915093
0.3587697100918462 0.9367324744915093
0.3628101141322503 0.9367324744915093
0.36685051817265435 0.9367324744915093
0.37089092221305836 0.9367324744915093
0.37493132625346237 0.9367324744915093
0.3910929424150786 0.9367324744915093
0.3022040535261897 0.9407728785319134
0.3062444575665937 0.9407728785319134
0.31028486160699775 0.9407728785319134
0.3143252656474018 0.9407728785319134
0.31836566968780583 0.9407728785319134
0.3224060737282099 0.9407728785319134
0.3264464777686139 0.9407728785319134
0.330486881809018 0.9407728785319134
0.334527285849422 0.9407728785319134
0.33856768988982605 0.9407728785319134
0.34260809393023006 0.9407728785319134
0.34664849797063413 0.9407728785319134
0.3506889020110382 0.9407728785319134
0.3547293060514422 0.9407728785319134
0.3587697100918462 0.9407728785319134
0.3628101141322503 0.9407728785319134
0.36685051817265435 0.9407728785319134
0.37897173029386644 0.9407728785319134
0.3830121343342705 0.9407728785319134
0.2941232454453816 0.9448132825723174
0.29816364948578566 0.9448132825723174
0.3022040535261897 0.9448132825723174
0.3062444575665937 0.9448132825723174
0.31028486160699775 0.9448132825723174
0.3143252656474018 0.9448132825723174
0.31836566968780583 0.9448132825723174
0.3224060737282099 0.9448132825723174
0.3264464777686139 0.9448132825723174
0.330486881809018 0.9448132825723174
0.334527285849422 0.9448132825723174
0.33856768988982605 0.9448132825723174
0.34260809393023006 0.9448132825723174
0.34664849797063413 0.9448132825723174
0.3506889020110382 0.9448132825723174
0.3547293060514422 0.9448132825723174
0.37089092221305836 0.9448132825723174
0.2941232454453816 0.9488536866127214
0.29816364948578566 0.9488536866127214
0.3022040535261897 0.9488536866127214
0.3062444575665937 0.9488536866127214
0.31028486160699775 0.9488536866127214
0.3143252656474018 0.9488536866127214
0.31836566968780583 0.9488536866127214
0.3224060737282099 0.9488536866127214
0.3264464777686139 0.9488536866127214
0.330486881809018 0.9488536866127214
0.334527285849422 0.9488536866127214
0.33856768988982605 0.9488536866127214
0.34260809393023006 0.9488536866127214
0.34664849797063413 0.9488536866127214
0.3547293060514422 0.9488536866127214
0.3628101141322503 0.9488536866127214
0.2941232454453816 0.9528940906531255
0.29816364948578566 0.9528940906531255
0.3022040535261897 0.9528940906531255
0.3062444575665937 0.9528940906531255
0.31028486160699775 0.9528940906531255
0.3143252656474018 0.9528940906531255
0.31836566968780583 0.9528940906531255
0.3224060737282099 0.9528940906531255
0.3264464777686139 0.9528940906531255
0.330486881809018 0.9528940906531255
0.334527285849422 0.9528940906531255
0.3506889020110382 0.9528940906531255
0.2941232454453816 0.9569344946935294
0.29816364948578566 0.9569344946935294
0.3022040535261897 0.9569344946935294
0.3062444575665937 0.9569344946935294
0.31028486160699775 0.9569344946935294
0.3143252656474018 0.9569344946935294
0.31836566968780583 0.9569344946935294
0.3224060737282099 0.9569344946935294
0.3264464777686139 0.9569344946935294
0.34260809393023006 0.9569344946935294
0.2941232454453816 0.9609748987339335
0.29816364948578566 0.9609748987339335
0.3022040535261897 0.9609748987339335
0.3062444575665937 0.9609748987339335
0.31028486160699775 0.9609748987339335
0.3143252656474018 0.9609748987339335
0.31836566968780583 0.9609748987339335
0.3264464777686139 0.9609748987339335
0.330486881809018 0.9609748987339335
0.2941232454453816 0.9650153027743376
0.3062444575665937 0.9650153027743376
0.3143252656474018 0.9650153027743376
0.31836566968780583 0.9650153027743376
0.2941232454453816 0.9690557068147416
0.3062444575665937 0.9690557068147416
0.2941232454453816 0.9730961108551457
0.29816364948578566 0.9730961108551457
0.3022040535261897 0.9730961108551457
