# x y
0.6999855650457457 0.7225910603500951
0.6959451610053417 0.7266314643904992
0.6717027367629174 0.7508738886329235
0.6191774842376649 0.7953183330773679
0.635339100399281 0.799358737117772
0.5989754640356446 0.8155203532793881
0.5949350599952407 0.8316819694410043
0.5585714236316043 0.8397627775218124
0.5464502115103922 0.8478435856026204
0.5464502115103922 0.8518839896430245
0.5222077872679679 0.8599647977238325
0.5545310195912002 0.8599647977238325
0.5424098074699881 0.8680456058046406
0.46564213070231136 0.8922880300470648
0.46564213070231136 0.9003688381278729
0.3969552620154427 0.9286516664107012
0.31614718120736185 0.9650153027743376
0.30402596908614976 0.9690557068147416
