# x y
0.6999499606069655 0.710469848228883
0.6959095565665614 0.7145102522692871
0.6999499606069655 0.7145102522692871
0.6918691525261573 0.7185506563096911
0.6959095565665614 0.7185506563096911
0.6878287484857533 0.7225910603500951
0.6918691525261573 0.7225910603500951
0.6837883444453492 0.7266314643904992
0.6878287484857533 0.7266314643904992
0.6797479404049452 0.7306718684309033
0.6837883444453492 0.7306718684309033
0.6757075363645412 0.7347122724713073
0.6797479404049452 0.7347122724713073
0.6716671323241372 0.7387526765117113
0.6757075363645412 0.7387526765117113
0.6676267282837332 0.7427930805521153
0.6716671323241372 0.7427930805521153
0.6635863242433291 0.7468334845925194
0.6676267282837332 0.7468334845925194
0.659545920202925 0.7508738886329235
0.6635863242433291 0.7508738886329235
0.6514651121221169 0.7549142926733274
0.655505516162521 0.7549142926733274
0.659545920202925 0.7549142926733274
0.6474247080817129 0.7589546967137315
0.6514651121221169 0.7589546967137315
0.6433843040413089 0.7629951007541356
0.6474247080817129 0.7629951007541356
0.6393439000009049 0.7670355047945396
0.6433843040413089 0.7670355047945396
0.6353034959605008 0.7710759088349436
0.6393439000009049 0.7710759088349436
0.6312630919200968 0.7751163128753477
0.6353034959605008 0.7751163128753477
0.6231822838392886 0.7791567169157517
0.6272226878796927 0.7791567169157517
0.6312630919200968 0.7791567169157517
0.6191418797988846 0.7831971209561558
0.6231822838392886 0.7831971209561558
0.6151014757584805 0.7872375249965597
0.6191418797988846 0.7872375249965597
0.6070206676776725 0.7912779290369638
0.6110610717180766 0.7912779290369638
0.6151014757584805 0.7912779290369638
0.6029802636372685 0.7953183330773679
0.6070206676776725 0.7953183330773679
0.5989398595968645 0.799358737117772
0.6029802636372685 0.799358737117772
0.5908590515160563 0.803399141158176
0.5948994555564604 0.803399141158176
0.5989398595968645 0.803399141158176
0.5868186474756523 0.80743954519858
0.5908590515160563 0.80743954519858
0.5827782434352482 0.811479949238984
0.5868186474756523 0.811479949238984
0.5746974353544402 0.8155203532793881
0.5787378393948442 0.8155203532793881
0.5827782434352482 0.8155203532793881
0.5706570313140362 0.819560757319792
0.5746974353544402 0.819560757319792
0.5625762232332281 0.8236011613601961
0.5666166272736322 0.8236011613601961
0.5706570313140362 0.8236011613601961
0.558535819192824 0.8276415654006002
0.5625762232332281 0.8276415654006002
0.5504550111120159 0.8316819694410043
0.55449541515242 0.8316819694410043
0.558535819192824 0.8316819694410043
0.5464146070716119 0.8357223734814083
0.5504550111120159 0.8357223734814083
0.5383337989908038 0.8397627775218124
0.5423742030312079 0.8397627775218124
0.5464146070716119 0.8397627775218124
0.5342933949503998 0.8438031815622163
0.5383337989908038 0.8438031815622163
0.5262125868695917 0.8478435856026204
0.5302529909099958 0.8478435856026204
0.5342933949503998 0.8478435856026204
0.5181317787887836 0.8518839896430245
0.5221721828291876 0.8518839896430245
0.5262125868695917 0.8518839896430245
0.5140913747483795 0.8559243936834284
0.5181317787887836 0.8559243936834284
0.5221721828291876 0.8559243936834284
0.5060105666675715 0.8599647977238325
0.5100509707079756 0.8599647977238325
0.5140913747483795 0.8599647977238325
0.4979297585867634 0.8640052017642366
0.5019701626271674 0.8640052017642366
0.5060105666675715 0.8640052017642366
0.4938893545463594 0.8680456058046406
0.4979297585867634 0.8680456058046406
0.5019701626271674 0.8680456058046406
0.48580854646555127 0.8720860098450447
0.48984895050595534 0.8720860098450447
0.4938893545463594 0.8720860098450447
0.47772773838474325 0.8761264138854487
0.48176814242514726 0.8761264138854487
0.48580854646555127 0.8761264138854487
0.4696469303039351 0.8801668179258527
0.4736873343443392 0.8801668179258527
0.47772773838474325 0.8801668179258527
0.46156612222312704 0.8842072219662568
0.4656065262635311 0.8842072219662568
0.4696469303039351 0.8842072219662568
0.45348531414231896 0.8882476260066607
0.45752571818272303 0.8882476260066607
0.46156612222312704 0.8882476260066607
0.4454045060615109 0.8922880300470648
0.4494449101019149 0.8922880300470648
0.45348531414231896 0.8922880300470648
0.45752571818272303 0.8922880300470648
0.4373236979807028 0.8963284340874689
0.4413641020211069 0.8963284340874689
0.4454045060615109 0.8963284340874689
0.4494449101019149 0.8963284340874689
0.42924288989989473 0.9003688381278729
0.43328329394029874 0.9003688381278729
0.4373236979807028 0.9003688381278729
0.4413641020211069 0.9003688381278729
0.42116208181908665 0.904409242168277
0.4252024858594907 0.904409242168277
0.42924288989989473 0.904409242168277
0.43328329394029874 0.904409242168277
0.4130812737382786 0.9084496462086811
0.4171216777786826 0.9084496462086811
0.42116208181908665 0.9084496462086811
0.4050004656574705 0.912490050249085
0.4090408696978745 0.912490050249085
0.4130812737382786 0.912490050249085
0.39287925353625835 0.9165304542894891
0.3969196575766624 0.9165304542894891
0.40096006161706643 0.9165304542894891
0.4050004656574705 0.9165304542894891
0.3847984454554503 0.920570858329893
0.38883884949585434 0.920570858329893
0.39287925353625835 0.920570858329893
0.3969196575766624 0.920570858329893
0.3767176373746422 0.9246112623702971
0.3807580414150462 0.9246112623702971
0.3847984454554503 0.9246112623702971
0.36459642525343006 0.9286516664107012
0.3686368292938341 0.9286516664107012
0.3726772333342382 0.9286516664107012
0.3767176373746422 0.9286516664107012
0.35651561717262203 0.9326920704511052
0.36055602121302605 0.9326920704511052
0.36459642525343006 0.9326920704511052
0.3443944050514099 0.9367324744915093
0.3484348090918139 0.9367324744915093
0.35247521313221797 0.9367324744915093
0.35651561717262203 0.9367324744915093
0.33227319293019775 0.9407728785319134
0.3363135969706018 0.9407728785319134
0.3403540010110058 0.9407728785319134
0.3443944050514099 0.9407728785319134
0.32015198080898566 0.9448132825723174
0.32419238484938967 0.9448132825723174
0.32823278888979374 0.9448132825723174
0.33227319293019775 0.9448132825723174
0.3080307686877735 0.9488536866127214
0.3120711727281775 0.9488536866127214
0.3161115767685816 0.9488536866127214
0.32015198080898566 0.9488536866127214
0.32419238484938967 0.9488536866127214
0.29994996060696544 0.9528940906531255
0.3039903646473695 0.9528940906531255
0.3080307686877735 0.9528940906531255
0.3120711727281775 0.9528940906531255
