# x y
0.6981753236147881 0.6943082320672669
0.6981753236147881 0.698348636107671
0.69009451553398 0.702389040148075
0.694134919574384 0.702389040148075
0.6981753236147881 0.702389040148075
0.686054111493576 0.706429444188479
0.69009451553398 0.706429444188479
0.694134919574384 0.706429444188479
0.6981753236147881 0.706429444188479
0.6820137074531719 0.710469848228883
0.686054111493576 0.710469848228883
0.69009451553398 0.710469848228883
0.694134919574384 0.710469848228883
0.6981753236147881 0.710469848228883
0.677973303412768 0.7145102522692871
0.6820137074531719 0.7145102522692871
0.686054111493576 0.7145102522692871
0.69009451553398 0.7145102522692871
0.694134919574384 0.7145102522692871
0.6981753236147881 0.7145102522692871
0.6739328993723639 0.7185506563096911
0.677973303412768 0.7185506563096911
0.6820137074531719 0.7185506563096911
0.686054111493576 0.7185506563096911
0.69009451553398 0.7185506563096911
0.694134919574384 0.7185506563096911
0.6981753236147881 0.7185506563096911
0.6698924953319598 0.7225910603500951
0.6739328993723639 0.7225910603500951
0.677973303412768 0.7225910603500951
0.6820137074531719 0.7225910603500951
0.686054111493576 0.7225910603500951
0.69009451553398 0.7225910603500951
0.694134919574384 0.7225910603500951
0.6981753236147881 0.7225910603500951
0.6658520912915558 0.7266314643904992
0.6698924953319598 0.7266314643904992
0.6739328993723639 0.7266314643904992
0.677973303412768 0.7266314643904992
0.6820137074531719 0.7266314643904992
0.686054111493576 0.7266314643904992
0.69009451553398 0.7266314643904992
0.694134919574384 0.7266314643904992
0.6981753236147881 0.7266314643904992
0.6618116872511517 0.7306718684309033
0.6658520912915558 0.7306718684309033
0.6698924953319598 0.7306718684309033
0.6739328993723639 0.7306718684309033
0.677973303412768 0.7306718684309033
0.6820137074531719 0.7306718684309033
0.686054111493576 0.7306718684309033
0.69009451553398 0.7306718684309033
0.694134919574384 0.7306718684309033
0.6981753236147881 0.7306718684309033
0.6577712832107476 0.7347122724713073
0.6618116872511517 0.7347122724713073
0.6658520912915558 0.7347122724713073
0.6698924953319598 0.7347122724713073
0.6739328993723639 0.7347122724713073
0.677973303412768 0.7347122724713073
0.6820137074531719 0.7347122724713073
0.686054111493576 0.7347122724713073
0.69009451553398 0.7347122724713073
0.694134919574384 0.7347122724713073
0.6981753236147881 0.7347122724713073
0.6537308791703437 0.7387526765117113
0.6577712832107476 0.7387526765117113
0.6618116872511517 0.7387526765117113
0.6658520912915558 0.7387526765117113
0.6698924953319598 0.7387526765117113
0.6739328993723639 0.7387526765117113
0.677973303412768 0.7387526765117113
0.6820137074531719 0.7387526765117113
0.686054111493576 0.7387526765117113
0.69009451553398 0.7387526765117113
0.6456500710895356 0.7427930805521153
0.6496904751299396 0.7427930805521153
0.6537308791703437 0.7427930805521153
0.6577712832107476 0.7427930805521153
0.6618116872511517 0.7427930805521153
0.6658520912915558 0.7427930805521153
0.6698924953319598 0.7427930805521153
0.6739328993723639 0.7427930805521153
0.677973303412768 0.7427930805521153
0.6820137074531719 0.7427930805521153
0.686054111493576 0.7427930805521153
0.6456500710895356 0.7468334845925194
0.6496904751299396 0.7468334845925194
0.6537308791703437 0.7468334845925194
0.6577712832107476 0.7468334845925194
0.6618116872511517 0.7468334845925194
0.6658520912915558 0.7468334845925194
0.6698924953319598 0.7468334845925194
0.6739328993723639 0.7468334845925194
0.677973303412768 0.7468334845925194
0.6820137074531719 0.7468334845925194
0.6375692630087275 0.7508738886329235
0.6416096670491316 0.7508738886329235
0.6456500710895356 0.7508738886329235
0.6496904751299396 0.7508738886329235
0.6537308791703437 0.7508738886329235
0.6577712832107476 0.7508738886329235
0.6618116872511517 0.7508738886329235
0.6658520912915558 0.7508738886329235
0.6698924953319598 0.7508738886329235
0.6739328993723639 0.7508738886329235
0.677973303412768 0.7508738886329235
0.6335288589683234 0.7549142926733274
0.6375692630087275 0.7549142926733274
0.6416096670491316 0.7549142926733274
0.6456500710895356 0.7549142926733274
0.6496904751299396 0.7549142926733274
0.6537308791703437 0.7549142926733274
0.6577712832107476 0.7549142926733274
0.6618116872511517 0.7549142926733274
0.6658520912915558 0.7549142926733274
0.6698924953319598 0.7549142926733274
0.6739328993723639 0.7549142926733274
0.6294884549279194 0.7589546967137315
0.6335288589683234 0.7589546967137315
0.6375692630087275 0.7589546967137315
0.6416096670491316 0.7589546967137315
0.6456500710895356 0.7589546967137315
0.6496904751299396 0.7589546967137315
0.6537308791703437 0.7589546967137315
0.6577712832107476 0.7589546967137315
0.6618116872511517 0.7589546967137315
0.6658520912915558 0.7589546967137315
0.6214076468471113 0.7629951007541356
0.6254480508875153 0.7629951007541356
0.6294884549279194 0.7629951007541356
0.6335288589683234 0.7629951007541356
0.6375692630087275 0.7629951007541356
0.6416096670491316 0.7629951007541356
0.6456500710895356 0.7629951007541356
0.6496904751299396 0.7629951007541356
0.6537308791703437 0.7629951007541356
0.6577712832107476 0.7629951007541356
0.6618116872511517 0.7629951007541356
0.6658520912915558 0.7629951007541356
0.6173672428067073 0.7670355047945396
0.6214076468471113 0.7670355047945396
0.6254480508875153 0.7670355047945396
0.6294884549279194 0.7670355047945396
0.6335288589683234 0.7670355047945396
0.6375692630087275 0.7670355047945396
0.6416096670491316 0.7670355047945396
0.6456500710895356 0.7670355047945396
0.6496904751299396 0.7670355047945396
0.6537308791703437 0.7670355047945396
0.6577712832107476 0.7670355047945396
0.6618116872511517 0.7670355047945396
0.6133268387663032 0.7710759088349436
0.6173672428067073 0.7710759088349436
0.6214076468471113 0.7710759088349436
0.6254480508875153 0.7710759088349436
0.6294884549279194 0.7710759088349436
0.6335288589683234 0.7710759088349436
0.6375692630087275 0.7710759088349436
0.6416096670491316 0.7710759088349436
0.6456500710895356 0.7710759088349436
0.6496904751299396 0.7710759088349436
0.6537308791703437 0.7710759088349436
0.6577712832107476 0.7710759088349436
0.6092864347258993 0.7751163128753477
0.6133268387663032 0.7751163128753477
0.6173672428067073 0.7751163128753477
0.6214076468471113 0.7751163128753477
0.6254480508875153 0.7751163128753477
0.6294884549279194 0.7751163128753477
0.6335288589683234 0.7751163128753477
0.6375692630087275 0.7751163128753477
0.6416096670491316 0.7751163128753477
0.6456500710895356 0.7751163128753477
0.6496904751299396 0.7751163128753477
0.6012056266450911 0.7791567169157517
0.6052460306854952 0.7791567169157517
0.6092864347258993 0.7791567169157517
0.6133268387663032 0.7791567169157517
0.6173672428067073 0.7791567169157517
0.6214076468471113 0.7791567169157517
0.6254480508875153 0.7791567169157517
0.6294884549279194 0.7791567169157517
0.6335288589683234 0.7791567169157517
0.6375692630087275 0.7791567169157517
0.6416096670491316 0.7791567169157517
0.6456500710895356 0.7791567169157517
0.593124818564283 0.7831971209561558
0.5971652226046871 0.7831971209561558
0.6012056266450911 0.7831971209561558
0.6052460306854952 0.7831971209561558
0.6092864347258993 0.7831971209561558
0.6133268387663032 0.7831971209561558
0.6173672428067073 0.7831971209561558
0.6214076468471113 0.7831971209561558
0.6254480508875153 0.7831971209561558
0.6294884549279194 0.7831971209561558
0.6335288589683234 0.7831971209561558
0.6375692630087275 0.7831971209561558
0.6416096670491316 0.7831971209561558
0.593124818564283 0.7872375249965597
0.5971652226046871 0.7872375249965597
0.6012056266450911 0.7872375249965597
0.6052460306854952 0.7872375249965597
0.6092864347258993 0.7872375249965597
0.6133268387663032 0.7872375249965597
0.6173672428067073 0.7872375249965597
0.6214076468471113 0.7872375249965597
0.6254480508875153 0.7872375249965597
0.6294884549279194 0.7872375249965597
0.6335288589683234 0.7872375249965597
0.6375692630087275 0.7872375249965597
0.5810036064430709 0.7912779290369638
0.5890844145238789 0.7912779290369638
0.593124818564283 0.7912779290369638
0.5971652226046871 0.7912779290369638
0.6012056266450911 0.7912779290369638
0.6052460306854952 0.7912779290369638
0.6092864347258993 0.7912779290369638
0.6133268387663032 0.7912779290369638
0.6173672428067073 0.7912779290369638
0.6214076468471113 0.7912779290369638
0.6254480508875153 0.7912779290369638
0.6294884549279194 0.7912779290369638
0.5810036064430709 0.7953183330773679
0.585044010483475 0.7953183330773679
0.5890844145238789 0.7953183330773679
0.593124818564283 0.7953183330773679
0.5971652226046871 0.7953183330773679
0.6012056266450911 0.7953183330773679
0.6052460306854952 0.7953183330773679
0.6092864347258993 0.7953183330773679
0.6133268387663032 0.7953183330773679
0.6173672428067073 0.7953183330773679
0.6214076468471113 0.7953183330773679
0.6254480508875153 0.7953183330773679
0.576963202402667 0.799358737117772
0.5810036064430709 0.799358737117772
0.585044010483475 0.799358737117772
0.5890844145238789 0.799358737117772
0.593124818564283 0.799358737117772
0.5971652226046871 0.799358737117772
0.6012056266450911 0.799358737117772
0.6052460306854952 0.799358737117772
0.6092864347258993 0.799358737117772
0.6133268387663032 0.799358737117772
0.6173672428067073 0.799358737117772
0.6214076468471113 0.799358737117772
0.5729227983622629 0.803399141158176
0.576963202402667 0.803399141158176
0.5810036064430709 0.803399141158176
0.585044010483475 0.803399141158176
0.5890844145238789 0.803399141158176
0.593124818564283 0.803399141158176
0.5971652226046871 0.803399141158176
0.6012056266450911 0.803399141158176
0.6052460306854952 0.803399141158176
0.6092864347258993 0.803399141158176
0.6133268387663032 0.803399141158176
0.6173672428067073 0.803399141158176
0.5648419902814548 0.80743954519858
0.5688823943218588 0.80743954519858
0.5729227983622629 0.80743954519858
0.576963202402667 0.80743954519858
0.5810036064430709 0.80743954519858
0.585044010483475 0.80743954519858
0.5890844145238789 0.80743954519858
0.593124818564283 0.80743954519858
0.5971652226046871 0.80743954519858
0.6012056266450911 0.80743954519858
0.6052460306854952 0.80743954519858
0.6092864347258993 0.80743954519858
0.6133268387663032 0.80743954519858
0.5608015862410507 0.811479949238984
0.5648419902814548 0.811479949238984
0.5688823943218588 0.811479949238984
0.5729227983622629 0.811479949238984
0.576963202402667 0.811479949238984
0.5810036064430709 0.811479949238984
0.585044010483475 0.811479949238984
0.5890844145238789 0.811479949238984
0.593124818564283 0.811479949238984
0.5971652226046871 0.811479949238984
0.6012056266450911 0.811479949238984
0.6052460306854952 0.811479949238984
0.5527207781602426 0.8155203532793881
0.5567611822006466 0.8155203532793881
0.5608015862410507 0.8155203532793881
0.5648419902814548 0.8155203532793881
0.5688823943218588 0.8155203532793881
0.5729227983622629 0.8155203532793881
0.576963202402667 0.8155203532793881
0.5810036064430709 0.8155203532793881
0.585044010483475 0.8155203532793881
0.5890844145238789 0.8155203532793881
0.593124818564283 0.8155203532793881
0.5971652226046871 0.8155203532793881
0.5446399700794345 0.819560757319792
0.5486803741198386 0.819560757319792
0.5527207781602426 0.819560757319792
0.5567611822006466 0.819560757319792
0.5608015862410507 0.819560757319792
0.5648419902814548 0.819560757319792
0.5688823943218588 0.819560757319792
0.5729227983622629 0.819560757319792
0.576963202402667 0.819560757319792
0.5810036064430709 0.819560757319792
0.585044010483475 0.819560757319792
0.5890844145238789 0.819560757319792
0.593124818564283 0.819560757319792
0.5971652226046871 0.819560757319792
0.5405995660390306 0.8236011613601961
0.5446399700794345 0.8236011613601961
0.5486803741198386 0.8236011613601961
0.5527207781602426 0.8236011613601961
0.5567611822006466 0.8236011613601961
0.5608015862410507 0.8236011613601961
0.5648419902814548 0.8236011613601961
0.5688823943218588 0.8236011613601961
0.5729227983622629 0.8236011613601961
0.576963202402667 0.8236011613601961
0.5810036064430709 0.8236011613601961
0.585044010483475 0.8236011613601961
0.5890844145238789 0.8236011613601961
0.593124818564283 0.8236011613601961
0.5325187579582225 0.8276415654006002
0.5365591619986265 0.8276415654006002
0.5405995660390306 0.8276415654006002
0.5446399700794345 0.8276415654006002
0.5486803741198386 0.8276415654006002
0.5527207781602426 0.8276415654006002
0.5567611822006466 0.8276415654006002
0.5608015862410507 0.8276415654006002
0.5648419902814548 0.8276415654006002
0.5688823943218588 0.8276415654006002
0.5729227983622629 0.8276415654006002
0.576963202402667 0.8276415654006002
0.5810036064430709 0.8276415654006002
0.585044010483475 0.8276415654006002
0.5890844145238789 0.8276415654006002
0.5284783539178184 0.8316819694410043
0.5325187579582225 0.8316819694410043
0.5365591619986265 0.8316819694410043
0.5405995660390306 0.8316819694410043
0.5446399700794345 0.8316819694410043
0.5486803741198386 0.8316819694410043
0.5527207781602426 0.8316819694410043
0.5567611822006466 0.8316819694410043
0.5608015862410507 0.8316819694410043
0.5648419902814548 0.8316819694410043
0.5688823943218588 0.8316819694410043
0.5729227983622629 0.8316819694410043
0.576963202402667 0.8316819694410043
0.5203975458370103 0.8357223734814083
0.5244379498774143 0.8357223734814083
0.5284783539178184 0.8357223734814083
0.5325187579582225 0.8357223734814083
0.5365591619986265 0.8357223734814083
0.5405995660390306 0.8357223734814083
0.5446399700794345 0.8357223734814083
0.5486803741198386 0.8357223734814083
0.5527207781602426 0.8357223734814083
0.5567611822006466 0.8357223734814083
0.5608015862410507 0.8357223734814083
0.5648419902814548 0.8357223734814083
0.5688823943218588 0.8357223734814083
0.5729227983622629 0.8357223734814083
0.5163571417966063 0.8397627775218124
0.5203975458370103 0.8397627775218124
0.5244379498774143 0.8397627775218124
0.5284783539178184 0.8397627775218124
0.5325187579582225 0.8397627775218124
0.5365591619986265 0.8397627775218124
0.5405995660390306 0.8397627775218124
0.5446399700794345 0.8397627775218124
0.5486803741198386 0.8397627775218124
0.5527207781602426 0.8397627775218124
0.5567611822006466 0.8397627775218124
0.5608015862410507 0.8397627775218124
0.5648419902814548 0.8397627775218124
0.5082763337157982 0.8438031815622163
0.5123167377562022 0.8438031815622163
0.5163571417966063 0.8438031815622163
0.5203975458370103 0.8438031815622163
0.5244379498774143 0.8438031815622163
0.5284783539178184 0.8438031815622163
0.5325187579582225 0.8438031815622163
0.5365591619986265 0.8438031815622163
0.5405995660390306 0.8438031815622163
0.5446399700794345 0.8438031815622163
0.5486803741198386 0.8438031815622163
0.5527207781602426 0.8438031815622163
0.5567611822006466 0.8438031815622163
0.5648419902814548 0.8438031815622163
0.5001955256349901 0.8478435856026204
0.5042359296753942 0.8478435856026204
0.5082763337157982 0.8478435856026204
0.5123167377562022 0.8478435856026204
0.5163571417966063 0.8478435856026204
0.5203975458370103 0.8478435856026204
0.5244379498774143 0.8478435856026204
0.5284783539178184 0.8478435856026204
0.5325187579582225 0.8478435856026204
0.5365591619986265 0.8478435856026204
0.5405995660390306 0.8478435856026204
0.5446399700794345 0.8478435856026204
0.5486803741198386 0.8478435856026204
0.5527207781602426 0.8478435856026204
0.4961551215945861 0.8518839896430245
0.5001955256349901 0.8518839896430245
0.5042359296753942 0.8518839896430245
0.5082763337157982 0.8518839896430245
0.5123167377562022 0.8518839896430245
0.5163571417966063 0.8518839896430245
0.5203975458370103 0.8518839896430245
0.5244379498774143 0.8518839896430245
0.5284783539178184 0.8518839896430245
0.5325187579582225 0.8518839896430245
0.5365591619986265 0.8518839896430245
0.5405995660390306 0.8518839896430245
0.5446399700794345 0.8518839896430245
0.5527207781602426 0.8518839896430245
0.484033909473374 0.8559243936834284
0.492114717554182 0.8559243936834284
0.4961551215945861 0.8559243936834284
0.5001955256349901 0.8559243936834284
0.5042359296753942 0.8559243936834284
0.5082763337157982 0.8559243936834284
0.5123167377562022 0.8559243936834284
0.5163571417966063 0.8559243936834284
0.5203975458370103 0.8559243936834284
0.5244379498774143 0.8559243936834284
0.5284783539178184 0.8559243936834284
0.5325187579582225 0.8559243936834284
0.5365591619986265 0.8559243936834284
0.5405995660390306 0.8559243936834284
0.5446399700794345 0.8559243936834284
0.4799935054329699 0.8599647977238325
0.484033909473374 0.8599647977238325
0.488074313513778 0.8599647977238325
0.492114717554182 0.8599647977238325
0.4961551215945861 0.8599647977238325
0.5001955256349901 0.8599647977238325
0.5042359296753942 0.8599647977238325
0.5082763337157982 0.8599647977238325
0.5123167377562022 0.8599647977238325
0.5163571417966063 0.8599647977238325
0.5203975458370103 0.8599647977238325
0.5244379498774143 0.8599647977238325
0.5284783539178184 0.8599647977238325
0.5325187579582225 0.8599647977238325
0.5365591619986265 0.8599647977238325
0.46787229331175784 0.8640052017642366
0.47595310139256586 0.8640052017642366
0.4799935054329699 0.8640052017642366
0.484033909473374 0.8640052017642366
0.488074313513778 0.8640052017642366
0.492114717554182 0.8640052017642366
0.4961551215945861 0.8640052017642366
0.5001955256349901 0.8640052017642366
0.5042359296753942 0.8640052017642366
0.5082763337157982 0.8640052017642366
0.5123167377562022 0.8640052017642366
0.5163571417966063 0.8640052017642366
0.5203975458370103 0.8640052017642366
0.5244379498774143 0.8640052017642366
0.5284783539178184 0.8640052017642366
0.5325187579582225 0.8640052017642366
0.46383188927135377 0.8680456058046406
0.46787229331175784 0.8680456058046406
0.47191269735216185 0.8680456058046406
0.47595310139256586 0.8680456058046406
0.4799935054329699 0.8680456058046406
0.484033909473374 0.8680456058046406
0.488074313513778 0.8680456058046406
0.492114717554182 0.8680456058046406
0.4961551215945861 0.8680456058046406
0.5001955256349901 0.8680456058046406
0.5042359296753942 0.8680456058046406
0.5082763337157982 0.8680456058046406
0.5123167377562022 0.8680456058046406
0.5163571417966063 0.8680456058046406
0.5203975458370103 0.8680456058046406
0.5244379498774143 0.8680456058046406
0.4517106771501416 0.8720860098450447
0.45575108119054564 0.8720860098450447
0.4597914852309497 0.8720860098450447
0.46383188927135377 0.8720860098450447
0.46787229331175784 0.8720860098450447
0.47191269735216185 0.8720860098450447
0.47595310139256586 0.8720860098450447
0.4799935054329699 0.8720860098450447
0.484033909473374 0.8720860098450447
0.488074313513778 0.8720860098450447
0.492114717554182 0.8720860098450447
0.4961551215945861 0.8720860098450447
0.5001955256349901 0.8720860098450447
0.5042359296753942 0.8720860098450447
0.5082763337157982 0.8720860098450447
0.5123167377562022 0.8720860098450447
0.4517106771501416 0.8761264138854487
0.45575108119054564 0.8761264138854487
0.4597914852309497 0.8761264138854487
0.46383188927135377 0.8761264138854487
0.46787229331175784 0.8761264138854487
0.47191269735216185 0.8761264138854487
0.47595310139256586 0.8761264138854487
0.4799935054329699 0.8761264138854487
0.484033909473374 0.8761264138854487
0.488074313513778 0.8761264138854487
0.492114717554182 0.8761264138854487
0.4961551215945861 0.8761264138854487
0.5001955256349901 0.8761264138854487
0.5042359296753942 0.8761264138854487
0.5163571417966063 0.8761264138854487
0.4395894650289295 0.8801668179258527
0.44362986906933355 0.8801668179258527
0.4476702731097376 0.8801668179258527
0.4517106771501416 0.8801668179258527
0.45575108119054564 0.8801668179258527
0.4597914852309497 0.8801668179258527
0.46383188927135377 0.8801668179258527
0.46787229331175784 0.8801668179258527
0.47191269735216185 0.8801668179258527
0.47595310139256586 0.8801668179258527
0.4799935054329699 0.8801668179258527
0.484033909473374 0.8801668179258527
0.488074313513778 0.8801668179258527
0.492114717554182 0.8801668179258527
0.4961551215945861 0.8801668179258527
0.5001955256349901 0.8801668179258527
0.5042359296753942 0.8801668179258527
0.43150865694812146 0.8842072219662568
0.43554906098852547 0.8842072219662568
0.4395894650289295 0.8842072219662568
0.44362986906933355 0.8842072219662568
0.4476702731097376 0.8842072219662568
0.4517106771501416 0.8842072219662568
0.45575108119054564 0.8842072219662568
0.4597914852309497 0.8842072219662568
0.46383188927135377 0.8842072219662568
0.46787229331175784 0.8842072219662568
0.47191269735216185 0.8842072219662568
0.47595310139256586 0.8842072219662568
0.4799935054329699 0.8842072219662568
0.484033909473374 0.8842072219662568
0.488074313513778 0.8842072219662568
0.492114717554182 0.8842072219662568
0.4961551215945861 0.8842072219662568
0.4274682529077174 0.8882476260066607
0.43150865694812146 0.8882476260066607
0.43554906098852547 0.8882476260066607
0.4395894650289295 0.8882476260066607
0.44362986906933355 0.8882476260066607
0.4476702731097376 0.8882476260066607
0.4517106771501416 0.8882476260066607
0.45575108119054564 0.8882476260066607
0.4597914852309497 0.8882476260066607
0.46383188927135377 0.8882476260066607
0.46787229331175784 0.8882476260066607
0.47191269735216185 0.8882476260066607
0.47595310139256586 0.8882476260066607
0.4799935054329699 0.8882476260066607
0.484033909473374 0.8882476260066607
0.488074313513778 0.8882476260066607
0.4153470407865053 0.8922880300470648
0.4193874448269093 0.8922880300470648
0.42342784886731333 0.8922880300470648
0.4274682529077174 0.8922880300470648
0.43150865694812146 0.8922880300470648
0.43554906098852547 0.8922880300470648
0.4395894650289295 0.8922880300470648
0.44362986906933355 0.8922880300470648
0.4476702731097376 0.8922880300470648
0.4517106771501416 0.8922880300470648
0.45575108119054564 0.8922880300470648
0.4597914852309497 0.8922880300470648
0.46383188927135377 0.8922880300470648
0.46787229331175784 0.8922880300470648
0.47191269735216185 0.8922880300470648
0.47595310139256586 0.8922880300470648
0.488074313513778 0.8922880300470648
0.4072662327056972 0.8963284340874689
0.41130663674610124 0.8963284340874689
0.4153470407865053 0.8963284340874689
0.4193874448269093 0.8963284340874689
0.42342784886731333 0.8963284340874689
0.4274682529077174 0.8963284340874689
0.43150865694812146 0.8963284340874689
0.43554906098852547 0.8963284340874689
0.4395894650289295 0.8963284340874689
0.44362986906933355 0.8963284340874689
0.4476702731097376 0.8963284340874689
0.4517106771501416 0.8963284340874689
0.45575108119054564 0.8963284340874689
0.4597914852309497 0.8963284340874689
0.46383188927135377 0.8963284340874689
0.46787229331175784 0.8963284340874689
0.47191269735216185 0.8963284340874689
0.4799935054329699 0.8963284340874689
0.3991854246248891 0.9003688381278729
0.40322582866529316 0.9003688381278729
0.4072662327056972 0.9003688381278729
0.41130663674610124 0.9003688381278729
0.4153470407865053 0.9003688381278729
0.4193874448269093 0.9003688381278729
0.42342784886731333 0.9003688381278729
0.4274682529077174 0.9003688381278729
0.43150865694812146 0.9003688381278729
0.43554906098852547 0.9003688381278729
0.4395894650289295 0.9003688381278729
0.44362986906933355 0.9003688381278729
0.4476702731097376 0.9003688381278729
0.4517106771501416 0.9003688381278729
0.45575108119054564 0.9003688381278729
0.4597914852309497 0.9003688381278729
0.387064212503677 0.904409242168277
0.391104616544081 0.904409242168277
0.3951450205844851 0.904409242168277
0.3991854246248891 0.904409242168277
0.40322582866529316 0.904409242168277
0.4072662327056972 0.904409242168277
0.41130663674610124 0.904409242168277
0.4153470407865053 0.904409242168277
0.4193874448269093 0.904409242168277
0.42342784886731333 0.904409242168277
0.4274682529077174 0.904409242168277
0.43150865694812146 0.904409242168277
0.43554906098852547 0.904409242168277
0.4395894650289295 0.904409242168277
0.44362986906933355 0.904409242168277
0.4476702731097376 0.904409242168277
0.4517106771501416 0.904409242168277
0.37898340442286893 0.9084496462086811
0.38302380846327294 0.9084496462086811
0.387064212503677 0.9084496462086811
0.391104616544081 0.9084496462086811
0.3951450205844851 0.9084496462086811
0.3991854246248891 0.9084496462086811
0.40322582866529316 0.9084496462086811
0.4072662327056972 0.9084496462086811
0.41130663674610124 0.9084496462086811
0.4153470407865053 0.9084496462086811
0.4193874448269093 0.9084496462086811
0.42342784886731333 0.9084496462086811
0.4274682529077174 0.9084496462086811
0.43150865694812146 0.9084496462086811
0.43554906098852547 0.9084496462086811
0.4395894650289295 0.9084496462086811
0.44362986906933355 0.9084496462086811
0.4476702731097376 0.9084496462086811
0.3668621923016568 0.912490050249085
0.3709025963420608 0.912490050249085
0.37494300038246486 0.912490050249085
0.37898340442286893 0.912490050249085
0.38302380846327294 0.912490050249085
0.387064212503677 0.912490050249085
0.391104616544081 0.912490050249085
0.3951450205844851 0.912490050249085
0.3991854246248891 0.912490050249085
0.40322582866529316 0.912490050249085
0.4072662327056972 0.912490050249085
0.41130663674610124 0.912490050249085
0.4153470407865053 0.912490050249085
0.4193874448269093 0.912490050249085
0.42342784886731333 0.912490050249085
0.4274682529077174 0.912490050249085
0.43150865694812146 0.912490050249085
0.43554906098852547 0.912490050249085
0.35474098018044464 0.9165304542894891
0.3587813842208487 0.9165304542894891
0.3628217882612528 0.9165304542894891
0.3668621923016568 0.9165304542894891
0.3709025963420608 0.9165304542894891
0.37494300038246486 0.9165304542894891
0.37898340442286893 0.9165304542894891
0.38302380846327294 0.9165304542894891
0.387064212503677 0.9165304542894891
0.391104616544081 0.9165304542894891
0.3951450205844851 0.9165304542894891
0.3991854246248891 0.9165304542894891
0.40322582866529316 0.9165304542894891
0.4072662327056972 0.9165304542894891
0.41130663674610124 0.9165304542894891
0.4153470407865053 0.9165304542894891
0.4193874448269093 0.9165304542894891
0.42342784886731333 0.9165304542894891
0.4274682529077174 0.9165304542894891
0.43150865694812146 0.9165304542894891
0.3466601720996366 0.920570858329893
0.35070057614004063 0.920570858329893
0.35474098018044464 0.920570858329893
0.3587813842208487 0.920570858329893
0.3628217882612528 0.920570858329893
0.3668621923016568 0.920570858329893
0.3709025963420608 0.920570858329893
0.37494300038246486 0.920570858329893
0.37898340442286893 0.920570858329893
0.38302380846327294 0.920570858329893
0.387064212503677 0.920570858329893
0.391104616544081 0.920570858329893
0.3951450205844851 0.920570858329893
0.3991854246248891 0.920570858329893
0.40322582866529316 0.920570858329893
0.4072662327056972 0.920570858329893
0.41130663674610124 0.920570858329893
0.4153470407865053 0.920570858329893
0.4193874448269093 0.920570858329893
0.3304985559380204 0.9246112623702971
0.3345389599784245 0.9246112623702971
0.3385793640188285 0.9246112623702971
0.34261976805923255 0.9246112623702971
0.3466601720996366 0.9246112623702971
0.35070057614004063 0.9246112623702971
0.35474098018044464 0.9246112623702971
0.3587813842208487 0.9246112623702971
0.3628217882612528 0.9246112623702971
0.3668621923016568 0.9246112623702971
0.3709025963420608 0.9246112623702971
0.37494300038246486 0.9246112623702971
0.37898340442286893 0.9246112623702971
0.38302380846327294 0.9246112623702971
0.387064212503677 0.9246112623702971
0.391104616544081 0.9246112623702971
0.3951450205844851 0.9246112623702971
0.3991854246248891 0.9246112623702971
0.40322582866529316 0.9246112623702971
0.4072662327056972 0.9246112623702971
0.41130663674610124 0.9246112623702971
0.4153470407865053 0.9246112623702971
0.3304985559380204 0.9286516664107012
0.3345389599784245 0.9286516664107012
0.3385793640188285 0.9286516664107012
0.34261976805923255 0.9286516664107012
0.3466601720996366 0.9286516664107012
0.35070057614004063 0.9286516664107012
0.35474098018044464 0.9286516664107012
0.3587813842208487 0.9286516664107012
0.3628217882612528 0.9286516664107012
0.3668621923016568 0.9286516664107012
0.3709025963420608 0.9286516664107012
0.37494300038246486 0.9286516664107012
0.37898340442286893 0.9286516664107012
0.38302380846327294 0.9286516664107012
0.387064212503677 0.9286516664107012
0.391104616544081 0.9286516664107012
0.3951450205844851 0.9286516664107012
0.3991854246248891 0.9286516664107012
0.40322582866529316 0.9286516664107012
0.31837734381680827 0.9326920704511052
0.32241774785721233 0.9326920704511052
0.3264581518976164 0.9326920704511052
0.3304985559380204 0.9326920704511052
0.3345389599784245 0.9326920704511052
0.3385793640188285 0.9326920704511052
0.34261976805923255 0.9326920704511052
0.3466601720996366 0.9326920704511052
0.35070057614004063 0.9326920704511052
0.35474098018044464 0.9326920704511052
0.3587813842208487 0.9326920704511052
0.3628217882612528 0.9326920704511052
0.3668621923016568 0.9326920704511052
0.3709025963420608 0.9326920704511052
0.37494300038246486 0.9326920704511052
0.37898340442286893 0.9326920704511052
0.38302380846327294 0.9326920704511052
0.387064212503677 0.9326920704511052
0.391104616544081 0.9326920704511052
0.3951450205844851 0.9326920704511052
0.3062561316955962 0.9367324744915093
0.31029653573600025 0.9367324744915093
0.31433693977640426 0.9367324744915093
0.31837734381680827 0.9367324744915093
0.32241774785721233 0.9367324744915093
0.3264581518976164 0.9367324744915093
0.3304985559380204 0.9367324744915093
0.3345389599784245 0.9367324744915093
0.3385793640188285 0.9367324744915093
0.34261976805923255 0.9367324744915093
0.3466601720996366 0.9367324744915093
0.35070057614004063 0.9367324744915093
0.35474098018044464 0.9367324744915093
0.3587813842208487 0.9367324744915093
0.3628217882612528 0.9367324744915093
0.3668621923016568 0.9367324744915093
0.3709025963420608 0.9367324744915093
0.37494300038246486 0.9367324744915093
0.37898340442286893 0.9367324744915093
0.38302380846327294 0.9367324744915093
0.2981753236147881 0.9407728785319134
0.3022157276551921 0.9407728785319134
0.3062561316955962 0.9407728785319134
0.31029653573600025 0.9407728785319134
0.31433693977640426 0.9407728785319134
0.31837734381680827 0.9407728785319134
0.32241774785721233 0.9407728785319134
0.3264581518976164 0.9407728785319134
0.3304985559380204 0.9407728785319134
0.3345389599784245 0.9407728785319134
0.3385793640188285 0.9407728785319134
0.34261976805923255 0.9407728785319134
0.3466601720996366 0.9407728785319134
0.35070057614004063 0.9407728785319134
0.35474098018044464 0.9407728785319134
0.3587813842208487 0.9407728785319134
0.3628217882612528 0.9407728785319134
0.3668621923016568 0.9407728785319134
0.3709025963420608 0.9407728785319134
0.37494300038246486 0.9407728785319134
0.2981753236147881 0.9448132825723174
0.3022157276551921 0.9448132825723174
0.3062561316955962 0.9448132825723174
0.31029653573600025 0.9448132825723174
0.31433693977640426 0.9448132825723174
0.31837734381680827 0.9448132825723174
0.32241774785721233 0.9448132825723174
0.3264581518976164 0.9448132825723174
0.3304985559380204 0.9448132825723174
0.3345389599784245 0.9448132825723174
0.3385793640188285 0.9448132825723174
0.34261976805923255 0.9448132825723174
0.3466601720996366 0.9448132825723174
0.35070057614004063 0.9448132825723174
0.35474098018044464 0.9448132825723174
0.3587813842208487 0.9448132825723174
0.3628217882612528 0.9448132825723174
0.2981753236147881 0.9488536866127214
0.3022157276551921 0.9488536866127214
0.3062561316955962 0.9488536866127214
0.31029653573600025 0.9488536866127214
0.31433693977640426 0.9488536866127214
0.31837734381680827 0.9488536866127214
0.32241774785721233 0.9488536866127214
0.3264581518976164 0.9488536866127214
0.3304985559380204 0.9488536866127214
0.3345389599784245 0.9488536866127214
0.3385793640188285 0.9488536866127214
0.34261976805923255 0.9488536866127214
0.3466601720996366 0.9488536866127214
0.35070057614004063 0.9488536866127214
0.2981753236147881 0.9528940906531255
0.3022157276551921 0.9528940906531255
0.3062561316955962 0.9528940906531255
0.31029653573600025 0.9528940906531255
0.31433693977640426 0.9528940906531255
0.31837734381680827 0.9528940906531255
0.32241774785721233 0.9528940906531255
0.3264581518976164 0.9528940906531255
0.3304985559380204 0.9528940906531255
0.3345389599784245 0.9528940906531255
0.3385793640188285 0.9528940906531255
0.2981753236147881 0.9569344946935294
0.3022157276551921 0.9569344946935294
0.3062561316955962 0.9569344946935294
0.31029653573600025 0.9569344946935294
0.31433693977640426 0.9569344946935294
0.31837734381680827 0.9569344946935294
0.32241774785721233 0.9569344946935294
0.3264581518976164 0.9569344946935294
0.3304985559380204 0.9569344946935294
0.2981753236147881 0.9609748987339335
0.3022157276551921 0.9609748987339335
0.3062561316955962 0.9609748987339335
0.31029653573600025 0.9609748987339335
0.31433693977640426 0.9609748987339335
0.31837734381680827 0.9609748987339335
0.32241774785721233 0.9609748987339335
0.2981753236147881 0.9650153027743376
0.3022157276551921 0.9650153027743376
0.3062561316955962 0.9650153027743376
