# x y
0.699984930138552 0.7145102522692871
0.6959445260981479 0.7185506563096911
0.691904122057744 0.7225910603500951
0.6878637180173399 0.7266314643904992
0.6838233139769359 0.7306718684309033
0.6797829099365318 0.7347122724713073
0.6717021018557237 0.7387526765117113
0.6757425058961277 0.7387526765117113
0.6676616978153196 0.7427930805521153
0.6717021018557237 0.7427930805521153
0.6636212937749156 0.7468334845925194
0.6595808897345116 0.7508738886329235
0.6555404856941076 0.7549142926733274
0.6515000816537035 0.7589546967137315
0.6474596776132995 0.7629951007541356
0.6393788695324913 0.7670355047945396
0.6434192735728954 0.7670355047945396
0.6353384654920873 0.7710759088349436
0.6312980614516833 0.7751163128753477
0.6272576574112793 0.7791567169157517
0.6232172533708752 0.7831971209561558
0.6151364452900672 0.7872375249965597
0.6191768493304712 0.7872375249965597
0.6110960412496631 0.7912779290369638
0.607055637209259 0.7953183330773679
0.5989748291284509 0.799358737117772
0.603015233168855 0.799358737117772
0.594934425088047 0.803399141158176
0.5908940210476429 0.80743954519858
0.5828132129668349 0.811479949238984
0.5868536170072389 0.811479949238984
0.5787728089264308 0.8155203532793881
0.5706920008456227 0.819560757319792
0.5747324048860267 0.819560757319792
0.5666515968052186 0.8236011613601961
0.5585707887244106 0.8276415654006002
0.5626111927648146 0.8276415654006002
0.5545303846840065 0.8316819694410043
0.5464495766031985 0.8357223734814083
0.5504899806436026 0.8357223734814083
0.5424091725627944 0.8397627775218124
0.5343283644819863 0.8438031815622163
0.5383687685223904 0.8438031815622163
0.5302879604415823 0.8478435856026204
0.5222071523607742 0.8518839896430245
0.5262475564011783 0.8518839896430245
0.5141263442799662 0.8559243936834284
0.5181667483203701 0.8559243936834284
0.5100859402395621 0.8599647977238325
0.502005132158754 0.8640052017642366
0.506045536199158 0.8640052017642366
0.49392432407794595 0.8680456058046406
0.49796472811834996 0.8680456058046406
0.4898839200375419 0.8720860098450447
0.4818031119567338 0.8761264138854487
0.47372230387592573 0.8801668179258527
0.4777627079163298 0.8801668179258527
0.46564149579511765 0.8842072219662568
0.46968189983552167 0.8842072219662568
0.4575606877143096 0.8882476260066607
0.4616010917547136 0.8882476260066607
0.44947987963350144 0.8922880300470648
0.4535202836739055 0.8922880300470648
0.4413990715526934 0.8963284340874689
0.44543947559309743 0.8963284340874689
0.4333182634718853 0.9003688381278729
0.43735866751228936 0.9003688381278729
0.42523745539107727 0.904409242168277
0.4292778594314813 0.904409242168277
0.41715664731026914 0.9084496462086811
0.4211970513506732 0.9084496462086811
0.40907583922946106 0.912490050249085
0.4131162432698651 0.912490050249085
0.39695462710824897 0.9165304542894891
0.400995031148653 0.9165304542894891
0.3888738190274409 0.920570858329893
0.3929142230678449 0.920570858329893
0.37675260690622875 0.9246112623702971
0.38079301094663276 0.9246112623702971
0.3848334149870368 0.9246112623702971
0.36867179882542067 0.9286516664107012
0.37271220286582474 0.9286516664107012
0.3565505867042086 0.9326920704511052
0.3605909907446126 0.9326920704511052
0.3646313947850166 0.9326920704511052
0.34846977862340045 0.9367324744915093
0.3525101826638045 0.9367324744915093
0.33634856650218836 0.9407728785319134
0.3403889705425924 0.9407728785319134
0.3242273543809762 0.9448132825723174
0.3282677584213803 0.9448132825723174
0.3323081624617843 0.9448132825723174
0.3121061422597641 0.9488536866127214
0.31614654630016814 0.9488536866127214
0.3201869503405722 0.9488536866127214
0.299984930138552 0.9528940906531255
0.30402533417895605 0.9528940906531255
0.30806573821936006 0.9528940906531255
