# x y
0.6999763443900626 0.7145102522692871
0.6959359403496586 0.7185506563096911
0.6918955363092545 0.7225910603500951
0.6878551322688504 0.7266314643904992
0.6838147282284464 0.7306718684309033
0.6757339201476383 0.7347122724713073
0.6797743241880424 0.7347122724713073
0.6716935161072344 0.7387526765117113
0.6757339201476383 0.7387526765117113
0.6676531120668303 0.7427930805521153
0.6716935161072344 0.7427930805521153
0.6636127080264262 0.7468334845925194
0.6676531120668303 0.7468334845925194
0.6595723039860222 0.7508738886329235
0.6555318999456181 0.7549142926733274
0.651491495905214 0.7589546967137315
0.643410687824406 0.7629951007541356
0.6474510918648101 0.7629951007541356
0.6393702837840021 0.7670355047945396
0.643410687824406 0.7670355047945396
0.635329879743598 0.7710759088349436
0.6393702837840021 0.7710759088349436
0.6312894757031939 0.7751163128753477
0.6272490716627899 0.7791567169157517
0.6191682635819817 0.7831971209561558
0.6232086676223858 0.7831971209561558
0.6151278595415777 0.7872375249965597
0.6191682635819817 0.7872375249965597
0.6110874555011737 0.7912779290369638
0.6030066474203657 0.7953183330773679
0.6070470514607696 0.7953183330773679
0.5989662433799616 0.799358737117772
0.6030066474203657 0.799358737117772
0.5949258393395576 0.803399141158176
0.5868450312587494 0.80743954519858
0.5908854352991535 0.80743954519858
0.5828046272183454 0.811479949238984
0.5868450312587494 0.811479949238984
0.5787642231779414 0.8155203532793881
0.5706834150971334 0.819560757319792
0.5747238191375373 0.819560757319792
0.5666430110567293 0.8236011613601961
0.5585622029759212 0.8276415654006002
0.5626026070163253 0.8276415654006002
0.5545217989355171 0.8316819694410043
0.5585622029759212 0.8316819694410043
0.5464409908547091 0.8357223734814083
0.550481394895113 0.8357223734814083
0.542400586814305 0.8397627775218124
0.5464409908547091 0.8397627775218124
0.534319778733497 0.8438031815622163
0.538360182773901 0.8438031815622163
0.5302793746930929 0.8478435856026204
0.5221985666122848 0.8518839896430245
0.5262389706526889 0.8518839896430245
0.5141177585314767 0.8559243936834284
0.5181581625718807 0.8559243936834284
0.5100773544910727 0.8599647977238325
0.5141177585314767 0.8599647977238325
0.5019965464102646 0.8640052017642366
0.5060369504506687 0.8640052017642366
0.49391573832945657 0.8680456058046406
0.4979561423698606 0.8680456058046406
0.48583493024864843 0.8720860098450447
0.4898753342890525 0.8720860098450447
0.4817945262082444 0.8761264138854487
0.48583493024864843 0.8761264138854487
0.47371371812743635 0.8801668179258527
0.4777541221678404 0.8801668179258527
0.46563291004662827 0.8842072219662568
0.4696733140870323 0.8842072219662568
0.4575521019658202 0.8882476260066607
0.4615925060062242 0.8882476260066607
0.44947129388501206 0.8922880300470648
0.4535116979254161 0.8922880300470648
0.44139048580420404 0.8963284340874689
0.44543088984460805 0.8963284340874689
0.4333096777233959 0.9003688381278729
0.43735008176379997 0.9003688381278729
0.4252288696425879 0.904409242168277
0.4292692736829919 0.904409242168277
0.41714806156177975 0.9084496462086811
0.4211884656021838 0.9084496462086811
0.40502684944056766 0.912490050249085
0.40906725348097167 0.912490050249085
0.41310765752137574 0.912490050249085
0.3969460413597596 0.9165304542894891
0.4009864454001636 0.9165304542894891
0.3888652332789515 0.920570858329893
0.3929056373193555 0.920570858329893
0.37674402115773936 0.9246112623702971
0.3807844251981434 0.9246112623702971
0.38482482923854744 0.9246112623702971
0.3686632130769313 0.9286516664107012
0.37270361711733535 0.9286516664107012
0.3565420009557192 0.9326920704511052
0.3605824049961232 0.9326920704511052
0.3646228090365272 0.9326920704511052
0.34442078883450705 0.9367324744915093
0.34846119287491106 0.9367324744915093
0.35250159691531513 0.9367324744915093
0.336339980753699 0.9407728785319134
0.340380384794103 0.9407728785319134
0.34442078883450705 0.9407728785319134
0.32421876863248683 0.9448132825723174
0.3282591726728909 0.9448132825723174
0.3322995767132949 0.9448132825723174
0.3120975565112747 0.9488536866127214
0.31613796055167875 0.9488536866127214
0.3201783645920828 0.9488536866127214
0.2999763443900626 0.9528940906531255
0.30401674843046667 0.9528940906531255
0.3080571524708707 0.9528940906531255
