# x y
0.6987610901757838 0.698348636107671
0.6947206861353797 0.702389040148075
0.6987610901757838 0.702389040148075
0.6906802820949758 0.706429444188479
0.6947206861353797 0.706429444188479
0.6987610901757838 0.706429444188479
0.6866398780545717 0.710469848228883
0.6906802820949758 0.710469848228883
0.6947206861353797 0.710469848228883
0.6987610901757838 0.710469848228883
0.6825994740141677 0.7145102522692871
0.6866398780545717 0.7145102522692871
0.6906802820949758 0.7145102522692871
0.6947206861353797 0.7145102522692871
0.6987610901757838 0.7145102522692871
0.6785590699737636 0.7185506563096911
0.6825994740141677 0.7185506563096911
0.6866398780545717 0.7185506563096911
0.6906802820949758 0.7185506563096911
0.6947206861353797 0.7185506563096911
0.6987610901757838 0.7185506563096911
0.6745186659333595 0.7225910603500951
0.6785590699737636 0.7225910603500951
0.6825994740141677 0.7225910603500951
0.6866398780545717 0.7225910603500951
0.6906802820949758 0.7225910603500951
0.6947206861353797 0.7225910603500951
0.6987610901757838 0.7225910603500951
0.6704782618929555 0.7266314643904992
0.6745186659333595 0.7266314643904992
0.6785590699737636 0.7266314643904992
0.6825994740141677 0.7266314643904992
0.6866398780545717 0.7266314643904992
0.6906802820949758 0.7266314643904992
0.6947206861353797 0.7266314643904992
0.6987610901757838 0.7266314643904992
0.6623974538121474 0.7306718684309033
0.6664378578525514 0.7306718684309033
0.6704782618929555 0.7306718684309033
0.6745186659333595 0.7306718684309033
0.6785590699737636 0.7306718684309033
0.6825994740141677 0.7306718684309033
0.6866398780545717 0.7306718684309033
0.6906802820949758 0.7306718684309033
0.6947206861353797 0.7306718684309033
0.6987610901757838 0.7306718684309033
0.6583570497717434 0.7347122724713073
0.6623974538121474 0.7347122724713073
0.6664378578525514 0.7347122724713073
0.6704782618929555 0.7347122724713073
0.6745186659333595 0.7347122724713073
0.6785590699737636 0.7347122724713073
0.6825994740141677 0.7347122724713073
0.6866398780545717 0.7347122724713073
0.6906802820949758 0.7347122724713073
0.6947206861353797 0.7347122724713073
0.6543166457313394 0.7387526765117113
0.6583570497717434 0.7387526765117113
0.6623974538121474 0.7387526765117113
0.6664378578525514 0.7387526765117113
0.6704782618929555 0.7387526765117113
0.6745186659333595 0.7387526765117113
0.6785590699737636 0.7387526765117113
0.6825994740141677 0.7387526765117113
0.6866398780545717 0.7387526765117113
0.6906802820949758 0.7387526765117113
0.6502762416909353 0.7427930805521153
0.6543166457313394 0.7427930805521153
0.6583570497717434 0.7427930805521153
0.6623974538121474 0.7427930805521153
0.6664378578525514 0.7427930805521153
0.6704782618929555 0.7427930805521153
0.6745186659333595 0.7427930805521153
0.6785590699737636 0.7427930805521153
0.6825994740141677 0.7427930805521153
0.6866398780545717 0.7427930805521153
0.6462358376505313 0.7468334845925194
0.6502762416909353 0.7468334845925194
0.6543166457313394 0.7468334845925194
0.6583570497717434 0.7468334845925194
0.6623974538121474 0.7468334845925194
0.6664378578525514 0.7468334845925194
0.6704782618929555 0.7468334845925194
0.6745186659333595 0.7468334845925194
0.6785590699737636 0.7468334845925194
0.6825994740141677 0.7468334845925194
0.6421954336101272 0.7508738886329235
0.6462358376505313 0.7508738886329235
0.6502762416909353 0.7508738886329235
0.6543166457313394 0.7508738886329235
0.6583570497717434 0.7508738886329235
0.6623974538121474 0.7508738886329235
0.6664378578525514 0.7508738886329235
0.6704782618929555 0.7508738886329235
0.6745186659333595 0.7508738886329235
0.6785590699737636 0.7508738886329235
0.6341146255293191 0.7549142926733274
0.6381550295697231 0.7549142926733274
0.6421954336101272 0.7549142926733274
0.6462358376505313 0.7549142926733274
0.6502762416909353 0.7549142926733274
0.6543166457313394 0.7549142926733274
0.6583570497717434 0.7549142926733274
0.6623974538121474 0.7549142926733274
0.6664378578525514 0.7549142926733274
0.6704782618929555 0.7549142926733274
0.6745186659333595 0.7549142926733274
0.6300742214889151 0.7589546967137315
0.6341146255293191 0.7589546967137315
0.6381550295697231 0.7589546967137315
0.6421954336101272 0.7589546967137315
0.6462358376505313 0.7589546967137315
0.6502762416909353 0.7589546967137315
0.6543166457313394 0.7589546967137315
0.6583570497717434 0.7589546967137315
0.6623974538121474 0.7589546967137315
0.6664378578525514 0.7589546967137315
0.626033817448511 0.7629951007541356
0.6300742214889151 0.7629951007541356
0.6341146255293191 0.7629951007541356
0.6381550295697231 0.7629951007541356
0.6421954336101272 0.7629951007541356
0.6462358376505313 0.7629951007541356
0.6502762416909353 0.7629951007541356
0.6543166457313394 0.7629951007541356
0.6583570497717434 0.7629951007541356
0.6623974538121474 0.7629951007541356
0.621993413408107 0.7670355047945396
0.626033817448511 0.7670355047945396
0.6300742214889151 0.7670355047945396
0.6341146255293191 0.7670355047945396
0.6381550295697231 0.7670355047945396
0.6421954336101272 0.7670355047945396
0.6462358376505313 0.7670355047945396
0.6502762416909353 0.7670355047945396
0.6543166457313394 0.7670355047945396
0.6583570497717434 0.7670355047945396
0.613912605327299 0.7710759088349436
0.617953009367703 0.7710759088349436
0.621993413408107 0.7710759088349436
0.626033817448511 0.7710759088349436
0.6300742214889151 0.7710759088349436
0.6341146255293191 0.7710759088349436
0.6381550295697231 0.7710759088349436
0.6421954336101272 0.7710759088349436
0.6462358376505313 0.7710759088349436
0.6502762416909353 0.7710759088349436
0.6543166457313394 0.7710759088349436
0.6098722012868949 0.7751163128753477
0.613912605327299 0.7751163128753477
0.617953009367703 0.7751163128753477
0.621993413408107 0.7751163128753477
0.626033817448511 0.7751163128753477
0.6300742214889151 0.7751163128753477
0.6341146255293191 0.7751163128753477
0.6381550295697231 0.7751163128753477
0.6421954336101272 0.7751163128753477
0.6462358376505313 0.7751163128753477
0.6502762416909353 0.7751163128753477
0.6058317972464908 0.7791567169157517
0.6098722012868949 0.7791567169157517
0.613912605327299 0.7791567169157517
0.617953009367703 0.7791567169157517
0.621993413408107 0.7791567169157517
0.626033817448511 0.7791567169157517
0.6300742214889151 0.7791567169157517
0.6341146255293191 0.7791567169157517
0.6381550295697231 0.7791567169157517
0.6421954336101272 0.7791567169157517
0.6462358376505313 0.7791567169157517
0.6017913932060868 0.7831971209561558
0.6058317972464908 0.7831971209561558
0.6098722012868949 0.7831971209561558
0.613912605327299 0.7831971209561558
0.617953009367703 0.7831971209561558
0.621993413408107 0.7831971209561558
0.626033817448511 0.7831971209561558
0.6300742214889151 0.7831971209561558
0.6341146255293191 0.7831971209561558
0.6381550295697231 0.7831971209561558
0.5977509891656827 0.7872375249965597
0.6017913932060868 0.7872375249965597
0.6058317972464908 0.7872375249965597
0.6098722012868949 0.7872375249965597
0.613912605327299 0.7872375249965597
0.617953009367703 0.7872375249965597
0.621993413408107 0.7872375249965597
0.626033817448511 0.7872375249965597
0.6300742214889151 0.7872375249965597
0.6341146255293191 0.7872375249965597
0.6381550295697231 0.7872375249965597
0.5896701810848747 0.7912779290369638
0.5937105851252787 0.7912779290369638
0.5977509891656827 0.7912779290369638
0.6017913932060868 0.7912779290369638
0.6058317972464908 0.7912779290369638
0.6098722012868949 0.7912779290369638
0.613912605327299 0.7912779290369638
0.617953009367703 0.7912779290369638
0.621993413408107 0.7912779290369638
0.626033817448511 0.7912779290369638
0.6300742214889151 0.7912779290369638
0.5856297770444707 0.7953183330773679
0.5896701810848747 0.7953183330773679
0.5937105851252787 0.7953183330773679
0.5977509891656827 0.7953183330773679
0.6017913932060868 0.7953183330773679
0.6058317972464908 0.7953183330773679
0.6098722012868949 0.7953183330773679
0.613912605327299 0.7953183330773679
0.617953009367703 0.7953183330773679
0.621993413408107 0.7953183330773679
0.626033817448511 0.7953183330773679
0.5775489689636626 0.799358737117772
0.5815893730040667 0.799358737117772
0.5856297770444707 0.799358737117772
0.5896701810848747 0.799358737117772
0.5937105851252787 0.799358737117772
0.5977509891656827 0.799358737117772
0.6017913932060868 0.799358737117772
0.6058317972464908 0.799358737117772
0.6098722012868949 0.799358737117772
0.613912605327299 0.799358737117772
0.617953009367703 0.799358737117772
0.5735085649232585 0.803399141158176
0.5775489689636626 0.803399141158176
0.5815893730040667 0.803399141158176
0.5856297770444707 0.803399141158176
0.5896701810848747 0.803399141158176
0.5937105851252787 0.803399141158176
0.5977509891656827 0.803399141158176
0.6017913932060868 0.803399141158176
0.6058317972464908 0.803399141158176
0.6098722012868949 0.803399141158176
0.613912605327299 0.803399141158176
0.5654277568424504 0.80743954519858
0.5694681608828545 0.80743954519858
0.5735085649232585 0.80743954519858
0.5775489689636626 0.80743954519858
0.5815893730040667 0.80743954519858
0.5856297770444707 0.80743954519858
0.5896701810848747 0.80743954519858
0.5937105851252787 0.80743954519858
0.5977509891656827 0.80743954519858
0.6017913932060868 0.80743954519858
0.6058317972464908 0.80743954519858
0.6098722012868949 0.80743954519858
0.5613873528020464 0.811479949238984
0.5654277568424504 0.811479949238984
0.5694681608828545 0.811479949238984
0.5735085649232585 0.811479949238984
0.5775489689636626 0.811479949238984
0.5815893730040667 0.811479949238984
0.5856297770444707 0.811479949238984
0.5896701810848747 0.811479949238984
0.5937105851252787 0.811479949238984
0.5977509891656827 0.811479949238984
0.6017913932060868 0.811479949238984
0.5533065447212383 0.8155203532793881
0.5573469487616424 0.8155203532793881
0.5613873528020464 0.8155203532793881
0.5654277568424504 0.8155203532793881
0.5694681608828545 0.8155203532793881
0.5735085649232585 0.8155203532793881
0.5775489689636626 0.8155203532793881
0.5815893730040667 0.8155203532793881
0.5856297770444707 0.8155203532793881
0.5896701810848747 0.8155203532793881
0.5937105851252787 0.8155203532793881
0.5977509891656827 0.8155203532793881
0.5492661406808343 0.819560757319792
0.5533065447212383 0.819560757319792
0.5573469487616424 0.819560757319792
0.5613873528020464 0.819560757319792
0.5654277568424504 0.819560757319792
0.5694681608828545 0.819560757319792
0.5735085649232585 0.819560757319792
0.5775489689636626 0.819560757319792
0.5815893730040667 0.819560757319792
0.5856297770444707 0.819560757319792
0.5896701810848747 0.819560757319792
0.5937105851252787 0.819560757319792
0.5452257366404303 0.8236011613601961
0.5492661406808343 0.8236011613601961
0.5533065447212383 0.8236011613601961
0.5573469487616424 0.8236011613601961
0.5613873528020464 0.8236011613601961
0.5654277568424504 0.8236011613601961
0.5694681608828545 0.8236011613601961
0.5735085649232585 0.8236011613601961
0.5775489689636626 0.8236011613601961
0.5815893730040667 0.8236011613601961
0.5856297770444707 0.8236011613601961
0.5371449285596221 0.8276415654006002
0.5411853326000262 0.8276415654006002
0.5452257366404303 0.8276415654006002
0.5492661406808343 0.8276415654006002
0.5533065447212383 0.8276415654006002
0.5573469487616424 0.8276415654006002
0.5613873528020464 0.8276415654006002
0.5654277568424504 0.8276415654006002
0.5694681608828545 0.8276415654006002
0.5735085649232585 0.8276415654006002
0.5775489689636626 0.8276415654006002
0.5815893730040667 0.8276415654006002
0.5290641204788141 0.8316819694410043
0.5331045245192181 0.8316819694410043
0.5371449285596221 0.8316819694410043
0.5411853326000262 0.8316819694410043
0.5452257366404303 0.8316819694410043
0.5492661406808343 0.8316819694410043
0.5533065447212383 0.8316819694410043
0.5573469487616424 0.8316819694410043
0.5613873528020464 0.8316819694410043
0.5654277568424504 0.8316819694410043
0.5694681608828545 0.8316819694410043
0.5735085649232585 0.8316819694410043
0.5775489689636626 0.8316819694410043
0.5250237164384101 0.8357223734814083
0.5290641204788141 0.8357223734814083
0.5331045245192181 0.8357223734814083
0.5371449285596221 0.8357223734814083
0.5411853326000262 0.8357223734814083
0.5452257366404303 0.8357223734814083
0.5492661406808343 0.8357223734814083
0.5533065447212383 0.8357223734814083
0.5573469487616424 0.8357223734814083
0.5613873528020464 0.8357223734814083
0.5654277568424504 0.8357223734814083
0.5694681608828545 0.8357223734814083
0.5169429083576019 0.8397627775218124
0.520983312398006 0.8397627775218124
0.5250237164384101 0.8397627775218124
0.5290641204788141 0.8397627775218124
0.5331045245192181 0.8397627775218124
0.5371449285596221 0.8397627775218124
0.5411853326000262 0.8397627775218124
0.5452257366404303 0.8397627775218124
0.5492661406808343 0.8397627775218124
0.5533065447212383 0.8397627775218124
0.5573469487616424 0.8397627775218124
0.5613873528020464 0.8397627775218124
0.5088621002767939 0.8438031815622163
0.512902504317198 0.8438031815622163
0.5169429083576019 0.8438031815622163
0.520983312398006 0.8438031815622163
0.5250237164384101 0.8438031815622163
0.5290641204788141 0.8438031815622163
0.5331045245192181 0.8438031815622163
0.5371449285596221 0.8438031815622163
0.5411853326000262 0.8438031815622163
0.5452257366404303 0.8438031815622163
0.5492661406808343 0.8438031815622163
0.5533065447212383 0.8438031815622163
0.5573469487616424 0.8438031815622163
0.5048216962363898 0.8478435856026204
0.5088621002767939 0.8478435856026204
0.512902504317198 0.8478435856026204
0.5169429083576019 0.8478435856026204
0.520983312398006 0.8478435856026204
0.5250237164384101 0.8478435856026204
0.5290641204788141 0.8478435856026204
0.5331045245192181 0.8478435856026204
0.5371449285596221 0.8478435856026204
0.5411853326000262 0.8478435856026204
0.5452257366404303 0.8478435856026204
0.5492661406808343 0.8478435856026204
0.49674088815558176 0.8518839896430245
0.5007812921959858 0.8518839896430245
0.5048216962363898 0.8518839896430245
0.5088621002767939 0.8518839896430245
0.512902504317198 0.8518839896430245
0.5169429083576019 0.8518839896430245
0.520983312398006 0.8518839896430245
0.5250237164384101 0.8518839896430245
0.5290641204788141 0.8518839896430245
0.5331045245192181 0.8518839896430245
0.5371449285596221 0.8518839896430245
0.5411853326000262 0.8518839896430245
0.5452257366404303 0.8518839896430245
0.4886600800747737 0.8559243936834284
0.49270048411517775 0.8559243936834284
0.49674088815558176 0.8559243936834284
0.5007812921959858 0.8559243936834284
0.5048216962363898 0.8559243936834284
0.5088621002767939 0.8559243936834284
0.512902504317198 0.8559243936834284
0.5169429083576019 0.8559243936834284
0.520983312398006 0.8559243936834284
0.5250237164384101 0.8559243936834284
0.5290641204788141 0.8559243936834284
0.5331045245192181 0.8559243936834284
0.5371449285596221 0.8559243936834284
0.4846196760343696 0.8599647977238325
0.4886600800747737 0.8599647977238325
0.49270048411517775 0.8599647977238325
0.49674088815558176 0.8599647977238325
0.5007812921959858 0.8599647977238325
0.5048216962363898 0.8599647977238325
0.5088621002767939 0.8599647977238325
0.512902504317198 0.8599647977238325
0.5169429083576019 0.8599647977238325
0.520983312398006 0.8599647977238325
0.5250237164384101 0.8599647977238325
0.5290641204788141 0.8599647977238325
0.4765388679535616 0.8640052017642366
0.4805792719939656 0.8640052017642366
0.4846196760343696 0.8640052017642366
0.4886600800747737 0.8640052017642366
0.49270048411517775 0.8640052017642366
0.49674088815558176 0.8640052017642366
0.5007812921959858 0.8640052017642366
0.5048216962363898 0.8640052017642366
0.5088621002767939 0.8640052017642366
0.512902504317198 0.8640052017642366
0.5169429083576019 0.8640052017642366
0.520983312398006 0.8640052017642366
0.5250237164384101 0.8640052017642366
0.46845805987275346 0.8680456058046406
0.47249846391315753 0.8680456058046406
0.4765388679535616 0.8680456058046406
0.4805792719939656 0.8680456058046406
0.4846196760343696 0.8680456058046406
0.4886600800747737 0.8680456058046406
0.49270048411517775 0.8680456058046406
0.49674088815558176 0.8680456058046406
0.5007812921959858 0.8680456058046406
0.5048216962363898 0.8680456058046406
0.5088621002767939 0.8680456058046406
0.512902504317198 0.8680456058046406
0.5169429083576019 0.8680456058046406
0.4603772517919454 0.8720860098450447
0.46441765583234945 0.8720860098450447
0.46845805987275346 0.8720860098450447
0.47249846391315753 0.8720860098450447
0.4765388679535616 0.8720860098450447
0.4805792719939656 0.8720860098450447
0.4846196760343696 0.8720860098450447
0.4886600800747737 0.8720860098450447
0.49270048411517775 0.8720860098450447
0.49674088815558176 0.8720860098450447
0.5007812921959858 0.8720860098450447
0.5048216962363898 0.8720860098450447
0.5088621002767939 0.8720860098450447
0.4522964437111373 0.8761264138854487
0.4563368477515414 0.8761264138854487
0.4603772517919454 0.8761264138854487
0.46441765583234945 0.8761264138854487
0.46845805987275346 0.8761264138854487
0.47249846391315753 0.8761264138854487
0.4765388679535616 0.8761264138854487
0.4805792719939656 0.8761264138854487
0.4846196760343696 0.8761264138854487
0.4886600800747737 0.8761264138854487
0.49270048411517775 0.8761264138854487
0.49674088815558176 0.8761264138854487
0.5007812921959858 0.8761264138854487
0.5048216962363898 0.8761264138854487
0.44421563563032923 0.8801668179258527
0.44825603967073324 0.8801668179258527
0.4522964437111373 0.8801668179258527
0.4563368477515414 0.8801668179258527
0.4603772517919454 0.8801668179258527
0.46441765583234945 0.8801668179258527
0.46845805987275346 0.8801668179258527
0.47249846391315753 0.8801668179258527
0.4765388679535616 0.8801668179258527
0.4805792719939656 0.8801668179258527
0.4846196760343696 0.8801668179258527
0.4886600800747737 0.8801668179258527
0.49270048411517775 0.8801668179258527
0.49674088815558176 0.8801668179258527
0.43613482754952115 0.8842072219662568
0.4401752315899252 0.8842072219662568
0.44421563563032923 0.8842072219662568
0.44825603967073324 0.8842072219662568
0.4522964437111373 0.8842072219662568
0.4563368477515414 0.8842072219662568
0.4603772517919454 0.8842072219662568
0.46441765583234945 0.8842072219662568
0.46845805987275346 0.8842072219662568
0.47249846391315753 0.8842072219662568
0.4765388679535616 0.8842072219662568
0.4805792719939656 0.8842072219662568
0.4846196760343696 0.8842072219662568
0.4886600800747737 0.8842072219662568
0.49270048411517775 0.8842072219662568
0.4280540194687131 0.8882476260066607
0.4320944235091171 0.8882476260066607
0.43613482754952115 0.8882476260066607
0.4401752315899252 0.8882476260066607
0.44421563563032923 0.8882476260066607
0.44825603967073324 0.8882476260066607
0.4522964437111373 0.8882476260066607
0.4563368477515414 0.8882476260066607
0.4603772517919454 0.8882476260066607
0.46441765583234945 0.8882476260066607
0.46845805987275346 0.8882476260066607
0.47249846391315753 0.8882476260066607
0.4765388679535616 0.8882476260066607
0.4805792719939656 0.8882476260066607
0.4846196760343696 0.8882476260066607
0.419973211387905 0.8922880300470648
0.42401361542830907 0.8922880300470648
0.4280540194687131 0.8922880300470648
0.4320944235091171 0.8922880300470648
0.43613482754952115 0.8922880300470648
0.4401752315899252 0.8922880300470648
0.44421563563032923 0.8922880300470648
0.44825603967073324 0.8922880300470648
0.4522964437111373 0.8922880300470648
0.4563368477515414 0.8922880300470648
0.4603772517919454 0.8922880300470648
0.46441765583234945 0.8922880300470648
0.46845805987275346 0.8922880300470648
0.47249846391315753 0.8922880300470648
0.4765388679535616 0.8922880300470648
0.4118924033070969 0.8963284340874689
0.41593280734750093 0.8963284340874689
0.419973211387905 0.8963284340874689
0.42401361542830907 0.8963284340874689
0.4280540194687131 0.8963284340874689
0.4320944235091171 0.8963284340874689
0.43613482754952115 0.8963284340874689
0.4401752315899252 0.8963284340874689
0.44421563563032923 0.8963284340874689
0.44825603967073324 0.8963284340874689
0.4522964437111373 0.8963284340874689
0.4563368477515414 0.8963284340874689
0.4603772517919454 0.8963284340874689
0.46441765583234945 0.8963284340874689
0.46845805987275346 0.8963284340874689
0.40381159522628884 0.9003688381278729
0.40785199926669286 0.9003688381278729
0.4118924033070969 0.9003688381278729
0.41593280734750093 0.9003688381278729
0.419973211387905 0.9003688381278729
0.42401361542830907 0.9003688381278729
0.4280540194687131 0.9003688381278729
0.4320944235091171 0.9003688381278729
0.43613482754952115 0.9003688381278729
0.4401752315899252 0.9003688381278729
0.44421563563032923 0.9003688381278729
0.44825603967073324 0.9003688381278729
0.4522964437111373 0.9003688381278729
0.4563368477515414 0.9003688381278729
0.4603772517919454 0.9003688381278729
0.39573078714548077 0.904409242168277
0.3997711911858848 0.904409242168277
0.40381159522628884 0.904409242168277
0.40785199926669286 0.904409242168277
0.4118924033070969 0.904409242168277
0.41593280734750093 0.904409242168277
0.419973211387905 0.904409242168277
0.42401361542830907 0.904409242168277
0.4280540194687131 0.904409242168277
0.4320944235091171 0.904409242168277
0.43613482754952115 0.904409242168277
0.4401752315899252 0.904409242168277
0.44421563563032923 0.904409242168277
0.44825603967073324 0.904409242168277
0.4522964437111373 0.904409242168277
0.3836095750242686 0.9084496462086811
0.3876499790646727 0.9084496462086811
0.3916903831050767 0.9084496462086811
0.39573078714548077 0.9084496462086811
0.3997711911858848 0.9084496462086811
0.40381159522628884 0.9084496462086811
0.40785199926669286 0.9084496462086811
0.4118924033070969 0.9084496462086811
0.41593280734750093 0.9084496462086811
0.419973211387905 0.9084496462086811
0.42401361542830907 0.9084496462086811
0.4280540194687131 0.9084496462086811
0.4320944235091171 0.9084496462086811
0.43613482754952115 0.9084496462086811
0.4401752315899252 0.9084496462086811
0.44421563563032923 0.9084496462086811
0.37552876694346055 0.912490050249085
0.37956917098386456 0.912490050249085
0.3836095750242686 0.912490050249085
0.3876499790646727 0.912490050249085
0.3916903831050767 0.912490050249085
0.39573078714548077 0.912490050249085
0.3997711911858848 0.912490050249085
0.40381159522628884 0.912490050249085
0.40785199926669286 0.912490050249085
0.4118924033070969 0.912490050249085
0.41593280734750093 0.912490050249085
0.419973211387905 0.912490050249085
0.42401361542830907 0.912490050249085
0.4280540194687131 0.912490050249085
0.4320944235091171 0.912490050249085
0.43613482754952115 0.912490050249085
0.36744795886265247 0.9165304542894891
0.37148836290305653 0.9165304542894891
0.37552876694346055 0.9165304542894891
0.37956917098386456 0.9165304542894891
0.3836095750242686 0.9165304542894891
0.3876499790646727 0.9165304542894891
0.3916903831050767 0.9165304542894891
0.39573078714548077 0.9165304542894891
0.3997711911858848 0.9165304542894891
0.40381159522628884 0.9165304542894891
0.40785199926669286 0.9165304542894891
0.4118924033070969 0.9165304542894891
0.41593280734750093 0.9165304542894891
0.419973211387905 0.9165304542894891
0.42401361542830907 0.9165304542894891
0.4280540194687131 0.9165304542894891
0.3553267467414404 0.920570858329893
0.3593671507818444 0.920570858329893
0.3634075548222484 0.920570858329893
0.36744795886265247 0.920570858329893
0.37148836290305653 0.920570858329893
0.37552876694346055 0.920570858329893
0.37956917098386456 0.920570858329893
0.3836095750242686 0.920570858329893
0.3876499790646727 0.920570858329893
0.3916903831050767 0.920570858329893
0.39573078714548077 0.920570858329893
0.3997711911858848 0.920570858329893
0.40381159522628884 0.920570858329893
0.40785199926669286 0.920570858329893
0.4118924033070969 0.920570858329893
0.41593280734750093 0.920570858329893
0.419973211387905 0.920570858329893
0.34320553462022824 0.9246112623702971
0.34724593866063225 0.9246112623702971
0.3512863427010363 0.9246112623702971
0.3553267467414404 0.9246112623702971
0.3593671507818444 0.9246112623702971
0.3634075548222484 0.9246112623702971
0.36744795886265247 0.9246112623702971
0.37148836290305653 0.9246112623702971
0.37552876694346055 0.9246112623702971
0.37956917098386456 0.9246112623702971
0.3836095750242686 0.9246112623702971
0.3876499790646727 0.9246112623702971
0.3916903831050767 0.9246112623702971
0.39573078714548077 0.9246112623702971
0.3997711911858848 0.9246112623702971
0.40381159522628884 0.9246112623702971
0.40785199926669286 0.9246112623702971
0.4118924033070969 0.9246112623702971
0.33512472653942016 0.9286516664107012
0.33916513057982417 0.9286516664107012
0.34320553462022824 0.9286516664107012
0.34724593866063225 0.9286516664107012
0.3512863427010363 0.9286516664107012
0.3553267467414404 0.9286516664107012
0.3593671507818444 0.9286516664107012
0.3634075548222484 0.9286516664107012
0.36744795886265247 0.9286516664107012
0.37148836290305653 0.9286516664107012
0.37552876694346055 0.9286516664107012
0.37956917098386456 0.9286516664107012
0.3836095750242686 0.9286516664107012
0.3876499790646727 0.9286516664107012
0.3916903831050767 0.9286516664107012
0.39573078714548077 0.9286516664107012
0.3997711911858848 0.9286516664107012
0.323003514418208 0.9326920704511052
0.3270439184586121 0.9326920704511052
0.3310843224990161 0.9326920704511052
0.33512472653942016 0.9326920704511052
0.33916513057982417 0.9326920704511052
0.34320553462022824 0.9326920704511052
0.34724593866063225 0.9326920704511052
0.3512863427010363 0.9326920704511052
0.3553267467414404 0.9326920704511052
0.3593671507818444 0.9326920704511052
0.3634075548222484 0.9326920704511052
0.36744795886265247 0.9326920704511052
0.37148836290305653 0.9326920704511052
0.37552876694346055 0.9326920704511052
0.37956917098386456 0.9326920704511052
0.3836095750242686 0.9326920704511052
0.3876499790646727 0.9326920704511052
0.3916903831050767 0.9326920704511052
0.30684189825659186 0.9367324744915093
0.31088230229699587 0.9367324744915093
0.31492270633739994 0.9367324744915093
0.318963110377804 0.9367324744915093
0.323003514418208 0.9367324744915093
0.3270439184586121 0.9367324744915093
0.3310843224990161 0.9367324744915093
0.33512472653942016 0.9367324744915093
0.33916513057982417 0.9367324744915093
0.34320553462022824 0.9367324744915093
0.34724593866063225 0.9367324744915093
0.3512863427010363 0.9367324744915093
0.3553267467414404 0.9367324744915093
0.3593671507818444 0.9367324744915093
0.3634075548222484 0.9367324744915093
0.36744795886265247 0.9367324744915093
0.37148836290305653 0.9367324744915093
0.37552876694346055 0.9367324744915093
0.37956917098386456 0.9367324744915093
0.3836095750242686 0.9367324744915093
0.2987610901757838 0.9407728785319134
0.30280149421618785 0.9407728785319134
0.30684189825659186 0.9407728785319134
0.31088230229699587 0.9407728785319134
0.31492270633739994 0.9407728785319134
0.318963110377804 0.9407728785319134
0.323003514418208 0.9407728785319134
0.3270439184586121 0.9407728785319134
0.3310843224990161 0.9407728785319134
0.33512472653942016 0.9407728785319134
0.33916513057982417 0.9407728785319134
0.34320553462022824 0.9407728785319134
0.34724593866063225 0.9407728785319134
0.3512863427010363 0.9407728785319134
0.3553267467414404 0.9407728785319134
0.3593671507818444 0.9407728785319134
0.3634075548222484 0.9407728785319134
0.36744795886265247 0.9407728785319134
0.37148836290305653 0.9407728785319134
0.2987610901757838 0.9448132825723174
0.30280149421618785 0.9448132825723174
0.30684189825659186 0.9448132825723174
0.31088230229699587 0.9448132825723174
0.31492270633739994 0.9448132825723174
0.318963110377804 0.9448132825723174
0.323003514418208 0.9448132825723174
0.3270439184586121 0.9448132825723174
0.3310843224990161 0.9448132825723174
0.33512472653942016 0.9448132825723174
0.33916513057982417 0.9448132825723174
0.34320553462022824 0.9448132825723174
0.34724593866063225 0.9448132825723174
0.3512863427010363 0.9448132825723174
0.3553267467414404 0.9448132825723174
0.3593671507818444 0.9448132825723174
0.3634075548222484 0.9448132825723174
0.2987610901757838 0.9488536866127214
0.30280149421618785 0.9488536866127214
0.30684189825659186 0.9488536866127214
0.31088230229699587 0.9488536866127214
0.31492270633739994 0.9488536866127214
0.318963110377804 0.9488536866127214
0.323003514418208 0.9488536866127214
0.3270439184586121 0.9488536866127214
0.3310843224990161 0.9488536866127214
0.33512472653942016 0.9488536866127214
0.33916513057982417 0.9488536866127214
0.34320553462022824 0.9488536866127214
0.34724593866063225 0.9488536866127214
0.3512863427010363 0.9488536866127214
0.2987610901757838 0.9528940906531255
0.30280149421618785 0.9528940906531255
0.30684189825659186 0.9528940906531255
0.31088230229699587 0.9528940906531255
0.31492270633739994 0.9528940906531255
0.318963110377804 0.9528940906531255
0.323003514418208 0.9528940906531255
0.3270439184586121 0.9528940906531255
0.3310843224990161 0.9528940906531255
0.33512472653942016 0.9528940906531255
0.33916513057982417 0.9528940906531255
0.2987610901757838 0.9569344946935294
0.30280149421618785 0.9569344946935294
0.30684189825659186 0.9569344946935294
0.31088230229699587 0.9569344946935294
0.31492270633739994 0.9569344946935294
0.318963110377804 0.9569344946935294
0.323003514418208 0.9569344946935294
0.3270439184586121 0.9569344946935294
0.2987610901757838 0.9609748987339335
0.30280149421618785 0.9609748987339335
0.30684189825659186 0.9609748987339335
0.31088230229699587 0.9609748987339335
0.31492270633739994 0.9609748987339335
0.2987610901757838 0.9650153027743376
0.30280149421618785 0.9650153027743376
0.30684189825659186 0.9650153027743376
