# x y
0.6999528599491326 0.710469848228883
0.6959124559087285 0.7145102522692871
0.6999528599491326 0.7145102522692871
0.6918720518683246 0.7185506563096911
0.6959124559087285 0.7185506563096911
0.6878316478279205 0.7225910603500951
0.6918720518683246 0.7225910603500951
0.6837912437875164 0.7266314643904992
0.6878316478279205 0.7266314643904992
0.6797508397471124 0.7306718684309033
0.6837912437875164 0.7306718684309033
0.6757104357067083 0.7347122724713073
0.6797508397471124 0.7347122724713073
0.6716700316663042 0.7387526765117113
0.6757104357067083 0.7387526765117113
0.6676296276259002 0.7427930805521153
0.6716700316663042 0.7427930805521153
0.6635892235854962 0.7468334845925194
0.6676296276259002 0.7468334845925194
0.6595488195450921 0.7508738886329235
0.6635892235854962 0.7508738886329235
0.6555084155046882 0.7549142926733274
0.6595488195450921 0.7549142926733274
0.6474276074238801 0.7589546967137315
0.6514680114642841 0.7589546967137315
0.643387203383476 0.7629951007541356
0.6474276074238801 0.7629951007541356
0.6393467993430719 0.7670355047945396
0.643387203383476 0.7670355047945396
0.6353063953026679 0.7710759088349436
0.6393467993430719 0.7710759088349436
0.6312659912622639 0.7751163128753477
0.6353063953026679 0.7751163128753477
0.6231851831814558 0.7791567169157517
0.6272255872218598 0.7791567169157517
0.6191447791410518 0.7831971209561558
0.6231851831814558 0.7831971209561558
0.6151043751006477 0.7872375249965597
0.6191447791410518 0.7872375249965597
0.6070235670198396 0.7912779290369638
0.6110639710602437 0.7912779290369638
0.6151043751006477 0.7912779290369638
0.6029831629794355 0.7953183330773679
0.6070235670198396 0.7953183330773679
0.5989427589390315 0.799358737117772
0.6029831629794355 0.799358737117772
0.5908619508582235 0.803399141158176
0.5949023548986275 0.803399141158176
0.5989427589390315 0.803399141158176
0.5868215468178195 0.80743954519858
0.5908619508582235 0.80743954519858
0.5827811427774154 0.811479949238984
0.5868215468178195 0.811479949238984
0.5747003346966073 0.8155203532793881
0.5787407387370114 0.8155203532793881
0.5827811427774154 0.8155203532793881
0.5706599306562032 0.819560757319792
0.5747003346966073 0.819560757319792
0.5625791225753952 0.8236011613601961
0.5666195266157992 0.8236011613601961
0.5706599306562032 0.8236011613601961
0.5585387185349912 0.8276415654006002
0.5625791225753952 0.8276415654006002
0.5504579104541831 0.8316819694410043
0.5544983144945871 0.8316819694410043
0.5585387185349912 0.8316819694410043
0.5464175064137791 0.8357223734814083
0.5504579104541831 0.8357223734814083
0.5383366983329709 0.8397627775218124
0.542377102373375 0.8397627775218124
0.5464175064137791 0.8397627775218124
0.5342962942925669 0.8438031815622163
0.5383366983329709 0.8438031815622163
0.5262154862117588 0.8478435856026204
0.5302558902521629 0.8478435856026204
0.5342962942925669 0.8478435856026204
0.5221750821713548 0.8518839896430245
0.5262154862117588 0.8518839896430245
0.5140942740905468 0.8559243936834284
0.5181346781309507 0.8559243936834284
0.5221750821713548 0.8559243936834284
0.5060134660097386 0.8599647977238325
0.5100538700501427 0.8599647977238325
0.5140942740905468 0.8599647977238325
0.49793265792893054 0.8640052017642366
0.5019730619693346 0.8640052017642366
0.5060134660097386 0.8640052017642366
0.49389225388852653 0.8680456058046406
0.49793265792893054 0.8680456058046406
0.5019730619693346 0.8680456058046406
0.4858114458077184 0.8720860098450447
0.48985184984812247 0.8720860098450447
0.49389225388852653 0.8720860098450447
0.4777306377269104 0.8761264138854487
0.4817710417673144 0.8761264138854487
0.4858114458077184 0.8761264138854487
0.46964982964610225 0.8801668179258527
0.4736902336865063 0.8801668179258527
0.4777306377269104 0.8801668179258527
0.46156902156529417 0.8842072219662568
0.46560942560569824 0.8842072219662568
0.46964982964610225 0.8842072219662568
0.4534882134844861 0.8882476260066607
0.45752861752489016 0.8882476260066607
0.46156902156529417 0.8882476260066607
0.445407405403678 0.8922880300470648
0.449447809444082 0.8922880300470648
0.4534882134844861 0.8922880300470648
0.45752861752489016 0.8922880300470648
0.43732659732286994 0.8963284340874689
0.441367001363274 0.8963284340874689
0.445407405403678 0.8963284340874689
0.449447809444082 0.8963284340874689
0.42924578924206186 0.9003688381278729
0.43328619328246587 0.9003688381278729
0.43732659732286994 0.9003688381278729
0.441367001363274 0.9003688381278729
0.4211649811612538 0.904409242168277
0.42520538520165785 0.904409242168277
0.42924578924206186 0.904409242168277
0.4130841730804457 0.9084496462086811
0.4171245771208497 0.9084496462086811
0.4211649811612538 0.9084496462086811
0.4050033649996376 0.912490050249085
0.40904376904004164 0.912490050249085
0.4130841730804457 0.912490050249085
0.3928821528784255 0.9165304542894891
0.39692255691882955 0.9165304542894891
0.40096296095923356 0.9165304542894891
0.4050033649996376 0.9165304542894891
0.3848013447976174 0.920570858329893
0.3888417488380215 0.920570858329893
0.3928821528784255 0.920570858329893
0.39692255691882955 0.920570858329893
0.37672053671680933 0.9246112623702971
0.38076094075721334 0.9246112623702971
0.3848013447976174 0.9246112623702971
0.3645993245955972 0.9286516664107012
0.36863972863600125 0.9286516664107012
0.3726801326764053 0.9286516664107012
0.37672053671680933 0.9286516664107012
0.35651851651478916 0.9326920704511052
0.3605589205551932 0.9326920704511052
0.3645993245955972 0.9326920704511052
0.344397304393577 0.9367324744915093
0.34843770843398103 0.9367324744915093
0.3524781124743851 0.9367324744915093
0.35651851651478916 0.9367324744915093
0.3322760922723649 0.9407728785319134
0.33631649631276894 0.9407728785319134
0.34035690035317295 0.9407728785319134
0.344397304393577 0.9407728785319134
0.3201548801511528 0.9448132825723174
0.3241952841915568 0.9448132825723174
0.32823568823196086 0.9448132825723174
0.3322760922723649 0.9448132825723174
0.30803366802994064 0.9488536866127214
0.31207407207034465 0.9488536866127214
0.3161144761107487 0.9488536866127214
0.3201548801511528 0.9488536866127214
0.3241952841915568 0.9488536866127214
0.29995285994913257 0.9528940906531255
0.30399326398953663 0.9528940906531255
0.30803366802994064 0.9528940906531255
0.31207407207034465 0.9528940906531255
