# x y
0.6999720538854679 0.7145102522692871
0.6959316498450638 0.7185506563096911
0.6918912458046598 0.7225910603500951
0.6878508417642557 0.7266314643904992
0.6797700336834476 0.7306718684309033
0.6838104377238516 0.7306718684309033
0.6757296296430435 0.7347122724713073
0.6797700336834476 0.7347122724713073
0.6716892256026396 0.7387526765117113
0.6757296296430435 0.7387526765117113
0.6676488215622355 0.7427930805521153
0.6716892256026396 0.7427930805521153
0.6636084175218315 0.7468334845925194
0.6676488215622355 0.7468334845925194
0.6595680134814275 0.7508738886329235
0.6555276094410234 0.7549142926733274
0.6514872054006193 0.7589546967137315
0.6434063973198112 0.7629951007541356
0.6474468013602153 0.7629951007541356
0.6393659932794072 0.7670355047945396
0.6434063973198112 0.7670355047945396
0.6353255892390032 0.7710759088349436
0.6393659932794072 0.7710759088349436
0.6312851851985992 0.7751163128753477
0.6272447811581952 0.7791567169157517
0.619163973077387 0.7831971209561558
0.6232043771177911 0.7831971209561558
0.615123569036983 0.7872375249965597
0.619163973077387 0.7872375249965597
0.6110831649965789 0.7912779290369638
0.6030023569157709 0.7953183330773679
0.6070427609561748 0.7953183330773679
0.5989619528753668 0.799358737117772
0.6030023569157709 0.799358737117772
0.5949215488349628 0.803399141158176
0.5989619528753668 0.803399141158176
0.5868407407541547 0.80743954519858
0.5908811447945588 0.80743954519858
0.5828003367137506 0.811479949238984
0.5868407407541547 0.811479949238984
0.5787599326733466 0.8155203532793881
0.5706791245925386 0.819560757319792
0.5747195286329425 0.819560757319792
0.5666387205521345 0.8236011613601961
0.5706791245925386 0.8236011613601961
0.5585579124713265 0.8276415654006002
0.5625983165117305 0.8276415654006002
0.5545175084309224 0.8316819694410043
0.5585579124713265 0.8316819694410043
0.5464367003501143 0.8357223734814083
0.5504771043905183 0.8357223734814083
0.5423962963097102 0.8397627775218124
0.5464367003501143 0.8397627775218124
0.5343154882289022 0.8438031815622163
0.5383558922693062 0.8438031815622163
0.5262346801480942 0.8478435856026204
0.5302750841884981 0.8478435856026204
0.5221942761076901 0.8518839896430245
0.5262346801480942 0.8518839896430245
0.514113468026882 0.8559243936834284
0.518153872067286 0.8559243936834284
0.5100730639864779 0.8599647977238325
0.514113468026882 0.8599647977238325
0.5019922559056699 0.8640052017642366
0.5060326599460738 0.8640052017642366
0.49391144782486174 0.8680456058046406
0.4979518518652658 0.8680456058046406
0.4858306397440537 0.8720860098450447
0.4898710437844577 0.8720860098450447
0.4777498316632456 0.8761264138854487
0.48179023570364965 0.8761264138854487
0.4858306397440537 0.8761264138854487
0.4737094276228416 0.8801668179258527
0.4777498316632456 0.8801668179258527
0.4656286195420335 0.8842072219662568
0.46966902358243756 0.8842072219662568
0.45754781146122536 0.8882476260066607
0.46158821550162943 0.8882476260066607
0.44946700338041734 0.8922880300470648
0.45350740742082135 0.8922880300470648
0.4413861952996092 0.8963284340874689
0.4454265993400133 0.8963284340874689
0.4333053872188012 0.9003688381278729
0.4373457912592052 0.9003688381278729
0.42522457913799305 0.904409242168277
0.4292649831783971 0.904409242168277
0.41310336701678096 0.9084496462086811
0.41714377105718503 0.9084496462086811
0.42118417509758904 0.9084496462086811
0.4050225589359729 0.912490050249085
0.4090629629763769 0.912490050249085
0.41310336701678096 0.912490050249085
0.3969417508551648 0.9165304542894891
0.4009821548955688 0.9165304542894891
0.4050225589359729 0.9165304542894891
0.38886094277435673 0.920570858329893
0.39290134681476074 0.920570858329893
0.3767397306531446 0.9246112623702971
0.38078013469354866 0.9246112623702971
0.38482053873395267 0.9246112623702971
0.3686589225723365 0.9286516664107012
0.3726993266127405 0.9286516664107012
0.35653771045112437 0.9326920704511052
0.36057811449152843 0.9326920704511052
0.3646185185319325 0.9326920704511052
0.3444164983299123 0.9367324744915093
0.34845690237031635 0.9367324744915093
0.35249730641072036 0.9367324744915093
0.3363356902491042 0.9407728785319134
0.3403760942895082 0.9407728785319134
0.3444164983299123 0.9407728785319134
0.32421447812789206 0.9448132825723174
0.3282548821682961 0.9448132825723174
0.33229528620870014 0.9448132825723174
0.31209326600667997 0.9488536866127214
0.316133670047084 0.9488536866127214
0.320174074087488 0.9488536866127214
0.2999720538854678 0.9528940906531255
0.30401245792587184 0.9528940906531255
0.3080528619662759 0.9528940906531255
