# x y
0.6838271180786575 0.7387526765117113
0.6555442897958292 0.7629951007541356
0.6595846938362333 0.7791567169157517
0.6151402493917888 0.7953183330773679
0.6191806534321929 0.7953183330773679
0.6110998453513848 0.799358737117772
0.5989786332301728 0.8155203532793881
0.5949382291897687 0.8316819694410043
0.5585745928261323 0.8397627775218124
0.5464533807049202 0.8478435856026204
0.5343321685837081 0.8518839896430245
0.5302917645433041 0.8559243936834284
0.5141301483816878 0.8680456058046406
0.41312004737158686 0.9165304542894891
0.425241259492799 0.920570858329893
0.3969584312099707 0.9246112623702971
0.38887762312916263 0.9367324744915093
0.3403927746443141 0.9488536866127214
0.3363523706039101 0.9528940906531255
0.2999887342402737 0.9609748987339335
0.3161503504018899 0.9650153027743376
0.3040291382806778 0.9690557068147416
