# x y
0.6676479652332759 0.7549142926733274
0.6434055409908517 0.7791567169157517
0.6595671571524677 0.7791567169157517
0.6312843288696395 0.803399141158176
0.5989610965464072 0.8155203532793881
0.6110823086676194 0.819560757319792
0.5949206925060031 0.8316819694410043
0.582799480384791 0.8397627775218124
0.5383550359403466 0.8518839896430245
0.5060318036171143 0.8720860098450447
0.4939105914959021 0.8801668179258527
0.5019913995767102 0.8801668179258527
0.47774897533428595 0.8882476260066607
0.46562776321307386 0.9003688381278729
0.4898701874554981 0.9003688381278729
0.3605772581625688 0.9488536866127214
