# x y
0.6726334627091172 0.7266314643904992
0.6766738667495212 0.7266314643904992
0.6685930586687131 0.7306718684309033
0.6726334627091172 0.7306718684309033
0.6605122505879051 0.7347122724713073
0.6645526546283091 0.7347122724713073
0.6685930586687131 0.7347122724713073
0.6726334627091172 0.7347122724713073
0.656471846547501 0.7387526765117113
0.6605122505879051 0.7387526765117113
0.6645526546283091 0.7387526765117113
0.6685930586687131 0.7387526765117113
0.6483910384666929 0.7427930805521153
0.652431442507097 0.7427930805521153
0.656471846547501 0.7427930805521153
0.6605122505879051 0.7427930805521153
0.6645526546283091 0.7427930805521153
0.6443506344262888 0.7468334845925194
0.6483910384666929 0.7468334845925194
0.652431442507097 0.7468334845925194
0.656471846547501 0.7468334845925194
0.6605122505879051 0.7468334845925194
0.6403102303858849 0.7508738886329235
0.6443506344262888 0.7508738886329235
0.6483910384666929 0.7508738886329235
0.652431442507097 0.7508738886329235
0.656471846547501 0.7508738886329235
0.6322294223050768 0.7549142926733274
0.6362698263454808 0.7549142926733274
0.6403102303858849 0.7549142926733274
0.6443506344262888 0.7549142926733274
0.6483910384666929 0.7549142926733274
0.652431442507097 0.7549142926733274
0.6281890182646728 0.7589546967137315
0.6322294223050768 0.7589546967137315
0.6362698263454808 0.7589546967137315
0.6403102303858849 0.7589546967137315
0.6443506344262888 0.7589546967137315
0.6483910384666929 0.7589546967137315
0.6241486142242687 0.7629951007541356
0.6281890182646728 0.7629951007541356
0.6322294223050768 0.7629951007541356
0.6362698263454808 0.7629951007541356
0.6403102303858849 0.7629951007541356
0.6443506344262888 0.7629951007541356
0.6201082101838646 0.7670355047945396
0.6241486142242687 0.7670355047945396
0.6281890182646728 0.7670355047945396
0.6322294223050768 0.7670355047945396
0.6362698263454808 0.7670355047945396
0.6403102303858849 0.7670355047945396
0.6120274021030565 0.7710759088349436
0.6160678061434606 0.7710759088349436
0.6201082101838646 0.7710759088349436
0.6241486142242687 0.7710759088349436
0.6281890182646728 0.7710759088349436
0.6322294223050768 0.7710759088349436
0.6362698263454808 0.7710759088349436
0.6079869980626524 0.7751163128753477
0.6120274021030565 0.7751163128753477
0.6160678061434606 0.7751163128753477
0.6201082101838646 0.7751163128753477
0.6241486142242687 0.7751163128753477
0.6281890182646728 0.7751163128753477
0.6322294223050768 0.7751163128753477
0.5999061899818444 0.7791567169157517
0.6039465940222485 0.7791567169157517
0.6079869980626524 0.7791567169157517
0.6120274021030565 0.7791567169157517
0.6160678061434606 0.7791567169157517
0.6201082101838646 0.7791567169157517
0.6241486142242687 0.7791567169157517
0.5958657859414405 0.7831971209561558
0.5999061899818444 0.7831971209561558
0.6039465940222485 0.7831971209561558
0.6079869980626524 0.7831971209561558
0.6120274021030565 0.7831971209561558
0.6160678061434606 0.7831971209561558
0.6201082101838646 0.7831971209561558
0.5918253819010364 0.7872375249965597
0.5958657859414405 0.7872375249965597
0.5999061899818444 0.7872375249965597
0.6039465940222485 0.7872375249965597
0.6079869980626524 0.7872375249965597
0.6120274021030565 0.7872375249965597
0.6160678061434606 0.7872375249965597
0.5837445738202283 0.7912779290369638
0.5877849778606323 0.7912779290369638
0.5918253819010364 0.7912779290369638
0.5958657859414405 0.7912779290369638
0.5999061899818444 0.7912779290369638
0.6039465940222485 0.7912779290369638
0.6079869980626524 0.7912779290369638
0.6120274021030565 0.7912779290369638
0.5797041697798242 0.7953183330773679
0.5837445738202283 0.7953183330773679
0.5877849778606323 0.7953183330773679
0.5918253819010364 0.7953183330773679
0.5958657859414405 0.7953183330773679
0.5999061899818444 0.7953183330773679
0.6039465940222485 0.7953183330773679
0.6079869980626524 0.7953183330773679
0.5716233616990162 0.799358737117772
0.5756637657394201 0.799358737117772
0.5797041697798242 0.799358737117772
0.5837445738202283 0.799358737117772
0.5877849778606323 0.799358737117772
0.5918253819010364 0.799358737117772
0.5958657859414405 0.799358737117772
0.5999061899818444 0.799358737117772
0.5675829576586121 0.803399141158176
0.5716233616990162 0.803399141158176
0.5756637657394201 0.803399141158176
0.5797041697798242 0.803399141158176
0.5837445738202283 0.803399141158176
0.5877849778606323 0.803399141158176
0.5918253819010364 0.803399141158176
0.5958657859414405 0.803399141158176
0.5635425536182082 0.80743954519858
0.5675829576586121 0.80743954519858
0.5716233616990162 0.80743954519858
0.5756637657394201 0.80743954519858
0.5797041697798242 0.80743954519858
0.5837445738202283 0.80743954519858
0.5877849778606323 0.80743954519858
0.5918253819010364 0.80743954519858
0.5554617455374 0.811479949238984
0.5595021495778041 0.811479949238984
0.5635425536182082 0.811479949238984
0.5675829576586121 0.811479949238984
0.5716233616990162 0.811479949238984
0.5756637657394201 0.811479949238984
0.5797041697798242 0.811479949238984
0.5837445738202283 0.811479949238984
0.551421341496996 0.8155203532793881
0.5554617455374 0.8155203532793881
0.5595021495778041 0.8155203532793881
0.5635425536182082 0.8155203532793881
0.5675829576586121 0.8155203532793881
0.5716233616990162 0.8155203532793881
0.5756637657394201 0.8155203532793881
0.5797041697798242 0.8155203532793881
0.5433405334161878 0.819560757319792
0.5473809374565919 0.819560757319792
0.551421341496996 0.819560757319792
0.5554617455374 0.819560757319792
0.5595021495778041 0.819560757319792
0.5635425536182082 0.819560757319792
0.5675829576586121 0.819560757319792
0.5716233616990162 0.819560757319792
0.5756637657394201 0.819560757319792
0.5393001293757838 0.8236011613601961
0.5433405334161878 0.8236011613601961
0.5473809374565919 0.8236011613601961
0.551421341496996 0.8236011613601961
0.5554617455374 0.8236011613601961
0.5595021495778041 0.8236011613601961
0.5635425536182082 0.8236011613601961
0.5675829576586121 0.8236011613601961
0.5312193212949757 0.8276415654006002
0.5352597253353798 0.8276415654006002
0.5393001293757838 0.8276415654006002
0.5433405334161878 0.8276415654006002
0.5473809374565919 0.8276415654006002
0.551421341496996 0.8276415654006002
0.5554617455374 0.8276415654006002
0.5595021495778041 0.8276415654006002
0.5635425536182082 0.8276415654006002
0.5231385132141677 0.8316819694410043
0.5271789172545718 0.8316819694410043
0.5312193212949757 0.8316819694410043
0.5352597253353798 0.8316819694410043
0.5393001293757838 0.8316819694410043
0.5433405334161878 0.8316819694410043
0.5473809374565919 0.8316819694410043
0.551421341496996 0.8316819694410043
0.5554617455374 0.8316819694410043
0.5190981091737636 0.8357223734814083
0.5231385132141677 0.8357223734814083
0.5271789172545718 0.8357223734814083
0.5312193212949757 0.8357223734814083
0.5352597253353798 0.8357223734814083
0.5393001293757838 0.8357223734814083
0.5433405334161878 0.8357223734814083
0.5473809374565919 0.8357223734814083
0.551421341496996 0.8357223734814083
0.5110173010929555 0.8397627775218124
0.5150577051333596 0.8397627775218124
0.5190981091737636 0.8397627775218124
0.5231385132141677 0.8397627775218124
0.5271789172545718 0.8397627775218124
0.5312193212949757 0.8397627775218124
0.5352597253353798 0.8397627775218124
0.5393001293757838 0.8397627775218124
0.5433405334161878 0.8397627775218124
0.5029364930121475 0.8438031815622163
0.5069768970525514 0.8438031815622163
0.5110173010929555 0.8438031815622163
0.5150577051333596 0.8438031815622163
0.5190981091737636 0.8438031815622163
0.5231385132141677 0.8438031815622163
0.5271789172545718 0.8438031815622163
0.5312193212949757 0.8438031815622163
0.5352597253353798 0.8438031815622163
0.5393001293757838 0.8438031815622163
0.4988960889717434 0.8478435856026204
0.5029364930121475 0.8478435856026204
0.5069768970525514 0.8478435856026204
0.5110173010929555 0.8478435856026204
0.5150577051333596 0.8478435856026204
0.5190981091737636 0.8478435856026204
0.5231385132141677 0.8478435856026204
0.5271789172545718 0.8478435856026204
0.5312193212949757 0.8478435856026204
0.49081528089093535 0.8518839896430245
0.49485568493133936 0.8518839896430245
0.4988960889717434 0.8518839896430245
0.5029364930121475 0.8518839896430245
0.5069768970525514 0.8518839896430245
0.5110173010929555 0.8518839896430245
0.5150577051333596 0.8518839896430245
0.5190981091737636 0.8518839896430245
0.5231385132141677 0.8518839896430245
0.5271789172545718 0.8518839896430245
0.48273447281012727 0.8559243936834284
0.48677487685053134 0.8559243936834284
0.49081528089093535 0.8559243936834284
0.49485568493133936 0.8559243936834284
0.4988960889717434 0.8559243936834284
0.5029364930121475 0.8559243936834284
0.5069768970525514 0.8559243936834284
0.5110173010929555 0.8559243936834284
0.5150577051333596 0.8559243936834284
0.5190981091737636 0.8559243936834284
0.4786940687697232 0.8599647977238325
0.48273447281012727 0.8599647977238325
0.48677487685053134 0.8599647977238325
0.49081528089093535 0.8599647977238325
0.49485568493133936 0.8599647977238325
0.4988960889717434 0.8599647977238325
0.5029364930121475 0.8599647977238325
0.5069768970525514 0.8599647977238325
0.5110173010929555 0.8599647977238325
0.4706132606889152 0.8640052017642366
0.4746536647293192 0.8640052017642366
0.4786940687697232 0.8640052017642366
0.48273447281012727 0.8640052017642366
0.48677487685053134 0.8640052017642366
0.49081528089093535 0.8640052017642366
0.49485568493133936 0.8640052017642366
0.4988960889717434 0.8640052017642366
0.5029364930121475 0.8640052017642366
0.5069768970525514 0.8640052017642366
0.46253245260810705 0.8680456058046406
0.4665728566485111 0.8680456058046406
0.4706132606889152 0.8680456058046406
0.4746536647293192 0.8680456058046406
0.4786940687697232 0.8680456058046406
0.48273447281012727 0.8680456058046406
0.48677487685053134 0.8680456058046406
0.49081528089093535 0.8680456058046406
0.49485568493133936 0.8680456058046406
0.4988960889717434 0.8680456058046406
0.454451644527299 0.8720860098450447
0.45849204856770304 0.8720860098450447
0.46253245260810705 0.8720860098450447
0.4665728566485111 0.8720860098450447
0.4706132606889152 0.8720860098450447
0.4746536647293192 0.8720860098450447
0.4786940687697232 0.8720860098450447
0.48273447281012727 0.8720860098450447
0.48677487685053134 0.8720860098450447
0.49081528089093535 0.8720860098450447
0.4463708364464909 0.8761264138854487
0.45041124048689496 0.8761264138854487
0.454451644527299 0.8761264138854487
0.45849204856770304 0.8761264138854487
0.46253245260810705 0.8761264138854487
0.4665728566485111 0.8761264138854487
0.4706132606889152 0.8761264138854487
0.4746536647293192 0.8761264138854487
0.4786940687697232 0.8761264138854487
0.48273447281012727 0.8761264138854487
0.48677487685053134 0.8761264138854487
0.4382900283656828 0.8801668179258527
0.4423304324060868 0.8801668179258527
0.4463708364464909 0.8801668179258527
0.45041124048689496 0.8801668179258527
0.454451644527299 0.8801668179258527
0.45849204856770304 0.8801668179258527
0.46253245260810705 0.8801668179258527
0.4665728566485111 0.8801668179258527
0.4706132606889152 0.8801668179258527
0.4746536647293192 0.8801668179258527
0.4786940687697232 0.8801668179258527
0.43020922028487474 0.8842072219662568
0.4342496243252788 0.8842072219662568
0.4382900283656828 0.8842072219662568
0.4423304324060868 0.8842072219662568
0.4463708364464909 0.8842072219662568
0.45041124048689496 0.8842072219662568
0.454451644527299 0.8842072219662568
0.45849204856770304 0.8842072219662568
0.46253245260810705 0.8842072219662568
0.4665728566485111 0.8842072219662568
0.4706132606889152 0.8842072219662568
0.42212841220406666 0.8882476260066607
0.42616881624447067 0.8882476260066607
0.43020922028487474 0.8882476260066607
0.4342496243252788 0.8882476260066607
0.4382900283656828 0.8882476260066607
0.4423304324060868 0.8882476260066607
0.4463708364464909 0.8882476260066607
0.45041124048689496 0.8882476260066607
0.454451644527299 0.8882476260066607
0.45849204856770304 0.8882476260066607
0.46253245260810705 0.8882476260066607
0.4140476041232586 0.8922880300470648
0.41808800816366265 0.8922880300470648
0.42212841220406666 0.8922880300470648
0.42616881624447067 0.8922880300470648
0.43020922028487474 0.8922880300470648
0.4342496243252788 0.8922880300470648
0.4382900283656828 0.8922880300470648
0.4423304324060868 0.8922880300470648
0.4463708364464909 0.8922880300470648
0.45041124048689496 0.8922880300470648
0.454451644527299 0.8922880300470648
0.4059667960424505 0.8963284340874689
0.4100072000828545 0.8963284340874689
0.4140476041232586 0.8963284340874689
0.41808800816366265 0.8963284340874689
0.42212841220406666 0.8963284340874689
0.42616881624447067 0.8963284340874689
0.43020922028487474 0.8963284340874689
0.4342496243252788 0.8963284340874689
0.4382900283656828 0.8963284340874689
0.4423304324060868 0.8963284340874689
0.4463708364464909 0.8963284340874689
0.39788598796164243 0.9003688381278729
0.4019263920020465 0.9003688381278729
0.4059667960424505 0.9003688381278729
0.4100072000828545 0.9003688381278729
0.4140476041232586 0.9003688381278729
0.41808800816366265 0.9003688381278729
0.42212841220406666 0.9003688381278729
0.42616881624447067 0.9003688381278729
0.43020922028487474 0.9003688381278729
0.4342496243252788 0.9003688381278729
0.4382900283656828 0.9003688381278729
0.3857647758404303 0.904409242168277
0.38980517988083435 0.904409242168277
0.39384558392123836 0.904409242168277
0.39788598796164243 0.904409242168277
0.4019263920020465 0.904409242168277
0.4059667960424505 0.904409242168277
0.4100072000828545 0.904409242168277
0.4140476041232586 0.904409242168277
0.41808800816366265 0.904409242168277
0.42212841220406666 0.904409242168277
0.42616881624447067 0.904409242168277
0.43020922028487474 0.904409242168277
0.3776839677596222 0.9084496462086811
0.3817243718000263 0.9084496462086811
0.3857647758404303 0.9084496462086811
0.38980517988083435 0.9084496462086811
0.39384558392123836 0.9084496462086811
0.39788598796164243 0.9084496462086811
0.4019263920020465 0.9084496462086811
0.4059667960424505 0.9084496462086811
0.4100072000828545 0.9084496462086811
0.4140476041232586 0.9084496462086811
0.41808800816366265 0.9084496462086811
0.42212841220406666 0.9084496462086811
0.36960315967881413 0.912490050249085
0.3736435637192182 0.912490050249085
0.3776839677596222 0.912490050249085
0.3817243718000263 0.912490050249085
0.3857647758404303 0.912490050249085
0.38980517988083435 0.912490050249085
0.39384558392123836 0.912490050249085
0.39788598796164243 0.912490050249085
0.4019263920020465 0.912490050249085
0.4059667960424505 0.912490050249085
0.4100072000828545 0.912490050249085
0.4140476041232586 0.912490050249085
0.357481947557602 0.9165304542894891
0.36152235159800605 0.9165304542894891
0.3655627556384101 0.9165304542894891
0.36960315967881413 0.9165304542894891
0.3736435637192182 0.9165304542894891
0.3776839677596222 0.9165304542894891
0.3817243718000263 0.9165304542894891
0.3857647758404303 0.9165304542894891
0.38980517988083435 0.9165304542894891
0.39384558392123836 0.9165304542894891
0.39788598796164243 0.9165304542894891
0.4019263920020465 0.9165304542894891
0.34940113947679396 0.920570858329893
0.353441543517198 0.920570858329893
0.357481947557602 0.920570858329893
0.36152235159800605 0.920570858329893
0.3655627556384101 0.920570858329893
0.36960315967881413 0.920570858329893
0.3736435637192182 0.920570858329893
0.3776839677596222 0.920570858329893
0.3817243718000263 0.920570858329893
0.3857647758404303 0.920570858329893
0.38980517988083435 0.920570858329893
0.39384558392123836 0.920570858329893
0.3372799273555818 0.9246112623702971
0.34132033139598583 0.9246112623702971
0.3453607354363899 0.9246112623702971
0.34940113947679396 0.9246112623702971
0.353441543517198 0.9246112623702971
0.357481947557602 0.9246112623702971
0.36152235159800605 0.9246112623702971
0.3655627556384101 0.9246112623702971
0.36960315967881413 0.9246112623702971
0.3736435637192182 0.9246112623702971
0.3776839677596222 0.9246112623702971
0.3817243718000263 0.9246112623702971
0.3857647758404303 0.9246112623702971
0.32919911927477374 0.9286516664107012
0.3332395233151778 0.9286516664107012
0.3372799273555818 0.9286516664107012
0.34132033139598583 0.9286516664107012
0.3453607354363899 0.9286516664107012
0.34940113947679396 0.9286516664107012
0.353441543517198 0.9286516664107012
0.357481947557602 0.9286516664107012
0.36152235159800605 0.9286516664107012
0.3655627556384101 0.9286516664107012
0.36960315967881413 0.9286516664107012
0.3736435637192182 0.9286516664107012
0.3170779071535616 0.9326920704511052
0.32111831119396567 0.9326920704511052
0.3251587152343697 0.9326920704511052
0.32919911927477374 0.9326920704511052
0.3332395233151778 0.9326920704511052
0.3372799273555818 0.9326920704511052
0.34132033139598583 0.9326920704511052
0.3453607354363899 0.9326920704511052
0.34940113947679396 0.9326920704511052
0.353441543517198 0.9326920704511052
0.357481947557602 0.9326920704511052
0.36152235159800605 0.9326920704511052
0.30495669503234946 0.9367324744915093
0.3089970990727535 0.9367324744915093
0.3130375031131576 0.9367324744915093
0.3170779071535616 0.9367324744915093
0.32111831119396567 0.9367324744915093
0.3251587152343697 0.9367324744915093
0.32919911927477374 0.9367324744915093
0.3332395233151778 0.9367324744915093
0.3372799273555818 0.9367324744915093
0.34132033139598583 0.9367324744915093
0.3453607354363899 0.9367324744915093
0.34940113947679396 0.9367324744915093
0.353441543517198 0.9367324744915093
0.29283548291113737 0.9407728785319134
0.29687588695154143 0.9407728785319134
0.30091629099194545 0.9407728785319134
0.30495669503234946 0.9407728785319134
0.3089970990727535 0.9407728785319134
0.3130375031131576 0.9407728785319134
0.3170779071535616 0.9407728785319134
0.32111831119396567 0.9407728785319134
0.3251587152343697 0.9407728785319134
0.32919911927477374 0.9407728785319134
0.3332395233151778 0.9407728785319134
0.3372799273555818 0.9407728785319134
0.34132033139598583 0.9407728785319134
0.2847546748303293 0.9448132825723174
0.2887950788707333 0.9448132825723174
0.29283548291113737 0.9448132825723174
0.29687588695154143 0.9448132825723174
0.30091629099194545 0.9448132825723174
0.30495669503234946 0.9448132825723174
0.3089970990727535 0.9448132825723174
0.3130375031131576 0.9448132825723174
0.3170779071535616 0.9448132825723174
0.32111831119396567 0.9448132825723174
0.3251587152343697 0.9448132825723174
0.32919911927477374 0.9448132825723174
0.2847546748303293 0.9488536866127214
0.2887950788707333 0.9488536866127214
0.29283548291113737 0.9488536866127214
0.29687588695154143 0.9488536866127214
0.30091629099194545 0.9488536866127214
0.30495669503234946 0.9488536866127214
0.3089970990727535 0.9488536866127214
0.3130375031131576 0.9488536866127214
0.3170779071535616 0.9488536866127214
0.2847546748303293 0.9528940906531255
0.2887950788707333 0.9528940906531255
0.29283548291113737 0.9528940906531255
0.29687588695154143 0.9528940906531255
0.30091629099194545 0.9528940906531255
0.30495669503234946 0.9528940906531255
0.2847546748303293 0.9569344946935294
0.2887950788707333 0.9569344946935294
