# x y
0.699988777494611 0.7145102522692871
0.6959483734542069 0.7185506563096911
0.6919079694138028 0.7225910603500951
0.6878675653733988 0.7266314643904992
0.6838271613329947 0.7306718684309033
0.6797867572925907 0.7347122724713073
0.6757463532521867 0.7387526765117113
0.6676655451713787 0.7427930805521153
0.6717059492117827 0.7427930805521153
0.6636251411309746 0.7468334845925194
0.6595847370905705 0.7508738886329235
0.6555443330501665 0.7549142926733274
0.6515039290097624 0.7589546967137315
0.6474635249693584 0.7629951007541356
0.6434231209289544 0.7670355047945396
0.6353423128481464 0.7710759088349436
0.6313019088077423 0.7751163128753477
0.6272615047673382 0.7791567169157517
0.6232211007269342 0.7831971209561558
0.615140292646126 0.7872375249965597
0.6110998886057221 0.7912779290369638
0.607059484565318 0.7953183330773679
0.59897867648451 0.799358737117772
0.603019080524914 0.799358737117772
0.5949382724441059 0.803399141158176
0.5908978684037018 0.80743954519858
0.5828170603228937 0.811479949238984
0.5868574643632978 0.811479949238984
0.5787766562824898 0.8155203532793881
0.5706958482016817 0.819560757319792
0.5747362522420857 0.819560757319792
0.5666554441612777 0.8236011613601961
0.5626150401208736 0.8276415654006002
0.5545342320400655 0.8316819694410043
0.5504938279996614 0.8357223734814083
0.5424130199188534 0.8397627775218124
0.5343322118380454 0.8438031815622163
0.5383726158784493 0.8438031815622163
0.5302918077976413 0.8478435856026204
0.5222109997168332 0.8518839896430245
0.5262514037572372 0.8518839896430245
0.5181705956764291 0.8559243936834284
0.5100897875956211 0.8599647977238325
0.5020089795148129 0.8640052017642366
0.506049383555217 0.8640052017642366
0.4939281714340049 0.8680456058046406
0.4979685754744089 0.8680456058046406
0.48988776739360085 0.8720860098450447
0.48180695931279277 0.8761264138854487
0.4737261512319847 0.8801668179258527
0.47776655527238876 0.8801668179258527
0.4656453431511766 0.8842072219662568
0.4696857471915806 0.8842072219662568
0.45756453507036854 0.8882476260066607
0.46160493911077255 0.8882476260066607
0.4494837269895604 0.8922880300470648
0.4535241310299645 0.8922880300470648
0.4414029189087524 0.8963284340874689
0.4454433229491564 0.8963284340874689
0.43332211082794425 0.9003688381278729
0.4373625148683483 0.9003688381278729
0.42524130274713623 0.904409242168277
0.42928170678754024 0.904409242168277
0.4171604946663281 0.9084496462086811
0.42120089870673216 0.9084496462086811
0.40907968658552 0.912490050249085
0.39695847446430793 0.9165304542894891
0.40099887850471194 0.9165304542894891
0.38887766638349985 0.920570858329893
0.39291807042390386 0.920570858329893
0.3807968583026917 0.9246112623702971
0.3848372623430958 0.9246112623702971
0.36867564618147963 0.9286516664107012
0.3727160502218837 0.9286516664107012
0.36059483810067156 0.9326920704511052
0.36463524214107557 0.9326920704511052
0.3484736259794594 0.9367324744915093
0.3525140300198635 0.9367324744915093
0.3363524138582473 0.9407728785319134
0.34039281789865133 0.9407728785319134
0.3242312017370352 0.9448132825723174
0.32827160577743925 0.9448132825723174
0.33231200981784326 0.9448132825723174
0.31210998961582304 0.9488536866127214
0.3161503936562271 0.9488536866127214
0.32019079769663117 0.9488536866127214
0.29998877749461095 0.9528940906531255
0.304029181535015 0.9528940906531255
0.308069585575419 0.9528940906531255
