# x y
0.6999516691865856 0.710469848228883
0.6959112651461815 0.7145102522692871
0.6999516691865856 0.7145102522692871
0.6918708611057776 0.7185506563096911
0.6959112651461815 0.7185506563096911
0.6878304570653735 0.7225910603500951
0.6918708611057776 0.7225910603500951
0.6837900530249694 0.7266314643904992
0.6878304570653735 0.7266314643904992
0.6797496489845654 0.7306718684309033
0.6837900530249694 0.7306718684309033
0.6757092449441613 0.7347122724713073
0.6797496489845654 0.7347122724713073
0.6716688409037572 0.7387526765117113
0.6757092449441613 0.7387526765117113
0.6676284368633532 0.7427930805521153
0.6716688409037572 0.7427930805521153
0.6635880328229492 0.7468334845925194
0.6676284368633532 0.7468334845925194
0.6595476287825451 0.7508738886329235
0.6635880328229492 0.7508738886329235
0.6555072247421412 0.7549142926733274
0.6595476287825451 0.7549142926733274
0.647426416661333 0.7589546967137315
0.6514668207017371 0.7589546967137315
0.643386012620929 0.7629951007541356
0.647426416661333 0.7629951007541356
0.6393456085805249 0.7670355047945396
0.643386012620929 0.7670355047945396
0.6353052045401208 0.7710759088349436
0.6393456085805249 0.7710759088349436
0.6312648004997169 0.7751163128753477
0.6353052045401208 0.7751163128753477
0.6231839924189088 0.7791567169157517
0.6272243964593128 0.7791567169157517
0.6191435883785048 0.7831971209561558
0.6231839924189088 0.7831971209561558
0.6151031843381007 0.7872375249965597
0.6191435883785048 0.7872375249965597
0.6070223762572926 0.7912779290369638
0.6110627802976967 0.7912779290369638
0.6151031843381007 0.7912779290369638
0.6029819722168885 0.7953183330773679
0.6070223762572926 0.7953183330773679
0.5989415681764845 0.799358737117772
0.6029819722168885 0.799358737117772
0.5908607600956765 0.803399141158176
0.5949011641360805 0.803399141158176
0.5989415681764845 0.803399141158176
0.5868203560552725 0.80743954519858
0.5908607600956765 0.80743954519858
0.5827799520148684 0.811479949238984
0.5868203560552725 0.811479949238984
0.5746991439340603 0.8155203532793881
0.5787395479744644 0.8155203532793881
0.5827799520148684 0.8155203532793881
0.5706587398936562 0.819560757319792
0.5746991439340603 0.819560757319792
0.5625779318128482 0.8236011613601961
0.5666183358532522 0.8236011613601961
0.5706587398936562 0.8236011613601961
0.5585375277724441 0.8276415654006002
0.5625779318128482 0.8276415654006002
0.5504567196916361 0.8316819694410043
0.5544971237320401 0.8316819694410043
0.5585375277724441 0.8316819694410043
0.546416315651232 0.8357223734814083
0.5504567196916361 0.8357223734814083
0.5383355075704239 0.8397627775218124
0.542375911610828 0.8397627775218124
0.546416315651232 0.8397627775218124
0.5342951035300199 0.8438031815622163
0.5383355075704239 0.8438031815622163
0.5262142954492118 0.8478435856026204
0.5302546994896159 0.8478435856026204
0.5342951035300199 0.8478435856026204
0.5221738914088078 0.8518839896430245
0.5262142954492118 0.8518839896430245
0.5140930833279997 0.8559243936834284
0.5181334873684037 0.8559243936834284
0.5221738914088078 0.8559243936834284
0.5060122752471916 0.8599647977238325
0.5100526792875957 0.8599647977238325
0.5140930833279997 0.8599647977238325
0.49793146716638353 0.8640052017642366
0.5019718712067875 0.8640052017642366
0.5060122752471916 0.8640052017642366
0.4938910631259795 0.8680456058046406
0.49793146716638353 0.8680456058046406
0.5019718712067875 0.8680456058046406
0.4858102550451714 0.8720860098450447
0.48985065908557546 0.8720860098450447
0.4938910631259795 0.8720860098450447
0.47772944696436337 0.8761264138854487
0.4817698510047674 0.8761264138854487
0.4858102550451714 0.8761264138854487
0.46964863888355524 0.8801668179258527
0.4736890429239593 0.8801668179258527
0.47772944696436337 0.8801668179258527
0.46156783080274716 0.8842072219662568
0.4656082348431512 0.8842072219662568
0.46964863888355524 0.8842072219662568
0.4534870227219391 0.8882476260066607
0.45752742676234315 0.8882476260066607
0.46156783080274716 0.8882476260066607
0.445406214641131 0.8922880300470648
0.449446618681535 0.8922880300470648
0.4534870227219391 0.8922880300470648
0.45752742676234315 0.8922880300470648
0.4373254065603229 0.8963284340874689
0.441365810600727 0.8963284340874689
0.445406214641131 0.8963284340874689
0.449446618681535 0.8963284340874689
0.42924459847951485 0.9003688381278729
0.43328500251991886 0.9003688381278729
0.4373254065603229 0.9003688381278729
0.441365810600727 0.9003688381278729
0.42116379039870677 0.904409242168277
0.42520419443911084 0.904409242168277
0.42924459847951485 0.904409242168277
0.4130829823178987 0.9084496462086811
0.4171233863583027 0.9084496462086811
0.42116379039870677 0.9084496462086811
0.4050021742370906 0.912490050249085
0.40904257827749463 0.912490050249085
0.4130829823178987 0.912490050249085
0.3928809621158785 0.9165304542894891
0.39692136615628254 0.9165304542894891
0.40096177019668655 0.9165304542894891
0.4050021742370906 0.9165304542894891
0.3848001540350704 0.920570858329893
0.38884055807547446 0.920570858329893
0.3928809621158785 0.920570858329893
0.39692136615628254 0.920570858329893
0.3767193459542623 0.9246112623702971
0.38075974999466633 0.9246112623702971
0.3848001540350704 0.9246112623702971
0.3645981338330502 0.9286516664107012
0.36863853787345424 0.9286516664107012
0.3726789419138583 0.9286516664107012
0.3767193459542623 0.9286516664107012
0.35651732575224215 0.9326920704511052
0.36055772979264616 0.9326920704511052
0.3645981338330502 0.9326920704511052
0.34439611363103 0.9367324744915093
0.348436517671434 0.9367324744915093
0.3524769217118381 0.9367324744915093
0.35651732575224215 0.9367324744915093
0.33227490150981787 0.9407728785319134
0.33631530555022193 0.9407728785319134
0.34035570959062594 0.9407728785319134
0.34439611363103 0.9407728785319134
0.3201536893886058 0.9448132825723174
0.3241940934290098 0.9448132825723174
0.32823449746941386 0.9448132825723174
0.33227490150981787 0.9448132825723174
0.30803247726739363 0.9488536866127214
0.31207288130779764 0.9488536866127214
0.3161132853482017 0.9488536866127214
0.3201536893886058 0.9488536866127214
0.3241940934290098 0.9488536866127214
0.29995166918658556 0.9528940906531255
0.3039920732269896 0.9528940906531255
0.30803247726739363 0.9528940906531255
0.31207288130779764 0.9528940906531255
