# x y
0.6999847187825539 0.7145102522692871
0.6959443147421498 0.7185506563096911
0.6919039107017457 0.7225910603500951
0.6878635066613417 0.7266314643904992
0.6838231026209376 0.7306718684309033
0.6797826985805335 0.7347122724713073
0.6717018904997255 0.7387526765117113
0.6757422945401295 0.7387526765117113
0.6676614864593214 0.7427930805521153
0.6717018904997255 0.7427930805521153
0.6636210824189175 0.7468334845925194
0.6595806783785134 0.7508738886329235
0.6555402743381094 0.7549142926733274
0.6514998702977053 0.7589546967137315
0.6474594662573012 0.7629951007541356
0.6393786581764932 0.7670355047945396
0.6434190622168972 0.7670355047945396
0.6353382541360891 0.7710759088349436
0.6312978500956852 0.7751163128753477
0.6272574460552811 0.7791567169157517
0.623217042014877 0.7831971209561558
0.6151362339340689 0.7872375249965597
0.619176637974473 0.7872375249965597
0.6110958298936648 0.7912779290369638
0.6070554258532608 0.7953183330773679
0.5989746177724528 0.799358737117772
0.6030150218128568 0.799358737117772
0.5949342137320488 0.803399141158176
0.5908938096916447 0.80743954519858
0.5828130016108366 0.811479949238984
0.5868534056512407 0.811479949238984
0.5787725975704325 0.8155203532793881
0.5706917894896245 0.819560757319792
0.5747321935300285 0.819560757319792
0.5666513854492204 0.8236011613601961
0.5585705773684124 0.8276415654006002
0.5626109814088165 0.8276415654006002
0.5545301733280084 0.8316819694410043
0.5464493652472002 0.8357223734814083
0.5504897692876043 0.8357223734814083
0.5424089612067962 0.8397627775218124
0.5343281531259881 0.8438031815622163
0.5383685571663922 0.8438031815622163
0.5302877490855841 0.8478435856026204
0.522206941004776 0.8518839896430245
0.5262473450451801 0.8518839896430245
0.5141261329239679 0.8559243936834284
0.518166536964372 0.8559243936834284
0.5100857288835638 0.8599647977238325
0.5020049208027558 0.8640052017642366
0.5060453248431598 0.8640052017642366
0.4939241127219477 0.8680456058046406
0.49796451676235176 0.8680456058046406
0.4898837086815437 0.8720860098450447
0.4818029006007356 0.8761264138854487
0.47372209251992753 0.8801668179258527
0.47776249656033154 0.8801668179258527
0.46564128443911945 0.8842072219662568
0.4696816884795235 0.8842072219662568
0.4575604763583113 0.8882476260066607
0.4616008803987154 0.8882476260066607
0.4494796682775033 0.8922880300470648
0.4535200723179073 0.8922880300470648
0.44139886019669516 0.8963284340874689
0.44543926423709923 0.8963284340874689
0.43331805211588714 0.9003688381278729
0.43735845615629115 0.9003688381278729
0.425237244035079 0.904409242168277
0.4292776480754831 0.904409242168277
0.417156435954271 0.9084496462086811
0.421196839994675 0.9084496462086811
0.40907562787346285 0.912490050249085
0.4131160319138669 0.912490050249085
0.39695441575225077 0.9165304542894891
0.4009948197926548 0.9165304542894891
0.3888736076714427 0.920570858329893
0.3929140117118467 0.920570858329893
0.37675239555023055 0.9246112623702971
0.3807927995906346 0.9246112623702971
0.3848332036310386 0.9246112623702971
0.36867158746942247 0.9286516664107012
0.3727119915098265 0.9286516664107012
0.3565503753482103 0.9326920704511052
0.3605907793886144 0.9326920704511052
0.36463118342901846 0.9326920704511052
0.3484695672674023 0.9367324744915093
0.3525099713078063 0.9367324744915093
0.33634835514619016 0.9407728785319134
0.34038875918659417 0.9407728785319134
0.324227143024978 0.9448132825723174
0.3282675470653821 0.9448132825723174
0.3323079511057861 0.9448132825723174
0.3121059309037659 0.9488536866127214
0.31614633494416994 0.9488536866127214
0.32018673898457395 0.9488536866127214
0.2999847187825538 0.9528940906531255
0.3040251228229578 0.9528940906531255
0.30806552686336186 0.9528940906531255
