# x y
0.6595693824947494 0.7791567169157517
0.6312865542119211 0.803399141158176
0.5989633218886887 0.811479949238984
0.5989633218886887 0.8155203532793881
0.6110845340099009 0.819560757319792
0.5383572612826282 0.8518839896430245
0.522195645121012 0.8680456058046406
0.5060340289593959 0.8720860098450447
0.4979532208785878 0.8761264138854487
0.4898724127977797 0.8801668179258527
0.5019936249189918 0.8801668179258527
0.4656299885553555 0.9003688381278729
0.4898724127977797 0.9003688381278729
0.48179160471697163 0.904409242168277
0.3484582713836383 0.9448132825723174
0.3040138269391939 0.9690557068147416
0.3322966552220221 0.9730961108551457
