# x y
0.6872074568837179 0.706429444188479
0.6912478609241219 0.706429444188479
0.6912478609241219 0.710469848228883
0.6750862447625057 0.7145102522692871
0.6912478609241219 0.7145102522692871
0.6831670528433138 0.7185506563096911
0.6872074568837179 0.7185506563096911
0.6912478609241219 0.7185506563096911
0.6750862447625057 0.7225910603500951
0.6791266488029097 0.7225910603500951
0.6831670528433138 0.7225910603500951
0.6872074568837179 0.7225910603500951
0.6750862447625057 0.7266314643904992
0.6791266488029097 0.7266314643904992
0.6831670528433138 0.7266314643904992
0.6710458407221016 0.7306718684309033
0.6750862447625057 0.7306718684309033
0.6791266488029097 0.7306718684309033
0.6831670528433138 0.7306718684309033
0.6670054366816975 0.7347122724713073
0.6710458407221016 0.7347122724713073
0.6750862447625057 0.7347122724713073
0.6791266488029097 0.7347122724713073
0.6589246286008895 0.7387526765117113
0.6629650326412936 0.7387526765117113
0.6670054366816975 0.7387526765117113
0.6710458407221016 0.7387526765117113
0.6750862447625057 0.7387526765117113
0.6548842245604856 0.7427930805521153
0.6589246286008895 0.7427930805521153
0.6629650326412936 0.7427930805521153
0.6670054366816975 0.7427930805521153
0.6710458407221016 0.7427930805521153
0.6508438205200815 0.7468334845925194
0.6548842245604856 0.7468334845925194
0.6589246286008895 0.7468334845925194
0.6629650326412936 0.7468334845925194
0.6670054366816975 0.7468334845925194
0.6468034164796774 0.7508738886329235
0.6508438205200815 0.7508738886329235
0.6548842245604856 0.7508738886329235
0.6589246286008895 0.7508738886329235
0.6387226083988693 0.7549142926733274
0.6427630124392734 0.7549142926733274
0.6468034164796774 0.7549142926733274
0.6508438205200815 0.7549142926733274
0.6548842245604856 0.7549142926733274
0.6346822043584652 0.7589546967137315
0.6387226083988693 0.7589546967137315
0.6427630124392734 0.7589546967137315
0.6468034164796774 0.7589546967137315
0.6508438205200815 0.7589546967137315
0.6306418003180613 0.7629951007541356
0.6346822043584652 0.7629951007541356
0.6387226083988693 0.7629951007541356
0.6427630124392734 0.7629951007541356
0.6468034164796774 0.7629951007541356
0.6266013962776572 0.7670355047945396
0.6306418003180613 0.7670355047945396
0.6346822043584652 0.7670355047945396
0.6387226083988693 0.7670355047945396
0.6427630124392734 0.7670355047945396
0.6185205881968492 0.7710759088349436
0.6225609922372533 0.7710759088349436
0.6266013962776572 0.7710759088349436
0.6306418003180613 0.7710759088349436
0.6346822043584652 0.7710759088349436
0.6387226083988693 0.7710759088349436
0.6144801841564451 0.7751163128753477
0.6185205881968492 0.7751163128753477
0.6225609922372533 0.7751163128753477
0.6266013962776572 0.7751163128753477
0.6306418003180613 0.7751163128753477
0.6346822043584652 0.7751163128753477
0.610439780116041 0.7791567169157517
0.6144801841564451 0.7791567169157517
0.6185205881968492 0.7791567169157517
0.6225609922372533 0.7791567169157517
0.6266013962776572 0.7791567169157517
0.6306418003180613 0.7791567169157517
0.6023589720352329 0.7831971209561558
0.606399376075637 0.7831971209561558
0.610439780116041 0.7831971209561558
0.6144801841564451 0.7831971209561558
0.6185205881968492 0.7831971209561558
0.6225609922372533 0.7831971209561558
0.5983185679948289 0.7872375249965597
0.6023589720352329 0.7872375249965597
0.606399376075637 0.7872375249965597
0.610439780116041 0.7872375249965597
0.6144801841564451 0.7872375249965597
0.6185205881968492 0.7872375249965597
0.5902377599140208 0.7912779290369638
0.5942781639544249 0.7912779290369638
0.5983185679948289 0.7912779290369638
0.6023589720352329 0.7912779290369638
0.606399376075637 0.7912779290369638
0.610439780116041 0.7912779290369638
0.6144801841564451 0.7912779290369638
0.5861973558736169 0.7953183330773679
0.5902377599140208 0.7953183330773679
0.5942781639544249 0.7953183330773679
0.5983185679948289 0.7953183330773679
0.6023589720352329 0.7953183330773679
0.606399376075637 0.7953183330773679
0.610439780116041 0.7953183330773679
0.5821569518332128 0.799358737117772
0.5861973558736169 0.799358737117772
0.5902377599140208 0.799358737117772
0.5942781639544249 0.799358737117772
0.5983185679948289 0.799358737117772
0.6023589720352329 0.799358737117772
0.606399376075637 0.799358737117772
0.5740761437524047 0.803399141158176
0.5781165477928087 0.803399141158176
0.5821569518332128 0.803399141158176
0.5861973558736169 0.803399141158176
0.5902377599140208 0.803399141158176
0.5942781639544249 0.803399141158176
0.5983185679948289 0.803399141158176
0.5700357397120006 0.80743954519858
0.5740761437524047 0.80743954519858
0.5781165477928087 0.80743954519858
0.5821569518332128 0.80743954519858
0.5861973558736169 0.80743954519858
0.5902377599140208 0.80743954519858
0.5942781639544249 0.80743954519858
0.5619549316311926 0.811479949238984
0.5659953356715965 0.811479949238984
0.5700357397120006 0.811479949238984
0.5740761437524047 0.811479949238984
0.5781165477928087 0.811479949238984
0.5821569518332128 0.811479949238984
0.5861973558736169 0.811479949238984
0.5902377599140208 0.811479949238984
0.5296316993079603 0.8155203532793881
0.5579145275907885 0.8155203532793881
0.5619549316311926 0.8155203532793881
0.5659953356715965 0.8155203532793881
0.5700357397120006 0.8155203532793881
0.5740761437524047 0.8155203532793881
0.5781165477928087 0.8155203532793881
0.5821569518332128 0.8155203532793881
0.5498337195099805 0.819560757319792
0.5538741235503846 0.819560757319792
0.5579145275907885 0.819560757319792
0.5619549316311926 0.819560757319792
0.5659953356715965 0.819560757319792
0.5700357397120006 0.819560757319792
0.5740761437524047 0.819560757319792
0.5781165477928087 0.819560757319792
0.5457933154695764 0.8236011613601961
0.5498337195099805 0.8236011613601961
0.5538741235503846 0.8236011613601961
0.5579145275907885 0.8236011613601961
0.5619549316311926 0.8236011613601961
0.5659953356715965 0.8236011613601961
0.5700357397120006 0.8236011613601961
0.5740761437524047 0.8236011613601961
0.5094296791059401 0.8276415654006002
0.5377125073887683 0.8276415654006002
0.5417529114291724 0.8276415654006002
0.5457933154695764 0.8276415654006002
0.5498337195099805 0.8276415654006002
0.5538741235503846 0.8276415654006002
0.5579145275907885 0.8276415654006002
0.5619549316311926 0.8276415654006002
0.5659953356715965 0.8276415654006002
0.5336721033483642 0.8316819694410043
0.5377125073887683 0.8316819694410043
0.5417529114291724 0.8316819694410043
0.5457933154695764 0.8316819694410043
0.5498337195099805 0.8316819694410043
0.5538741235503846 0.8316819694410043
0.5579145275907885 0.8316819694410043
0.5619549316311926 0.8316819694410043
0.5255912952675562 0.8357223734814083
0.5296316993079603 0.8357223734814083
0.5336721033483642 0.8357223734814083
0.5377125073887683 0.8357223734814083
0.5417529114291724 0.8357223734814083
0.5457933154695764 0.8357223734814083
0.5498337195099805 0.8357223734814083
0.5538741235503846 0.8357223734814083
0.5175104871867482 0.8397627775218124
0.5215508912271521 0.8397627775218124
0.5255912952675562 0.8397627775218124
0.5296316993079603 0.8397627775218124
0.5336721033483642 0.8397627775218124
0.5377125073887683 0.8397627775218124
0.5417529114291724 0.8397627775218124
0.5457933154695764 0.8397627775218124
0.5498337195099805 0.8397627775218124
0.5134700831463441 0.8438031815622163
0.5175104871867482 0.8438031815622163
0.5215508912271521 0.8438031815622163
0.5255912952675562 0.8438031815622163
0.5296316993079603 0.8438031815622163
0.5336721033483642 0.8438031815622163
0.5377125073887683 0.8438031815622163
0.5417529114291724 0.8438031815622163
0.505389275065536 0.8478435856026204
0.5094296791059401 0.8478435856026204
0.5134700831463441 0.8478435856026204
0.5175104871867482 0.8478435856026204
0.5215508912271521 0.8478435856026204
0.5255912952675562 0.8478435856026204
0.5296316993079603 0.8478435856026204
0.5336721033483642 0.8478435856026204
0.5377125073887683 0.8478435856026204
0.4973084669847279 0.8518839896430245
0.5013488710251319 0.8518839896430245
0.505389275065536 0.8518839896430245
0.5094296791059401 0.8518839896430245
0.5134700831463441 0.8518839896430245
0.5175104871867482 0.8518839896430245
0.5215508912271521 0.8518839896430245
0.5255912952675562 0.8518839896430245
0.5296316993079603 0.8518839896430245
0.48922765890391984 0.8559243936834284
0.4932680629443239 0.8559243936834284
0.4973084669847279 0.8559243936834284
0.5013488710251319 0.8559243936834284
0.505389275065536 0.8559243936834284
0.5094296791059401 0.8559243936834284
0.5134700831463441 0.8559243936834284
0.5175104871867482 0.8559243936834284
0.5215508912271521 0.8559243936834284
0.5255912952675562 0.8559243936834284
0.48518725486351577 0.8599647977238325
0.48922765890391984 0.8599647977238325
0.4932680629443239 0.8599647977238325
0.4973084669847279 0.8599647977238325
0.5013488710251319 0.8599647977238325
0.505389275065536 0.8599647977238325
0.5094296791059401 0.8599647977238325
0.5134700831463441 0.8599647977238325
0.5175104871867482 0.8599647977238325
0.47710644678270775 0.8640052017642366
0.48114685082311176 0.8640052017642366
0.48518725486351577 0.8640052017642366
0.48922765890391984 0.8640052017642366
0.4932680629443239 0.8640052017642366
0.4973084669847279 0.8640052017642366
0.5013488710251319 0.8640052017642366
0.505389275065536 0.8640052017642366
0.5094296791059401 0.8640052017642366
0.4690256387018996 0.8680456058046406
0.4730660427423037 0.8680456058046406
0.47710644678270775 0.8680456058046406
0.48114685082311176 0.8680456058046406
0.48518725486351577 0.8680456058046406
0.48922765890391984 0.8680456058046406
0.4932680629443239 0.8680456058046406
0.4973084669847279 0.8680456058046406
0.5013488710251319 0.8680456058046406
0.505389275065536 0.8680456058046406
0.4609448306210916 0.8720860098450447
0.4649852346614956 0.8720860098450447
0.4690256387018996 0.8720860098450447
0.4730660427423037 0.8720860098450447
0.47710644678270775 0.8720860098450447
0.48114685082311176 0.8720860098450447
0.48518725486351577 0.8720860098450447
0.48922765890391984 0.8720860098450447
0.4932680629443239 0.8720860098450447
0.4973084669847279 0.8720860098450447
0.45286402254028346 0.8761264138854487
0.45690442658068753 0.8761264138854487
0.4609448306210916 0.8761264138854487
0.4649852346614956 0.8761264138854487
0.4690256387018996 0.8761264138854487
0.4730660427423037 0.8761264138854487
0.47710644678270775 0.8761264138854487
0.48114685082311176 0.8761264138854487
0.48518725486351577 0.8761264138854487
0.48922765890391984 0.8761264138854487
0.4447832144594754 0.8801668179258527
0.4488236184998794 0.8801668179258527
0.45286402254028346 0.8801668179258527
0.45690442658068753 0.8801668179258527
0.4609448306210916 0.8801668179258527
0.4649852346614956 0.8801668179258527
0.4690256387018996 0.8801668179258527
0.4730660427423037 0.8801668179258527
0.47710644678270775 0.8801668179258527
0.48114685082311176 0.8801668179258527
0.48518725486351577 0.8801668179258527
0.4367024063786673 0.8842072219662568
0.4407428104190714 0.8842072219662568
0.4447832144594754 0.8842072219662568
0.4488236184998794 0.8842072219662568
0.45286402254028346 0.8842072219662568
0.45690442658068753 0.8842072219662568
0.4609448306210916 0.8842072219662568
0.4649852346614956 0.8842072219662568
0.4690256387018996 0.8842072219662568
0.4730660427423037 0.8842072219662568
0.47710644678270775 0.8842072219662568
0.42862159829785923 0.8882476260066607
0.43266200233826324 0.8882476260066607
0.4367024063786673 0.8882476260066607
0.4407428104190714 0.8882476260066607
0.4447832144594754 0.8882476260066607
0.4488236184998794 0.8882476260066607
0.45286402254028346 0.8882476260066607
0.45690442658068753 0.8882476260066607
0.4609448306210916 0.8882476260066607
0.4649852346614956 0.8882476260066607
0.4690256387018996 0.8882476260066607
0.42054079021705115 0.8922880300470648
0.4245811942574552 0.8922880300470648
0.42862159829785923 0.8922880300470648
0.43266200233826324 0.8922880300470648
0.4367024063786673 0.8922880300470648
0.4407428104190714 0.8922880300470648
0.4447832144594754 0.8922880300470648
0.4488236184998794 0.8922880300470648
0.45286402254028346 0.8922880300470648
0.45690442658068753 0.8922880300470648
0.4609448306210916 0.8922880300470648
0.4124599821362431 0.8963284340874689
0.4165003861766471 0.8963284340874689
0.42054079021705115 0.8963284340874689
0.4245811942574552 0.8963284340874689
0.42862159829785923 0.8963284340874689
0.43266200233826324 0.8963284340874689
0.4367024063786673 0.8963284340874689
0.4407428104190714 0.8963284340874689
0.4447832144594754 0.8963284340874689
0.4488236184998794 0.8963284340874689
0.45286402254028346 0.8963284340874689
0.4730660427423037 0.8963284340874689
0.40033877001503093 0.9003688381278729
0.404379174055435 0.9003688381278729
0.40841957809583906 0.9003688381278729
0.4124599821362431 0.9003688381278729
0.4165003861766471 0.9003688381278729
0.42054079021705115 0.9003688381278729
0.4245811942574552 0.9003688381278729
0.42862159829785923 0.9003688381278729
0.43266200233826324 0.9003688381278729
0.4367024063786673 0.9003688381278729
0.4407428104190714 0.9003688381278729
0.4447832144594754 0.9003688381278729
0.39225796193422285 0.904409242168277
0.3962983659746269 0.904409242168277
0.40033877001503093 0.904409242168277
0.404379174055435 0.904409242168277
0.40841957809583906 0.904409242168277
0.4124599821362431 0.904409242168277
0.4165003861766471 0.904409242168277
0.42054079021705115 0.904409242168277
0.4245811942574552 0.904409242168277
0.42862159829785923 0.904409242168277
0.43266200233826324 0.904409242168277
0.4367024063786673 0.904409242168277
0.3841771538534148 0.9084496462086811
0.38821755789381884 0.9084496462086811
0.39225796193422285 0.9084496462086811
0.3962983659746269 0.9084496462086811
0.40033877001503093 0.9084496462086811
0.404379174055435 0.9084496462086811
0.40841957809583906 0.9084496462086811
0.4124599821362431 0.9084496462086811
0.4165003861766471 0.9084496462086811
0.42054079021705115 0.9084496462086811
0.4245811942574552 0.9084496462086811
0.42862159829785923 0.9084496462086811
0.3720559417322027 0.912490050249085
0.3760963457726067 0.912490050249085
0.38013674981301077 0.912490050249085
0.3841771538534148 0.912490050249085
0.38821755789381884 0.912490050249085
0.39225796193422285 0.912490050249085
0.3962983659746269 0.912490050249085
0.40033877001503093 0.912490050249085
0.404379174055435 0.912490050249085
0.40841957809583906 0.912490050249085
0.4124599821362431 0.912490050249085
0.4165003861766471 0.912490050249085
0.42054079021705115 0.912490050249085
0.36397513365139456 0.9165304542894891
0.3680155376917986 0.9165304542894891
0.3720559417322027 0.9165304542894891
0.3760963457726067 0.9165304542894891
0.38013674981301077 0.9165304542894891
0.3841771538534148 0.9165304542894891
0.38821755789381884 0.9165304542894891
0.39225796193422285 0.9165304542894891
0.3962983659746269 0.9165304542894891
0.40033877001503093 0.9165304542894891
0.404379174055435 0.9165304542894891
0.40841957809583906 0.9165304542894891
0.4124599821362431 0.9165304542894891
0.35185392153018247 0.920570858329893
0.35589432557058653 0.920570858329893
0.35993472961099054 0.920570858329893
0.36397513365139456 0.920570858329893
0.3680155376917986 0.920570858329893
0.3720559417322027 0.920570858329893
0.3760963457726067 0.920570858329893
0.38013674981301077 0.920570858329893
0.3841771538534148 0.920570858329893
0.38821755789381884 0.920570858329893
0.39225796193422285 0.920570858329893
0.3962983659746269 0.920570858329893
0.40033877001503093 0.920570858329893
0.404379174055435 0.920570858329893
0.31953068920695016 0.9246112623702971
0.3437731134493744 0.9246112623702971
0.3478135174897784 0.9246112623702971
0.35185392153018247 0.9246112623702971
0.35589432557058653 0.9246112623702971
0.35993472961099054 0.9246112623702971
0.36397513365139456 0.9246112623702971
0.3680155376917986 0.9246112623702971
0.3720559417322027 0.9246112623702971
0.3760963457726067 0.9246112623702971
0.38013674981301077 0.9246112623702971
0.3841771538534148 0.9246112623702971
0.38821755789381884 0.9246112623702971
0.39225796193422285 0.9246112623702971
0.33165190132816225 0.9286516664107012
0.3356923053685663 0.9286516664107012
0.3397327094089704 0.9286516664107012
0.3437731134493744 0.9286516664107012
0.3478135174897784 0.9286516664107012
0.35185392153018247 0.9286516664107012
0.35589432557058653 0.9286516664107012
0.35993472961099054 0.9286516664107012
0.36397513365139456 0.9286516664107012
0.3680155376917986 0.9286516664107012
0.3720559417322027 0.9286516664107012
0.3760963457726067 0.9286516664107012
0.38013674981301077 0.9286516664107012
0.3841771538534148 0.9286516664107012
0.31953068920695016 0.9326920704511052
0.32357109324735417 0.9326920704511052
0.32761149728775824 0.9326920704511052
0.33165190132816225 0.9326920704511052
0.3356923053685663 0.9326920704511052
0.3397327094089704 0.9326920704511052
0.3437731134493744 0.9326920704511052
0.3478135174897784 0.9326920704511052
0.35185392153018247 0.9326920704511052
0.35589432557058653 0.9326920704511052
0.35993472961099054 0.9326920704511052
0.36397513365139456 0.9326920704511052
0.3680155376917986 0.9326920704511052
0.3720559417322027 0.9326920704511052
0.307409477085738 0.9367324744915093
0.311449881126142 0.9367324744915093
0.3154902851665461 0.9367324744915093
0.31953068920695016 0.9367324744915093
0.32357109324735417 0.9367324744915093
0.32761149728775824 0.9367324744915093
0.33165190132816225 0.9367324744915093
0.3356923053685663 0.9367324744915093
0.3397327094089704 0.9367324744915093
0.3437731134493744 0.9367324744915093
0.3478135174897784 0.9367324744915093
0.35185392153018247 0.9367324744915093
0.35589432557058653 0.9367324744915093
0.35993472961099054 0.9367324744915093
0.36397513365139456 0.9367324744915093
0.29528826496452587 0.9407728785319134
0.29932866900492994 0.9407728785319134
0.303369073045334 0.9407728785319134
0.307409477085738 0.9407728785319134
0.311449881126142 0.9407728785319134
0.3154902851665461 0.9407728785319134
0.31953068920695016 0.9407728785319134
0.32357109324735417 0.9407728785319134
0.32761149728775824 0.9407728785319134
0.33165190132816225 0.9407728785319134
0.3356923053685663 0.9407728785319134
0.3397327094089704 0.9407728785319134
0.3437731134493744 0.9407728785319134
0.3478135174897784 0.9407728785319134
0.35185392153018247 0.9407728785319134
0.29124786092412186 0.9448132825723174
0.29528826496452587 0.9448132825723174
0.29932866900492994 0.9448132825723174
0.303369073045334 0.9448132825723174
0.307409477085738 0.9448132825723174
0.311449881126142 0.9448132825723174
0.3154902851665461 0.9448132825723174
0.31953068920695016 0.9448132825723174
0.32357109324735417 0.9448132825723174
0.32761149728775824 0.9448132825723174
0.33165190132816225 0.9448132825723174
0.3356923053685663 0.9448132825723174
0.3397327094089704 0.9448132825723174
0.3437731134493744 0.9448132825723174
0.29124786092412186 0.9488536866127214
0.29528826496452587 0.9488536866127214
0.29932866900492994 0.9488536866127214
0.303369073045334 0.9488536866127214
0.307409477085738 0.9488536866127214
0.311449881126142 0.9488536866127214
0.3154902851665461 0.9488536866127214
0.31953068920695016 0.9488536866127214
0.32357109324735417 0.9488536866127214
0.32761149728775824 0.9488536866127214
0.33165190132816225 0.9488536866127214
0.29124786092412186 0.9528940906531255
0.29528826496452587 0.9528940906531255
0.29932866900492994 0.9528940906531255
0.303369073045334 0.9528940906531255
0.307409477085738 0.9528940906531255
0.311449881126142 0.9528940906531255
0.3154902851665461 0.9528940906531255
0.31953068920695016 0.9528940906531255
0.29124786092412186 0.9569344946935294
0.29528826496452587 0.9569344946935294
0.29932866900492994 0.9569344946935294
0.303369073045334 0.9569344946935294
0.307409477085738 0.9569344946935294
0.29124786092412186 0.9609748987339335
0.29528826496452587 0.9609748987339335
