# x y
0.6999695616484229 0.7145102522692871
0.6959291576080189 0.7185506563096911
0.6918887535676148 0.7225910603500951
0.6878483495272107 0.7266314643904992
0.6797675414464027 0.7306718684309033
0.6838079454868067 0.7306718684309033
0.6757271374059987 0.7347122724713073
0.6797675414464027 0.7347122724713073
0.6716867333655947 0.7387526765117113
0.6757271374059987 0.7387526765117113
0.6676463293251906 0.7427930805521153
0.6716867333655947 0.7427930805521153
0.6636059252847866 0.7468334845925194
0.6676463293251906 0.7468334845925194
0.6595655212443825 0.7508738886329235
0.6636059252847866 0.7508738886329235
0.6555251172039784 0.7549142926733274
0.6514847131635744 0.7589546967137315
0.6434039050827663 0.7629951007541356
0.6474443091231704 0.7629951007541356
0.6393635010423624 0.7670355047945396
0.6434039050827663 0.7670355047945396
0.6353230970019583 0.7710759088349436
0.6393635010423624 0.7710759088349436
0.6312826929615543 0.7751163128753477
0.6272422889211502 0.7791567169157517
0.6191614808403421 0.7831971209561558
0.6232018848807461 0.7831971209561558
0.615121076799938 0.7872375249965597
0.6191614808403421 0.7872375249965597
0.611080672759534 0.7912779290369638
0.602999864678726 0.7953183330773679
0.60704026871913 0.7953183330773679
0.598959460638322 0.799358737117772
0.602999864678726 0.799358737117772
0.5949190565979179 0.803399141158176
0.598959460638322 0.803399141158176
0.5868382485171098 0.80743954519858
0.5908786525575138 0.80743954519858
0.5827978444767057 0.811479949238984
0.5868382485171098 0.811479949238984
0.5787574404363017 0.8155203532793881
0.5706766323554937 0.819560757319792
0.5747170363958977 0.819560757319792
0.5666362283150896 0.8236011613601961
0.5706766323554937 0.8236011613601961
0.5585554202342815 0.8276415654006002
0.5625958242746856 0.8276415654006002
0.5545150161938774 0.8316819694410043
0.5585554202342815 0.8316819694410043
0.5464342081130694 0.8357223734814083
0.5504746121534734 0.8357223734814083
0.5423938040726654 0.8397627775218124
0.5464342081130694 0.8397627775218124
0.5343129959918573 0.8438031815622163
0.5383534000322613 0.8438031815622163
0.5262321879110492 0.8478435856026204
0.5302725919514533 0.8478435856026204
0.5343129959918573 0.8478435856026204
0.5221917838706451 0.8518839896430245
0.5262321879110492 0.8518839896430245
0.514110975789837 0.8559243936834284
0.5181513798302411 0.8559243936834284
0.506030167709029 0.8599647977238325
0.510070571749433 0.8599647977238325
0.514110975789837 0.8599647977238325
0.5019897636686249 0.8640052017642366
0.506030167709029 0.8640052017642366
0.4939089555878169 0.8680456058046406
0.4979493596282209 0.8680456058046406
0.48582814750700876 0.8720860098450447
0.4898685515474128 0.8720860098450447
0.4939089555878169 0.8720860098450447
0.47774733942620073 0.8761264138854487
0.48178774346660475 0.8761264138854487
0.48582814750700876 0.8761264138854487
0.47370693538579667 0.8801668179258527
0.47774733942620073 0.8801668179258527
0.4656261273049886 0.8842072219662568
0.4696665313453926 0.8842072219662568
0.4575453192241805 0.8882476260066607
0.4615857232645845 0.8882476260066607
0.4494645111433724 0.8922880300470648
0.45350491518377645 0.8922880300470648
0.44138370306256436 0.8963284340874689
0.44542410710296837 0.8963284340874689
0.4333028949817562 0.9003688381278729
0.4373432990221603 0.9003688381278729
0.4252220869009482 0.904409242168277
0.4292624909413522 0.904409242168277
0.41310087477973606 0.9084496462086811
0.41714127882014007 0.9084496462086811
0.42118168286054414 0.9084496462086811
0.405020066698928 0.912490050249085
0.409060470739332 0.912490050249085
0.41310087477973606 0.912490050249085
0.3969392586181199 0.9165304542894891
0.4009796626585239 0.9165304542894891
0.405020066698928 0.9165304542894891
0.38481804649690776 0.920570858329893
0.38885845053731183 0.920570858329893
0.39289885457771584 0.920570858329893
0.3767372384160997 0.9246112623702971
0.3807776424565037 0.9246112623702971
0.38481804649690776 0.9246112623702971
0.3686564303352916 0.9286516664107012
0.3726968343756957 0.9286516664107012
0.3767372384160997 0.9286516664107012
0.3565352182140795 0.9326920704511052
0.36057562225448353 0.9326920704511052
0.36461602629488754 0.9326920704511052
0.3444140060928674 0.9367324744915093
0.3484544101332714 0.9367324744915093
0.35249481417367545 0.9367324744915093
0.3363331980120593 0.9407728785319134
0.3403736020524633 0.9407728785319134
0.3444140060928674 0.9407728785319134
0.32421198589084715 0.9448132825723174
0.3282523899312512 0.9448132825723174
0.33229279397165523 0.9448132825723174
0.312090773769635 0.9488536866127214
0.3161311778100391 0.9488536866127214
0.32017158185044314 0.9488536866127214
0.2999695616484229 0.9528940906531255
0.304009965688827 0.9528940906531255
0.308050369729231 0.9528940906531255
