# x y
0.699965098165482 0.7266314643904992
0.695924694125078 0.7306718684309033
0.6838034820038659 0.7427930805521153
0.6636014618018456 0.7629951007541356
0.6595610577614416 0.7791567169157517
0.6353186335190173 0.7872375249965597
0.6312782294786133 0.803399141158176
0.6110762092765931 0.819560757319792
0.594914593114977 0.8316819694410043
0.49794489614528 0.8761264138854487
0.501985300185684 0.8801668179258527
0.4696620678624517 0.8922880300470648
0.41309641129679514 0.920570858329893
0.41713681533719915 0.9246112623702971
0.37269237089275475 0.9367324744915093
0.3686519668523507 0.9407728785319134
0.3646115628119466 0.9609748987339335
