# x y
0.6901988528834051 0.702389040148075
0.686158448843001 0.706429444188479
0.6901988528834051 0.706429444188479
0.682118044802597 0.710469848228883
0.686158448843001 0.710469848228883
0.6901988528834051 0.710469848228883
0.6780776407621929 0.7145102522692871
0.682118044802597 0.7145102522692871
0.686158448843001 0.7145102522692871
0.6901988528834051 0.7145102522692871
0.6740372367217888 0.7185506563096911
0.6780776407621929 0.7185506563096911
0.682118044802597 0.7185506563096911
0.686158448843001 0.7185506563096911
0.6901988528834051 0.7185506563096911
0.6699968326813848 0.7225910603500951
0.6740372367217888 0.7225910603500951
0.6780776407621929 0.7225910603500951
0.682118044802597 0.7225910603500951
0.686158448843001 0.7225910603500951
0.6901988528834051 0.7225910603500951
0.6659564286409807 0.7266314643904992
0.6699968326813848 0.7266314643904992
0.6740372367217888 0.7266314643904992
0.6780776407621929 0.7266314643904992
0.682118044802597 0.7266314643904992
0.686158448843001 0.7266314643904992
0.6901988528834051 0.7266314643904992
0.6578756205601727 0.7306718684309033
0.6619160246005767 0.7306718684309033
0.6659564286409807 0.7306718684309033
0.6699968326813848 0.7306718684309033
0.6740372367217888 0.7306718684309033
0.6780776407621929 0.7306718684309033
0.682118044802597 0.7306718684309033
0.686158448843001 0.7306718684309033
0.6901988528834051 0.7306718684309033
0.6538352165197687 0.7347122724713073
0.6578756205601727 0.7347122724713073
0.6619160246005767 0.7347122724713073
0.6659564286409807 0.7347122724713073
0.6699968326813848 0.7347122724713073
0.6740372367217888 0.7347122724713073
0.6780776407621929 0.7347122724713073
0.682118044802597 0.7347122724713073
0.686158448843001 0.7347122724713073
0.6497948124793647 0.7387526765117113
0.6538352165197687 0.7387526765117113
0.6578756205601727 0.7387526765117113
0.6619160246005767 0.7387526765117113
0.6659564286409807 0.7387526765117113
0.6699968326813848 0.7387526765117113
0.6740372367217888 0.7387526765117113
0.6780776407621929 0.7387526765117113
0.682118044802597 0.7387526765117113
0.6457544084389606 0.7427930805521153
0.6497948124793647 0.7427930805521153
0.6538352165197687 0.7427930805521153
0.6578756205601727 0.7427930805521153
0.6619160246005767 0.7427930805521153
0.6659564286409807 0.7427930805521153
0.6699968326813848 0.7427930805521153
0.6740372367217888 0.7427930805521153
0.6780776407621929 0.7427930805521153
0.6417140043985565 0.7468334845925194
0.6457544084389606 0.7468334845925194
0.6497948124793647 0.7468334845925194
0.6538352165197687 0.7468334845925194
0.6578756205601727 0.7468334845925194
0.6619160246005767 0.7468334845925194
0.6659564286409807 0.7468334845925194
0.6699968326813848 0.7468334845925194
0.6740372367217888 0.7468334845925194
0.6336331963177484 0.7508738886329235
0.6376736003581525 0.7508738886329235
0.6417140043985565 0.7508738886329235
0.6457544084389606 0.7508738886329235
0.6497948124793647 0.7508738886329235
0.6538352165197687 0.7508738886329235
0.6578756205601727 0.7508738886329235
0.6619160246005767 0.7508738886329235
0.6659564286409807 0.7508738886329235
0.6295927922773444 0.7549142926733274
0.6336331963177484 0.7549142926733274
0.6376736003581525 0.7549142926733274
0.6417140043985565 0.7549142926733274
0.6457544084389606 0.7549142926733274
0.6497948124793647 0.7549142926733274
0.6538352165197687 0.7549142926733274
0.6578756205601727 0.7549142926733274
0.6619160246005767 0.7549142926733274
0.6255523882369404 0.7589546967137315
0.6295927922773444 0.7589546967137315
0.6336331963177484 0.7589546967137315
0.6376736003581525 0.7589546967137315
0.6417140043985565 0.7589546967137315
0.6457544084389606 0.7589546967137315
0.6497948124793647 0.7589546967137315
0.6538352165197687 0.7589546967137315
0.6578756205601727 0.7589546967137315
0.6215119841965364 0.7629951007541356
0.6255523882369404 0.7629951007541356
0.6295927922773444 0.7629951007541356
0.6336331963177484 0.7629951007541356
0.6376736003581525 0.7629951007541356
0.6417140043985565 0.7629951007541356
0.6457544084389606 0.7629951007541356
0.6497948124793647 0.7629951007541356
0.6538352165197687 0.7629951007541356
0.6134311761157283 0.7670355047945396
0.6174715801561323 0.7670355047945396
0.6215119841965364 0.7670355047945396
0.6255523882369404 0.7670355047945396
0.6295927922773444 0.7670355047945396
0.6336331963177484 0.7670355047945396
0.6376736003581525 0.7670355047945396
0.6417140043985565 0.7670355047945396
0.6457544084389606 0.7670355047945396
0.6497948124793647 0.7670355047945396
0.6093907720753242 0.7710759088349436
0.6134311761157283 0.7710759088349436
0.6174715801561323 0.7710759088349436
0.6215119841965364 0.7710759088349436
0.6255523882369404 0.7710759088349436
0.6295927922773444 0.7710759088349436
0.6336331963177484 0.7710759088349436
0.6376736003581525 0.7710759088349436
0.6417140043985565 0.7710759088349436
0.6457544084389606 0.7710759088349436
0.6053503680349201 0.7751163128753477
0.6093907720753242 0.7751163128753477
0.6134311761157283 0.7751163128753477
0.6174715801561323 0.7751163128753477
0.6215119841965364 0.7751163128753477
0.6255523882369404 0.7751163128753477
0.6295927922773444 0.7751163128753477
0.6336331963177484 0.7751163128753477
0.6376736003581525 0.7751163128753477
0.6417140043985565 0.7751163128753477
0.597269559954112 0.7791567169157517
0.6013099639945161 0.7791567169157517
0.6053503680349201 0.7791567169157517
0.6093907720753242 0.7791567169157517
0.6134311761157283 0.7791567169157517
0.6174715801561323 0.7791567169157517
0.6215119841965364 0.7791567169157517
0.6255523882369404 0.7791567169157517
0.6295927922773444 0.7791567169157517
0.6336331963177484 0.7791567169157517
0.6376736003581525 0.7791567169157517
0.5932291559137081 0.7831971209561558
0.597269559954112 0.7831971209561558
0.6013099639945161 0.7831971209561558
0.6053503680349201 0.7831971209561558
0.6093907720753242 0.7831971209561558
0.6134311761157283 0.7831971209561558
0.6174715801561323 0.7831971209561558
0.6215119841965364 0.7831971209561558
0.6255523882369404 0.7831971209561558
0.6295927922773444 0.7831971209561558
0.589188751873304 0.7872375249965597
0.5932291559137081 0.7872375249965597
0.597269559954112 0.7872375249965597
0.6013099639945161 0.7872375249965597
0.6053503680349201 0.7872375249965597
0.6093907720753242 0.7872375249965597
0.6134311761157283 0.7872375249965597
0.6174715801561323 0.7872375249965597
0.6215119841965364 0.7872375249965597
0.6255523882369404 0.7872375249965597
0.581107943792496 0.7912779290369638
0.5851483478329 0.7912779290369638
0.589188751873304 0.7912779290369638
0.5932291559137081 0.7912779290369638
0.597269559954112 0.7912779290369638
0.6013099639945161 0.7912779290369638
0.6053503680349201 0.7912779290369638
0.6093907720753242 0.7912779290369638
0.6134311761157283 0.7912779290369638
0.6174715801561323 0.7912779290369638
0.6215119841965364 0.7912779290369638
0.5770675397520919 0.7953183330773679
0.581107943792496 0.7953183330773679
0.5851483478329 0.7953183330773679
0.589188751873304 0.7953183330773679
0.5932291559137081 0.7953183330773679
0.597269559954112 0.7953183330773679
0.6013099639945161 0.7953183330773679
0.6053503680349201 0.7953183330773679
0.6093907720753242 0.7953183330773679
0.6134311761157283 0.7953183330773679
0.6174715801561323 0.7953183330773679
0.5689867316712838 0.799358737117772
0.5730271357116878 0.799358737117772
0.5770675397520919 0.799358737117772
0.581107943792496 0.799358737117772
0.5851483478329 0.799358737117772
0.589188751873304 0.799358737117772
0.5932291559137081 0.799358737117772
0.597269559954112 0.799358737117772
0.6013099639945161 0.799358737117772
0.6053503680349201 0.799358737117772
0.6093907720753242 0.799358737117772
0.5649463276308797 0.803399141158176
0.5689867316712838 0.803399141158176
0.5730271357116878 0.803399141158176
0.5770675397520919 0.803399141158176
0.581107943792496 0.803399141158176
0.5851483478329 0.803399141158176
0.589188751873304 0.803399141158176
0.5932291559137081 0.803399141158176
0.597269559954112 0.803399141158176
0.6013099639945161 0.803399141158176
0.6053503680349201 0.803399141158176
0.5568655195500717 0.80743954519858
0.5609059235904758 0.80743954519858
0.5649463276308797 0.80743954519858
0.5689867316712838 0.80743954519858
0.5730271357116878 0.80743954519858
0.5770675397520919 0.80743954519858
0.581107943792496 0.80743954519858
0.5851483478329 0.80743954519858
0.589188751873304 0.80743954519858
0.5932291559137081 0.80743954519858
0.597269559954112 0.80743954519858
0.6013099639945161 0.80743954519858
0.5528251155096677 0.811479949238984
0.5568655195500717 0.811479949238984
0.5609059235904758 0.811479949238984
0.5649463276308797 0.811479949238984
0.5689867316712838 0.811479949238984
0.5730271357116878 0.811479949238984
0.5770675397520919 0.811479949238984
0.581107943792496 0.811479949238984
0.5851483478329 0.811479949238984
0.589188751873304 0.811479949238984
0.5932291559137081 0.811479949238984
0.597269559954112 0.811479949238984
0.5447443074288596 0.8155203532793881
0.5487847114692637 0.8155203532793881
0.5528251155096677 0.8155203532793881
0.5568655195500717 0.8155203532793881
0.5609059235904758 0.8155203532793881
0.5649463276308797 0.8155203532793881
0.5689867316712838 0.8155203532793881
0.5730271357116878 0.8155203532793881
0.5770675397520919 0.8155203532793881
0.581107943792496 0.8155203532793881
0.5851483478329 0.8155203532793881
0.589188751873304 0.8155203532793881
0.5407039033884555 0.819560757319792
0.5447443074288596 0.819560757319792
0.5487847114692637 0.819560757319792
0.5528251155096677 0.819560757319792
0.5568655195500717 0.819560757319792
0.5609059235904758 0.819560757319792
0.5649463276308797 0.819560757319792
0.5689867316712838 0.819560757319792
0.5730271357116878 0.819560757319792
0.5770675397520919 0.819560757319792
0.581107943792496 0.819560757319792
0.5851483478329 0.819560757319792
0.5326230953076474 0.8236011613601961
0.5366634993480515 0.8236011613601961
0.5407039033884555 0.8236011613601961
0.5447443074288596 0.8236011613601961
0.5487847114692637 0.8236011613601961
0.5528251155096677 0.8236011613601961
0.5568655195500717 0.8236011613601961
0.5609059235904758 0.8236011613601961
0.5649463276308797 0.8236011613601961
0.5689867316712838 0.8236011613601961
0.5730271357116878 0.8236011613601961
0.5770675397520919 0.8236011613601961
0.581107943792496 0.8236011613601961
0.5285826912672434 0.8276415654006002
0.5326230953076474 0.8276415654006002
0.5366634993480515 0.8276415654006002
0.5407039033884555 0.8276415654006002
0.5447443074288596 0.8276415654006002
0.5487847114692637 0.8276415654006002
0.5528251155096677 0.8276415654006002
0.5568655195500717 0.8276415654006002
0.5609059235904758 0.8276415654006002
0.5649463276308797 0.8276415654006002
0.5689867316712838 0.8276415654006002
0.5730271357116878 0.8276415654006002
0.5205018831864353 0.8316819694410043
0.5245422872268394 0.8316819694410043
0.5285826912672434 0.8316819694410043
0.5326230953076474 0.8316819694410043
0.5366634993480515 0.8316819694410043
0.5407039033884555 0.8316819694410043
0.5447443074288596 0.8316819694410043
0.5487847114692637 0.8316819694410043
0.5528251155096677 0.8316819694410043
0.5568655195500717 0.8316819694410043
0.5609059235904758 0.8316819694410043
0.5649463276308797 0.8316819694410043
0.5689867316712838 0.8316819694410043
0.5124210751056273 0.8357223734814083
0.5164614791460314 0.8357223734814083
0.5205018831864353 0.8357223734814083
0.5245422872268394 0.8357223734814083
0.5285826912672434 0.8357223734814083
0.5326230953076474 0.8357223734814083
0.5366634993480515 0.8357223734814083
0.5407039033884555 0.8357223734814083
0.5447443074288596 0.8357223734814083
0.5487847114692637 0.8357223734814083
0.5528251155096677 0.8357223734814083
0.5568655195500717 0.8357223734814083
0.5609059235904758 0.8357223734814083
0.5083806710652232 0.8397627775218124
0.5124210751056273 0.8397627775218124
0.5164614791460314 0.8397627775218124
0.5205018831864353 0.8397627775218124
0.5245422872268394 0.8397627775218124
0.5285826912672434 0.8397627775218124
0.5326230953076474 0.8397627775218124
0.5366634993480515 0.8397627775218124
0.5407039033884555 0.8397627775218124
0.5447443074288596 0.8397627775218124
0.5487847114692637 0.8397627775218124
0.5528251155096677 0.8397627775218124
0.5568655195500717 0.8397627775218124
0.5002998629844151 0.8438031815622163
0.5043402670248192 0.8438031815622163
0.5083806710652232 0.8438031815622163
0.5124210751056273 0.8438031815622163
0.5164614791460314 0.8438031815622163
0.5205018831864353 0.8438031815622163
0.5245422872268394 0.8438031815622163
0.5285826912672434 0.8438031815622163
0.5326230953076474 0.8438031815622163
0.5366634993480515 0.8438031815622163
0.5407039033884555 0.8438031815622163
0.5447443074288596 0.8438031815622163
0.5487847114692637 0.8438031815622163
0.49221905490360707 0.8478435856026204
0.4962594589440111 0.8478435856026204
0.5002998629844151 0.8478435856026204
0.5043402670248192 0.8478435856026204
0.5083806710652232 0.8478435856026204
0.5124210751056273 0.8478435856026204
0.5164614791460314 0.8478435856026204
0.5205018831864353 0.8478435856026204
0.5245422872268394 0.8478435856026204
0.5285826912672434 0.8478435856026204
0.5326230953076474 0.8478435856026204
0.5366634993480515 0.8478435856026204
0.5407039033884555 0.8478435856026204
0.5447443074288596 0.8478435856026204
0.488178650863203 0.8518839896430245
0.49221905490360707 0.8518839896430245
0.4962594589440111 0.8518839896430245
0.5002998629844151 0.8518839896430245
0.5043402670248192 0.8518839896430245
0.5083806710652232 0.8518839896430245
0.5124210751056273 0.8518839896430245
0.5164614791460314 0.8518839896430245
0.5205018831864353 0.8518839896430245
0.5245422872268394 0.8518839896430245
0.5285826912672434 0.8518839896430245
0.5326230953076474 0.8518839896430245
0.5366634993480515 0.8518839896430245
0.4800978427823949 0.8559243936834284
0.48413824682279893 0.8559243936834284
0.488178650863203 0.8559243936834284
0.49221905490360707 0.8559243936834284
0.4962594589440111 0.8559243936834284
0.5002998629844151 0.8559243936834284
0.5043402670248192 0.8559243936834284
0.5083806710652232 0.8559243936834284
0.5124210751056273 0.8559243936834284
0.5164614791460314 0.8559243936834284
0.5205018831864353 0.8559243936834284
0.5245422872268394 0.8559243936834284
0.5285826912672434 0.8559243936834284
0.5326230953076474 0.8559243936834284
0.47201703470158685 0.8599647977238325
0.4760574387419909 0.8599647977238325
0.4800978427823949 0.8599647977238325
0.48413824682279893 0.8599647977238325
0.488178650863203 0.8599647977238325
0.49221905490360707 0.8599647977238325
0.4962594589440111 0.8599647977238325
0.5002998629844151 0.8599647977238325
0.5043402670248192 0.8599647977238325
0.5083806710652232 0.8599647977238325
0.5124210751056273 0.8599647977238325
0.5164614791460314 0.8599647977238325
0.5205018831864353 0.8599647977238325
0.5245422872268394 0.8599647977238325
0.46393622662077877 0.8640052017642366
0.4679766306611828 0.8640052017642366
0.47201703470158685 0.8640052017642366
0.4760574387419909 0.8640052017642366
0.4800978427823949 0.8640052017642366
0.48413824682279893 0.8640052017642366
0.488178650863203 0.8640052017642366
0.49221905490360707 0.8640052017642366
0.4962594589440111 0.8640052017642366
0.5002998629844151 0.8640052017642366
0.5043402670248192 0.8640052017642366
0.5083806710652232 0.8640052017642366
0.5124210751056273 0.8640052017642366
0.5164614791460314 0.8640052017642366
0.5205018831864353 0.8640052017642366
0.4558554185399707 0.8680456058046406
0.45989582258037476 0.8680456058046406
0.46393622662077877 0.8680456058046406
0.4679766306611828 0.8680456058046406
0.47201703470158685 0.8680456058046406
0.4760574387419909 0.8680456058046406
0.4800978427823949 0.8680456058046406
0.48413824682279893 0.8680456058046406
0.488178650863203 0.8680456058046406
0.49221905490360707 0.8680456058046406
0.4962594589440111 0.8680456058046406
0.5002998629844151 0.8680456058046406
0.5043402670248192 0.8680456058046406
0.5083806710652232 0.8680456058046406
0.5124210751056273 0.8680456058046406
0.44777461045916256 0.8720860098450447
0.4518150144995666 0.8720860098450447
0.4558554185399707 0.8720860098450447
0.45989582258037476 0.8720860098450447
0.46393622662077877 0.8720860098450447
0.4679766306611828 0.8720860098450447
0.47201703470158685 0.8720860098450447
0.4760574387419909 0.8720860098450447
0.4800978427823949 0.8720860098450447
0.48413824682279893 0.8720860098450447
0.488178650863203 0.8720860098450447
0.49221905490360707 0.8720860098450447
0.4962594589440111 0.8720860098450447
0.5002998629844151 0.8720860098450447
0.5043402670248192 0.8720860098450447
0.43969380237835454 0.8761264138854487
0.44373420641875855 0.8761264138854487
0.44777461045916256 0.8761264138854487
0.4518150144995666 0.8761264138854487
0.4558554185399707 0.8761264138854487
0.45989582258037476 0.8761264138854487
0.46393622662077877 0.8761264138854487
0.4679766306611828 0.8761264138854487
0.47201703470158685 0.8761264138854487
0.4760574387419909 0.8761264138854487
0.4800978427823949 0.8761264138854487
0.48413824682279893 0.8761264138854487
0.488178650863203 0.8761264138854487
0.49221905490360707 0.8761264138854487
0.4962594589440111 0.8761264138854487
0.5002998629844151 0.8761264138854487
0.4316129942975464 0.8801668179258527
0.43565339833795047 0.8801668179258527
0.43969380237835454 0.8801668179258527
0.44373420641875855 0.8801668179258527
0.44777461045916256 0.8801668179258527
0.4518150144995666 0.8801668179258527
0.4558554185399707 0.8801668179258527
0.45989582258037476 0.8801668179258527
0.46393622662077877 0.8801668179258527
0.4679766306611828 0.8801668179258527
0.47201703470158685 0.8801668179258527
0.4760574387419909 0.8801668179258527
0.4800978427823949 0.8801668179258527
0.48413824682279893 0.8801668179258527
0.488178650863203 0.8801668179258527
0.49221905490360707 0.8801668179258527
0.4235321862167384 0.8842072219662568
0.4275725902571424 0.8842072219662568
0.4316129942975464 0.8842072219662568
0.43565339833795047 0.8842072219662568
0.43969380237835454 0.8842072219662568
0.44373420641875855 0.8842072219662568
0.44777461045916256 0.8842072219662568
0.4518150144995666 0.8842072219662568
0.4558554185399707 0.8842072219662568
0.45989582258037476 0.8842072219662568
0.46393622662077877 0.8842072219662568
0.4679766306611828 0.8842072219662568
0.47201703470158685 0.8842072219662568
0.4760574387419909 0.8842072219662568
0.4800978427823949 0.8842072219662568
0.48413824682279893 0.8842072219662568
0.41545137813593025 0.8882476260066607
0.4194917821763343 0.8882476260066607
0.4235321862167384 0.8882476260066607
0.4275725902571424 0.8882476260066607
0.4316129942975464 0.8882476260066607
0.43565339833795047 0.8882476260066607
0.43969380237835454 0.8882476260066607
0.44373420641875855 0.8882476260066607
0.44777461045916256 0.8882476260066607
0.4518150144995666 0.8882476260066607
0.4558554185399707 0.8882476260066607
0.45989582258037476 0.8882476260066607
0.46393622662077877 0.8882476260066607
0.4679766306611828 0.8882476260066607
0.47201703470158685 0.8882476260066607
0.4760574387419909 0.8882476260066607
0.4073705700551222 0.8922880300470648
0.41141097409552624 0.8922880300470648
0.41545137813593025 0.8922880300470648
0.4194917821763343 0.8922880300470648
0.4235321862167384 0.8922880300470648
0.4275725902571424 0.8922880300470648
0.4316129942975464 0.8922880300470648
0.43565339833795047 0.8922880300470648
0.43969380237835454 0.8922880300470648
0.44373420641875855 0.8922880300470648
0.44777461045916256 0.8922880300470648
0.4518150144995666 0.8922880300470648
0.4558554185399707 0.8922880300470648
0.45989582258037476 0.8922880300470648
0.46393622662077877 0.8922880300470648
0.4679766306611828 0.8922880300470648
0.3952493579339101 0.8963284340874689
0.3992897619743141 0.8963284340874689
0.40333016601471816 0.8963284340874689
0.4073705700551222 0.8963284340874689
0.41141097409552624 0.8963284340874689
0.41545137813593025 0.8963284340874689
0.4194917821763343 0.8963284340874689
0.4235321862167384 0.8963284340874689
0.4275725902571424 0.8963284340874689
0.4316129942975464 0.8963284340874689
0.43565339833795047 0.8963284340874689
0.43969380237835454 0.8963284340874689
0.44373420641875855 0.8963284340874689
0.44777461045916256 0.8963284340874689
0.4518150144995666 0.8963284340874689
0.4558554185399707 0.8963284340874689
0.45989582258037476 0.8963284340874689
0.387168549853102 0.9003688381278729
0.391208953893506 0.9003688381278729
0.3952493579339101 0.9003688381278729
0.3992897619743141 0.9003688381278729
0.40333016601471816 0.9003688381278729
0.4073705700551222 0.9003688381278729
0.41141097409552624 0.9003688381278729
0.41545137813593025 0.9003688381278729
0.4194917821763343 0.9003688381278729
0.4235321862167384 0.9003688381278729
0.4275725902571424 0.9003688381278729
0.4316129942975464 0.9003688381278729
0.43565339833795047 0.9003688381278729
0.43969380237835454 0.9003688381278729
0.44373420641875855 0.9003688381278729
0.44777461045916256 0.9003688381278729
0.4518150144995666 0.9003688381278729
0.4558554185399707 0.9003688381278729
0.37908774177229393 0.904409242168277
0.38312814581269794 0.904409242168277
0.387168549853102 0.904409242168277
0.391208953893506 0.904409242168277
0.3952493579339101 0.904409242168277
0.3992897619743141 0.904409242168277
0.40333016601471816 0.904409242168277
0.4073705700551222 0.904409242168277
0.41141097409552624 0.904409242168277
0.41545137813593025 0.904409242168277
0.4194917821763343 0.904409242168277
0.4235321862167384 0.904409242168277
0.4275725902571424 0.904409242168277
0.4316129942975464 0.904409242168277
0.43565339833795047 0.904409242168277
0.43969380237835454 0.904409242168277
0.44373420641875855 0.904409242168277
0.44777461045916256 0.904409242168277
0.3669665296510818 0.9084496462086811
0.37100693369148585 0.9084496462086811
0.37504733773188986 0.9084496462086811
0.37908774177229393 0.9084496462086811
0.38312814581269794 0.9084496462086811
0.387168549853102 0.9084496462086811
0.391208953893506 0.9084496462086811
0.3952493579339101 0.9084496462086811
0.3992897619743141 0.9084496462086811
0.40333016601471816 0.9084496462086811
0.4073705700551222 0.9084496462086811
0.41141097409552624 0.9084496462086811
0.41545137813593025 0.9084496462086811
0.4194917821763343 0.9084496462086811
0.4235321862167384 0.9084496462086811
0.4275725902571424 0.9084496462086811
0.4316129942975464 0.9084496462086811
0.43565339833795047 0.9084496462086811
0.43969380237835454 0.9084496462086811
0.3588857215702737 0.912490050249085
0.3629261256106777 0.912490050249085
0.3669665296510818 0.912490050249085
0.37100693369148585 0.912490050249085
0.37504733773188986 0.912490050249085
0.37908774177229393 0.912490050249085
0.38312814581269794 0.912490050249085
0.387168549853102 0.912490050249085
0.391208953893506 0.912490050249085
0.3952493579339101 0.912490050249085
0.3992897619743141 0.912490050249085
0.40333016601471816 0.912490050249085
0.4073705700551222 0.912490050249085
0.41141097409552624 0.912490050249085
0.41545137813593025 0.912490050249085
0.4194917821763343 0.912490050249085
0.4235321862167384 0.912490050249085
0.4275725902571424 0.912490050249085
0.4316129942975464 0.912490050249085
0.34676450944906156 0.9165304542894891
0.35080491348946563 0.9165304542894891
0.3548453175298697 0.9165304542894891
0.3588857215702737 0.9165304542894891
0.3629261256106777 0.9165304542894891
0.3669665296510818 0.9165304542894891
0.37100693369148585 0.9165304542894891
0.37504733773188986 0.9165304542894891
0.37908774177229393 0.9165304542894891
0.38312814581269794 0.9165304542894891
0.387168549853102 0.9165304542894891
0.391208953893506 0.9165304542894891
0.3952493579339101 0.9165304542894891
0.3992897619743141 0.9165304542894891
0.40333016601471816 0.9165304542894891
0.4073705700551222 0.9165304542894891
0.41141097409552624 0.9165304542894891
0.41545137813593025 0.9165304542894891
0.4194917821763343 0.9165304542894891
0.3346432973278495 0.920570858329893
0.33868370136825354 0.920570858329893
0.34272410540865755 0.920570858329893
0.34676450944906156 0.920570858329893
0.35080491348946563 0.920570858329893
0.3548453175298697 0.920570858329893
0.3588857215702737 0.920570858329893
0.3629261256106777 0.920570858329893
0.3669665296510818 0.920570858329893
0.37100693369148585 0.920570858329893
0.37504733773188986 0.920570858329893
0.37908774177229393 0.920570858329893
0.38312814581269794 0.920570858329893
0.387168549853102 0.920570858329893
0.391208953893506 0.920570858329893
0.3952493579339101 0.920570858329893
0.3992897619743141 0.920570858329893
0.40333016601471816 0.920570858329893
0.4073705700551222 0.920570858329893
0.41141097409552624 0.920570858329893
0.32252208520663733 0.9246112623702971
0.3265624892470414 0.9246112623702971
0.3306028932874454 0.9246112623702971
0.3346432973278495 0.9246112623702971
0.33868370136825354 0.9246112623702971
0.34272410540865755 0.9246112623702971
0.34676450944906156 0.9246112623702971
0.35080491348946563 0.9246112623702971
0.3548453175298697 0.9246112623702971
0.3588857215702737 0.9246112623702971
0.3629261256106777 0.9246112623702971
0.3669665296510818 0.9246112623702971
0.37100693369148585 0.9246112623702971
0.37504733773188986 0.9246112623702971
0.37908774177229393 0.9246112623702971
0.38312814581269794 0.9246112623702971
0.387168549853102 0.9246112623702971
0.391208953893506 0.9246112623702971
0.3952493579339101 0.9246112623702971
0.3992897619743141 0.9246112623702971
0.40333016601471816 0.9246112623702971
0.3104008730854252 0.9286516664107012
0.31444127712582925 0.9286516664107012
0.3184816811662333 0.9286516664107012
0.32252208520663733 0.9286516664107012
0.3265624892470414 0.9286516664107012
0.3306028932874454 0.9286516664107012
0.3346432973278495 0.9286516664107012
0.33868370136825354 0.9286516664107012
0.34272410540865755 0.9286516664107012
0.34676450944906156 0.9286516664107012
0.35080491348946563 0.9286516664107012
0.3548453175298697 0.9286516664107012
0.3588857215702737 0.9286516664107012
0.3629261256106777 0.9286516664107012
0.3669665296510818 0.9286516664107012
0.37100693369148585 0.9286516664107012
0.37504733773188986 0.9286516664107012
0.37908774177229393 0.9286516664107012
0.38312814581269794 0.9286516664107012
0.387168549853102 0.9286516664107012
0.391208953893506 0.9286516664107012
0.3952493579339101 0.9286516664107012
0.2982796609642131 0.9326920704511052
0.30232006500461717 0.9326920704511052
0.3063604690450212 0.9326920704511052
0.3104008730854252 0.9326920704511052
0.31444127712582925 0.9326920704511052
0.3184816811662333 0.9326920704511052
0.32252208520663733 0.9326920704511052
0.3265624892470414 0.9326920704511052
0.3306028932874454 0.9326920704511052
0.3346432973278495 0.9326920704511052
0.33868370136825354 0.9326920704511052
0.34272410540865755 0.9326920704511052
0.34676450944906156 0.9326920704511052
0.35080491348946563 0.9326920704511052
0.3548453175298697 0.9326920704511052
0.3588857215702737 0.9326920704511052
0.3629261256106777 0.9326920704511052
0.3669665296510818 0.9326920704511052
0.37100693369148585 0.9326920704511052
0.37504733773188986 0.9326920704511052
0.37908774177229393 0.9326920704511052
0.38312814581269794 0.9326920704511052
0.290198852883405 0.9367324744915093
0.29423925692380903 0.9367324744915093
0.2982796609642131 0.9367324744915093
0.30232006500461717 0.9367324744915093
0.3063604690450212 0.9367324744915093
0.3104008730854252 0.9367324744915093
0.31444127712582925 0.9367324744915093
0.3184816811662333 0.9367324744915093
0.32252208520663733 0.9367324744915093
0.3265624892470414 0.9367324744915093
0.3306028932874454 0.9367324744915093
0.3346432973278495 0.9367324744915093
0.33868370136825354 0.9367324744915093
0.34272410540865755 0.9367324744915093
0.34676450944906156 0.9367324744915093
0.35080491348946563 0.9367324744915093
0.3548453175298697 0.9367324744915093
0.3588857215702737 0.9367324744915093
0.3629261256106777 0.9367324744915093
0.3669665296510818 0.9367324744915093
0.37100693369148585 0.9367324744915093
0.37504733773188986 0.9367324744915093
0.290198852883405 0.9407728785319134
0.29423925692380903 0.9407728785319134
0.2982796609642131 0.9407728785319134
0.30232006500461717 0.9407728785319134
0.3063604690450212 0.9407728785319134
0.3104008730854252 0.9407728785319134
0.31444127712582925 0.9407728785319134
0.3184816811662333 0.9407728785319134
0.32252208520663733 0.9407728785319134
0.3265624892470414 0.9407728785319134
0.3306028932874454 0.9407728785319134
0.3346432973278495 0.9407728785319134
0.33868370136825354 0.9407728785319134
0.34272410540865755 0.9407728785319134
0.34676450944906156 0.9407728785319134
0.35080491348946563 0.9407728785319134
0.3548453175298697 0.9407728785319134
0.3588857215702737 0.9407728785319134
0.3629261256106777 0.9407728785319134
0.3669665296510818 0.9407728785319134
0.290198852883405 0.9448132825723174
0.29423925692380903 0.9448132825723174
0.2982796609642131 0.9448132825723174
0.30232006500461717 0.9448132825723174
0.3063604690450212 0.9448132825723174
0.3104008730854252 0.9448132825723174
0.31444127712582925 0.9448132825723174
0.3184816811662333 0.9448132825723174
0.32252208520663733 0.9448132825723174
0.3265624892470414 0.9448132825723174
0.3306028932874454 0.9448132825723174
0.3346432973278495 0.9448132825723174
0.33868370136825354 0.9448132825723174
0.34272410540865755 0.9448132825723174
0.34676450944906156 0.9448132825723174
0.35080491348946563 0.9448132825723174
0.3548453175298697 0.9448132825723174
0.290198852883405 0.9488536866127214
0.29423925692380903 0.9488536866127214
0.2982796609642131 0.9488536866127214
0.30232006500461717 0.9488536866127214
0.3063604690450212 0.9488536866127214
0.3104008730854252 0.9488536866127214
0.31444127712582925 0.9488536866127214
0.3184816811662333 0.9488536866127214
0.32252208520663733 0.9488536866127214
0.3265624892470414 0.9488536866127214
0.3306028932874454 0.9488536866127214
0.3346432973278495 0.9488536866127214
0.33868370136825354 0.9488536866127214
0.34272410540865755 0.9488536866127214
0.290198852883405 0.9528940906531255
0.29423925692380903 0.9528940906531255
0.2982796609642131 0.9528940906531255
0.30232006500461717 0.9528940906531255
0.3063604690450212 0.9528940906531255
0.3104008730854252 0.9528940906531255
0.31444127712582925 0.9528940906531255
0.3184816811662333 0.9528940906531255
0.32252208520663733 0.9528940906531255
0.3265624892470414 0.9528940906531255
0.3306028932874454 0.9528940906531255
0.3346432973278495 0.9528940906531255
0.290198852883405 0.9569344946935294
0.29423925692380903 0.9569344946935294
0.2982796609642131 0.9569344946935294
0.30232006500461717 0.9569344946935294
0.3063604690450212 0.9569344946935294
0.3104008730854252 0.9569344946935294
0.31444127712582925 0.9569344946935294
0.3184816811662333 0.9569344946935294
0.32252208520663733 0.9569344946935294
0.290198852883405 0.9609748987339335
0.29423925692380903 0.9609748987339335
0.2982796609642131 0.9609748987339335
0.30232006500461717 0.9609748987339335
0.3063604690450212 0.9609748987339335
0.3104008730854252 0.9609748987339335
0.290198852883405 0.9650153027743376
0.29423925692380903 0.9650153027743376
0.2982796609642131 0.9650153027743376
