# x y
0.6959433405757349 0.7266314643904992
0.691902936535331 0.7306718684309033
0.6878625324949269 0.7347122724713073
0.6514988961312905 0.7670355047945396
0.6393776840100784 0.7791567169157517
0.598973643606038 0.8155203532793881
0.5949332395656339 0.8316819694410043
0.5585696032019976 0.8397627775218124
0.5464483910807855 0.8478435856026204
0.5302867749191693 0.8559243936834284
0.5020039466363411 0.8720860098450447
0.5302867749191693 0.8761264138854487
0.4656403102727047 0.8922880300470648
0.4898827345151289 0.9003688381278729
0.41715546178785623 0.9165304542894891
0.396953441585836 0.9286516664107012
0.3363473809797754 0.9488536866127214
0.3161453607777552 0.9650153027743376
0.30402414865654304 0.9690557068147416
