# x y
0.699141908816283 0.702389040148075
0.695101504775879 0.706429444188479
0.699141908816283 0.706429444188479
0.6870206966950709 0.710469848228883
0.691061100735475 0.710469848228883
0.695101504775879 0.710469848228883
0.699141908816283 0.710469848228883
0.6829802926546669 0.7145102522692871
0.6870206966950709 0.7145102522692871
0.691061100735475 0.7145102522692871
0.695101504775879 0.7145102522692871
0.699141908816283 0.7145102522692871
0.6789398886142628 0.7185506563096911
0.6829802926546669 0.7185506563096911
0.6870206966950709 0.7185506563096911
0.691061100735475 0.7185506563096911
0.695101504775879 0.7185506563096911
0.699141908816283 0.7185506563096911
0.6748994845738587 0.7225910603500951
0.6789398886142628 0.7225910603500951
0.6829802926546669 0.7225910603500951
0.6870206966950709 0.7225910603500951
0.691061100735475 0.7225910603500951
0.695101504775879 0.7225910603500951
0.699141908816283 0.7225910603500951
0.6708590805334547 0.7266314643904992
0.6748994845738587 0.7266314643904992
0.6789398886142628 0.7266314643904992
0.6829802926546669 0.7266314643904992
0.6870206966950709 0.7266314643904992
0.691061100735475 0.7266314643904992
0.695101504775879 0.7266314643904992
0.699141908816283 0.7266314643904992
0.6668186764930506 0.7306718684309033
0.6708590805334547 0.7306718684309033
0.6748994845738587 0.7306718684309033
0.6789398886142628 0.7306718684309033
0.6829802926546669 0.7306718684309033
0.6870206966950709 0.7306718684309033
0.691061100735475 0.7306718684309033
0.695101504775879 0.7306718684309033
0.6627782724526466 0.7347122724713073
0.6668186764930506 0.7347122724713073
0.6708590805334547 0.7347122724713073
0.6748994845738587 0.7347122724713073
0.6789398886142628 0.7347122724713073
0.6829802926546669 0.7347122724713073
0.6870206966950709 0.7347122724713073
0.691061100735475 0.7347122724713073
0.6587378684122426 0.7387526765117113
0.6627782724526466 0.7387526765117113
0.6668186764930506 0.7387526765117113
0.6708590805334547 0.7387526765117113
0.6748994845738587 0.7387526765117113
0.6789398886142628 0.7387526765117113
0.6829802926546669 0.7387526765117113
0.6870206966950709 0.7387526765117113
0.6546974643718386 0.7427930805521153
0.6587378684122426 0.7427930805521153
0.6627782724526466 0.7427930805521153
0.6668186764930506 0.7427930805521153
0.6708590805334547 0.7427930805521153
0.6748994845738587 0.7427930805521153
0.6789398886142628 0.7427930805521153
0.6829802926546669 0.7427930805521153
0.6466166562910305 0.7468334845925194
0.6506570603314346 0.7468334845925194
0.6546974643718386 0.7468334845925194
0.6587378684122426 0.7468334845925194
0.6627782724526466 0.7468334845925194
0.6668186764930506 0.7468334845925194
0.6708590805334547 0.7468334845925194
0.6748994845738587 0.7468334845925194
0.6789398886142628 0.7468334845925194
0.6425762522506264 0.7508738886329235
0.6466166562910305 0.7508738886329235
0.6506570603314346 0.7508738886329235
0.6546974643718386 0.7508738886329235
0.6587378684122426 0.7508738886329235
0.6627782724526466 0.7508738886329235
0.6668186764930506 0.7508738886329235
0.6708590805334547 0.7508738886329235
0.6748994845738587 0.7508738886329235
0.6385358482102224 0.7549142926733274
0.6425762522506264 0.7549142926733274
0.6466166562910305 0.7549142926733274
0.6506570603314346 0.7549142926733274
0.6546974643718386 0.7549142926733274
0.6587378684122426 0.7549142926733274
0.6627782724526466 0.7549142926733274
0.6668186764930506 0.7549142926733274
0.6708590805334547 0.7549142926733274
0.6344954441698183 0.7589546967137315
0.6385358482102224 0.7589546967137315
0.6425762522506264 0.7589546967137315
0.6466166562910305 0.7589546967137315
0.6506570603314346 0.7589546967137315
0.6546974643718386 0.7589546967137315
0.6587378684122426 0.7589546967137315
0.6627782724526466 0.7589546967137315
0.6668186764930506 0.7589546967137315
0.6304550401294143 0.7629951007541356
0.6344954441698183 0.7629951007541356
0.6385358482102224 0.7629951007541356
0.6425762522506264 0.7629951007541356
0.6466166562910305 0.7629951007541356
0.6506570603314346 0.7629951007541356
0.6546974643718386 0.7629951007541356
0.6587378684122426 0.7629951007541356
0.6223742320486062 0.7670355047945396
0.6264146360890103 0.7670355047945396
0.6304550401294143 0.7670355047945396
0.6344954441698183 0.7670355047945396
0.6385358482102224 0.7670355047945396
0.6425762522506264 0.7670355047945396
0.6466166562910305 0.7670355047945396
0.6506570603314346 0.7670355047945396
0.6546974643718386 0.7670355047945396
0.6183338280082022 0.7710759088349436
0.6223742320486062 0.7710759088349436
0.6264146360890103 0.7710759088349436
0.6304550401294143 0.7710759088349436
0.6344954441698183 0.7710759088349436
0.6385358482102224 0.7710759088349436
0.6425762522506264 0.7710759088349436
0.6466166562910305 0.7710759088349436
0.6506570603314346 0.7710759088349436
0.6142934239677982 0.7751163128753477
0.6183338280082022 0.7751163128753477
0.6223742320486062 0.7751163128753477
0.6264146360890103 0.7751163128753477
0.6304550401294143 0.7751163128753477
0.6344954441698183 0.7751163128753477
0.6385358482102224 0.7751163128753477
0.6425762522506264 0.7751163128753477
0.6466166562910305 0.7751163128753477
0.6102530199273941 0.7791567169157517
0.6142934239677982 0.7791567169157517
0.6183338280082022 0.7791567169157517
0.6223742320486062 0.7791567169157517
0.6264146360890103 0.7791567169157517
0.6304550401294143 0.7791567169157517
0.6344954441698183 0.7791567169157517
0.6385358482102224 0.7791567169157517
0.6425762522506264 0.7791567169157517
0.60621261588699 0.7831971209561558
0.6102530199273941 0.7831971209561558
0.6142934239677982 0.7831971209561558
0.6183338280082022 0.7831971209561558
0.6223742320486062 0.7831971209561558
0.6264146360890103 0.7831971209561558
0.6304550401294143 0.7831971209561558
0.6344954441698183 0.7831971209561558
0.6385358482102224 0.7831971209561558
0.5981318078061819 0.7872375249965597
0.602172211846586 0.7872375249965597
0.60621261588699 0.7872375249965597
0.6102530199273941 0.7872375249965597
0.6142934239677982 0.7872375249965597
0.6183338280082022 0.7872375249965597
0.6223742320486062 0.7872375249965597
0.6264146360890103 0.7872375249965597
0.6304550401294143 0.7872375249965597
0.594091403765778 0.7912779290369638
0.5981318078061819 0.7912779290369638
0.602172211846586 0.7912779290369638
0.60621261588699 0.7912779290369638
0.6102530199273941 0.7912779290369638
0.6142934239677982 0.7912779290369638
0.6183338280082022 0.7912779290369638
0.6223742320486062 0.7912779290369638
0.6264146360890103 0.7912779290369638
0.5860105956849699 0.7953183330773679
0.5900509997253739 0.7953183330773679
0.594091403765778 0.7953183330773679
0.5981318078061819 0.7953183330773679
0.602172211846586 0.7953183330773679
0.60621261588699 0.7953183330773679
0.6102530199273941 0.7953183330773679
0.6142934239677982 0.7953183330773679
0.6183338280082022 0.7953183330773679
0.6223742320486062 0.7953183330773679
0.5819701916445659 0.799358737117772
0.5860105956849699 0.799358737117772
0.5900509997253739 0.799358737117772
0.594091403765778 0.799358737117772
0.5981318078061819 0.799358737117772
0.602172211846586 0.799358737117772
0.60621261588699 0.799358737117772
0.6102530199273941 0.799358737117772
0.6142934239677982 0.799358737117772
0.6183338280082022 0.799358737117772
0.5779297876041618 0.803399141158176
0.5819701916445659 0.803399141158176
0.5860105956849699 0.803399141158176
0.5900509997253739 0.803399141158176
0.594091403765778 0.803399141158176
0.5981318078061819 0.803399141158176
0.602172211846586 0.803399141158176
0.60621261588699 0.803399141158176
0.6102530199273941 0.803399141158176
0.5698489795233537 0.80743954519858
0.5738893835637577 0.80743954519858
0.5779297876041618 0.80743954519858
0.5819701916445659 0.80743954519858
0.5860105956849699 0.80743954519858
0.5900509997253739 0.80743954519858
0.594091403765778 0.80743954519858
0.5981318078061819 0.80743954519858
0.602172211846586 0.80743954519858
0.60621261588699 0.80743954519858
0.5658085754829496 0.811479949238984
0.5698489795233537 0.811479949238984
0.5738893835637577 0.811479949238984
0.5779297876041618 0.811479949238984
0.5819701916445659 0.811479949238984
0.5860105956849699 0.811479949238984
0.5900509997253739 0.811479949238984
0.594091403765778 0.811479949238984
0.5981318078061819 0.811479949238984
0.602172211846586 0.811479949238984
0.5577277674021416 0.8155203532793881
0.5617681714425456 0.8155203532793881
0.5658085754829496 0.8155203532793881
0.5698489795233537 0.8155203532793881
0.5738893835637577 0.8155203532793881
0.5779297876041618 0.8155203532793881
0.5819701916445659 0.8155203532793881
0.5860105956849699 0.8155203532793881
0.5900509997253739 0.8155203532793881
0.594091403765778 0.8155203532793881
0.5536873633617375 0.819560757319792
0.5577277674021416 0.819560757319792
0.5617681714425456 0.819560757319792
0.5658085754829496 0.819560757319792
0.5698489795233537 0.819560757319792
0.5738893835637577 0.819560757319792
0.5779297876041618 0.819560757319792
0.5819701916445659 0.819560757319792
0.5860105956849699 0.819560757319792
0.5900509997253739 0.819560757319792
0.5496469593213336 0.8236011613601961
0.5536873633617375 0.8236011613601961
0.5577277674021416 0.8236011613601961
0.5617681714425456 0.8236011613601961
0.5658085754829496 0.8236011613601961
0.5698489795233537 0.8236011613601961
0.5738893835637577 0.8236011613601961
0.5779297876041618 0.8236011613601961
0.5819701916445659 0.8236011613601961
0.5860105956849699 0.8236011613601961
0.5415661512405254 0.8276415654006002
0.5456065552809295 0.8276415654006002
0.5496469593213336 0.8276415654006002
0.5536873633617375 0.8276415654006002
0.5577277674021416 0.8276415654006002
0.5617681714425456 0.8276415654006002
0.5658085754829496 0.8276415654006002
0.5698489795233537 0.8276415654006002
0.5738893835637577 0.8276415654006002
0.5779297876041618 0.8276415654006002
0.5334853431597173 0.8316819694410043
0.5375257472001214 0.8316819694410043
0.5415661512405254 0.8316819694410043
0.5456065552809295 0.8316819694410043
0.5496469593213336 0.8316819694410043
0.5536873633617375 0.8316819694410043
0.5577277674021416 0.8316819694410043
0.5617681714425456 0.8316819694410043
0.5658085754829496 0.8316819694410043
0.5698489795233537 0.8316819694410043
0.5738893835637577 0.8316819694410043
0.5294449391193133 0.8357223734814083
0.5334853431597173 0.8357223734814083
0.5375257472001214 0.8357223734814083
0.5415661512405254 0.8357223734814083
0.5456065552809295 0.8357223734814083
0.5496469593213336 0.8357223734814083
0.5536873633617375 0.8357223734814083
0.5577277674021416 0.8357223734814083
0.5617681714425456 0.8357223734814083
0.5658085754829496 0.8357223734814083
0.5213641310385052 0.8397627775218124
0.5254045350789093 0.8397627775218124
0.5294449391193133 0.8397627775218124
0.5334853431597173 0.8397627775218124
0.5375257472001214 0.8397627775218124
0.5415661512405254 0.8397627775218124
0.5456065552809295 0.8397627775218124
0.5496469593213336 0.8397627775218124
0.5536873633617375 0.8397627775218124
0.5577277674021416 0.8397627775218124
0.5617681714425456 0.8397627775218124
0.5132833229576972 0.8438031815622163
0.5173237269981011 0.8438031815622163
0.5213641310385052 0.8438031815622163
0.5254045350789093 0.8438031815622163
0.5294449391193133 0.8438031815622163
0.5334853431597173 0.8438031815622163
0.5375257472001214 0.8438031815622163
0.5415661512405254 0.8438031815622163
0.5456065552809295 0.8438031815622163
0.5496469593213336 0.8438031815622163
0.5536873633617375 0.8438031815622163
0.5092429189172931 0.8478435856026204
0.5132833229576972 0.8478435856026204
0.5173237269981011 0.8478435856026204
0.5213641310385052 0.8478435856026204
0.5254045350789093 0.8478435856026204
0.5294449391193133 0.8478435856026204
0.5334853431597173 0.8478435856026204
0.5375257472001214 0.8478435856026204
0.5415661512405254 0.8478435856026204
0.5456065552809295 0.8478435856026204
0.5496469593213336 0.8478435856026204
0.501162110836485 0.8518839896430245
0.505202514876889 0.8518839896430245
0.5092429189172931 0.8518839896430245
0.5132833229576972 0.8518839896430245
0.5173237269981011 0.8518839896430245
0.5213641310385052 0.8518839896430245
0.5254045350789093 0.8518839896430245
0.5294449391193133 0.8518839896430245
0.5334853431597173 0.8518839896430245
0.5375257472001214 0.8518839896430245
0.5415661512405254 0.8518839896430245
0.49308130275567696 0.8559243936834284
0.497121706796081 0.8559243936834284
0.501162110836485 0.8559243936834284
0.505202514876889 0.8559243936834284
0.5092429189172931 0.8559243936834284
0.5132833229576972 0.8559243936834284
0.5173237269981011 0.8559243936834284
0.5213641310385052 0.8559243936834284
0.5254045350789093 0.8559243936834284
0.5294449391193133 0.8559243936834284
0.5334853431597173 0.8559243936834284
0.5375257472001214 0.8559243936834284
0.4890408987152729 0.8599647977238325
0.49308130275567696 0.8599647977238325
0.497121706796081 0.8599647977238325
0.501162110836485 0.8599647977238325
0.505202514876889 0.8599647977238325
0.5092429189172931 0.8599647977238325
0.5132833229576972 0.8599647977238325
0.5173237269981011 0.8599647977238325
0.5213641310385052 0.8599647977238325
0.5254045350789093 0.8599647977238325
0.5294449391193133 0.8599647977238325
0.4809600906344648 0.8640052017642366
0.48500049467486883 0.8640052017642366
0.4890408987152729 0.8640052017642366
0.49308130275567696 0.8640052017642366
0.497121706796081 0.8640052017642366
0.501162110836485 0.8640052017642366
0.505202514876889 0.8640052017642366
0.5092429189172931 0.8640052017642366
0.5132833229576972 0.8640052017642366
0.5173237269981011 0.8640052017642366
0.5213641310385052 0.8640052017642366
0.47287928255365674 0.8680456058046406
0.4769196865940608 0.8680456058046406
0.4809600906344648 0.8680456058046406
0.48500049467486883 0.8680456058046406
0.4890408987152729 0.8680456058046406
0.49308130275567696 0.8680456058046406
0.497121706796081 0.8680456058046406
0.501162110836485 0.8680456058046406
0.505202514876889 0.8680456058046406
0.5092429189172931 0.8680456058046406
0.5132833229576972 0.8680456058046406
0.5173237269981011 0.8680456058046406
0.46479847447284867 0.8720860098450447
0.4688388785132527 0.8720860098450447
0.47287928255365674 0.8720860098450447
0.4769196865940608 0.8720860098450447
0.4809600906344648 0.8720860098450447
0.48500049467486883 0.8720860098450447
0.4890408987152729 0.8720860098450447
0.49308130275567696 0.8720860098450447
0.497121706796081 0.8720860098450447
0.501162110836485 0.8720860098450447
0.505202514876889 0.8720860098450447
0.5092429189172931 0.8720860098450447
0.4567176663920406 0.8761264138854487
0.4607580704324446 0.8761264138854487
0.46479847447284867 0.8761264138854487
0.4688388785132527 0.8761264138854487
0.47287928255365674 0.8761264138854487
0.4769196865940608 0.8761264138854487
0.4809600906344648 0.8761264138854487
0.48500049467486883 0.8761264138854487
0.4890408987152729 0.8761264138854487
0.49308130275567696 0.8761264138854487
0.497121706796081 0.8761264138854487
0.501162110836485 0.8761264138854487
0.44863685831123246 0.8801668179258527
0.4526772623516365 0.8801668179258527
0.4567176663920406 0.8801668179258527
0.4607580704324446 0.8801668179258527
0.46479847447284867 0.8801668179258527
0.4688388785132527 0.8801668179258527
0.47287928255365674 0.8801668179258527
0.4769196865940608 0.8801668179258527
0.4809600906344648 0.8801668179258527
0.48500049467486883 0.8801668179258527
0.4890408987152729 0.8801668179258527
0.49308130275567696 0.8801668179258527
0.497121706796081 0.8801668179258527
0.44459645427082845 0.8842072219662568
0.44863685831123246 0.8842072219662568
0.4526772623516365 0.8842072219662568
0.4567176663920406 0.8842072219662568
0.4607580704324446 0.8842072219662568
0.46479847447284867 0.8842072219662568
0.4688388785132527 0.8842072219662568
0.47287928255365674 0.8842072219662568
0.4769196865940608 0.8842072219662568
0.4809600906344648 0.8842072219662568
0.48500049467486883 0.8842072219662568
0.4890408987152729 0.8842072219662568
0.4324752421496163 0.8882476260066607
0.43651564619002037 0.8882476260066607
0.44055605023042443 0.8882476260066607
0.44459645427082845 0.8882476260066607
0.44863685831123246 0.8882476260066607
0.4526772623516365 0.8882476260066607
0.4567176663920406 0.8882476260066607
0.4607580704324446 0.8882476260066607
0.46479847447284867 0.8882476260066607
0.4688388785132527 0.8882476260066607
0.47287928255365674 0.8882476260066607
0.4769196865940608 0.8882476260066607
0.4809600906344648 0.8882476260066607
0.4243944340688083 0.8922880300470648
0.4284348381092123 0.8922880300470648
0.4324752421496163 0.8922880300470648
0.43651564619002037 0.8922880300470648
0.44055605023042443 0.8922880300470648
0.44459645427082845 0.8922880300470648
0.44863685831123246 0.8922880300470648
0.4526772623516365 0.8922880300470648
0.4567176663920406 0.8922880300470648
0.4607580704324446 0.8922880300470648
0.46479847447284867 0.8922880300470648
0.4688388785132527 0.8922880300470648
0.47287928255365674 0.8922880300470648
0.41631362598800015 0.8963284340874689
0.4203540300284042 0.8963284340874689
0.4243944340688083 0.8963284340874689
0.4284348381092123 0.8963284340874689
0.4324752421496163 0.8963284340874689
0.43651564619002037 0.8963284340874689
0.44055605023042443 0.8963284340874689
0.44459645427082845 0.8963284340874689
0.44863685831123246 0.8963284340874689
0.4526772623516365 0.8963284340874689
0.4567176663920406 0.8963284340874689
0.4607580704324446 0.8963284340874689
0.46479847447284867 0.8963284340874689
0.40823281790719207 0.9003688381278729
0.41227322194759614 0.9003688381278729
0.41631362598800015 0.9003688381278729
0.4203540300284042 0.9003688381278729
0.4243944340688083 0.9003688381278729
0.4284348381092123 0.9003688381278729
0.4324752421496163 0.9003688381278729
0.43651564619002037 0.9003688381278729
0.44055605023042443 0.9003688381278729
0.44459645427082845 0.9003688381278729
0.44863685831123246 0.9003688381278729
0.4526772623516365 0.9003688381278729
0.4567176663920406 0.9003688381278729
0.400152009826384 0.904409242168277
0.40419241386678806 0.904409242168277
0.40823281790719207 0.904409242168277
0.41227322194759614 0.904409242168277
0.41631362598800015 0.904409242168277
0.4203540300284042 0.904409242168277
0.4243944340688083 0.904409242168277
0.4284348381092123 0.904409242168277
0.4324752421496163 0.904409242168277
0.43651564619002037 0.904409242168277
0.44055605023042443 0.904409242168277
0.44459645427082845 0.904409242168277
0.44863685831123246 0.904409242168277
0.4526772623516365 0.904409242168277
0.3880307977051719 0.9084496462086811
0.3920712017455759 0.9084496462086811
0.39611160578598 0.9084496462086811
0.400152009826384 0.9084496462086811
0.40419241386678806 0.9084496462086811
0.40823281790719207 0.9084496462086811
0.41227322194759614 0.9084496462086811
0.41631362598800015 0.9084496462086811
0.4203540300284042 0.9084496462086811
0.4243944340688083 0.9084496462086811
0.4284348381092123 0.9084496462086811
0.4324752421496163 0.9084496462086811
0.43651564619002037 0.9084496462086811
0.44055605023042443 0.9084496462086811
0.37994998962436377 0.912490050249085
0.38399039366476784 0.912490050249085
0.3880307977051719 0.912490050249085
0.3920712017455759 0.912490050249085
0.39611160578598 0.912490050249085
0.400152009826384 0.912490050249085
0.40419241386678806 0.912490050249085
0.40823281790719207 0.912490050249085
0.41227322194759614 0.912490050249085
0.41631362598800015 0.912490050249085
0.4203540300284042 0.912490050249085
0.4243944340688083 0.912490050249085
0.4284348381092123 0.912490050249085
0.4324752421496163 0.912490050249085
0.37186918154355575 0.9165304542894891
0.37590958558395976 0.9165304542894891
0.37994998962436377 0.9165304542894891
0.38399039366476784 0.9165304542894891
0.3880307977051719 0.9165304542894891
0.3920712017455759 0.9165304542894891
0.39611160578598 0.9165304542894891
0.400152009826384 0.9165304542894891
0.40419241386678806 0.9165304542894891
0.40823281790719207 0.9165304542894891
0.41227322194759614 0.9165304542894891
0.41631362598800015 0.9165304542894891
0.4203540300284042 0.9165304542894891
0.4243944340688083 0.9165304542894891
0.3597479694223436 0.920570858329893
0.3637883734627476 0.920570858329893
0.3678287775031517 0.920570858329893
0.37186918154355575 0.920570858329893
0.37590958558395976 0.920570858329893
0.37994998962436377 0.920570858329893
0.38399039366476784 0.920570858329893
0.3880307977051719 0.920570858329893
0.3920712017455759 0.920570858329893
0.39611160578598 0.920570858329893
0.400152009826384 0.920570858329893
0.40419241386678806 0.920570858329893
0.40823281790719207 0.920570858329893
0.41227322194759614 0.920570858329893
0.41631362598800015 0.920570858329893
0.34762675730113146 0.9246112623702971
0.35166716134153553 0.9246112623702971
0.3557075653819396 0.9246112623702971
0.3597479694223436 0.9246112623702971
0.3637883734627476 0.9246112623702971
0.3678287775031517 0.9246112623702971
0.37186918154355575 0.9246112623702971
0.37590958558395976 0.9246112623702971
0.37994998962436377 0.9246112623702971
0.38399039366476784 0.9246112623702971
0.3880307977051719 0.9246112623702971
0.3920712017455759 0.9246112623702971
0.39611160578598 0.9246112623702971
0.400152009826384 0.9246112623702971
0.40419241386678806 0.9246112623702971
0.40823281790719207 0.9246112623702971
0.3395459492203234 0.9286516664107012
0.34358635326072745 0.9286516664107012
0.34762675730113146 0.9286516664107012
0.35166716134153553 0.9286516664107012
0.3557075653819396 0.9286516664107012
0.3597479694223436 0.9286516664107012
0.3637883734627476 0.9286516664107012
0.3678287775031517 0.9286516664107012
0.37186918154355575 0.9286516664107012
0.37590958558395976 0.9286516664107012
0.37994998962436377 0.9286516664107012
0.38399039366476784 0.9286516664107012
0.3880307977051719 0.9286516664107012
0.3920712017455759 0.9286516664107012
0.39611160578598 0.9286516664107012
0.400152009826384 0.9286516664107012
0.3274247370991113 0.9326920704511052
0.3314651411395153 0.9326920704511052
0.3355055451799194 0.9326920704511052
0.3395459492203234 0.9326920704511052
0.34358635326072745 0.9326920704511052
0.34762675730113146 0.9326920704511052
0.35166716134153553 0.9326920704511052
0.3557075653819396 0.9326920704511052
0.3597479694223436 0.9326920704511052
0.3637883734627476 0.9326920704511052
0.3678287775031517 0.9326920704511052
0.37186918154355575 0.9326920704511052
0.37590958558395976 0.9326920704511052
0.37994998962436377 0.9326920704511052
0.38399039366476784 0.9326920704511052
0.3880307977051719 0.9326920704511052
0.31530352497789915 0.9367324744915093
0.3193439290183032 0.9367324744915093
0.32338433305870723 0.9367324744915093
0.3274247370991113 0.9367324744915093
0.3314651411395153 0.9367324744915093
0.3355055451799194 0.9367324744915093
0.3395459492203234 0.9367324744915093
0.34358635326072745 0.9367324744915093
0.34762675730113146 0.9367324744915093
0.35166716134153553 0.9367324744915093
0.3557075653819396 0.9367324744915093
0.3597479694223436 0.9367324744915093
0.3637883734627476 0.9367324744915093
0.3678287775031517 0.9367324744915093
0.37186918154355575 0.9367324744915093
0.37590958558395976 0.9367324744915093
0.37994998962436377 0.9367324744915093
0.30318231285668706 0.9407728785319134
0.3072227168970911 0.9407728785319134
0.3112631209374951 0.9407728785319134
0.31530352497789915 0.9407728785319134
0.3193439290183032 0.9407728785319134
0.32338433305870723 0.9407728785319134
0.3274247370991113 0.9407728785319134
0.3314651411395153 0.9407728785319134
0.3355055451799194 0.9407728785319134
0.3395459492203234 0.9407728785319134
0.34358635326072745 0.9407728785319134
0.34762675730113146 0.9407728785319134
0.35166716134153553 0.9407728785319134
0.3557075653819396 0.9407728785319134
0.3597479694223436 0.9407728785319134
0.3637883734627476 0.9407728785319134
0.3678287775031517 0.9407728785319134
0.299141908816283 0.9448132825723174
0.30318231285668706 0.9448132825723174
0.3072227168970911 0.9448132825723174
0.3112631209374951 0.9448132825723174
0.31530352497789915 0.9448132825723174
0.3193439290183032 0.9448132825723174
0.32338433305870723 0.9448132825723174
0.3274247370991113 0.9448132825723174
0.3314651411395153 0.9448132825723174
0.3355055451799194 0.9448132825723174
0.3395459492203234 0.9448132825723174
0.34358635326072745 0.9448132825723174
0.34762675730113146 0.9448132825723174
0.35166716134153553 0.9448132825723174
0.3557075653819396 0.9448132825723174
0.3597479694223436 0.9448132825723174
0.299141908816283 0.9488536866127214
0.30318231285668706 0.9488536866127214
0.3072227168970911 0.9488536866127214
0.3112631209374951 0.9488536866127214
0.31530352497789915 0.9488536866127214
0.3193439290183032 0.9488536866127214
0.32338433305870723 0.9488536866127214
0.3274247370991113 0.9488536866127214
0.3314651411395153 0.9488536866127214
0.3355055451799194 0.9488536866127214
0.3395459492203234 0.9488536866127214
0.34358635326072745 0.9488536866127214
0.34762675730113146 0.9488536866127214
0.299141908816283 0.9528940906531255
0.30318231285668706 0.9528940906531255
0.3072227168970911 0.9528940906531255
0.3112631209374951 0.9528940906531255
0.31530352497789915 0.9528940906531255
0.3193439290183032 0.9528940906531255
0.32338433305870723 0.9528940906531255
0.3274247370991113 0.9528940906531255
0.3314651411395153 0.9528940906531255
0.3355055451799194 0.9528940906531255
0.299141908816283 0.9569344946935294
0.30318231285668706 0.9569344946935294
0.3072227168970911 0.9569344946935294
0.3112631209374951 0.9569344946935294
0.31530352497789915 0.9569344946935294
0.3193439290183032 0.9569344946935294
0.32338433305870723 0.9569344946935294
0.299141908816283 0.9609748987339335
0.30318231285668706 0.9609748987339335
0.3072227168970911 0.9609748987339335
0.3112631209374951 0.9609748987339335
0.299141908816283 0.9650153027743376
