# x y
0.6999911996058885 0.7145102522692871
0.6959507955654844 0.7185506563096911
0.6919103915250804 0.7225910603500951
0.6878699874846763 0.7266314643904992
0.6838295834442722 0.7306718684309033
0.6797891794038683 0.7347122724713073
0.6757487753634642 0.7387526765117113
0.6676679672826562 0.7427930805521153
0.6636275632422521 0.7468334845925194
0.6595871592018481 0.7508738886329235
0.655546755161444 0.7549142926733274
0.6515063511210399 0.7589546967137315
0.647465947080636 0.7629951007541356
0.6434255430402319 0.7670355047945396
0.6353447349594239 0.7710759088349436
0.6313043309190198 0.7751163128753477
0.6272639268786158 0.7791567169157517
0.6232235228382117 0.7831971209561558
0.6151427147574036 0.7872375249965597
0.6111023107169996 0.7912779290369638
0.6070619066765955 0.7953183330773679
0.5989810985957875 0.799358737117772
0.6030215026361916 0.799358737117772
0.5949406945553835 0.803399141158176
0.5909002905149794 0.80743954519858
0.5828194824341713 0.811479949238984
0.5868598864745753 0.811479949238984
0.5787790783937673 0.8155203532793881
0.5747386743533632 0.819560757319792
0.5666578662725552 0.8236011613601961
0.5626174622321511 0.8276415654006002
0.554536654151343 0.8316819694410043
0.550496250110939 0.8357223734814083
0.5424154420301309 0.8397627775218124
0.5343346339493229 0.8438031815622163
0.5383750379897269 0.8438031815622163
0.5302942299089188 0.8478435856026204
0.5222134218281107 0.8518839896430245
0.5262538258685148 0.8518839896430245
0.5181730177877066 0.8559243936834284
0.5100922097068986 0.8599647977238325
0.5020114016260905 0.8640052017642366
0.5060518056664945 0.8640052017642366
0.49797099758568647 0.8680456058046406
0.4898901895048784 0.8720860098450447
0.4818093814240703 0.8761264138854487
0.47372857334326224 0.8801668179258527
0.4777689773836663 0.8801668179258527
0.46564776526245416 0.8842072219662568
0.46968816930285817 0.8842072219662568
0.4575669571816461 0.8882476260066607
0.4616073612220501 0.8882476260066607
0.44948614910083795 0.8922880300470648
0.453526553141242 0.8922880300470648
0.44140534102002993 0.8963284340874689
0.44544574506043394 0.8963284340874689
0.4333245329392218 0.9003688381278729
0.43736493697962586 0.9003688381278729
0.4252437248584138 0.904409242168277
0.4292841288988178 0.904409242168277
0.41716291677760564 0.9084496462086811
0.4212033208180097 0.9084496462086811
0.40908210869679756 0.912490050249085
0.3969608965755855 0.9165304542894891
0.4010013006159895 0.9165304542894891
0.3888800884947774 0.920570858329893
0.3929204925351814 0.920570858329893
0.38079928041396927 0.9246112623702971
0.38483968445437333 0.9246112623702971
0.3686780682927572 0.9286516664107012
0.37271847233316124 0.9286516664107012
0.3605972602119491 0.9326920704511052
0.3646376642523531 0.9326920704511052
0.34847604809073696 0.9367324744915093
0.352516452131141 0.9367324744915093
0.33635483596952487 0.9407728785319134
0.3403952400099289 0.9407728785319134
0.3242336238483127 0.9448132825723174
0.3282740278887168 0.9448132825723174
0.3323144319291208 0.9448132825723174
0.3121124117271006 0.9488536866127214
0.31615281576750465 0.9488536866127214
0.3201932198079087 0.9488536866127214
0.2999911996058885 0.9528940906531255
0.30403160364629256 0.9528940906531255
0.30807200768669657 0.9528940906531255
