# x y
0.6998309757458387 0.710469848228883
0.6957905717054347 0.7145102522692871
0.6998309757458387 0.7145102522692871
0.6917501676650306 0.7185506563096911
0.6957905717054347 0.7185506563096911
0.6998309757458387 0.7185506563096911
0.6877097636246265 0.7225910603500951
0.6917501676650306 0.7225910603500951
0.6957905717054347 0.7225910603500951
0.6796289555438185 0.7266314643904992
0.6836693595842225 0.7266314643904992
0.6877097636246265 0.7266314643904992
0.6917501676650306 0.7266314643904992
0.6755885515034145 0.7306718684309033
0.6796289555438185 0.7306718684309033
0.6836693595842225 0.7306718684309033
0.6877097636246265 0.7306718684309033
0.6715481474630105 0.7347122724713073
0.6755885515034145 0.7347122724713073
0.6796289555438185 0.7347122724713073
0.6836693595842225 0.7347122724713073
0.6675077434226064 0.7387526765117113
0.6715481474630105 0.7387526765117113
0.6755885515034145 0.7387526765117113
0.6796289555438185 0.7387526765117113
0.6634673393822024 0.7427930805521153
0.6675077434226064 0.7427930805521153
0.6715481474630105 0.7427930805521153
0.6755885515034145 0.7427930805521153
0.6594269353417983 0.7468334845925194
0.6634673393822024 0.7468334845925194
0.6675077434226064 0.7468334845925194
0.6715481474630105 0.7468334845925194
0.6553865313013942 0.7508738886329235
0.6594269353417983 0.7508738886329235
0.6634673393822024 0.7508738886329235
0.6675077434226064 0.7508738886329235
0.6513461272609902 0.7549142926733274
0.6553865313013942 0.7549142926733274
0.6594269353417983 0.7549142926733274
0.6432653191801821 0.7589546967137315
0.6473057232205862 0.7589546967137315
0.6513461272609902 0.7589546967137315
0.6553865313013942 0.7589546967137315
0.6392249151397782 0.7629951007541356
0.6432653191801821 0.7629951007541356
0.6473057232205862 0.7629951007541356
0.6513461272609902 0.7629951007541356
0.6351845110993741 0.7670355047945396
0.6392249151397782 0.7670355047945396
0.6432653191801821 0.7670355047945396
0.6473057232205862 0.7670355047945396
0.6311441070589701 0.7710759088349436
0.6351845110993741 0.7710759088349436
0.6392249151397782 0.7710759088349436
0.6432653191801821 0.7710759088349436
0.627103703018566 0.7751163128753477
0.6311441070589701 0.7751163128753477
0.6351845110993741 0.7751163128753477
0.6392249151397782 0.7751163128753477
0.6190228949377579 0.7791567169157517
0.6230632989781619 0.7791567169157517
0.627103703018566 0.7791567169157517
0.6311441070589701 0.7791567169157517
0.6149824908973538 0.7831971209561558
0.6190228949377579 0.7831971209561558
0.6230632989781619 0.7831971209561558
0.627103703018566 0.7831971209561558
0.6109420868569498 0.7872375249965597
0.6149824908973538 0.7872375249965597
0.6190228949377579 0.7872375249965597
0.6230632989781619 0.7872375249965597
0.6028612787761418 0.7912779290369638
0.6069016828165458 0.7912779290369638
0.6109420868569498 0.7912779290369638
0.6149824908973538 0.7912779290369638
0.6190228949377579 0.7912779290369638
0.5988208747357378 0.7953183330773679
0.6028612787761418 0.7953183330773679
0.6069016828165458 0.7953183330773679
0.6109420868569498 0.7953183330773679
0.5947804706953337 0.799358737117772
0.5988208747357378 0.799358737117772
0.6028612787761418 0.799358737117772
0.6069016828165458 0.799358737117772
0.5866996626145256 0.803399141158176
0.5907400666549296 0.803399141158176
0.5947804706953337 0.803399141158176
0.5988208747357378 0.803399141158176
0.6028612787761418 0.803399141158176
0.5826592585741215 0.80743954519858
0.5866996626145256 0.80743954519858
0.5907400666549296 0.80743954519858
0.5947804706953337 0.80743954519858
0.5786188545337175 0.811479949238984
0.5826592585741215 0.811479949238984
0.5866996626145256 0.811479949238984
0.5907400666549296 0.811479949238984
0.5705380464529095 0.8155203532793881
0.5745784504933135 0.8155203532793881
0.5786188545337175 0.8155203532793881
0.5826592585741215 0.8155203532793881
0.5866996626145256 0.8155203532793881
0.5664976424125054 0.819560757319792
0.5705380464529095 0.819560757319792
0.5745784504933135 0.819560757319792
0.5786188545337175 0.819560757319792
0.5584168343316973 0.8236011613601961
0.5624572383721014 0.8236011613601961
0.5664976424125054 0.8236011613601961
0.5705380464529095 0.8236011613601961
0.5745784504933135 0.8236011613601961
0.5543764302912932 0.8276415654006002
0.5584168343316973 0.8276415654006002
0.5624572383721014 0.8276415654006002
0.5664976424125054 0.8276415654006002
0.5462956222104852 0.8316819694410043
0.5503360262508892 0.8316819694410043
0.5543764302912932 0.8316819694410043
0.5584168343316973 0.8316819694410043
0.5624572383721014 0.8316819694410043
0.5422552181700812 0.8357223734814083
0.5462956222104852 0.8357223734814083
0.5503360262508892 0.8357223734814083
0.5543764302912932 0.8357223734814083
0.5584168343316973 0.8357223734814083
0.5341744100892731 0.8397627775218124
0.5382148141296771 0.8397627775218124
0.5422552181700812 0.8397627775218124
0.5462956222104852 0.8397627775218124
0.5503360262508892 0.8397627775218124
0.5301340060488691 0.8438031815622163
0.5341744100892731 0.8438031815622163
0.5382148141296771 0.8438031815622163
0.5422552181700812 0.8438031815622163
0.5220531979680609 0.8478435856026204
0.526093602008465 0.8478435856026204
0.5301340060488691 0.8478435856026204
0.5341744100892731 0.8478435856026204
0.5382148141296771 0.8478435856026204
0.5139723898872528 0.8518839896430245
0.5180127939276569 0.8518839896430245
0.5220531979680609 0.8518839896430245
0.526093602008465 0.8518839896430245
0.5301340060488691 0.8518839896430245
0.5099319858468488 0.8559243936834284
0.5139723898872528 0.8559243936834284
0.5180127939276569 0.8559243936834284
0.5220531979680609 0.8559243936834284
0.526093602008465 0.8559243936834284
0.5018511777660407 0.8599647977238325
0.5058915818064448 0.8599647977238325
0.5099319858468488 0.8599647977238325
0.5139723898872528 0.8599647977238325
0.5180127939276569 0.8599647977238325
0.4937703696852327 0.8640052017642366
0.4978107737256367 0.8640052017642366
0.5018511777660407 0.8640052017642366
0.5058915818064448 0.8640052017642366
0.5099319858468488 0.8640052017642366
0.48568956160442456 0.8680456058046406
0.4897299656448286 0.8680456058046406
0.4937703696852327 0.8680456058046406
0.4978107737256367 0.8680456058046406
0.5018511777660407 0.8680456058046406
0.5058915818064448 0.8680456058046406
0.48164915756402055 0.8720860098450447
0.48568956160442456 0.8720860098450447
0.4897299656448286 0.8720860098450447
0.4937703696852327 0.8720860098450447
0.4978107737256367 0.8720860098450447
0.47356834948321247 0.8761264138854487
0.47760875352361654 0.8761264138854487
0.48164915756402055 0.8761264138854487
0.48568956160442456 0.8761264138854487
0.4897299656448286 0.8761264138854487
0.4654875414024044 0.8801668179258527
0.4695279454428084 0.8801668179258527
0.47356834948321247 0.8801668179258527
0.47760875352361654 0.8801668179258527
0.48164915756402055 0.8801668179258527
0.4574067333215963 0.8842072219662568
0.4614471373620003 0.8842072219662568
0.4654875414024044 0.8842072219662568
0.4695279454428084 0.8842072219662568
0.47356834948321247 0.8842072219662568
0.47760875352361654 0.8842072219662568
0.4493259252407882 0.8882476260066607
0.45336632928119225 0.8882476260066607
0.4574067333215963 0.8882476260066607
0.4614471373620003 0.8882476260066607
0.4654875414024044 0.8882476260066607
0.4695279454428084 0.8882476260066607
0.44124511715998016 0.8922880300470648
0.44528552120038417 0.8922880300470648
0.4493259252407882 0.8922880300470648
0.45336632928119225 0.8922880300470648
0.4574067333215963 0.8922880300470648
0.4614471373620003 0.8922880300470648
0.433164309079172 0.8963284340874689
0.4372047131195761 0.8963284340874689
0.44124511715998016 0.8963284340874689
0.44528552120038417 0.8963284340874689
0.4493259252407882 0.8963284340874689
0.45336632928119225 0.8963284340874689
0.425083500998364 0.9003688381278729
0.429123905038768 0.9003688381278729
0.433164309079172 0.9003688381278729
0.4372047131195761 0.9003688381278729
0.44124511715998016 0.9003688381278729
0.44528552120038417 0.9003688381278729
0.4170026929175559 0.904409242168277
0.42104309695795994 0.904409242168277
0.425083500998364 0.904409242168277
0.429123905038768 0.904409242168277
0.433164309079172 0.904409242168277
0.4372047131195761 0.904409242168277
0.4089218848367478 0.9084496462086811
0.41296228887715186 0.9084496462086811
0.4170026929175559 0.9084496462086811
0.42104309695795994 0.9084496462086811
0.425083500998364 0.9084496462086811
0.429123905038768 0.9084496462086811
0.3968006727155357 0.912490050249085
0.4008410767559397 0.912490050249085
0.4048814807963438 0.912490050249085
0.4089218848367478 0.912490050249085
0.41296228887715186 0.912490050249085
0.4170026929175559 0.912490050249085
0.42104309695795994 0.912490050249085
0.38871986463472763 0.9165304542894891
0.39276026867513164 0.9165304542894891
0.3968006727155357 0.9165304542894891
0.4008410767559397 0.9165304542894891
0.4048814807963438 0.9165304542894891
0.4089218848367478 0.9165304542894891
0.3806390565539195 0.920570858329893
0.38467946059432356 0.920570858329893
0.38871986463472763 0.920570858329893
0.39276026867513164 0.920570858329893
0.3968006727155357 0.920570858329893
0.4008410767559397 0.920570858329893
0.3685178444327074 0.9246112623702971
0.3725582484731115 0.9246112623702971
0.3765986525135155 0.9246112623702971
0.3806390565539195 0.9246112623702971
0.38467946059432356 0.9246112623702971
0.38871986463472763 0.9246112623702971
0.39276026867513164 0.9246112623702971
0.3563966323114953 0.9286516664107012
0.36043703635189933 0.9286516664107012
0.36447744039230334 0.9286516664107012
0.3685178444327074 0.9286516664107012
0.3725582484731115 0.9286516664107012
0.3765986525135155 0.9286516664107012
0.3806390565539195 0.9286516664107012
0.3483158242306872 0.9326920704511052
0.35235622827109125 0.9326920704511052
0.3563966323114953 0.9326920704511052
0.36043703635189933 0.9326920704511052
0.36447744039230334 0.9326920704511052
0.3685178444327074 0.9326920704511052
0.3725582484731115 0.9326920704511052
0.3361946121094751 0.9367324744915093
0.3402350161498791 0.9367324744915093
0.3442754201902832 0.9367324744915093
0.3483158242306872 0.9367324744915093
0.35235622827109125 0.9367324744915093
0.3563966323114953 0.9367324744915093
0.36043703635189933 0.9367324744915093
0.32407339998826296 0.9407728785319134
0.328113804028667 0.9407728785319134
0.33215420806907103 0.9407728785319134
0.3361946121094751 0.9407728785319134
0.3402350161498791 0.9407728785319134
0.3442754201902832 0.9407728785319134
0.3483158242306872 0.9407728785319134
0.35235622827109125 0.9407728785319134
0.3119521878670508 0.9448132825723174
0.3159925919074549 0.9448132825723174
0.32003299594785894 0.9448132825723174
0.32407339998826296 0.9448132825723174
0.328113804028667 0.9448132825723174
0.33215420806907103 0.9448132825723174
0.3361946121094751 0.9448132825723174
0.3402350161498791 0.9448132825723174
0.2998309757458387 0.9488536866127214
0.3038713797862428 0.9488536866127214
0.3079117838266468 0.9488536866127214
0.3119521878670508 0.9488536866127214
0.3159925919074549 0.9488536866127214
0.32003299594785894 0.9488536866127214
0.32407339998826296 0.9488536866127214
0.328113804028667 0.9488536866127214
0.2998309757458387 0.9528940906531255
0.3038713797862428 0.9528940906531255
0.3079117838266468 0.9528940906531255
0.3119521878670508 0.9528940906531255
0.3159925919074549 0.9528940906531255
0.2998309757458387 0.9569344946935294
0.3038713797862428 0.9569344946935294
