# x y
0.6999724366984027 0.7145102522692871
0.6959320326579986 0.7185506563096911
0.6918916286175947 0.7225910603500951
0.6878512245771906 0.7266314643904992
0.6797704164963825 0.7306718684309033
0.6838108205367865 0.7306718684309033
0.6757300124559784 0.7347122724713073
0.6797704164963825 0.7347122724713073
0.6716896084155743 0.7387526765117113
0.6757300124559784 0.7387526765117113
0.6676492043751703 0.7427930805521153
0.6716896084155743 0.7427930805521153
0.6636088003347663 0.7468334845925194
0.6676492043751703 0.7468334845925194
0.6595683962943623 0.7508738886329235
0.6555279922539583 0.7549142926733274
0.6514875882135542 0.7589546967137315
0.6434067801327461 0.7629951007541356
0.6474471841731502 0.7629951007541356
0.639366376092342 0.7670355047945396
0.6434067801327461 0.7670355047945396
0.635325972051938 0.7710759088349436
0.639366376092342 0.7710759088349436
0.631285568011534 0.7751163128753477
0.62724516397113 0.7791567169157517
0.6191643558903219 0.7831971209561558
0.6232047599307259 0.7831971209561558
0.6151239518499179 0.7872375249965597
0.6191643558903219 0.7872375249965597
0.6110835478095138 0.7912779290369638
0.6030027397287057 0.7953183330773679
0.6070431437691097 0.7953183330773679
0.5989623356883016 0.799358737117772
0.6030027397287057 0.799358737117772
0.5949219316478976 0.803399141158176
0.5989623356883016 0.803399141158176
0.5868411235670896 0.80743954519858
0.5908815276074936 0.80743954519858
0.5828007195266856 0.811479949238984
0.5868411235670896 0.811479949238984
0.5787603154862815 0.8155203532793881
0.5706795074054734 0.819560757319792
0.5747199114458774 0.819560757319792
0.5666391033650693 0.8236011613601961
0.5706795074054734 0.8236011613601961
0.5585582952842613 0.8276415654006002
0.5625986993246653 0.8276415654006002
0.5545178912438572 0.8316819694410043
0.5585582952842613 0.8316819694410043
0.5464370831630492 0.8357223734814083
0.5504774872034532 0.8357223734814083
0.5423966791226451 0.8397627775218124
0.5464370831630492 0.8397627775218124
0.534315871041837 0.8438031815622163
0.538356275082241 0.8438031815622163
0.526235062961029 0.8478435856026204
0.530275467001433 0.8478435856026204
0.5221946589206249 0.8518839896430245
0.526235062961029 0.8518839896430245
0.5141138508398169 0.8559243936834284
0.5181542548802208 0.8559243936834284
0.5100734467994128 0.8599647977238325
0.5141138508398169 0.8599647977238325
0.5019926387186047 0.8640052017642366
0.5060330427590087 0.8640052017642366
0.49391183063779664 0.8680456058046406
0.49795223467820066 0.8680456058046406
0.4858310225569885 0.8720860098450447
0.4898714265973926 0.8720860098450447
0.4777502144761805 0.8761264138854487
0.4817906185165845 0.8761264138854487
0.4858310225569885 0.8761264138854487
0.4737098104357764 0.8801668179258527
0.4777502144761805 0.8801668179258527
0.46562900235496835 0.8842072219662568
0.46966940639537236 0.8842072219662568
0.45754819427416027 0.8882476260066607
0.4615885983145643 0.8882476260066607
0.44946738619335214 0.8922880300470648
0.4535077902337562 0.8922880300470648
0.4413865781125441 0.8963284340874689
0.4454269821529481 0.8963284340874689
0.433305770031736 0.9003688381278729
0.43734617407214005 0.9003688381278729
0.42522496195092796 0.904409242168277
0.42926536599133197 0.904409242168277
0.4131037498297158 0.9084496462086811
0.4171441538701198 0.9084496462086811
0.4211845579105239 0.9084496462086811
0.40502294174890774 0.912490050249085
0.40906334578931175 0.912490050249085
0.4131037498297158 0.912490050249085
0.39694213366809966 0.9165304542894891
0.4009825377085037 0.9165304542894891
0.40502294174890774 0.9165304542894891
0.3888613255872916 0.920570858329893
0.3929017296276956 0.920570858329893
0.37674011346607944 0.9246112623702971
0.38078051750648345 0.9246112623702971
0.3848209215468875 0.9246112623702971
0.36865930538527136 0.9286516664107012
0.37269970942567543 0.9286516664107012
0.3565380932640593 0.9326920704511052
0.3605784973044633 0.9326920704511052
0.3646189013448673 0.9326920704511052
0.34441688114284713 0.9367324744915093
0.34845728518325114 0.9367324744915093
0.3524976892236552 0.9367324744915093
0.33633607306203905 0.9407728785319134
0.34037647710244306 0.9407728785319134
0.34441688114284713 0.9407728785319134
0.3242148609408269 0.9448132825723174
0.328255264981231 0.9448132825723174
0.332295669021635 0.9448132825723174
0.31209364881961477 0.9488536866127214
0.31613405286001883 0.9488536866127214
0.3201744569004229 0.9488536866127214
0.2999724366984027 0.9528940906531255
0.30401284073880674 0.9528940906531255
0.30805324477921076 0.9528940906531255
