# x y
0.6999651761374144 0.7266314643904992
0.6959247720970103 0.7306718684309033
0.6838035599757981 0.7427930805521153
0.663601539773778 0.7629951007541356
0.6595611357333739 0.7791567169157517
0.6353187114909498 0.7872375249965597
0.6312783074505457 0.803399141158176
0.6110762872485255 0.819560757319792
0.5949146710869093 0.8316819694410043
0.49794497411721234 0.8761264138854487
0.4939045700768083 0.8801668179258527
0.5019853781576163 0.8801668179258527
0.46966214583438404 0.8922880300470648
0.4130964892687275 0.920570858329893
0.4171368933091315 0.9246112623702971
0.3726924488646871 0.9367324744915093
0.36865204482428304 0.9407728785319134
0.364611640783879 0.9609748987339335
