# x y
0.6996516421345564 0.706429444188479
0.6956112380941524 0.710469848228883
0.6996516421345564 0.710469848228883
0.6915708340537483 0.7145102522692871
0.6956112380941524 0.7145102522692871
0.6996516421345564 0.7145102522692871
0.6875304300133442 0.7185506563096911
0.6915708340537483 0.7185506563096911
0.6956112380941524 0.7185506563096911
0.6996516421345564 0.7185506563096911
0.6834900259729402 0.7225910603500951
0.6875304300133442 0.7225910603500951
0.6915708340537483 0.7225910603500951
0.6956112380941524 0.7225910603500951
0.6996516421345564 0.7225910603500951
0.6794496219325361 0.7266314643904992
0.6834900259729402 0.7266314643904992
0.6875304300133442 0.7266314643904992
0.6915708340537483 0.7266314643904992
0.6956112380941524 0.7266314643904992
0.675409217892132 0.7306718684309033
0.6794496219325361 0.7306718684309033
0.6834900259729402 0.7306718684309033
0.6875304300133442 0.7306718684309033
0.6915708340537483 0.7306718684309033
0.667328409811324 0.7347122724713073
0.6713688138517281 0.7347122724713073
0.675409217892132 0.7347122724713073
0.6794496219325361 0.7347122724713073
0.6834900259729402 0.7347122724713073
0.6875304300133442 0.7347122724713073
0.6632880057709201 0.7387526765117113
0.667328409811324 0.7387526765117113
0.6713688138517281 0.7387526765117113
0.675409217892132 0.7387526765117113
0.6794496219325361 0.7387526765117113
0.6834900259729402 0.7387526765117113
0.659247601730516 0.7427930805521153
0.6632880057709201 0.7427930805521153
0.667328409811324 0.7427930805521153
0.6713688138517281 0.7427930805521153
0.675409217892132 0.7427930805521153
0.6794496219325361 0.7427930805521153
0.6552071976901119 0.7468334845925194
0.659247601730516 0.7468334845925194
0.6632880057709201 0.7468334845925194
0.667328409811324 0.7468334845925194
0.6713688138517281 0.7468334845925194
0.675409217892132 0.7468334845925194
0.6511667936497079 0.7508738886329235
0.6552071976901119 0.7508738886329235
0.659247601730516 0.7508738886329235
0.6632880057709201 0.7508738886329235
0.667328409811324 0.7508738886329235
0.6471263896093038 0.7549142926733274
0.6511667936497079 0.7549142926733274
0.6552071976901119 0.7549142926733274
0.659247601730516 0.7549142926733274
0.6632880057709201 0.7549142926733274
0.6430859855688997 0.7589546967137315
0.6471263896093038 0.7589546967137315
0.6511667936497079 0.7589546967137315
0.6552071976901119 0.7589546967137315
0.659247601730516 0.7589546967137315
0.6350051774880917 0.7629951007541356
0.6390455815284958 0.7629951007541356
0.6430859855688997 0.7629951007541356
0.6471263896093038 0.7629951007541356
0.6511667936497079 0.7629951007541356
0.6552071976901119 0.7629951007541356
0.6309647734476878 0.7670355047945396
0.6350051774880917 0.7670355047945396
0.6390455815284958 0.7670355047945396
0.6430859855688997 0.7670355047945396
0.6471263896093038 0.7670355047945396
0.6511667936497079 0.7670355047945396
0.6269243694072837 0.7710759088349436
0.6309647734476878 0.7710759088349436
0.6350051774880917 0.7710759088349436
0.6390455815284958 0.7710759088349436
0.6430859855688997 0.7710759088349436
0.6471263896093038 0.7710759088349436
0.6228839653668796 0.7751163128753477
0.6269243694072837 0.7751163128753477
0.6309647734476878 0.7751163128753477
0.6350051774880917 0.7751163128753477
0.6390455815284958 0.7751163128753477
0.6430859855688997 0.7751163128753477
0.6148031572860715 0.7791567169157517
0.6188435613264756 0.7791567169157517
0.6228839653668796 0.7791567169157517
0.6269243694072837 0.7791567169157517
0.6309647734476878 0.7791567169157517
0.6350051774880917 0.7791567169157517
0.6107627532456674 0.7831971209561558
0.6148031572860715 0.7831971209561558
0.6188435613264756 0.7831971209561558
0.6228839653668796 0.7831971209561558
0.6269243694072837 0.7831971209561558
0.6309647734476878 0.7831971209561558
0.6067223492052634 0.7872375249965597
0.6107627532456674 0.7872375249965597
0.6148031572860715 0.7872375249965597
0.6188435613264756 0.7872375249965597
0.6228839653668796 0.7872375249965597
0.6269243694072837 0.7872375249965597
0.5986415411244553 0.7912779290369638
0.6026819451648594 0.7912779290369638
0.6067223492052634 0.7912779290369638
0.6107627532456674 0.7912779290369638
0.6148031572860715 0.7912779290369638
0.6188435613264756 0.7912779290369638
0.6228839653668796 0.7912779290369638
0.5946011370840514 0.7953183330773679
0.5986415411244553 0.7953183330773679
0.6026819451648594 0.7953183330773679
0.6067223492052634 0.7953183330773679
0.6107627532456674 0.7953183330773679
0.6148031572860715 0.7953183330773679
0.5905607330436473 0.799358737117772
0.5946011370840514 0.799358737117772
0.5986415411244553 0.799358737117772
0.6026819451648594 0.799358737117772
0.6067223492052634 0.799358737117772
0.6107627532456674 0.799358737117772
0.5824799249628392 0.803399141158176
0.5865203290032432 0.803399141158176
0.5905607330436473 0.803399141158176
0.5946011370840514 0.803399141158176
0.5986415411244553 0.803399141158176
0.6026819451648594 0.803399141158176
0.6067223492052634 0.803399141158176
0.5784395209224351 0.80743954519858
0.5824799249628392 0.80743954519858
0.5865203290032432 0.80743954519858
0.5905607330436473 0.80743954519858
0.5946011370840514 0.80743954519858
0.5986415411244553 0.80743954519858
0.574399116882031 0.811479949238984
0.5784395209224351 0.811479949238984
0.5824799249628392 0.811479949238984
0.5865203290032432 0.811479949238984
0.5905607330436473 0.811479949238984
0.5946011370840514 0.811479949238984
0.566318308801223 0.8155203532793881
0.5703587128416271 0.8155203532793881
0.574399116882031 0.8155203532793881
0.5784395209224351 0.8155203532793881
0.5824799249628392 0.8155203532793881
0.5865203290032432 0.8155203532793881
0.5905607330436473 0.8155203532793881
0.5622779047608191 0.819560757319792
0.566318308801223 0.819560757319792
0.5703587128416271 0.819560757319792
0.574399116882031 0.819560757319792
0.5784395209224351 0.819560757319792
0.5824799249628392 0.819560757319792
0.5541970966800109 0.8236011613601961
0.558237500720415 0.8236011613601961
0.5622779047608191 0.8236011613601961
0.566318308801223 0.8236011613601961
0.5703587128416271 0.8236011613601961
0.574399116882031 0.8236011613601961
0.5784395209224351 0.8236011613601961
0.5501566926396069 0.8276415654006002
0.5541970966800109 0.8276415654006002
0.558237500720415 0.8276415654006002
0.5622779047608191 0.8276415654006002
0.566318308801223 0.8276415654006002
0.5703587128416271 0.8276415654006002
0.5420758845587987 0.8316819694410043
0.5461162885992028 0.8316819694410043
0.5501566926396069 0.8316819694410043
0.5541970966800109 0.8316819694410043
0.558237500720415 0.8316819694410043
0.5622779047608191 0.8316819694410043
0.566318308801223 0.8316819694410043
0.5380354805183948 0.8357223734814083
0.5420758845587987 0.8357223734814083
0.5461162885992028 0.8357223734814083
0.5501566926396069 0.8357223734814083
0.5541970966800109 0.8357223734814083
0.558237500720415 0.8357223734814083
0.5622779047608191 0.8357223734814083
0.5299546724375866 0.8397627775218124
0.5339950764779907 0.8397627775218124
0.5380354805183948 0.8397627775218124
0.5420758845587987 0.8397627775218124
0.5461162885992028 0.8397627775218124
0.5501566926396069 0.8397627775218124
0.5541970966800109 0.8397627775218124
0.5259142683971827 0.8438031815622163
0.5299546724375866 0.8438031815622163
0.5339950764779907 0.8438031815622163
0.5380354805183948 0.8438031815622163
0.5420758845587987 0.8438031815622163
0.5461162885992028 0.8438031815622163
0.5501566926396069 0.8438031815622163
0.5178334603163746 0.8478435856026204
0.5218738643567786 0.8478435856026204
0.5259142683971827 0.8478435856026204
0.5299546724375866 0.8478435856026204
0.5339950764779907 0.8478435856026204
0.5380354805183948 0.8478435856026204
0.5420758845587987 0.8478435856026204
0.5097526522355664 0.8518839896430245
0.5137930562759705 0.8518839896430245
0.5178334603163746 0.8518839896430245
0.5218738643567786 0.8518839896430245
0.5259142683971827 0.8518839896430245
0.5299546724375866 0.8518839896430245
0.5339950764779907 0.8518839896430245
0.5057122481951624 0.8559243936834284
0.5097526522355664 0.8559243936834284
0.5137930562759705 0.8559243936834284
0.5178334603163746 0.8559243936834284
0.5218738643567786 0.8559243936834284
0.5259142683971827 0.8559243936834284
0.5299546724375866 0.8559243936834284
0.49763144011435434 0.8599647977238325
0.5016718441547584 0.8599647977238325
0.5057122481951624 0.8599647977238325
0.5097526522355664 0.8599647977238325
0.5137930562759705 0.8599647977238325
0.5178334603163746 0.8599647977238325
0.5218738643567786 0.8599647977238325
0.48955063203354626 0.8640052017642366
0.4935910360739503 0.8640052017642366
0.49763144011435434 0.8640052017642366
0.5016718441547584 0.8640052017642366
0.5057122481951624 0.8640052017642366
0.5097526522355664 0.8640052017642366
0.5137930562759705 0.8640052017642366
0.5178334603163746 0.8640052017642366
0.4814698239527382 0.8680456058046406
0.48551022799314225 0.8680456058046406
0.48955063203354626 0.8680456058046406
0.4935910360739503 0.8680456058046406
0.49763144011435434 0.8680456058046406
0.5016718441547584 0.8680456058046406
0.5057122481951624 0.8680456058046406
0.5097526522355664 0.8680456058046406
0.4733890158719301 0.8720860098450447
0.4774294199123341 0.8720860098450447
0.4814698239527382 0.8720860098450447
0.48551022799314225 0.8720860098450447
0.48955063203354626 0.8720860098450447
0.4935910360739503 0.8720860098450447
0.49763144011435434 0.8720860098450447
0.5016718441547584 0.8720860098450447
0.4693486118315261 0.8761264138854487
0.4733890158719301 0.8761264138854487
0.4774294199123341 0.8761264138854487
0.4814698239527382 0.8761264138854487
0.48551022799314225 0.8761264138854487
0.48955063203354626 0.8761264138854487
0.4935910360739503 0.8761264138854487
0.46126780375071796 0.8801668179258527
0.46530820779112203 0.8801668179258527
0.4693486118315261 0.8801668179258527
0.4733890158719301 0.8801668179258527
0.4774294199123341 0.8801668179258527
0.4814698239527382 0.8801668179258527
0.48551022799314225 0.8801668179258527
0.48955063203354626 0.8801668179258527
0.4531869956699099 0.8842072219662568
0.4572273997103139 0.8842072219662568
0.46126780375071796 0.8842072219662568
0.46530820779112203 0.8842072219662568
0.4693486118315261 0.8842072219662568
0.4733890158719301 0.8842072219662568
0.4774294199123341 0.8842072219662568
0.4814698239527382 0.8842072219662568
0.4451061875891018 0.8882476260066607
0.4491465916295059 0.8882476260066607
0.4531869956699099 0.8882476260066607
0.4572273997103139 0.8882476260066607
0.46126780375071796 0.8882476260066607
0.46530820779112203 0.8882476260066607
0.4693486118315261 0.8882476260066607
0.4733890158719301 0.8882476260066607
0.43702537950829373 0.8922880300470648
0.44106578354869774 0.8922880300470648
0.4451061875891018 0.8922880300470648
0.4491465916295059 0.8922880300470648
0.4531869956699099 0.8922880300470648
0.4572273997103139 0.8922880300470648
0.46126780375071796 0.8922880300470648
0.46530820779112203 0.8922880300470648
0.42894457142748565 0.8963284340874689
0.4329849754678897 0.8963284340874689
0.43702537950829373 0.8963284340874689
0.44106578354869774 0.8963284340874689
0.4451061875891018 0.8963284340874689
0.4491465916295059 0.8963284340874689
0.4531869956699099 0.8963284340874689
0.4572273997103139 0.8963284340874689
0.4208637633466776 0.9003688381278729
0.4249041673870816 0.9003688381278729
0.42894457142748565 0.9003688381278729
0.4329849754678897 0.9003688381278729
0.43702537950829373 0.9003688381278729
0.44106578354869774 0.9003688381278729
0.4451061875891018 0.9003688381278729
0.4491465916295059 0.9003688381278729
0.40874255122546543 0.904409242168277
0.4127829552658695 0.904409242168277
0.41682335930627357 0.904409242168277
0.4208637633466776 0.904409242168277
0.4249041673870816 0.904409242168277
0.42894457142748565 0.904409242168277
0.4329849754678897 0.904409242168277
0.43702537950829373 0.904409242168277
0.44106578354869774 0.904409242168277
0.40066174314465736 0.9084496462086811
0.4047021471850614 0.9084496462086811
0.40874255122546543 0.9084496462086811
0.4127829552658695 0.9084496462086811
0.41682335930627357 0.9084496462086811
0.4208637633466776 0.9084496462086811
0.4249041673870816 0.9084496462086811
0.42894457142748565 0.9084496462086811
0.4329849754678897 0.9084496462086811
0.3925809350638493 0.912490050249085
0.39662133910425335 0.912490050249085
0.40066174314465736 0.912490050249085
0.4047021471850614 0.912490050249085
0.40874255122546543 0.912490050249085
0.4127829552658695 0.912490050249085
0.41682335930627357 0.912490050249085
0.4208637633466776 0.912490050249085
0.4249041673870816 0.912490050249085
0.3804597229426372 0.9165304542894891
0.3845001269830412 0.9165304542894891
0.38854053102344527 0.9165304542894891
0.3925809350638493 0.9165304542894891
0.39662133910425335 0.9165304542894891
0.40066174314465736 0.9165304542894891
0.4047021471850614 0.9165304542894891
0.40874255122546543 0.9165304542894891
0.4127829552658695 0.9165304542894891
0.41682335930627357 0.9165304542894891
0.37237891486182906 0.920570858329893
0.3764193189022331 0.920570858329893
0.3804597229426372 0.920570858329893
0.3845001269830412 0.920570858329893
0.38854053102344527 0.920570858329893
0.3925809350638493 0.920570858329893
0.39662133910425335 0.920570858329893
0.40066174314465736 0.920570858329893
0.4047021471850614 0.920570858329893
0.40874255122546543 0.920570858329893
0.36025770274061697 0.9246112623702971
0.36429810678102104 0.9246112623702971
0.36833851082142505 0.9246112623702971
0.37237891486182906 0.9246112623702971
0.3764193189022331 0.9246112623702971
0.3804597229426372 0.9246112623702971
0.3845001269830412 0.9246112623702971
0.38854053102344527 0.9246112623702971
0.3925809350638493 0.9246112623702971
0.39662133910425335 0.9246112623702971
0.3521768946598089 0.9286516664107012
0.3562172987002129 0.9286516664107012
0.36025770274061697 0.9286516664107012
0.36429810678102104 0.9286516664107012
0.36833851082142505 0.9286516664107012
0.37237891486182906 0.9286516664107012
0.3764193189022331 0.9286516664107012
0.3804597229426372 0.9286516664107012
0.3845001269830412 0.9286516664107012
0.38854053102344527 0.9286516664107012
0.34005568253859675 0.9326920704511052
0.3440960865790008 0.9326920704511052
0.3481364906194049 0.9326920704511052
0.3521768946598089 0.9326920704511052
0.3562172987002129 0.9326920704511052
0.36025770274061697 0.9326920704511052
0.36429810678102104 0.9326920704511052
0.36833851082142505 0.9326920704511052
0.37237891486182906 0.9326920704511052
0.3764193189022331 0.9326920704511052
0.32793447041738466 0.9367324744915093
0.33197487445778867 0.9367324744915093
0.33601527849819274 0.9367324744915093
0.34005568253859675 0.9367324744915093
0.3440960865790008 0.9367324744915093
0.3481364906194049 0.9367324744915093
0.3521768946598089 0.9367324744915093
0.3562172987002129 0.9367324744915093
0.36025770274061697 0.9367324744915093
0.36429810678102104 0.9367324744915093
0.36833851082142505 0.9367324744915093
0.3158132582961725 0.9407728785319134
0.3198536623365765 0.9407728785319134
0.3238940663769806 0.9407728785319134
0.32793447041738466 0.9407728785319134
0.33197487445778867 0.9407728785319134
0.33601527849819274 0.9407728785319134
0.34005568253859675 0.9407728785319134
0.3440960865790008 0.9407728785319134
0.3481364906194049 0.9407728785319134
0.3521768946598089 0.9407728785319134
0.3562172987002129 0.9407728785319134
0.3036920461749604 0.9448132825723174
0.30773245021536444 0.9448132825723174
0.3117728542557685 0.9448132825723174
0.3158132582961725 0.9448132825723174
0.3198536623365765 0.9448132825723174
0.3238940663769806 0.9448132825723174
0.32793447041738466 0.9448132825723174
0.33197487445778867 0.9448132825723174
0.33601527849819274 0.9448132825723174
0.34005568253859675 0.9448132825723174
0.3440960865790008 0.9448132825723174
0.3481364906194049 0.9448132825723174
0.29965164213455636 0.9488536866127214
0.3036920461749604 0.9488536866127214
0.30773245021536444 0.9488536866127214
0.3117728542557685 0.9488536866127214
0.3158132582961725 0.9488536866127214
0.3198536623365765 0.9488536866127214
0.3238940663769806 0.9488536866127214
0.32793447041738466 0.9488536866127214
0.33197487445778867 0.9488536866127214
0.33601527849819274 0.9488536866127214
0.29965164213455636 0.9528940906531255
0.3036920461749604 0.9528940906531255
0.30773245021536444 0.9528940906531255
0.3117728542557685 0.9528940906531255
0.3158132582961725 0.9528940906531255
0.3198536623365765 0.9528940906531255
0.3238940663769806 0.9528940906531255
0.29965164213455636 0.9569344946935294
0.3036920461749604 0.9569344946935294
0.30773245021536444 0.9569344946935294
0.3117728542557685 0.9569344946935294
0.29965164213455636 0.9609748987339335
