# x y
0.6999742887036822 0.7145102522692871
0.6959338846632781 0.7185506563096911
0.691893480622874 0.7225910603500951
0.68785307658247 0.7266314643904992
0.6797722685016618 0.7306718684309033
0.6838126725420659 0.7306718684309033
0.6757318644612578 0.7347122724713073
0.6797722685016618 0.7347122724713073
0.6716914604208538 0.7387526765117113
0.6757318644612578 0.7387526765117113
0.6676510563804497 0.7427930805521153
0.6716914604208538 0.7427930805521153
0.6636106523400458 0.7468334845925194
0.6676510563804497 0.7468334845925194
0.6595702482996417 0.7508738886329235
0.6555298442592377 0.7549142926733274
0.6514894402188336 0.7589546967137315
0.6434086321380255 0.7629951007541356
0.6474490361784295 0.7629951007541356
0.6393682280976215 0.7670355047945396
0.6434086321380255 0.7670355047945396
0.6353278240572174 0.7710759088349436
0.6393682280976215 0.7710759088349436
0.6312874200168135 0.7751163128753477
0.6272470159764094 0.7791567169157517
0.6191662078956013 0.7831971209561558
0.6232066119360054 0.7831971209561558
0.6151258038551972 0.7872375249965597
0.6191662078956013 0.7872375249965597
0.6110853998147932 0.7912779290369638
0.6030045917339851 0.7953183330773679
0.6070449957743891 0.7953183330773679
0.5989641876935811 0.799358737117772
0.6030045917339851 0.799358737117772
0.5949237836531771 0.803399141158176
0.586842975572369 0.80743954519858
0.590883379612773 0.80743954519858
0.5828025715319649 0.811479949238984
0.586842975572369 0.811479949238984
0.5787621674915608 0.8155203532793881
0.5706813594107528 0.819560757319792
0.5747217634511568 0.819560757319792
0.5666409553703488 0.8236011613601961
0.5706813594107528 0.8236011613601961
0.5585601472895407 0.8276415654006002
0.5626005513299448 0.8276415654006002
0.5545197432491367 0.8316819694410043
0.5585601472895407 0.8316819694410043
0.5464389351683285 0.8357223734814083
0.5504793392087326 0.8357223734814083
0.5423985311279245 0.8397627775218124
0.5464389351683285 0.8397627775218124
0.5343177230471164 0.8438031815622163
0.5383581270875205 0.8438031815622163
0.5302773190067124 0.8478435856026204
0.5221965109259044 0.8518839896430245
0.5262369149663084 0.8518839896430245
0.5141157028450962 0.8559243936834284
0.5181561068855003 0.8559243936834284
0.5100752988046922 0.8599647977238325
0.5141157028450962 0.8599647977238325
0.5019944907238841 0.8640052017642366
0.5060348947642881 0.8640052017642366
0.493913682643076 0.8680456058046406
0.49795408668348007 0.8680456058046406
0.485832874562268 0.8720860098450447
0.489873278602672 0.8720860098450447
0.47775206648145985 0.8761264138854487
0.4817924705218639 0.8761264138854487
0.485832874562268 0.8761264138854487
0.47371166244105584 0.8801668179258527
0.47775206648145985 0.8801668179258527
0.46563085436024776 0.8842072219662568
0.4696712584006518 0.8842072219662568
0.4575500462794396 0.8882476260066607
0.4615904503198437 0.8882476260066607
0.4494692381986316 0.8922880300470648
0.4535096422390356 0.8922880300470648
0.44138843011782347 0.8963284340874689
0.44542883415822754 0.8963284340874689
0.43330762203701545 0.9003688381278729
0.43734802607741946 0.9003688381278729
0.4252268139562073 0.904409242168277
0.4292672179966114 0.904409242168277
0.41310560183499523 0.9084496462086811
0.4171460058753993 0.9084496462086811
0.4211864099158033 0.9084496462086811
0.40502479375418715 0.912490050249085
0.40906519779459116 0.912490050249085
0.41310560183499523 0.912490050249085
0.3969439856733791 0.9165304542894891
0.4009843897137831 0.9165304542894891
0.40502479375418715 0.9165304542894891
0.388863177592571 0.920570858329893
0.392903581632975 0.920570858329893
0.37674196547135885 0.9246112623702971
0.3807823695117629 0.9246112623702971
0.38482277355216693 0.9246112623702971
0.3686611573905508 0.9286516664107012
0.3727015614309548 0.9286516664107012
0.35653994526933863 0.9326920704511052
0.3605803493097427 0.9326920704511052
0.36462075335014676 0.9326920704511052
0.34441873314812654 0.9367324744915093
0.3484591371885306 0.9367324744915093
0.3524995412289346 0.9367324744915093
0.33633792506731847 0.9407728785319134
0.3403783291077225 0.9407728785319134
0.34441873314812654 0.9407728785319134
0.3242167129461063 0.9448132825723174
0.3282571169865104 0.9448132825723174
0.3322975210269144 0.9448132825723174
0.31209550082489423 0.9488536866127214
0.31613590486529825 0.9488536866127214
0.32017630890570226 0.9488536866127214
0.2999742887036821 0.9528940906531255
0.3040146927440861 0.9528940906531255
0.30805509678449017 0.9528940906531255
