# x y
0.6919058172637598 0.7306718684309033
0.6838250091829516 0.7387526765117113
0.6717037970617394 0.7508738886329235
0.619178544536487 0.7953183330773679
0.6353401606981031 0.799358737117772
0.5989765243344667 0.8155203532793881
0.5949361202940627 0.8316819694410043
0.5585724839304264 0.8397627775218124
0.5464512718092143 0.8478435856026204
0.5666532920112344 0.8518839896430245
0.5020068273647698 0.8720860098450447
0.5302896556475981 0.8761264138854487
0.4737239990819415 0.8882476260066607
0.48988561524355767 0.9003688381278729
0.42523915059709305 0.920570858329893
0.39695632231426475 0.9286516664107012
0.3888755142334567 0.9367324744915093
0.3161482415061839 0.9650153027743376
0.30402702938497184 0.9690557068147416
