# x y
0.699849896843038 0.710469848228883
0.6958094928026339 0.7145102522692871
0.699849896843038 0.7145102522692871
0.69176908876223 0.7185506563096911
0.6958094928026339 0.7185506563096911
0.699849896843038 0.7185506563096911
0.6877286847218259 0.7225910603500951
0.69176908876223 0.7225910603500951
0.6958094928026339 0.7225910603500951
0.6836882806814218 0.7266314643904992
0.6877286847218259 0.7266314643904992
0.69176908876223 0.7266314643904992
0.6756074726006138 0.7306718684309033
0.6796478766410179 0.7306718684309033
0.6836882806814218 0.7306718684309033
0.6877286847218259 0.7306718684309033
0.6715670685602098 0.7347122724713073
0.6756074726006138 0.7347122724713073
0.6796478766410179 0.7347122724713073
0.6836882806814218 0.7347122724713073
0.6675266645198057 0.7387526765117113
0.6715670685602098 0.7387526765117113
0.6756074726006138 0.7387526765117113
0.6796478766410179 0.7387526765117113
0.6634862604794016 0.7427930805521153
0.6675266645198057 0.7427930805521153
0.6715670685602098 0.7427930805521153
0.6756074726006138 0.7427930805521153
0.6594458564389976 0.7468334845925194
0.6634862604794016 0.7468334845925194
0.6675266645198057 0.7468334845925194
0.6715670685602098 0.7468334845925194
0.6554054523985936 0.7508738886329235
0.6594458564389976 0.7508738886329235
0.6634862604794016 0.7508738886329235
0.6675266645198057 0.7508738886329235
0.6513650483581895 0.7549142926733274
0.6554054523985936 0.7549142926733274
0.6594458564389976 0.7549142926733274
0.6473246443177856 0.7589546967137315
0.6513650483581895 0.7589546967137315
0.6554054523985936 0.7589546967137315
0.6392438362369774 0.7629951007541356
0.6432842402773815 0.7629951007541356
0.6473246443177856 0.7629951007541356
0.6513650483581895 0.7629951007541356
0.6352034321965734 0.7670355047945396
0.6392438362369774 0.7670355047945396
0.6432842402773815 0.7670355047945396
0.6473246443177856 0.7670355047945396
0.6311630281561693 0.7710759088349436
0.6352034321965734 0.7710759088349436
0.6392438362369774 0.7710759088349436
0.6432842402773815 0.7710759088349436
0.6271226241157652 0.7751163128753477
0.6311630281561693 0.7751163128753477
0.6352034321965734 0.7751163128753477
0.6392438362369774 0.7751163128753477
0.6190418160349572 0.7791567169157517
0.6230822200753612 0.7791567169157517
0.6271226241157652 0.7791567169157517
0.6311630281561693 0.7791567169157517
0.6150014119945532 0.7831971209561558
0.6190418160349572 0.7831971209561558
0.6230822200753612 0.7831971209561558
0.6271226241157652 0.7831971209561558
0.6109610079541492 0.7872375249965597
0.6150014119945532 0.7872375249965597
0.6190418160349572 0.7872375249965597
0.6230822200753612 0.7872375249965597
0.6069206039137451 0.7912779290369638
0.6109610079541492 0.7912779290369638
0.6150014119945532 0.7912779290369638
0.6190418160349572 0.7912779290369638
0.598839795832937 0.7953183330773679
0.6028801998733411 0.7953183330773679
0.6069206039137451 0.7953183330773679
0.6109610079541492 0.7953183330773679
0.5947993917925329 0.799358737117772
0.598839795832937 0.799358737117772
0.6028801998733411 0.799358737117772
0.6069206039137451 0.799358737117772
0.5907589877521289 0.803399141158176
0.5947993917925329 0.803399141158176
0.598839795832937 0.803399141158176
0.6028801998733411 0.803399141158176
0.5826781796713209 0.80743954519858
0.5867185837117249 0.80743954519858
0.5907589877521289 0.80743954519858
0.5947993917925329 0.80743954519858
0.5786377756309169 0.811479949238984
0.5826781796713209 0.811479949238984
0.5867185837117249 0.811479949238984
0.5907589877521289 0.811479949238984
0.5705569675501088 0.8155203532793881
0.5745973715905128 0.8155203532793881
0.5786377756309169 0.8155203532793881
0.5826781796713209 0.8155203532793881
0.5867185837117249 0.8155203532793881
0.5665165635097047 0.819560757319792
0.5705569675501088 0.819560757319792
0.5745973715905128 0.819560757319792
0.5786377756309169 0.819560757319792
0.5584357554288966 0.8236011613601961
0.5624761594693006 0.8236011613601961
0.5665165635097047 0.8236011613601961
0.5705569675501088 0.8236011613601961
0.5745973715905128 0.8236011613601961
0.5543953513884925 0.8276415654006002
0.5584357554288966 0.8276415654006002
0.5624761594693006 0.8276415654006002
0.5665165635097047 0.8276415654006002
0.5463145433076845 0.8316819694410043
0.5503549473480885 0.8316819694410043
0.5543953513884925 0.8316819694410043
0.5584357554288966 0.8316819694410043
0.5624761594693006 0.8316819694410043
0.5422741392672805 0.8357223734814083
0.5463145433076845 0.8357223734814083
0.5503549473480885 0.8357223734814083
0.5543953513884925 0.8357223734814083
0.5341933311864724 0.8397627775218124
0.5382337352268765 0.8397627775218124
0.5422741392672805 0.8397627775218124
0.5463145433076845 0.8397627775218124
0.5503549473480885 0.8397627775218124
0.5301529271460683 0.8438031815622163
0.5341933311864724 0.8438031815622163
0.5382337352268765 0.8438031815622163
0.5422741392672805 0.8438031815622163
0.5220721190652602 0.8478435856026204
0.5261125231056643 0.8478435856026204
0.5301529271460683 0.8478435856026204
0.5341933311864724 0.8478435856026204
0.5382337352268765 0.8478435856026204
0.5139913109844522 0.8518839896430245
0.5180317150248562 0.8518839896430245
0.5220721190652602 0.8518839896430245
0.5261125231056643 0.8518839896430245
0.5301529271460683 0.8518839896430245
0.5099509069440481 0.8559243936834284
0.5139913109844522 0.8559243936834284
0.5180317150248562 0.8559243936834284
0.5220721190652602 0.8559243936834284
0.5261125231056643 0.8559243936834284
0.5018700988632401 0.8599647977238325
0.5059105029036441 0.8599647977238325
0.5099509069440481 0.8599647977238325
0.5139913109844522 0.8599647977238325
0.5180317150248562 0.8599647977238325
0.49378929078243194 0.8640052017642366
0.497829694822836 0.8640052017642366
0.5018700988632401 0.8640052017642366
0.5059105029036441 0.8640052017642366
0.5099509069440481 0.8640052017642366
0.48974888674202793 0.8680456058046406
0.49378929078243194 0.8680456058046406
0.497829694822836 0.8680456058046406
0.5018700988632401 0.8680456058046406
0.5059105029036441 0.8680456058046406
0.48166807866121986 0.8720860098450447
0.4857084827016239 0.8720860098450447
0.48974888674202793 0.8720860098450447
0.49378929078243194 0.8720860098450447
0.497829694822836 0.8720860098450447
0.4735872705804118 0.8761264138854487
0.4776276746208158 0.8761264138854487
0.48166807866121986 0.8761264138854487
0.4857084827016239 0.8761264138854487
0.48974888674202793 0.8761264138854487
0.4655064624996037 0.8801668179258527
0.46954686654000777 0.8801668179258527
0.4735872705804118 0.8801668179258527
0.4776276746208158 0.8801668179258527
0.48166807866121986 0.8801668179258527
0.45742565441879557 0.8842072219662568
0.46146605845919964 0.8842072219662568
0.4655064624996037 0.8842072219662568
0.46954686654000777 0.8842072219662568
0.4735872705804118 0.8842072219662568
0.44934484633798755 0.8882476260066607
0.45338525037839156 0.8882476260066607
0.45742565441879557 0.8882476260066607
0.46146605845919964 0.8882476260066607
0.4655064624996037 0.8882476260066607
0.46954686654000777 0.8882476260066607
0.4412640382571794 0.8922880300470648
0.4453044422975835 0.8922880300470648
0.44934484633798755 0.8922880300470648
0.45338525037839156 0.8922880300470648
0.45742565441879557 0.8922880300470648
0.46146605845919964 0.8922880300470648
0.4331832301763714 0.8963284340874689
0.4372236342167754 0.8963284340874689
0.4412640382571794 0.8963284340874689
0.4453044422975835 0.8963284340874689
0.44934484633798755 0.8963284340874689
0.45338525037839156 0.8963284340874689
0.42510242209556326 0.9003688381278729
0.4291428261359673 0.9003688381278729
0.4331832301763714 0.9003688381278729
0.4372236342167754 0.9003688381278729
0.4412640382571794 0.9003688381278729
0.4453044422975835 0.9003688381278729
0.41702161401475524 0.904409242168277
0.42106201805515925 0.904409242168277
0.42510242209556326 0.904409242168277
0.4291428261359673 0.904409242168277
0.4331832301763714 0.904409242168277
0.4372236342167754 0.904409242168277
0.4089408059339471 0.9084496462086811
0.41298120997435117 0.9084496462086811
0.41702161401475524 0.9084496462086811
0.42106201805515925 0.9084496462086811
0.42510242209556326 0.9084496462086811
0.4291428261359673 0.9084496462086811
0.396819593812735 0.912490050249085
0.400859997853139 0.912490050249085
0.4049004018935431 0.912490050249085
0.4089408059339471 0.912490050249085
0.41298120997435117 0.912490050249085
0.41702161401475524 0.912490050249085
0.38873878573192694 0.9165304542894891
0.39277918977233095 0.9165304542894891
0.396819593812735 0.9165304542894891
0.400859997853139 0.9165304542894891
0.4049004018935431 0.9165304542894891
0.4089408059339471 0.9165304542894891
0.38065797765111886 0.920570858329893
0.3846983816915229 0.920570858329893
0.38873878573192694 0.920570858329893
0.39277918977233095 0.920570858329893
0.396819593812735 0.920570858329893
0.400859997853139 0.920570858329893
0.3685367655299067 0.9246112623702971
0.37257716957031073 0.9246112623702971
0.3766175736107148 0.9246112623702971
0.38065797765111886 0.9246112623702971
0.3846983816915229 0.9246112623702971
0.38873878573192694 0.9246112623702971
0.39277918977233095 0.9246112623702971
0.36045595744909864 0.9286516664107012
0.3644963614895027 0.9286516664107012
0.3685367655299067 0.9286516664107012
0.37257716957031073 0.9286516664107012
0.3766175736107148 0.9286516664107012
0.38065797765111886 0.9286516664107012
0.34833474532788655 0.9326920704511052
0.35237514936829056 0.9326920704511052
0.3564155534086946 0.9326920704511052
0.36045595744909864 0.9326920704511052
0.3644963614895027 0.9326920704511052
0.3685367655299067 0.9326920704511052
0.37257716957031073 0.9326920704511052
0.3362135332066744 0.9367324744915093
0.3402539372470784 0.9367324744915093
0.3442943412874825 0.9367324744915093
0.34833474532788655 0.9367324744915093
0.35237514936829056 0.9367324744915093
0.3564155534086946 0.9367324744915093
0.36045595744909864 0.9367324744915093
0.32409232108546226 0.9407728785319134
0.32813272512586633 0.9407728785319134
0.33217312916627034 0.9407728785319134
0.3362135332066744 0.9407728785319134
0.3402539372470784 0.9407728785319134
0.3442943412874825 0.9407728785319134
0.34833474532788655 0.9407728785319134
0.35237514936829056 0.9407728785319134
0.3160115130046542 0.9448132825723174
0.3200519170450582 0.9448132825723174
0.32409232108546226 0.9448132825723174
0.32813272512586633 0.9448132825723174
0.33217312916627034 0.9448132825723174
0.3362135332066744 0.9448132825723174
0.3402539372470784 0.9448132825723174
0.29984989684303803 0.9488536866127214
0.30389030088344204 0.9488536866127214
0.3079307049238461 0.9488536866127214
0.3119711089642502 0.9488536866127214
0.3160115130046542 0.9488536866127214
0.3200519170450582 0.9488536866127214
0.32409232108546226 0.9488536866127214
0.32813272512586633 0.9488536866127214
0.29984989684303803 0.9528940906531255
0.30389030088344204 0.9528940906531255
0.3079307049238461 0.9528940906531255
0.3119711089642502 0.9528940906531255
0.3160115130046542 0.9528940906531255
0.29984989684303803 0.9569344946935294
0.30389030088344204 0.9569344946935294
