# x y
0.6999902996648133 0.7145102522692871
0.6959498956244092 0.7185506563096911
0.6919094915840052 0.7225910603500951
0.6878690875436011 0.7266314643904992
0.683828683503197 0.7306718684309033
0.6797882794627931 0.7347122724713073
0.675747875422389 0.7387526765117113
0.667667067341581 0.7427930805521153
0.671707471381985 0.7427930805521153
0.6636266633011769 0.7468334845925194
0.6595862592607729 0.7508738886329235
0.6555458552203688 0.7549142926733274
0.6515054511799647 0.7589546967137315
0.6474650471395608 0.7629951007541356
0.6434246430991567 0.7670355047945396
0.6353438350183487 0.7710759088349436
0.6313034309779446 0.7751163128753477
0.6272630269375405 0.7791567169157517
0.6232226228971365 0.7831971209561558
0.6151418148163283 0.7872375249965597
0.6111014107759244 0.7912779290369638
0.6070610067355203 0.7953183330773679
0.5989801986547123 0.799358737117772
0.6030206026951164 0.799358737117772
0.5949397946143082 0.803399141158176
0.5908993905739042 0.80743954519858
0.582818582493096 0.811479949238984
0.5868589865335001 0.811479949238984
0.5787781784526921 0.8155203532793881
0.5706973703718841 0.819560757319792
0.574737774412288 0.819560757319792
0.56665696633148 0.8236011613601961
0.5626165622910759 0.8276415654006002
0.5545357542102678 0.8316819694410043
0.5504953501698637 0.8357223734814083
0.5424145420890557 0.8397627775218124
0.5343337340082477 0.8438031815622163
0.5383741380486516 0.8438031815622163
0.5302933299678436 0.8478435856026204
0.5222125218870355 0.8518839896430245
0.5262529259274396 0.8518839896430245
0.5181721178466314 0.8559243936834284
0.5100913097658234 0.8599647977238325
0.5020105016850153 0.8640052017642366
0.5060509057254193 0.8640052017642366
0.49392969360420724 0.8680456058046406
0.49797009764461125 0.8680456058046406
0.4898892895638032 0.8720860098450447
0.4818084814829951 0.8761264138854487
0.473727673402187 0.8801668179258527
0.4777680774425911 0.8801668179258527
0.46564686532137894 0.8842072219662568
0.46968726936178296 0.8842072219662568
0.45756605724057087 0.8882476260066607
0.4616064612809749 0.8882476260066607
0.44948524915976273 0.8922880300470648
0.4535256532001668 0.8922880300470648
0.4414044410789547 0.8963284340874689
0.4454448451193587 0.8963284340874689
0.4333236329981466 0.9003688381278729
0.43736403703855065 0.9003688381278729
0.42524282491733856 0.904409242168277
0.42928322895774257 0.904409242168277
0.4171620168365304 0.9084496462086811
0.4212024208769345 0.9084496462086811
0.40908120875572235 0.912490050249085
0.39695999663451026 0.9165304542894891
0.40100040067491427 0.9165304542894891
0.3888791885537022 0.920570858329893
0.3929195925941062 0.920570858329893
0.38079838047289405 0.9246112623702971
0.3848387845132981 0.9246112623702971
0.36867716835168196 0.9286516664107012
0.372717572392086 0.9286516664107012
0.3605963602708739 0.9326920704511052
0.3646367643112779 0.9326920704511052
0.34847514814966174 0.9367324744915093
0.3525155521900658 0.9367324744915093
0.33635393602844965 0.9407728785319134
0.34039434006885366 0.9407728785319134
0.3242327239072375 0.9448132825723174
0.3282731279476416 0.9448132825723174
0.3323135319880456 0.9448132825723174
0.31211151178602536 0.9488536866127214
0.31615191582642943 0.9488536866127214
0.3201923198668335 0.9488536866127214
0.2999902996648133 0.9528940906531255
0.30403070370521734 0.9528940906531255
0.30807110774562135 0.9528940906531255
