# x y
0.6985756208694156 0.698348636107671
0.6904948127886075 0.702389040148075
0.6945352168290115 0.702389040148075
0.6985756208694156 0.702389040148075
0.6904948127886075 0.706429444188479
0.6945352168290115 0.706429444188479
0.6985756208694156 0.706429444188479
0.6824140047077993 0.710469848228883
0.6864544087482034 0.710469848228883
0.6904948127886075 0.710469848228883
0.6945352168290115 0.710469848228883
0.6985756208694156 0.710469848228883
0.6783736006673954 0.7145102522692871
0.6824140047077993 0.7145102522692871
0.6864544087482034 0.7145102522692871
0.6904948127886075 0.7145102522692871
0.6945352168290115 0.7145102522692871
0.6985756208694156 0.7145102522692871
0.6743331966269913 0.7185506563096911
0.6783736006673954 0.7185506563096911
0.6824140047077993 0.7185506563096911
0.6864544087482034 0.7185506563096911
0.6904948127886075 0.7185506563096911
0.6945352168290115 0.7185506563096911
0.6985756208694156 0.7185506563096911
0.6743331966269913 0.7225910603500951
0.6783736006673954 0.7225910603500951
0.6824140047077993 0.7225910603500951
0.6864544087482034 0.7225910603500951
0.6904948127886075 0.7225910603500951
0.6945352168290115 0.7225910603500951
0.6985756208694156 0.7225910603500951
0.6662523885461833 0.7266314643904992
0.6702927925865874 0.7266314643904992
0.6743331966269913 0.7266314643904992
0.6783736006673954 0.7266314643904992
0.6824140047077993 0.7266314643904992
0.6864544087482034 0.7266314643904992
0.6904948127886075 0.7266314643904992
0.6945352168290115 0.7266314643904992
0.6985756208694156 0.7266314643904992
0.6622119845057792 0.7306718684309033
0.6662523885461833 0.7306718684309033
0.6702927925865874 0.7306718684309033
0.6743331966269913 0.7306718684309033
0.6783736006673954 0.7306718684309033
0.6824140047077993 0.7306718684309033
0.6864544087482034 0.7306718684309033
0.6904948127886075 0.7306718684309033
0.6945352168290115 0.7306718684309033
0.6985756208694156 0.7306718684309033
0.6581715804653752 0.7347122724713073
0.6622119845057792 0.7347122724713073
0.6662523885461833 0.7347122724713073
0.6702927925865874 0.7347122724713073
0.6743331966269913 0.7347122724713073
0.6783736006673954 0.7347122724713073
0.6824140047077993 0.7347122724713073
0.6864544087482034 0.7347122724713073
0.6904948127886075 0.7347122724713073
0.6945352168290115 0.7347122724713073
0.6541311764249711 0.7387526765117113
0.6581715804653752 0.7387526765117113
0.6622119845057792 0.7387526765117113
0.6662523885461833 0.7387526765117113
0.6702927925865874 0.7387526765117113
0.6743331966269913 0.7387526765117113
0.6783736006673954 0.7387526765117113
0.6824140047077993 0.7387526765117113
0.6864544087482034 0.7387526765117113
0.6904948127886075 0.7387526765117113
0.650090772384567 0.7427930805521153
0.6541311764249711 0.7427930805521153
0.6581715804653752 0.7427930805521153
0.6622119845057792 0.7427930805521153
0.6662523885461833 0.7427930805521153
0.6702927925865874 0.7427930805521153
0.6743331966269913 0.7427930805521153
0.6783736006673954 0.7427930805521153
0.6824140047077993 0.7427930805521153
0.6864544087482034 0.7427930805521153
0.6904948127886075 0.7427930805521153
0.6460503683441631 0.7468334845925194
0.650090772384567 0.7468334845925194
0.6541311764249711 0.7468334845925194
0.6581715804653752 0.7468334845925194
0.6622119845057792 0.7468334845925194
0.6662523885461833 0.7468334845925194
0.6702927925865874 0.7468334845925194
0.6743331966269913 0.7468334845925194
0.6783736006673954 0.7468334845925194
0.6824140047077993 0.7468334845925194
0.637969560263355 0.7508738886329235
0.642009964303759 0.7508738886329235
0.6460503683441631 0.7508738886329235
0.650090772384567 0.7508738886329235
0.6541311764249711 0.7508738886329235
0.6581715804653752 0.7508738886329235
0.6622119845057792 0.7508738886329235
0.6662523885461833 0.7508738886329235
0.6702927925865874 0.7508738886329235
0.6743331966269913 0.7508738886329235
0.6783736006673954 0.7508738886329235
0.633929156222951 0.7549142926733274
0.637969560263355 0.7549142926733274
0.642009964303759 0.7549142926733274
0.6460503683441631 0.7549142926733274
0.650090772384567 0.7549142926733274
0.6541311764249711 0.7549142926733274
0.6581715804653752 0.7549142926733274
0.6622119845057792 0.7549142926733274
0.6662523885461833 0.7549142926733274
0.6702927925865874 0.7549142926733274
0.6743331966269913 0.7549142926733274
0.6298887521825469 0.7589546967137315
0.633929156222951 0.7589546967137315
0.637969560263355 0.7589546967137315
0.642009964303759 0.7589546967137315
0.6460503683441631 0.7589546967137315
0.650090772384567 0.7589546967137315
0.6541311764249711 0.7589546967137315
0.6581715804653752 0.7589546967137315
0.6622119845057792 0.7589546967137315
0.6662523885461833 0.7589546967137315
0.6258483481421429 0.7629951007541356
0.6298887521825469 0.7629951007541356
0.633929156222951 0.7629951007541356
0.637969560263355 0.7629951007541356
0.642009964303759 0.7629951007541356
0.6460503683441631 0.7629951007541356
0.650090772384567 0.7629951007541356
0.6541311764249711 0.7629951007541356
0.6581715804653752 0.7629951007541356
0.6622119845057792 0.7629951007541356
0.6662523885461833 0.7629951007541356
0.6177675400613347 0.7670355047945396
0.6218079441017388 0.7670355047945396
0.6258483481421429 0.7670355047945396
0.6298887521825469 0.7670355047945396
0.633929156222951 0.7670355047945396
0.637969560263355 0.7670355047945396
0.642009964303759 0.7670355047945396
0.6460503683441631 0.7670355047945396
0.650090772384567 0.7670355047945396
0.6541311764249711 0.7670355047945396
0.6581715804653752 0.7670355047945396
0.6622119845057792 0.7670355047945396
0.6137271360209307 0.7710759088349436
0.6177675400613347 0.7710759088349436
0.6218079441017388 0.7710759088349436
0.6258483481421429 0.7710759088349436
0.6298887521825469 0.7710759088349436
0.633929156222951 0.7710759088349436
0.637969560263355 0.7710759088349436
0.642009964303759 0.7710759088349436
0.6460503683441631 0.7710759088349436
0.650090772384567 0.7710759088349436
0.6541311764249711 0.7710759088349436
0.6096867319805267 0.7751163128753477
0.6137271360209307 0.7751163128753477
0.6177675400613347 0.7751163128753477
0.6218079441017388 0.7751163128753477
0.6258483481421429 0.7751163128753477
0.6298887521825469 0.7751163128753477
0.633929156222951 0.7751163128753477
0.637969560263355 0.7751163128753477
0.642009964303759 0.7751163128753477
0.6460503683441631 0.7751163128753477
0.650090772384567 0.7751163128753477
0.6056463279401226 0.7791567169157517
0.6096867319805267 0.7791567169157517
0.6137271360209307 0.7791567169157517
0.6177675400613347 0.7791567169157517
0.6218079441017388 0.7791567169157517
0.6258483481421429 0.7791567169157517
0.6298887521825469 0.7791567169157517
0.633929156222951 0.7791567169157517
0.637969560263355 0.7791567169157517
0.642009964303759 0.7791567169157517
0.6460503683441631 0.7791567169157517
0.5975655198593146 0.7831971209561558
0.6016059238997187 0.7831971209561558
0.6056463279401226 0.7831971209561558
0.6096867319805267 0.7831971209561558
0.6137271360209307 0.7831971209561558
0.6177675400613347 0.7831971209561558
0.6218079441017388 0.7831971209561558
0.6258483481421429 0.7831971209561558
0.6298887521825469 0.7831971209561558
0.633929156222951 0.7831971209561558
0.637969560263355 0.7831971209561558
0.5935251158189105 0.7872375249965597
0.5975655198593146 0.7872375249965597
0.6016059238997187 0.7872375249965597
0.6056463279401226 0.7872375249965597
0.6096867319805267 0.7872375249965597
0.6137271360209307 0.7872375249965597
0.6177675400613347 0.7872375249965597
0.6218079441017388 0.7872375249965597
0.6258483481421429 0.7872375249965597
0.6298887521825469 0.7872375249965597
0.633929156222951 0.7872375249965597
0.5894847117785065 0.7912779290369638
0.5935251158189105 0.7912779290369638
0.5975655198593146 0.7912779290369638
0.6016059238997187 0.7912779290369638
0.6056463279401226 0.7912779290369638
0.6096867319805267 0.7912779290369638
0.6137271360209307 0.7912779290369638
0.6177675400613347 0.7912779290369638
0.6218079441017388 0.7912779290369638
0.6258483481421429 0.7912779290369638
0.6298887521825469 0.7912779290369638
0.5814039036976983 0.7953183330773679
0.5854443077381024 0.7953183330773679
0.5894847117785065 0.7953183330773679
0.5935251158189105 0.7953183330773679
0.5975655198593146 0.7953183330773679
0.6016059238997187 0.7953183330773679
0.6056463279401226 0.7953183330773679
0.6096867319805267 0.7953183330773679
0.6137271360209307 0.7953183330773679
0.6177675400613347 0.7953183330773679
0.6218079441017388 0.7953183330773679
0.6258483481421429 0.7953183330773679
0.6298887521825469 0.7953183330773679
0.5773634996572944 0.799358737117772
0.5814039036976983 0.799358737117772
0.5854443077381024 0.799358737117772
0.5894847117785065 0.799358737117772
0.5935251158189105 0.799358737117772
0.5975655198593146 0.799358737117772
0.6016059238997187 0.799358737117772
0.6056463279401226 0.799358737117772
0.6096867319805267 0.799358737117772
0.6137271360209307 0.799358737117772
0.6177675400613347 0.799358737117772
0.5733230956168903 0.803399141158176
0.5773634996572944 0.803399141158176
0.5814039036976983 0.803399141158176
0.5854443077381024 0.803399141158176
0.5894847117785065 0.803399141158176
0.5935251158189105 0.803399141158176
0.5975655198593146 0.803399141158176
0.6016059238997187 0.803399141158176
0.6056463279401226 0.803399141158176
0.6096867319805267 0.803399141158176
0.6137271360209307 0.803399141158176
0.5692826915764864 0.80743954519858
0.5733230956168903 0.80743954519858
0.5773634996572944 0.80743954519858
0.5814039036976983 0.80743954519858
0.5854443077381024 0.80743954519858
0.5894847117785065 0.80743954519858
0.5935251158189105 0.80743954519858
0.5975655198593146 0.80743954519858
0.6016059238997187 0.80743954519858
0.6056463279401226 0.80743954519858
0.6096867319805267 0.80743954519858
0.5571614794552742 0.811479949238984
0.5612018834956782 0.811479949238984
0.5652422875360823 0.811479949238984
0.5692826915764864 0.811479949238984
0.5733230956168903 0.811479949238984
0.5773634996572944 0.811479949238984
0.5814039036976983 0.811479949238984
0.5854443077381024 0.811479949238984
0.5894847117785065 0.811479949238984
0.5935251158189105 0.811479949238984
0.5975655198593146 0.811479949238984
0.6016059238997187 0.811479949238984
0.5531210754148701 0.8155203532793881
0.5571614794552742 0.8155203532793881
0.5612018834956782 0.8155203532793881
0.5652422875360823 0.8155203532793881
0.5692826915764864 0.8155203532793881
0.5733230956168903 0.8155203532793881
0.5773634996572944 0.8155203532793881
0.5814039036976983 0.8155203532793881
0.5854443077381024 0.8155203532793881
0.5894847117785065 0.8155203532793881
0.5935251158189105 0.8155203532793881
0.5975655198593146 0.8155203532793881
0.6016059238997187 0.8155203532793881
0.549080671374466 0.819560757319792
0.5531210754148701 0.819560757319792
0.5571614794552742 0.819560757319792
0.5612018834956782 0.819560757319792
0.5652422875360823 0.819560757319792
0.5692826915764864 0.819560757319792
0.5733230956168903 0.819560757319792
0.5773634996572944 0.819560757319792
0.5814039036976983 0.819560757319792
0.5854443077381024 0.819560757319792
0.5894847117785065 0.819560757319792
0.5935251158189105 0.819560757319792
0.540999863293658 0.8236011613601961
0.5450402673340621 0.8236011613601961
0.549080671374466 0.8236011613601961
0.5531210754148701 0.8236011613601961
0.5571614794552742 0.8236011613601961
0.5612018834956782 0.8236011613601961
0.5652422875360823 0.8236011613601961
0.5692826915764864 0.8236011613601961
0.5733230956168903 0.8236011613601961
0.5773634996572944 0.8236011613601961
0.5814039036976983 0.8236011613601961
0.5854443077381024 0.8236011613601961
0.536959459253254 0.8276415654006002
0.540999863293658 0.8276415654006002
0.5450402673340621 0.8276415654006002
0.549080671374466 0.8276415654006002
0.5531210754148701 0.8276415654006002
0.5571614794552742 0.8276415654006002
0.5612018834956782 0.8276415654006002
0.5652422875360823 0.8276415654006002
0.5692826915764864 0.8276415654006002
0.5733230956168903 0.8276415654006002
0.5773634996572944 0.8276415654006002
0.5814039036976983 0.8276415654006002
0.5288786511724459 0.8316819694410043
0.53291905521285 0.8316819694410043
0.536959459253254 0.8316819694410043
0.540999863293658 0.8316819694410043
0.5450402673340621 0.8316819694410043
0.549080671374466 0.8316819694410043
0.5531210754148701 0.8316819694410043
0.5571614794552742 0.8316819694410043
0.5612018834956782 0.8316819694410043
0.5652422875360823 0.8316819694410043
0.5692826915764864 0.8316819694410043
0.5733230956168903 0.8316819694410043
0.5773634996572944 0.8316819694410043
0.5248382471320419 0.8357223734814083
0.5288786511724459 0.8357223734814083
0.53291905521285 0.8357223734814083
0.536959459253254 0.8357223734814083
0.540999863293658 0.8357223734814083
0.5450402673340621 0.8357223734814083
0.549080671374466 0.8357223734814083
0.5531210754148701 0.8357223734814083
0.5571614794552742 0.8357223734814083
0.5612018834956782 0.8357223734814083
0.5652422875360823 0.8357223734814083
0.5692826915764864 0.8357223734814083
0.5167574390512337 0.8397627775218124
0.5207978430916378 0.8397627775218124
0.5248382471320419 0.8397627775218124
0.5288786511724459 0.8397627775218124
0.53291905521285 0.8397627775218124
0.536959459253254 0.8397627775218124
0.540999863293658 0.8397627775218124
0.5450402673340621 0.8397627775218124
0.549080671374466 0.8397627775218124
0.5531210754148701 0.8397627775218124
0.5571614794552742 0.8397627775218124
0.5612018834956782 0.8397627775218124
0.5127170350108297 0.8438031815622163
0.5167574390512337 0.8438031815622163
0.5207978430916378 0.8438031815622163
0.5248382471320419 0.8438031815622163
0.5288786511724459 0.8438031815622163
0.53291905521285 0.8438031815622163
0.536959459253254 0.8438031815622163
0.540999863293658 0.8438031815622163
0.5450402673340621 0.8438031815622163
0.549080671374466 0.8438031815622163
0.5531210754148701 0.8438031815622163
0.5571614794552742 0.8438031815622163
0.5046362269300216 0.8478435856026204
0.5086766309704257 0.8478435856026204
0.5127170350108297 0.8478435856026204
0.5167574390512337 0.8478435856026204
0.5207978430916378 0.8478435856026204
0.5248382471320419 0.8478435856026204
0.5288786511724459 0.8478435856026204
0.53291905521285 0.8478435856026204
0.536959459253254 0.8478435856026204
0.540999863293658 0.8478435856026204
0.5450402673340621 0.8478435856026204
0.549080671374466 0.8478435856026204
0.5531210754148701 0.8478435856026204
0.49655541884921356 0.8518839896430245
0.5005958228896176 0.8518839896430245
0.5046362269300216 0.8518839896430245
0.5086766309704257 0.8518839896430245
0.5127170350108297 0.8518839896430245
0.5167574390512337 0.8518839896430245
0.5207978430916378 0.8518839896430245
0.5248382471320419 0.8518839896430245
0.5288786511724459 0.8518839896430245
0.53291905521285 0.8518839896430245
0.536959459253254 0.8518839896430245
0.540999863293658 0.8518839896430245
0.5450402673340621 0.8518839896430245
0.4884746107684055 0.8559243936834284
0.49251501480880955 0.8559243936834284
0.49655541884921356 0.8559243936834284
0.5005958228896176 0.8559243936834284
0.5046362269300216 0.8559243936834284
0.5086766309704257 0.8559243936834284
0.5127170350108297 0.8559243936834284
0.5167574390512337 0.8559243936834284
0.5207978430916378 0.8559243936834284
0.5248382471320419 0.8559243936834284
0.5288786511724459 0.8559243936834284
0.53291905521285 0.8559243936834284
0.536959459253254 0.8559243936834284
0.4803938026875974 0.8599647977238325
0.4844342067280014 0.8599647977238325
0.4884746107684055 0.8599647977238325
0.49251501480880955 0.8599647977238325
0.49655541884921356 0.8599647977238325
0.5005958228896176 0.8599647977238325
0.5046362269300216 0.8599647977238325
0.5086766309704257 0.8599647977238325
0.5127170350108297 0.8599647977238325
0.5167574390512337 0.8599647977238325
0.5207978430916378 0.8599647977238325
0.5248382471320419 0.8599647977238325
0.5288786511724459 0.8599647977238325
0.53291905521285 0.8599647977238325
0.4763533986471934 0.8640052017642366
0.4803938026875974 0.8640052017642366
0.4844342067280014 0.8640052017642366
0.4884746107684055 0.8640052017642366
0.49251501480880955 0.8640052017642366
0.49655541884921356 0.8640052017642366
0.5005958228896176 0.8640052017642366
0.5046362269300216 0.8640052017642366
0.5086766309704257 0.8640052017642366
0.5127170350108297 0.8640052017642366
0.5167574390512337 0.8640052017642366
0.5207978430916378 0.8640052017642366
0.5248382471320419 0.8640052017642366
0.5288786511724459 0.8640052017642366
0.46827259056638526 0.8680456058046406
0.4723129946067893 0.8680456058046406
0.4763533986471934 0.8680456058046406
0.4803938026875974 0.8680456058046406
0.4844342067280014 0.8680456058046406
0.4884746107684055 0.8680456058046406
0.49251501480880955 0.8680456058046406
0.49655541884921356 0.8680456058046406
0.5005958228896176 0.8680456058046406
0.5046362269300216 0.8680456058046406
0.5086766309704257 0.8680456058046406
0.5127170350108297 0.8680456058046406
0.5167574390512337 0.8680456058046406
0.5207978430916378 0.8680456058046406
0.4601917824855772 0.8720860098450447
0.46423218652598125 0.8720860098450447
0.46827259056638526 0.8720860098450447
0.4723129946067893 0.8720860098450447
0.4763533986471934 0.8720860098450447
0.4803938026875974 0.8720860098450447
0.4844342067280014 0.8720860098450447
0.4884746107684055 0.8720860098450447
0.49251501480880955 0.8720860098450447
0.49655541884921356 0.8720860098450447
0.5005958228896176 0.8720860098450447
0.5046362269300216 0.8720860098450447
0.5086766309704257 0.8720860098450447
0.5127170350108297 0.8720860098450447
0.44807057036436504 0.8761264138854487
0.4521109744047691 0.8761264138854487
0.4561513784451732 0.8761264138854487
0.4601917824855772 0.8761264138854487
0.46423218652598125 0.8761264138854487
0.46827259056638526 0.8761264138854487
0.4723129946067893 0.8761264138854487
0.4763533986471934 0.8761264138854487
0.4803938026875974 0.8761264138854487
0.4844342067280014 0.8761264138854487
0.4884746107684055 0.8761264138854487
0.49251501480880955 0.8761264138854487
0.49655541884921356 0.8761264138854487
0.5005958228896176 0.8761264138854487
0.5046362269300216 0.8761264138854487
0.44403016632396103 0.8801668179258527
0.44807057036436504 0.8801668179258527
0.4521109744047691 0.8801668179258527
0.4561513784451732 0.8801668179258527
0.4601917824855772 0.8801668179258527
0.46423218652598125 0.8801668179258527
0.46827259056638526 0.8801668179258527
0.4723129946067893 0.8801668179258527
0.4763533986471934 0.8801668179258527
0.4803938026875974 0.8801668179258527
0.4844342067280014 0.8801668179258527
0.4884746107684055 0.8801668179258527
0.49251501480880955 0.8801668179258527
0.49655541884921356 0.8801668179258527
0.5005958228896176 0.8801668179258527
0.43594935824315295 0.8842072219662568
0.439989762283557 0.8842072219662568
0.44403016632396103 0.8842072219662568
0.44807057036436504 0.8842072219662568
0.4521109744047691 0.8842072219662568
0.4561513784451732 0.8842072219662568
0.4601917824855772 0.8842072219662568
0.46423218652598125 0.8842072219662568
0.46827259056638526 0.8842072219662568
0.4723129946067893 0.8842072219662568
0.4763533986471934 0.8842072219662568
0.4803938026875974 0.8842072219662568
0.4844342067280014 0.8842072219662568
0.4884746107684055 0.8842072219662568
0.49251501480880955 0.8842072219662568
0.4278685501623449 0.8882476260066607
0.4319089542027489 0.8882476260066607
0.43594935824315295 0.8882476260066607
0.439989762283557 0.8882476260066607
0.44403016632396103 0.8882476260066607
0.44807057036436504 0.8882476260066607
0.4521109744047691 0.8882476260066607
0.4561513784451732 0.8882476260066607
0.4601917824855772 0.8882476260066607
0.46423218652598125 0.8882476260066607
0.46827259056638526 0.8882476260066607
0.4723129946067893 0.8882476260066607
0.4763533986471934 0.8882476260066607
0.4803938026875974 0.8882476260066607
0.4844342067280014 0.8882476260066607
0.42382814612194086 0.8922880300470648
0.4278685501623449 0.8922880300470648
0.4319089542027489 0.8922880300470648
0.43594935824315295 0.8922880300470648
0.439989762283557 0.8922880300470648
0.44403016632396103 0.8922880300470648
0.44807057036436504 0.8922880300470648
0.4521109744047691 0.8922880300470648
0.4561513784451732 0.8922880300470648
0.4601917824855772 0.8922880300470648
0.46423218652598125 0.8922880300470648
0.46827259056638526 0.8922880300470648
0.4723129946067893 0.8922880300470648
0.4763533986471934 0.8922880300470648
0.4117069340007287 0.8963284340874689
0.41574733804113273 0.8963284340874689
0.4197877420815368 0.8963284340874689
0.42382814612194086 0.8963284340874689
0.4278685501623449 0.8963284340874689
0.4319089542027489 0.8963284340874689
0.43594935824315295 0.8963284340874689
0.439989762283557 0.8963284340874689
0.44403016632396103 0.8963284340874689
0.44807057036436504 0.8963284340874689
0.4521109744047691 0.8963284340874689
0.4561513784451732 0.8963284340874689
0.4601917824855772 0.8963284340874689
0.46423218652598125 0.8963284340874689
0.46827259056638526 0.8963284340874689
0.40362612591992064 0.9003688381278729
0.40766652996032465 0.9003688381278729
0.4117069340007287 0.9003688381278729
0.41574733804113273 0.9003688381278729
0.4197877420815368 0.9003688381278729
0.42382814612194086 0.9003688381278729
0.4278685501623449 0.9003688381278729
0.4319089542027489 0.9003688381278729
0.43594935824315295 0.9003688381278729
0.439989762283557 0.9003688381278729
0.44403016632396103 0.9003688381278729
0.44807057036436504 0.9003688381278729
0.4521109744047691 0.9003688381278729
0.4561513784451732 0.9003688381278729
0.4601917824855772 0.9003688381278729
0.3874645097583045 0.904409242168277
0.3915049137987085 0.904409242168277
0.39554531783911256 0.904409242168277
0.3995857218795166 0.904409242168277
0.40362612591992064 0.904409242168277
0.40766652996032465 0.904409242168277
0.4117069340007287 0.904409242168277
0.41574733804113273 0.904409242168277
0.4197877420815368 0.904409242168277
0.42382814612194086 0.904409242168277
0.4278685501623449 0.904409242168277
0.4319089542027489 0.904409242168277
0.43594935824315295 0.904409242168277
0.439989762283557 0.904409242168277
0.44403016632396103 0.904409242168277
0.44807057036436504 0.904409242168277
0.4521109744047691 0.904409242168277
0.4561513784451732 0.904409242168277
0.3834241057179004 0.9084496462086811
0.3874645097583045 0.9084496462086811
0.3915049137987085 0.9084496462086811
0.39554531783911256 0.9084496462086811
0.3995857218795166 0.9084496462086811
0.40362612591992064 0.9084496462086811
0.40766652996032465 0.9084496462086811
0.4117069340007287 0.9084496462086811
0.41574733804113273 0.9084496462086811
0.4197877420815368 0.9084496462086811
0.42382814612194086 0.9084496462086811
0.4278685501623449 0.9084496462086811
0.4319089542027489 0.9084496462086811
0.43594935824315295 0.9084496462086811
0.439989762283557 0.9084496462086811
0.44403016632396103 0.9084496462086811
0.44807057036436504 0.9084496462086811
0.37130289359668833 0.912490050249085
0.37534329763709234 0.912490050249085
0.37938370167749635 0.912490050249085
0.3834241057179004 0.912490050249085
0.3874645097583045 0.912490050249085
0.3915049137987085 0.912490050249085
0.39554531783911256 0.912490050249085
0.3995857218795166 0.912490050249085
0.40362612591992064 0.912490050249085
0.40766652996032465 0.912490050249085
0.4117069340007287 0.912490050249085
0.41574733804113273 0.912490050249085
0.4197877420815368 0.912490050249085
0.42382814612194086 0.912490050249085
0.4278685501623449 0.912490050249085
0.4319089542027489 0.912490050249085
0.43594935824315295 0.912490050249085
0.439989762283557 0.912490050249085
0.3591816814754762 0.9165304542894891
0.3632220855158802 0.9165304542894891
0.36726248955628427 0.9165304542894891
0.37130289359668833 0.9165304542894891
0.37534329763709234 0.9165304542894891
0.37938370167749635 0.9165304542894891
0.3834241057179004 0.9165304542894891
0.3874645097583045 0.9165304542894891
0.3915049137987085 0.9165304542894891
0.39554531783911256 0.9165304542894891
0.3995857218795166 0.9165304542894891
0.40362612591992064 0.9165304542894891
0.40766652996032465 0.9165304542894891
0.4117069340007287 0.9165304542894891
0.41574733804113273 0.9165304542894891
0.4197877420815368 0.9165304542894891
0.42382814612194086 0.9165304542894891
0.4278685501623449 0.9165304542894891
0.3551412774350722 0.920570858329893
0.3591816814754762 0.920570858329893
0.3632220855158802 0.920570858329893
0.36726248955628427 0.920570858329893
0.37130289359668833 0.920570858329893
0.37534329763709234 0.920570858329893
0.37938370167749635 0.920570858329893
0.3834241057179004 0.920570858329893
0.3874645097583045 0.920570858329893
0.3915049137987085 0.920570858329893
0.39554531783911256 0.920570858329893
0.3995857218795166 0.920570858329893
0.40362612591992064 0.920570858329893
0.40766652996032465 0.920570858329893
0.4117069340007287 0.920570858329893
0.41574733804113273 0.920570858329893
0.4197877420815368 0.920570858329893
0.33897966127345597 0.9246112623702971
0.34302006531386003 0.9246112623702971
0.34706046935426405 0.9246112623702971
0.3511008733946681 0.9246112623702971
0.3551412774350722 0.9246112623702971
0.3591816814754762 0.9246112623702971
0.3632220855158802 0.9246112623702971
0.36726248955628427 0.9246112623702971
0.37130289359668833 0.9246112623702971
0.37534329763709234 0.9246112623702971
0.37938370167749635 0.9246112623702971
0.3834241057179004 0.9246112623702971
0.3874645097583045 0.9246112623702971
0.3915049137987085 0.9246112623702971
0.39554531783911256 0.9246112623702971
0.3995857218795166 0.9246112623702971
0.40362612591992064 0.9246112623702971
0.40766652996032465 0.9246112623702971
0.4117069340007287 0.9246112623702971
0.3308988531926479 0.9286516664107012
0.33493925723305196 0.9286516664107012
0.33897966127345597 0.9286516664107012
0.34302006531386003 0.9286516664107012
0.34706046935426405 0.9286516664107012
0.3511008733946681 0.9286516664107012
0.3551412774350722 0.9286516664107012
0.3591816814754762 0.9286516664107012
0.3632220855158802 0.9286516664107012
0.36726248955628427 0.9286516664107012
0.37130289359668833 0.9286516664107012
0.37534329763709234 0.9286516664107012
0.37938370167749635 0.9286516664107012
0.3834241057179004 0.9286516664107012
0.3874645097583045 0.9286516664107012
0.3915049137987085 0.9286516664107012
0.39554531783911256 0.9286516664107012
0.3995857218795166 0.9286516664107012
0.40362612591992064 0.9286516664107012
0.3187776410714358 0.9326920704511052
0.3228180451118398 0.9326920704511052
0.3268584491522439 0.9326920704511052
0.3308988531926479 0.9326920704511052
0.33493925723305196 0.9326920704511052
0.33897966127345597 0.9326920704511052
0.34302006531386003 0.9326920704511052
0.34706046935426405 0.9326920704511052
0.3511008733946681 0.9326920704511052
0.3551412774350722 0.9326920704511052
0.3591816814754762 0.9326920704511052
0.3632220855158802 0.9326920704511052
0.36726248955628427 0.9326920704511052
0.37130289359668833 0.9326920704511052
0.37534329763709234 0.9326920704511052
0.37938370167749635 0.9326920704511052
0.3834241057179004 0.9326920704511052
0.3874645097583045 0.9326920704511052
0.3915049137987085 0.9326920704511052
0.30665642895022366 0.9367324744915093
0.31069683299062767 0.9367324744915093
0.31473723703103174 0.9367324744915093
0.3187776410714358 0.9367324744915093
0.3228180451118398 0.9367324744915093
0.3268584491522439 0.9367324744915093
0.3308988531926479 0.9367324744915093
0.33493925723305196 0.9367324744915093
0.33897966127345597 0.9367324744915093
0.34302006531386003 0.9367324744915093
0.34706046935426405 0.9367324744915093
0.3511008733946681 0.9367324744915093
0.3551412774350722 0.9367324744915093
0.3591816814754762 0.9367324744915093
0.3632220855158802 0.9367324744915093
0.36726248955628427 0.9367324744915093
0.37130289359668833 0.9367324744915093
0.37534329763709234 0.9367324744915093
0.37938370167749635 0.9367324744915093
0.3834241057179004 0.9367324744915093
0.2985756208694156 0.9407728785319134
0.30261602490981965 0.9407728785319134
0.30665642895022366 0.9407728785319134
0.31069683299062767 0.9407728785319134
0.31473723703103174 0.9407728785319134
0.3187776410714358 0.9407728785319134
0.3228180451118398 0.9407728785319134
0.3268584491522439 0.9407728785319134
0.3308988531926479 0.9407728785319134
0.33493925723305196 0.9407728785319134
0.33897966127345597 0.9407728785319134
0.34302006531386003 0.9407728785319134
0.34706046935426405 0.9407728785319134
0.3511008733946681 0.9407728785319134
0.3551412774350722 0.9407728785319134
0.3591816814754762 0.9407728785319134
0.3632220855158802 0.9407728785319134
0.36726248955628427 0.9407728785319134
0.37130289359668833 0.9407728785319134
0.37534329763709234 0.9407728785319134
0.2985756208694156 0.9448132825723174
0.30261602490981965 0.9448132825723174
0.30665642895022366 0.9448132825723174
0.31069683299062767 0.9448132825723174
0.31473723703103174 0.9448132825723174
0.3187776410714358 0.9448132825723174
0.3228180451118398 0.9448132825723174
0.3268584491522439 0.9448132825723174
0.3308988531926479 0.9448132825723174
0.33493925723305196 0.9448132825723174
0.33897966127345597 0.9448132825723174
0.34302006531386003 0.9448132825723174
0.34706046935426405 0.9448132825723174
0.3511008733946681 0.9448132825723174
0.3551412774350722 0.9448132825723174
0.3591816814754762 0.9448132825723174
0.3632220855158802 0.9448132825723174
0.2985756208694156 0.9488536866127214
0.30261602490981965 0.9488536866127214
0.30665642895022366 0.9488536866127214
0.31069683299062767 0.9488536866127214
0.31473723703103174 0.9488536866127214
0.3187776410714358 0.9488536866127214
0.3228180451118398 0.9488536866127214
0.3268584491522439 0.9488536866127214
0.3308988531926479 0.9488536866127214
0.33493925723305196 0.9488536866127214
0.33897966127345597 0.9488536866127214
0.34302006531386003 0.9488536866127214
0.34706046935426405 0.9488536866127214
0.3511008733946681 0.9488536866127214
0.2985756208694156 0.9528940906531255
0.30261602490981965 0.9528940906531255
0.30665642895022366 0.9528940906531255
0.31069683299062767 0.9528940906531255
0.31473723703103174 0.9528940906531255
0.3187776410714358 0.9528940906531255
0.3228180451118398 0.9528940906531255
0.3268584491522439 0.9528940906531255
0.3308988531926479 0.9528940906531255
0.33493925723305196 0.9528940906531255
0.33897966127345597 0.9528940906531255
0.2985756208694156 0.9569344946935294
0.30261602490981965 0.9569344946935294
0.30665642895022366 0.9569344946935294
0.31069683299062767 0.9569344946935294
0.31473723703103174 0.9569344946935294
0.3187776410714358 0.9569344946935294
0.3228180451118398 0.9569344946935294
0.3268584491522439 0.9569344946935294
0.3308988531926479 0.9569344946935294
0.2985756208694156 0.9609748987339335
0.30261602490981965 0.9609748987339335
0.30665642895022366 0.9609748987339335
0.31069683299062767 0.9609748987339335
0.31473723703103174 0.9609748987339335
0.3187776410714358 0.9609748987339335
0.2985756208694156 0.9650153027743376
0.30261602490981965 0.9650153027743376
0.30665642895022366 0.9650153027743376
