# x y
0.6999599909594026 0.7266314643904992
0.6959195869189986 0.7306718684309033
0.6918791828785946 0.7347122724713073
0.6474347384341501 0.7751163128753477
0.6353135263129379 0.7872375249965597
0.6151115061109178 0.803399141158176
0.5989498899493015 0.811479949238984
0.6110711020705137 0.819560757319792
0.5949094859088976 0.8316819694410043
0.5019801929796046 0.8801668179258527
0.45349534449475615 0.9003688381278729
0.44541453641394807 0.904409242168277
0.42117211217152384 0.9165304542894891
0.41713170813111977 0.9246112623702971
0.39288928388869554 0.9286516664107012
0.3686468596462713 0.9407728785319134
0.36460645560586724 0.9609748987339335
0.32016201116142284 0.9771365148955498
