# x y
0.6999747534124516 0.7145102522692871
0.6959343493720476 0.7185506563096911
0.6918939453316435 0.7225910603500951
0.6878535412912394 0.7266314643904992
0.6838131372508354 0.7306718684309033
0.6757323291700273 0.7347122724713073
0.6797727332104314 0.7347122724713073
0.6716919251296234 0.7387526765117113
0.6757323291700273 0.7387526765117113
0.6676515210892193 0.7427930805521153
0.6716919251296234 0.7427930805521153
0.6636111170488153 0.7468334845925194
0.6676515210892193 0.7468334845925194
0.6595707130084112 0.7508738886329235
0.6555303089680071 0.7549142926733274
0.6514899049276031 0.7589546967137315
0.643409096846795 0.7629951007541356
0.6474495008871991 0.7629951007541356
0.6393686928063911 0.7670355047945396
0.643409096846795 0.7670355047945396
0.635328288765987 0.7710759088349436
0.6393686928063911 0.7710759088349436
0.631287884725583 0.7751163128753477
0.6272474806851789 0.7791567169157517
0.6191666726043707 0.7831971209561558
0.6232070766447748 0.7831971209561558
0.6151262685639667 0.7872375249965597
0.6191666726043707 0.7872375249965597
0.6110858645235627 0.7912779290369638
0.6030050564427547 0.7953183330773679
0.6070454604831587 0.7953183330773679
0.5989646524023506 0.799358737117772
0.6030050564427547 0.799358737117772
0.5949242483619466 0.803399141158176
0.5868434402811384 0.80743954519858
0.5908838443215425 0.80743954519858
0.5828030362407344 0.811479949238984
0.5868434402811384 0.811479949238984
0.5787626322003304 0.8155203532793881
0.5706818241195224 0.819560757319792
0.5747222281599264 0.819560757319792
0.5666414200791183 0.8236011613601961
0.5706818241195224 0.8236011613601961
0.5585606119983102 0.8276415654006002
0.5626010160387143 0.8276415654006002
0.5545202079579061 0.8316819694410043
0.5585606119983102 0.8316819694410043
0.5464393998770981 0.8357223734814083
0.5504798039175021 0.8357223734814083
0.542398995836694 0.8397627775218124
0.5464393998770981 0.8397627775218124
0.534318187755886 0.8438031815622163
0.53835859179629 0.8438031815622163
0.530277783715482 0.8478435856026204
0.5221969756346738 0.8518839896430245
0.5262373796750779 0.8518839896430245
0.5141161675538657 0.8559243936834284
0.5181565715942698 0.8559243936834284
0.5100757635134617 0.8599647977238325
0.5141161675538657 0.8599647977238325
0.5019949554326536 0.8640052017642366
0.5060353594730577 0.8640052017642366
0.4939141473518456 0.8680456058046406
0.4979545513922496 0.8680456058046406
0.48583333927103745 0.8720860098450447
0.4898737433114415 0.8720860098450447
0.48179293523063343 0.8761264138854487
0.48583333927103745 0.8761264138854487
0.47371212714982536 0.8801668179258527
0.4777525311902294 0.8801668179258527
0.4656313190690173 0.8842072219662568
0.4696717231094213 0.8842072219662568
0.4575505109882092 0.8882476260066607
0.4615909150286132 0.8882476260066607
0.44946970290740107 0.8922880300470648
0.45351010694780514 0.8922880300470648
0.44138889482659305 0.8963284340874689
0.44542929886699706 0.8963284340874689
0.4333080867457849 0.9003688381278729
0.437348490786189 0.9003688381278729
0.4252272786649769 0.904409242168277
0.4292676827053809 0.904409242168277
0.41310606654376475 0.9084496462086811
0.41714647058416876 0.9084496462086811
0.4211868746245728 0.9084496462086811
0.40502525846295667 0.912490050249085
0.4090656625033607 0.912490050249085
0.41310606654376475 0.912490050249085
0.3969444503821486 0.9165304542894891
0.4009848544225526 0.9165304542894891
0.40502525846295667 0.9165304542894891
0.3888636423013405 0.920570858329893
0.39290404634174453 0.920570858329893
0.3767424301801284 0.9246112623702971
0.3807828342205324 0.9246112623702971
0.38482323826093645 0.9246112623702971
0.3686616220993203 0.9286516664107012
0.37270202613972436 0.9286516664107012
0.3565404099781082 0.9326920704511052
0.3605808140185122 0.9326920704511052
0.36462121805891623 0.9326920704511052
0.34441919785689606 0.9367324744915093
0.3484596018973001 0.9367324744915093
0.35250000593770414 0.9367324744915093
0.336338389776088 0.9407728785319134
0.340378793816492 0.9407728785319134
0.34441919785689606 0.9407728785319134
0.32421717765487584 0.9448132825723174
0.3282575816952799 0.9448132825723174
0.3322979857356839 0.9448132825723174
0.3120959655336637 0.9488536866127214
0.31613636957406777 0.9488536866127214
0.32017677361447183 0.9488536866127214
0.2999747534124516 0.9528940906531255
0.3040151574528557 0.9528940906531255
0.3080555614932597 0.9528940906531255
