# x y
0.6999832130639287 0.7145102522692871
0.6959428090235247 0.7185506563096911
0.6919024049831206 0.7225910603500951
0.6878620009427165 0.7266314643904992
0.6838215969023125 0.7306718684309033
0.6797811928619085 0.7347122724713073
0.6717003847811005 0.7387526765117113
0.6757407888215045 0.7387526765117113
0.6676599807406964 0.7427930805521153
0.6717003847811005 0.7427930805521153
0.6636195767002924 0.7468334845925194
0.6595791726598883 0.7508738886329235
0.6555387686194842 0.7549142926733274
0.6514983645790802 0.7589546967137315
0.6474579605386762 0.7629951007541356
0.6393771524578682 0.7670355047945396
0.6434175564982721 0.7670355047945396
0.6353367484174641 0.7710759088349436
0.6393771524578682 0.7710759088349436
0.6312963443770601 0.7751163128753477
0.627255940336656 0.7791567169157517
0.6191751322558479 0.7831971209561558
0.6232155362962519 0.7831971209561558
0.6151347282154438 0.7872375249965597
0.6191751322558479 0.7872375249965597
0.6110943241750398 0.7912779290369638
0.6070539201346358 0.7953183330773679
0.5989731120538277 0.799358737117772
0.6030135160942318 0.799358737117772
0.5949327080134237 0.803399141158176
0.5908923039730196 0.80743954519858
0.5828114958922115 0.811479949238984
0.5868518999326156 0.811479949238984
0.5787710918518075 0.8155203532793881
0.5706902837709995 0.819560757319792
0.5747306878114035 0.819560757319792
0.5666498797305954 0.8236011613601961
0.5585690716497873 0.8276415654006002
0.5626094756901914 0.8276415654006002
0.5545286676093832 0.8316819694410043
0.5464478595285752 0.8357223734814083
0.5504882635689792 0.8357223734814083
0.5424074554881712 0.8397627775218124
0.5343266474073631 0.8438031815622163
0.5383670514477671 0.8438031815622163
0.5302862433669591 0.8478435856026204
0.5222054352861509 0.8518839896430245
0.526245839326555 0.8518839896430245
0.5141246272053428 0.8559243936834284
0.5181650312457469 0.8559243936834284
0.5100842231649388 0.8599647977238325
0.5020034150841307 0.8640052017642366
0.5060438191245348 0.8640052017642366
0.4939226070033227 0.8680456058046406
0.4979630110437267 0.8680456058046406
0.4898822029629186 0.8720860098450447
0.48180139488211055 0.8761264138854487
0.47372058680130247 0.8801668179258527
0.47776099084170653 0.8801668179258527
0.4656397787204944 0.8842072219662568
0.4696801827608984 0.8842072219662568
0.4575589706396863 0.8882476260066607
0.4615993746800903 0.8882476260066607
0.4494781625588782 0.8922880300470648
0.45351856659928225 0.8922880300470648
0.44139735447807016 0.8963284340874689
0.44543775851847417 0.8963284340874689
0.433316546397262 0.9003688381278729
0.4373569504376661 0.9003688381278729
0.425235738316454 0.904409242168277
0.429276142356858 0.904409242168277
0.41715493023564587 0.9084496462086811
0.42119533427604994 0.9084496462086811
0.4050337181144338 0.912490050249085
0.4090741221548378 0.912490050249085
0.41311452619524186 0.912490050249085
0.3969529100336257 0.9165304542894891
0.4009933140740297 0.9165304542894891
0.38887210195281763 0.920570858329893
0.39291250599322164 0.920570858329893
0.3767508898316055 0.9246112623702971
0.3807912938720095 0.9246112623702971
0.38483169791241356 0.9246112623702971
0.3686700817507974 0.9286516664107012
0.3727104857912015 0.9286516664107012
0.3565488696295853 0.9326920704511052
0.36058927366998933 0.9326920704511052
0.36462967771039334 0.9326920704511052
0.3484680615487772 0.9367324744915093
0.35250846558918125 0.9367324744915093
0.3363468494275651 0.9407728785319134
0.3403872534679691 0.9407728785319134
0.32422563730635295 0.9448132825723174
0.328266041346757 0.9448132825723174
0.33230644538716103 0.9448132825723174
0.3121044251851408 0.9488536866127214
0.3161448292255449 0.9488536866127214
0.32018523326594894 0.9488536866127214
0.2999832130639287 0.9528940906531255
0.3040236171043328 0.9528940906531255
0.3080640211447368 0.9528940906531255
