# x y
0.6919024049831206 0.7306718684309033
0.6878620009427165 0.7347122724713073
0.6393771524578682 0.7791567169157517
0.6595791726598883 0.7791567169157517
0.5989731120538277 0.8155203532793881
0.5949327080134237 0.8316819694410043
0.5585690716497873 0.8397627775218124
0.5585690716497873 0.8438031815622163
0.5464478595285752 0.8478435856026204
0.5302862433669591 0.8559243936834284
0.5545286676093832 0.8599647977238325
0.5424074554881712 0.8680456058046406
0.5302862433669591 0.8761264138854487
0.4939226070033227 0.8801668179258527
0.4656397787204944 0.8922880300470648
0.41715493023564587 0.9165304542894891
0.3969529100336257 0.9286516664107012
0.3363468494275651 0.9488536866127214
0.3161448292255449 0.9650153027743376
0.3040236171043328 0.9690557068147416
