# x y
0.6676485095216567 0.7549142926733274
0.6434060852792325 0.7791567169157517
0.6595677014408485 0.7791567169157517
0.6312848731580203 0.803399141158176
0.598961640834788 0.811479949238984
0.598961640834788 0.8155203532793881
0.6110828529560002 0.819560757319792
0.5949212367943839 0.8316819694410043
0.5383555802287274 0.8518839896430245
0.5060323479054951 0.8720860098450447
0.4939111357842829 0.8801668179258527
0.501991943865091 0.8801668179258527
0.47774951962266676 0.8882476260066607
0.4656283075014547 0.9003688381278729
0.4898707317438789 0.9003688381278729
0.3605778024509496 0.9488536866127214
