# x y
0.6999475450388445 0.710469848228883
0.6959071409984404 0.7145102522692871
0.6999475450388445 0.7145102522692871
0.6918667369580365 0.7185506563096911
0.6959071409984404 0.7185506563096911
0.6878263329176324 0.7225910603500951
0.6918667369580365 0.7225910603500951
0.6837859288772283 0.7266314643904992
0.6878263329176324 0.7266314643904992
0.6797455248368243 0.7306718684309033
0.6837859288772283 0.7306718684309033
0.6757051207964202 0.7347122724713073
0.6797455248368243 0.7347122724713073
0.6716647167560161 0.7387526765117113
0.6757051207964202 0.7387526765117113
0.6676243127156121 0.7427930805521153
0.6716647167560161 0.7427930805521153
0.6635839086752081 0.7468334845925194
0.6676243127156121 0.7468334845925194
0.659543504634804 0.7508738886329235
0.6635839086752081 0.7508738886329235
0.651462696553996 0.7549142926733274
0.6555031005944001 0.7549142926733274
0.659543504634804 0.7549142926733274
0.647422292513592 0.7589546967137315
0.651462696553996 0.7589546967137315
0.6433818884731879 0.7629951007541356
0.647422292513592 0.7629951007541356
0.6393414844327838 0.7670355047945396
0.6433818884731879 0.7670355047945396
0.6353010803923798 0.7710759088349436
0.6393414844327838 0.7710759088349436
0.6272202723115717 0.7751163128753477
0.6312606763519758 0.7751163128753477
0.6353010803923798 0.7751163128753477
0.6231798682711677 0.7791567169157517
0.6272202723115717 0.7791567169157517
0.6312606763519758 0.7791567169157517
0.6191394642307637 0.7831971209561558
0.6231798682711677 0.7831971209561558
0.6150990601903596 0.7872375249965597
0.6191394642307637 0.7872375249965597
0.6070182521095515 0.7912779290369638
0.6110586561499556 0.7912779290369638
0.6150990601903596 0.7912779290369638
0.6029778480691474 0.7953183330773679
0.6070182521095515 0.7953183330773679
0.5989374440287434 0.799358737117772
0.6029778480691474 0.799358737117772
0.5908566359479354 0.803399141158176
0.5948970399883394 0.803399141158176
0.5989374440287434 0.803399141158176
0.5868162319075314 0.80743954519858
0.5908566359479354 0.80743954519858
0.5827758278671273 0.811479949238984
0.5868162319075314 0.811479949238984
0.5746950197863192 0.8155203532793881
0.5787354238267233 0.8155203532793881
0.5827758278671273 0.8155203532793881
0.5706546157459151 0.819560757319792
0.5746950197863192 0.819560757319792
0.5625738076651071 0.8236011613601961
0.5666142117055111 0.8236011613601961
0.5706546157459151 0.8236011613601961
0.558533403624703 0.8276415654006002
0.5625738076651071 0.8276415654006002
0.550452595543895 0.8316819694410043
0.554492999584299 0.8316819694410043
0.558533403624703 0.8316819694410043
0.546412191503491 0.8357223734814083
0.550452595543895 0.8357223734814083
0.5383313834226828 0.8397627775218124
0.5423717874630869 0.8397627775218124
0.546412191503491 0.8397627775218124
0.5342909793822788 0.8438031815622163
0.5383313834226828 0.8438031815622163
0.5262101713014707 0.8478435856026204
0.5302505753418748 0.8478435856026204
0.5342909793822788 0.8478435856026204
0.5181293632206626 0.8518839896430245
0.5221697672610667 0.8518839896430245
0.5262101713014707 0.8518839896430245
0.5140889591802587 0.8559243936834284
0.5181293632206626 0.8559243936834284
0.5221697672610667 0.8559243936834284
0.5060081510994505 0.8599647977238325
0.5100485551398546 0.8599647977238325
0.5140889591802587 0.8599647977238325
0.49792734301864244 0.8640052017642366
0.5019677470590465 0.8640052017642366
0.5060081510994505 0.8640052017642366
0.49388693897823843 0.8680456058046406
0.49792734301864244 0.8680456058046406
0.5019677470590465 0.8680456058046406
0.4858061308974303 0.8720860098450447
0.48984653493783437 0.8720860098450447
0.49388693897823843 0.8720860098450447
0.4777253228166223 0.8761264138854487
0.4817657268570263 0.8761264138854487
0.4858061308974303 0.8761264138854487
0.46964451473581414 0.8801668179258527
0.4736849187762182 0.8801668179258527
0.4777253228166223 0.8801668179258527
0.46156370665500607 0.8842072219662568
0.46560411069541013 0.8842072219662568
0.46964451473581414 0.8842072219662568
0.453482898574198 0.8882476260066607
0.45752330261460206 0.8882476260066607
0.46156370665500607 0.8882476260066607
0.46560411069541013 0.8882476260066607
0.4454020904933899 0.8922880300470648
0.4494424945337939 0.8922880300470648
0.453482898574198 0.8922880300470648
0.45752330261460206 0.8922880300470648
0.43732128241258184 0.8963284340874689
0.4413616864529859 0.8963284340874689
0.4454020904933899 0.8963284340874689
0.4494424945337939 0.8963284340874689
0.42924047433177376 0.9003688381278729
0.43328087837217777 0.9003688381278729
0.43732128241258184 0.9003688381278729
0.4413616864529859 0.9003688381278729
0.4211596662509657 0.904409242168277
0.42520007029136975 0.904409242168277
0.42924047433177376 0.904409242168277
0.43328087837217777 0.904409242168277
0.4130788581701576 0.9084496462086811
0.4171192622105616 0.9084496462086811
0.4211596662509657 0.9084496462086811
0.4049980500893495 0.912490050249085
0.40903845412975354 0.912490050249085
0.4130788581701576 0.912490050249085
0.3928768379681374 0.9165304542894891
0.39691724200854145 0.9165304542894891
0.40095764604894546 0.9165304542894891
0.4049980500893495 0.9165304542894891
0.3847960298873293 0.920570858329893
0.38883643392773337 0.920570858329893
0.3928768379681374 0.920570858329893
0.39691724200854145 0.920570858329893
0.3767152218065212 0.9246112623702971
0.38075562584692524 0.9246112623702971
0.3847960298873293 0.9246112623702971
0.3645940096853091 0.9286516664107012
0.36863441372571315 0.9286516664107012
0.3726748177661172 0.9286516664107012
0.3767152218065212 0.9286516664107012
0.352472797564097 0.9326920704511052
0.35651320160450106 0.9326920704511052
0.3605536056449051 0.9326920704511052
0.3645940096853091 0.9326920704511052
0.3443919894832889 0.9367324744915093
0.34843239352369293 0.9367324744915093
0.352472797564097 0.9367324744915093
0.35651320160450106 0.9367324744915093
0.3322707773620768 0.9407728785319134
0.33631118140248084 0.9407728785319134
0.34035158544288485 0.9407728785319134
0.3443919894832889 0.9407728785319134
0.3201495652408647 0.9448132825723174
0.3241899692812687 0.9448132825723174
0.32823037332167276 0.9448132825723174
0.3322707773620768 0.9448132825723174
0.30802835311965254 0.9488536866127214
0.31206875716005655 0.9488536866127214
0.3161091612004606 0.9488536866127214
0.3201495652408647 0.9488536866127214
0.3241899692812687 0.9488536866127214
0.29994754503884447 0.9528940906531255
0.30398794907924853 0.9528940906531255
0.30802835311965254 0.9528940906531255
0.31206875716005655 0.9528940906531255
0.29994754503884447 0.9569344946935294
