# x y
0.679770764770059 0.7468334845925194
0.6676495526488468 0.7549142926733274
0.6595687445680388 0.7791567169157517
0.6312859162852106 0.803399141158176
0.5989626839619782 0.811479949238984
0.5989626839619782 0.8155203532793881
0.6110838960831904 0.819560757319792
0.5383566233559176 0.8518839896430245
0.5060333910326853 0.8720860098450447
0.5019929869922812 0.8801668179258527
0.47775056274985706 0.8882476260066607
0.4656293506286449 0.9003688381278729
0.48987177487106914 0.9003688381278729
0.48179096679026107 0.904409242168277
0.3484576334569277 0.9448132825723174
0.36057884557813985 0.9488536866127214
