# x y
0.6999656175561206 0.7145102522692871
0.6959252135157166 0.7185506563096911
0.6918848094753126 0.7225910603500951
0.6838040013945045 0.7266314643904992
0.6878444054349085 0.7266314643904992
0.6797635973541005 0.7306718684309033
0.6838040013945045 0.7306718684309033
0.6757231933136965 0.7347122724713073
0.6797635973541005 0.7347122724713073
0.6716827892732924 0.7387526765117113
0.6757231933136965 0.7387526765117113
0.6676423852328883 0.7427930805521153
0.6716827892732924 0.7427930805521153
0.6636019811924843 0.7468334845925194
0.6676423852328883 0.7468334845925194
0.6595615771520802 0.7508738886329235
0.6636019811924843 0.7508738886329235
0.6555211731116762 0.7549142926733274
0.6514807690712722 0.7589546967137315
0.6433999609904641 0.7629951007541356
0.6474403650308682 0.7629951007541356
0.6393595569500601 0.7670355047945396
0.6433999609904641 0.7670355047945396
0.635319152909656 0.7710759088349436
0.6393595569500601 0.7710759088349436
0.631278748869252 0.7751163128753477
0.635319152909656 0.7751163128753477
0.6231979407884438 0.7791567169157517
0.6272383448288479 0.7791567169157517
0.6191575367480399 0.7831971209561558
0.6231979407884438 0.7831971209561558
0.6151171327076358 0.7872375249965597
0.6191575367480399 0.7872375249965597
0.6110767286672318 0.7912779290369638
0.6151171327076358 0.7912779290369638
0.6029959205864237 0.7953183330773679
0.6070363246268278 0.7953183330773679
0.5989555165460196 0.799358737117772
0.6029959205864237 0.799358737117772
0.5949151125056156 0.803399141158176
0.5989555165460196 0.803399141158176
0.5868343044248076 0.80743954519858
0.5908747084652115 0.80743954519858
0.5827939003844035 0.811479949238984
0.5868343044248076 0.811479949238984
0.5747130923035955 0.8155203532793881
0.5787534963439995 0.8155203532793881
0.5827939003844035 0.8155203532793881
0.5706726882631914 0.819560757319792
0.5747130923035955 0.819560757319792
0.5666322842227873 0.8236011613601961
0.5706726882631914 0.8236011613601961
0.5585514761419792 0.8276415654006002
0.5625918801823833 0.8276415654006002
0.5545110721015751 0.8316819694410043
0.5585514761419792 0.8316819694410043
0.5464302640207671 0.8357223734814083
0.5504706680611712 0.8357223734814083
0.5423898599803632 0.8397627775218124
0.5464302640207671 0.8397627775218124
0.534309051899555 0.8438031815622163
0.5383494559399591 0.8438031815622163
0.5262282438187469 0.8478435856026204
0.530268647859151 0.8478435856026204
0.534309051899555 0.8478435856026204
0.5221878397783428 0.8518839896430245
0.5262282438187469 0.8518839896430245
0.5141070316975348 0.8559243936834284
0.5181474357379389 0.8559243936834284
0.5060262236167268 0.8599647977238325
0.5100666276571307 0.8599647977238325
0.5141070316975348 0.8599647977238325
0.5019858195763227 0.8640052017642366
0.5060262236167268 0.8640052017642366
0.4939050114955146 0.8680456058046406
0.49794541553591865 0.8680456058046406
0.48582420341470656 0.8720860098450447
0.48986460745511057 0.8720860098450447
0.4939050114955146 0.8720860098450447
0.4777433953338984 0.8761264138854487
0.4817837993743025 0.8761264138854487
0.48582420341470656 0.8761264138854487
0.4696625872530904 0.8801668179258527
0.4737029912934944 0.8801668179258527
0.4777433953338984 0.8801668179258527
0.46562218321268634 0.8842072219662568
0.4696625872530904 0.8842072219662568
0.4575413751318782 0.8882476260066607
0.46158177917228227 0.8882476260066607
0.4494605670510702 0.8922880300470648
0.4535009710914742 0.8922880300470648
0.44137975897026205 0.8963284340874689
0.4454201630106661 0.8963284340874689
0.433298950889454 0.9003688381278729
0.43733935492985804 0.9003688381278729
0.4211777387682419 0.904409242168277
0.4252181428086459 0.904409242168277
0.42925854684904996 0.904409242168277
0.4130969306874338 0.9084496462086811
0.41713733472783787 0.9084496462086811
0.4211777387682419 0.9084496462086811
0.40501612260662573 0.912490050249085
0.40905652664702974 0.912490050249085
0.4130969306874338 0.912490050249085
0.39693531452581765 0.9165304542894891
0.40097571856622166 0.9165304542894891
0.40501612260662573 0.9165304542894891
0.3848141024046055 0.920570858329893
0.3888545064450096 0.920570858329893
0.3928949104854136 0.920570858329893
0.37673329432379743 0.9246112623702971
0.3807736983642015 0.9246112623702971
0.3848141024046055 0.9246112623702971
0.36461208220258534 0.9286516664107012
0.36865248624298935 0.9286516664107012
0.37269289028339336 0.9286516664107012
0.37673329432379743 0.9286516664107012
0.3565312741217772 0.9326920704511052
0.3605716781621813 0.9326920704511052
0.36461208220258534 0.9326920704511052
0.3444100620005651 0.9367324744915093
0.3484504660409692 0.9367324744915093
0.3524908700813732 0.9367324744915093
0.3565312741217772 0.9367324744915093
0.332288849879353 0.9407728785319134
0.33632925391975704 0.9407728785319134
0.34036965796016105 0.9407728785319134
0.3444100620005651 0.9407728785319134
0.3242080417985449 0.9448132825723174
0.32824844583894897 0.9448132825723174
0.332288849879353 0.9448132825723174
0.3120868296773328 0.9488536866127214
0.3161272337177368 0.9488536866127214
0.32016763775814083 0.9488536866127214
0.29996561755612067 0.9528940906531255
0.3040060215965247 0.9528940906531255
0.30804642563692874 0.9528940906531255
