# x y
0.6595718286915734 0.7791567169157517
0.5989657680855127 0.8155203532793881
0.5747233438430885 0.8276415654006002
0.5626021317218765 0.8357223734814083
0.5181576872774319 0.8640052017642366
0.522198091317836 0.8680456058046406
0.5019960711158158 0.8801668179258527
0.46563243475217947 0.9003688381278729
0.4009859701057148 0.9246112623702971
0.3888647579845027 0.9286516664107012
0.37270314182288655 0.9367324744915093
0.3929051620249067 0.9488536866127214
0.34846071758046226 0.9528940906531255
0.3646223337420784 0.9609748987339335
0.31613748525722996 0.9650153027743376
0.30401627313601787 0.9690557068147416
0.3322991014188461 0.9730961108551457
