# x y
0.69998532627557 0.7145102522692871
0.6959449222351659 0.7185506563096911
0.691904518194762 0.7225910603500951
0.6878641141543579 0.7266314643904992
0.6838237101139538 0.7306718684309033
0.6797833060735499 0.7347122724713073
0.6717024979927417 0.7387526765117113
0.6757429020331458 0.7387526765117113
0.6676620939523377 0.7427930805521153
0.6717024979927417 0.7427930805521153
0.6636216899119336 0.7468334845925194
0.6595812858715295 0.7508738886329235
0.6555408818311256 0.7549142926733274
0.6515004777907215 0.7589546967137315
0.6474600737503176 0.7629951007541356
0.6393792656695094 0.7670355047945396
0.6434196697099135 0.7670355047945396
0.6353388616291054 0.7710759088349436
0.6312984575887013 0.7751163128753477
0.6272580535482972 0.7791567169157517
0.6232176495078932 0.7831971209561558
0.6151368414270851 0.7872375249965597
0.6191772454674892 0.7872375249965597
0.6110964373866812 0.7912779290369638
0.6070560333462771 0.7953183330773679
0.598975225265469 0.799358737117772
0.603015629305873 0.799358737117772
0.5949348212250649 0.803399141158176
0.5908944171846608 0.80743954519858
0.5828136091038528 0.811479949238984
0.5868540131442569 0.811479949238984
0.5787732050634489 0.8155203532793881
0.5706923969826407 0.819560757319792
0.5747328010230448 0.819560757319792
0.5666519929422367 0.8236011613601961
0.5585711848614285 0.8276415654006002
0.5626115889018326 0.8276415654006002
0.5545307808210245 0.8316819694410043
0.5464499727402164 0.8357223734814083
0.5504903767806205 0.8357223734814083
0.5424095686998125 0.8397627775218124
0.5343287606190044 0.8438031815622163
0.5383691646594084 0.8438031815622163
0.5302883565786003 0.8478435856026204
0.5222075484977922 0.8518839896430245
0.5262479525381962 0.8518839896430245
0.5141267404169841 0.8559243936834284
0.5181671444573882 0.8559243936834284
0.5100863363765801 0.8599647977238325
0.502005528295772 0.8640052017642366
0.5060459323361761 0.8640052017642366
0.4939247202149639 0.8680456058046406
0.497965124255368 0.8680456058046406
0.4898843161745599 0.8720860098450447
0.48180350809375183 0.8761264138854487
0.47372270001294375 0.8801668179258527
0.47776310405334776 0.8801668179258527
0.4656418919321357 0.8842072219662568
0.46968229597253974 0.8842072219662568
0.45756108385132754 0.8882476260066607
0.4616014878917316 0.8882476260066607
0.4494802757705195 0.8922880300470648
0.45352067981092353 0.8922880300470648
0.4413994676897114 0.8963284340874689
0.44543987173011546 0.8963284340874689
0.43331865960890337 0.9003688381278729
0.4373590636493074 0.9003688381278729
0.42523785152809523 0.904409242168277
0.4292782555684993 0.904409242168277
0.4171570434472872 0.9084496462086811
0.4211974474876912 0.9084496462086811
0.4090762353664791 0.912490050249085
0.41311663940688315 0.912490050249085
0.396955023245267 0.9165304542894891
0.400995427285671 0.9165304542894891
0.3888742151644589 0.920570858329893
0.3929146192048629 0.920570858329893
0.38079340708365084 0.9246112623702971
0.38483381112405485 0.9246112623702971
0.3686721949624387 0.9286516664107012
0.3727125990028427 0.9286516664107012
0.35655098284122655 0.9326920704511052
0.3605913868816306 0.9326920704511052
0.3646317909220347 0.9326920704511052
0.3484701747604185 0.9367324744915093
0.35251057880082254 0.9367324744915093
0.3363489626392064 0.9407728785319134
0.3403893666796104 0.9407728785319134
0.32422775051799424 0.9448132825723174
0.3282681545583983 0.9448132825723174
0.3323085585988023 0.9448132825723174
0.31210653839678215 0.9488536866127214
0.31614694243718616 0.9488536866127214
0.3201873464775902 0.9488536866127214
0.29998532627557 0.9528940906531255
0.304025730315974 0.9528940906531255
0.3080661343563781 0.9528940906531255
