# x y
0.6999681710851202 0.7145102522692871
0.6959277670447162 0.7185506563096911
0.6918873630043121 0.7225910603500951
0.683806554923504 0.7266314643904992
0.687846958963908 0.7266314643904992
0.6797661508830999 0.7306718684309033
0.683806554923504 0.7306718684309033
0.6757257468426958 0.7347122724713073
0.6797661508830999 0.7347122724713073
0.6716853428022919 0.7387526765117113
0.6757257468426958 0.7387526765117113
0.6676449387618878 0.7427930805521153
0.6716853428022919 0.7427930805521153
0.6636045347214838 0.7468334845925194
0.6676449387618878 0.7468334845925194
0.6595641306810798 0.7508738886329235
0.6636045347214838 0.7508738886329235
0.6555237266406757 0.7549142926733274
0.6514833226002716 0.7589546967137315
0.6434025145194635 0.7629951007541356
0.6474429185598676 0.7629951007541356
0.6393621104790596 0.7670355047945396
0.6434025145194635 0.7670355047945396
0.6353217064386555 0.7710759088349436
0.6393621104790596 0.7710759088349436
0.6312813023982515 0.7751163128753477
0.6353217064386555 0.7751163128753477
0.6232004943174434 0.7791567169157517
0.6272408983578475 0.7791567169157517
0.6191600902770393 0.7831971209561558
0.6232004943174434 0.7831971209561558
0.6151196862366353 0.7872375249965597
0.6191600902770393 0.7872375249965597
0.6110792821962312 0.7912779290369638
0.6151196862366353 0.7912779290369638
0.6029984741154232 0.7953183330773679
0.6070388781558271 0.7953183330773679
0.5989580700750191 0.799358737117772
0.6029984741154232 0.799358737117772
0.5949176660346152 0.803399141158176
0.5989580700750191 0.803399141158176
0.586836857953807 0.80743954519858
0.5908772619942111 0.80743954519858
0.582796453913403 0.811479949238984
0.586836857953807 0.811479949238984
0.5787560498729989 0.8155203532793881
0.5706752417921909 0.819560757319792
0.5747156458325948 0.819560757319792
0.5666348377517868 0.8236011613601961
0.5706752417921909 0.8236011613601961
0.5585540296709788 0.8276415654006002
0.5625944337113828 0.8276415654006002
0.5545136256305747 0.8316819694410043
0.5585540296709788 0.8316819694410043
0.5464328175497666 0.8357223734814083
0.5504732215901706 0.8357223734814083
0.5423924135093625 0.8397627775218124
0.5464328175497666 0.8397627775218124
0.5343116054285545 0.8438031815622163
0.5383520094689586 0.8438031815622163
0.5262307973477465 0.8478435856026204
0.5302712013881504 0.8478435856026204
0.5343116054285545 0.8478435856026204
0.5221903933073424 0.8518839896430245
0.5262307973477465 0.8518839896430245
0.5141095852265343 0.8559243936834284
0.5181499892669383 0.8559243936834284
0.5060287771457261 0.8599647977238325
0.5100691811861302 0.8599647977238325
0.5141095852265343 0.8599647977238325
0.5019883731053222 0.8640052017642366
0.5060287771457261 0.8640052017642366
0.49390756502451405 0.8680456058046406
0.4979479690649181 0.8680456058046406
0.48582675694370603 0.8720860098450447
0.48986716098411004 0.8720860098450447
0.49390756502451405 0.8720860098450447
0.4777459488628979 0.8761264138854487
0.48178635290330196 0.8761264138854487
0.48582675694370603 0.8761264138854487
0.4737055448224939 0.8801668179258527
0.4777459488628979 0.8801668179258527
0.4656247367416858 0.8842072219662568
0.4696651407820899 0.8842072219662568
0.4575439286608777 0.8882476260066607
0.46158433270128174 0.8882476260066607
0.44946312058006965 0.8922880300470648
0.45350352462047366 0.8922880300470648
0.4413823124992615 0.8963284340874689
0.4454227165396656 0.8963284340874689
0.4333015044184535 0.9003688381278729
0.4373419084588575 0.9003688381278729
0.42522069633764537 0.904409242168277
0.42926110037804943 0.904409242168277
0.4130994842164333 0.9084496462086811
0.41713988825683734 0.9084496462086811
0.42118029229724135 0.9084496462086811
0.4050186761356252 0.912490050249085
0.4090590801760292 0.912490050249085
0.4130994842164333 0.912490050249085
0.3969378680548171 0.9165304542894891
0.40097827209522113 0.9165304542894891
0.4050186761356252 0.9165304542894891
0.384816655933605 0.920570858329893
0.38885705997400904 0.920570858329893
0.39289746401441306 0.920570858329893
0.3767358478527969 0.9246112623702971
0.38077625189320097 0.9246112623702971
0.384816655933605 0.9246112623702971
0.3686550397719888 0.9286516664107012
0.37269544381239283 0.9286516664107012
0.3767358478527969 0.9286516664107012
0.3565338276507767 0.9326920704511052
0.36057423169118075 0.9326920704511052
0.3646146357315848 0.9326920704511052
0.3444126155295646 0.9367324744915093
0.34845301956996866 0.9367324744915093
0.35249342361037267 0.9367324744915093
0.33229140340835245 0.9407728785319134
0.3363318074487565 0.9407728785319134
0.3403722114891605 0.9407728785319134
0.3444126155295646 0.9407728785319134
0.32421059532754437 0.9448132825723174
0.32825099936794844 0.9448132825723174
0.33229140340835245 0.9448132825723174
0.3120893832063323 0.9488536866127214
0.3161297872467363 0.9488536866127214
0.3201701912871403 0.9488536866127214
0.29996817108512014 0.9528940906531255
0.30400857512552415 0.9528940906531255
0.3080489791659282 0.9528940906531255
