# x y
0.667658524887592 0.7549142926733274
0.6393756966047638 0.7791567169157517
0.659577716806784 0.7791567169157517
0.6232140804431476 0.7912779290369638
0.5989716562007233 0.8155203532793881
0.5949312521603194 0.8316819694410043
0.558567615796683 0.8397627775218124
0.5464464036754708 0.8478435856026204
0.5464464036754708 0.8518839896430245
0.5302847875138547 0.8559243936834284
0.5222039794330466 0.8680456058046406
0.5302847875138547 0.8761264138854487
0.4939211511502183 0.8801668179258527
0.5020019592310264 0.8801668179258527
0.4939211511502183 0.8842072219662568
0.5100827673118344 0.8882476260066607
0.43331509054415773 0.9084496462086811
0.4252342824633496 0.912490050249085
0.39695145418052136 0.9286516664107012
0.36866862589769306 0.9367324744915093
0.36462822185728905 0.9609748987339335
0.31614337337244053 0.9650153027743376
0.3040221612512284 0.9690557068147416
