# x y
0.6999649839564842 0.7145102522692871
0.6959245799160801 0.7185506563096911
0.6918841758756762 0.7225910603500951
0.6838033677948681 0.7266314643904992
0.6878437718352721 0.7266314643904992
0.679762963754464 0.7306718684309033
0.6838033677948681 0.7306718684309033
0.6757225597140599 0.7347122724713073
0.679762963754464 0.7347122724713073
0.6716821556736559 0.7387526765117113
0.6757225597140599 0.7387526765117113
0.6676417516332518 0.7427930805521153
0.6716821556736559 0.7427930805521153
0.6636013475928478 0.7468334845925194
0.6676417516332518 0.7468334845925194
0.6595609435524438 0.7508738886329235
0.6636013475928478 0.7508738886329235
0.6555205395120398 0.7549142926733274
0.6514801354716357 0.7589546967137315
0.6433993273908276 0.7629951007541356
0.6474397314312317 0.7629951007541356
0.6393589233504235 0.7670355047945396
0.6433993273908276 0.7670355047945396
0.6353185193100195 0.7710759088349436
0.6393589233504235 0.7710759088349436
0.6312781152696155 0.7751163128753477
0.6353185193100195 0.7751163128753477
0.6231973071888074 0.7791567169157517
0.6272377112292115 0.7791567169157517
0.6191569031484034 0.7831971209561558
0.6231973071888074 0.7831971209561558
0.6151164991079994 0.7872375249965597
0.6191569031484034 0.7872375249965597
0.6110760950675953 0.7912779290369638
0.6151164991079994 0.7912779290369638
0.6029952869867872 0.7953183330773679
0.6070356910271912 0.7953183330773679
0.5989548829463831 0.799358737117772
0.6029952869867872 0.799358737117772
0.5949144789059791 0.803399141158176
0.5989548829463831 0.803399141158176
0.5868336708251711 0.80743954519858
0.5908740748655751 0.80743954519858
0.5827932667847671 0.811479949238984
0.5868336708251711 0.811479949238984
0.5747124587039589 0.8155203532793881
0.578752862744363 0.8155203532793881
0.5827932667847671 0.8155203532793881
0.5706720546635549 0.819560757319792
0.5747124587039589 0.819560757319792
0.5666316506231508 0.8236011613601961
0.5706720546635549 0.8236011613601961
0.5585508425423428 0.8276415654006002
0.5625912465827468 0.8276415654006002
0.5545104385019387 0.8316819694410043
0.5585508425423428 0.8316819694410043
0.5464296304211307 0.8357223734814083
0.5504700344615348 0.8357223734814083
0.5423892263807266 0.8397627775218124
0.5464296304211307 0.8397627775218124
0.5343084182999185 0.8438031815622163
0.5383488223403226 0.8438031815622163
0.5262276102191105 0.8478435856026204
0.5302680142595145 0.8478435856026204
0.5343084182999185 0.8478435856026204
0.5221872061787064 0.8518839896430245
0.5262276102191105 0.8518839896430245
0.5141063980978984 0.8559243936834284
0.5181468021383023 0.8559243936834284
0.5060255900170902 0.8599647977238325
0.5100659940574943 0.8599647977238325
0.5141063980978984 0.8599647977238325
0.5019851859766862 0.8640052017642366
0.5060255900170902 0.8640052017642366
0.49390437789587815 0.8680456058046406
0.49794478193628217 0.8680456058046406
0.48582356981507 0.8720860098450447
0.4898639738554741 0.8720860098450447
0.49390437789587815 0.8720860098450447
0.477742761734262 0.8761264138854487
0.481783165774666 0.8761264138854487
0.48582356981507 0.8761264138854487
0.46966195365345387 0.8801668179258527
0.47370235769385793 0.8801668179258527
0.477742761734262 0.8801668179258527
0.46562154961304986 0.8842072219662568
0.46966195365345387 0.8842072219662568
0.4575407415322418 0.8882476260066607
0.4615811455726458 0.8882476260066607
0.44945993345143365 0.8922880300470648
0.4535003374918377 0.8922880300470648
0.4413791253706256 0.8963284340874689
0.44541952941102964 0.8963284340874689
0.4332983172898175 0.9003688381278729
0.43733872133022156 0.9003688381278729
0.4211771051686054 0.904409242168277
0.42521750920900947 0.904409242168277
0.4292579132494135 0.904409242168277
0.4130962970877973 0.9084496462086811
0.41713670112820134 0.9084496462086811
0.4211771051686054 0.9084496462086811
0.40501548900698925 0.912490050249085
0.40905589304739326 0.912490050249085
0.4130962970877973 0.912490050249085
0.39693468092618117 0.9165304542894891
0.4009750849665852 0.9165304542894891
0.40501548900698925 0.9165304542894891
0.384813468804969 0.920570858329893
0.3888538728453731 0.920570858329893
0.3928942768857771 0.920570858329893
0.37673266072416095 0.9246112623702971
0.38077306476456496 0.9246112623702971
0.384813468804969 0.9246112623702971
0.3646114486029488 0.9286516664107012
0.3686518526433529 0.9286516664107012
0.37269225668375694 0.9286516664107012
0.37673266072416095 0.9286516664107012
0.3565306405221408 0.9326920704511052
0.3605710445625448 0.9326920704511052
0.3646114486029488 0.9326920704511052
0.34440942840092864 0.9367324744915093
0.34844983244133265 0.9367324744915093
0.3524902364817367 0.9367324744915093
0.3565306405221408 0.9367324744915093
0.3322882162797165 0.9407728785319134
0.33632862032012056 0.9407728785319134
0.3403690243605246 0.9407728785319134
0.34440942840092864 0.9407728785319134
0.3242074081989084 0.9448132825723174
0.3282478122393125 0.9448132825723174
0.3322882162797165 0.9448132825723174
0.3120861960776963 0.9488536866127214
0.31612660011810034 0.9488536866127214
0.3201670041585044 0.9488536866127214
0.2999649839564842 0.9528940906531255
0.30400538799688825 0.9528940906531255
0.30804579203729227 0.9528940906531255
