# x y
0.6935096430371961 0.702389040148075
0.689469238996792 0.706429444188479
0.6935096430371961 0.706429444188479
0.685428834956388 0.710469848228883
0.689469238996792 0.710469848228883
0.6935096430371961 0.710469848228883
0.6813884309159839 0.7145102522692871
0.685428834956388 0.7145102522692871
0.689469238996792 0.7145102522692871
0.6935096430371961 0.7145102522692871
0.6773480268755798 0.7185506563096911
0.6813884309159839 0.7185506563096911
0.685428834956388 0.7185506563096911
0.689469238996792 0.7185506563096911
0.6935096430371961 0.7185506563096911
0.6692672187947718 0.7225910603500951
0.6733076228351759 0.7225910603500951
0.6773480268755798 0.7225910603500951
0.6813884309159839 0.7225910603500951
0.685428834956388 0.7225910603500951
0.689469238996792 0.7225910603500951
0.6935096430371961 0.7225910603500951
0.6652268147543678 0.7266314643904992
0.6692672187947718 0.7266314643904992
0.6733076228351759 0.7266314643904992
0.6773480268755798 0.7266314643904992
0.6813884309159839 0.7266314643904992
0.685428834956388 0.7266314643904992
0.689469238996792 0.7266314643904992
0.6935096430371961 0.7266314643904992
0.6611864107139638 0.7306718684309033
0.6652268147543678 0.7306718684309033
0.6692672187947718 0.7306718684309033
0.6733076228351759 0.7306718684309033
0.6773480268755798 0.7306718684309033
0.6813884309159839 0.7306718684309033
0.685428834956388 0.7306718684309033
0.689469238996792 0.7306718684309033
0.6935096430371961 0.7306718684309033
0.6571460066735597 0.7347122724713073
0.6611864107139638 0.7347122724713073
0.6652268147543678 0.7347122724713073
0.6692672187947718 0.7347122724713073
0.6733076228351759 0.7347122724713073
0.6773480268755798 0.7347122724713073
0.6813884309159839 0.7347122724713073
0.685428834956388 0.7347122724713073
0.689469238996792 0.7347122724713073
0.6531056026331556 0.7387526765117113
0.6571460066735597 0.7387526765117113
0.6611864107139638 0.7387526765117113
0.6652268147543678 0.7387526765117113
0.6692672187947718 0.7387526765117113
0.6733076228351759 0.7387526765117113
0.6773480268755798 0.7387526765117113
0.6813884309159839 0.7387526765117113
0.6490651985927516 0.7427930805521153
0.6531056026331556 0.7427930805521153
0.6571460066735597 0.7427930805521153
0.6611864107139638 0.7427930805521153
0.6652268147543678 0.7427930805521153
0.6692672187947718 0.7427930805521153
0.6733076228351759 0.7427930805521153
0.6773480268755798 0.7427930805521153
0.6409843905119436 0.7468334845925194
0.6450247945523475 0.7468334845925194
0.6490651985927516 0.7468334845925194
0.6531056026331556 0.7468334845925194
0.6571460066735597 0.7468334845925194
0.6611864107139638 0.7468334845925194
0.6652268147543678 0.7468334845925194
0.6692672187947718 0.7468334845925194
0.6733076228351759 0.7468334845925194
0.6369439864715395 0.7508738886329235
0.6409843905119436 0.7508738886329235
0.6450247945523475 0.7508738886329235
0.6490651985927516 0.7508738886329235
0.6531056026331556 0.7508738886329235
0.6571460066735597 0.7508738886329235
0.6611864107139638 0.7508738886329235
0.6652268147543678 0.7508738886329235
0.6692672187947718 0.7508738886329235
0.6329035824311355 0.7549142926733274
0.6369439864715395 0.7549142926733274
0.6409843905119436 0.7549142926733274
0.6450247945523475 0.7549142926733274
0.6490651985927516 0.7549142926733274
0.6531056026331556 0.7549142926733274
0.6571460066735597 0.7549142926733274
0.6611864107139638 0.7549142926733274
0.6652268147543678 0.7549142926733274
0.6288631783907315 0.7589546967137315
0.6329035824311355 0.7589546967137315
0.6369439864715395 0.7589546967137315
0.6409843905119436 0.7589546967137315
0.6450247945523475 0.7589546967137315
0.6490651985927516 0.7589546967137315
0.6531056026331556 0.7589546967137315
0.6571460066735597 0.7589546967137315
0.6611864107139638 0.7589546967137315
0.6207823703099233 0.7629951007541356
0.6248227743503274 0.7629951007541356
0.6288631783907315 0.7629951007541356
0.6329035824311355 0.7629951007541356
0.6369439864715395 0.7629951007541356
0.6409843905119436 0.7629951007541356
0.6450247945523475 0.7629951007541356
0.6490651985927516 0.7629951007541356
0.6531056026331556 0.7629951007541356
0.6571460066735597 0.7629951007541356
0.6167419662695193 0.7670355047945396
0.6207823703099233 0.7670355047945396
0.6248227743503274 0.7670355047945396
0.6288631783907315 0.7670355047945396
0.6329035824311355 0.7670355047945396
0.6369439864715395 0.7670355047945396
0.6409843905119436 0.7670355047945396
0.6450247945523475 0.7670355047945396
0.6490651985927516 0.7670355047945396
0.6531056026331556 0.7670355047945396
0.6127015622291152 0.7710759088349436
0.6167419662695193 0.7710759088349436
0.6207823703099233 0.7710759088349436
0.6248227743503274 0.7710759088349436
0.6288631783907315 0.7710759088349436
0.6329035824311355 0.7710759088349436
0.6369439864715395 0.7710759088349436
0.6409843905119436 0.7710759088349436
0.6450247945523475 0.7710759088349436
0.6490651985927516 0.7710759088349436
0.6046207541483072 0.7751163128753477
0.6086611581887111 0.7751163128753477
0.6127015622291152 0.7751163128753477
0.6167419662695193 0.7751163128753477
0.6207823703099233 0.7751163128753477
0.6248227743503274 0.7751163128753477
0.6288631783907315 0.7751163128753477
0.6329035824311355 0.7751163128753477
0.6369439864715395 0.7751163128753477
0.6409843905119436 0.7751163128753477
0.6450247945523475 0.7751163128753477
0.6005803501079031 0.7791567169157517
0.6046207541483072 0.7791567169157517
0.6086611581887111 0.7791567169157517
0.6127015622291152 0.7791567169157517
0.6167419662695193 0.7791567169157517
0.6207823703099233 0.7791567169157517
0.6248227743503274 0.7791567169157517
0.6288631783907315 0.7791567169157517
0.6329035824311355 0.7791567169157517
0.6369439864715395 0.7791567169157517
0.5965399460674992 0.7831971209561558
0.6005803501079031 0.7831971209561558
0.6046207541483072 0.7831971209561558
0.6086611581887111 0.7831971209561558
0.6127015622291152 0.7831971209561558
0.6167419662695193 0.7831971209561558
0.6207823703099233 0.7831971209561558
0.6248227743503274 0.7831971209561558
0.6288631783907315 0.7831971209561558
0.6329035824311355 0.7831971209561558
0.588459137986691 0.7872375249965597
0.5924995420270951 0.7872375249965597
0.5965399460674992 0.7872375249965597
0.6005803501079031 0.7872375249965597
0.6046207541483072 0.7872375249965597
0.6086611581887111 0.7872375249965597
0.6127015622291152 0.7872375249965597
0.6167419662695193 0.7872375249965597
0.6207823703099233 0.7872375249965597
0.6248227743503274 0.7872375249965597
0.6288631783907315 0.7872375249965597
0.584418733946287 0.7912779290369638
0.588459137986691 0.7912779290369638
0.5924995420270951 0.7912779290369638
0.5965399460674992 0.7912779290369638
0.6005803501079031 0.7912779290369638
0.6046207541483072 0.7912779290369638
0.6086611581887111 0.7912779290369638
0.6127015622291152 0.7912779290369638
0.6167419662695193 0.7912779290369638
0.6207823703099233 0.7912779290369638
0.6248227743503274 0.7912779290369638
0.5803783299058829 0.7953183330773679
0.584418733946287 0.7953183330773679
0.588459137986691 0.7953183330773679
0.5924995420270951 0.7953183330773679
0.5965399460674992 0.7953183330773679
0.6005803501079031 0.7953183330773679
0.6046207541483072 0.7953183330773679
0.6086611581887111 0.7953183330773679
0.6127015622291152 0.7953183330773679
0.6167419662695193 0.7953183330773679
0.6207823703099233 0.7953183330773679
0.5722975218250749 0.799358737117772
0.5763379258654788 0.799358737117772
0.5803783299058829 0.799358737117772
0.584418733946287 0.799358737117772
0.588459137986691 0.799358737117772
0.5924995420270951 0.799358737117772
0.5965399460674992 0.799358737117772
0.6005803501079031 0.799358737117772
0.6046207541483072 0.799358737117772
0.6086611581887111 0.799358737117772
0.6127015622291152 0.799358737117772
0.5682571177846708 0.803399141158176
0.5722975218250749 0.803399141158176
0.5763379258654788 0.803399141158176
0.5803783299058829 0.803399141158176
0.584418733946287 0.803399141158176
0.588459137986691 0.803399141158176
0.5924995420270951 0.803399141158176
0.5965399460674992 0.803399141158176
0.6005803501079031 0.803399141158176
0.6046207541483072 0.803399141158176
0.6086611581887111 0.803399141158176
0.5601763097038628 0.80743954519858
0.5642167137442669 0.80743954519858
0.5682571177846708 0.80743954519858
0.5722975218250749 0.80743954519858
0.5763379258654788 0.80743954519858
0.5803783299058829 0.80743954519858
0.584418733946287 0.80743954519858
0.588459137986691 0.80743954519858
0.5924995420270951 0.80743954519858
0.5965399460674992 0.80743954519858
0.6005803501079031 0.80743954519858
0.6046207541483072 0.80743954519858
0.5561359056634587 0.811479949238984
0.5601763097038628 0.811479949238984
0.5642167137442669 0.811479949238984
0.5682571177846708 0.811479949238984
0.5722975218250749 0.811479949238984
0.5763379258654788 0.811479949238984
0.5803783299058829 0.811479949238984
0.584418733946287 0.811479949238984
0.588459137986691 0.811479949238984
0.5924995420270951 0.811479949238984
0.5965399460674992 0.811479949238984
0.6005803501079031 0.811479949238984
0.5480550975826506 0.8155203532793881
0.5520955016230547 0.8155203532793881
0.5561359056634587 0.8155203532793881
0.5601763097038628 0.8155203532793881
0.5642167137442669 0.8155203532793881
0.5682571177846708 0.8155203532793881
0.5722975218250749 0.8155203532793881
0.5763379258654788 0.8155203532793881
0.5803783299058829 0.8155203532793881
0.584418733946287 0.8155203532793881
0.588459137986691 0.8155203532793881
0.5924995420270951 0.8155203532793881
0.5440146935422465 0.819560757319792
0.5480550975826506 0.819560757319792
0.5520955016230547 0.819560757319792
0.5561359056634587 0.819560757319792
0.5601763097038628 0.819560757319792
0.5642167137442669 0.819560757319792
0.5682571177846708 0.819560757319792
0.5722975218250749 0.819560757319792
0.5763379258654788 0.819560757319792
0.5803783299058829 0.819560757319792
0.584418733946287 0.819560757319792
0.588459137986691 0.819560757319792
0.5359338854614385 0.8236011613601961
0.5399742895018426 0.8236011613601961
0.5440146935422465 0.8236011613601961
0.5480550975826506 0.8236011613601961
0.5520955016230547 0.8236011613601961
0.5561359056634587 0.8236011613601961
0.5601763097038628 0.8236011613601961
0.5642167137442669 0.8236011613601961
0.5682571177846708 0.8236011613601961
0.5722975218250749 0.8236011613601961
0.5763379258654788 0.8236011613601961
0.5803783299058829 0.8236011613601961
0.584418733946287 0.8236011613601961
0.5278530773806305 0.8276415654006002
0.5318934814210344 0.8276415654006002
0.5359338854614385 0.8276415654006002
0.5399742895018426 0.8276415654006002
0.5440146935422465 0.8276415654006002
0.5480550975826506 0.8276415654006002
0.5520955016230547 0.8276415654006002
0.5561359056634587 0.8276415654006002
0.5601763097038628 0.8276415654006002
0.5642167137442669 0.8276415654006002
0.5682571177846708 0.8276415654006002
0.5722975218250749 0.8276415654006002
0.5763379258654788 0.8276415654006002
0.5238126733402264 0.8316819694410043
0.5278530773806305 0.8316819694410043
0.5318934814210344 0.8316819694410043
0.5359338854614385 0.8316819694410043
0.5399742895018426 0.8316819694410043
0.5440146935422465 0.8316819694410043
0.5480550975826506 0.8316819694410043
0.5520955016230547 0.8316819694410043
0.5561359056634587 0.8316819694410043
0.5601763097038628 0.8316819694410043
0.5642167137442669 0.8316819694410043
0.5682571177846708 0.8316819694410043
0.5722975218250749 0.8316819694410043
0.5157318652594183 0.8357223734814083
0.5197722692998223 0.8357223734814083
0.5238126733402264 0.8357223734814083
0.5278530773806305 0.8357223734814083
0.5318934814210344 0.8357223734814083
0.5359338854614385 0.8357223734814083
0.5399742895018426 0.8357223734814083
0.5440146935422465 0.8357223734814083
0.5480550975826506 0.8357223734814083
0.5520955016230547 0.8357223734814083
0.5561359056634587 0.8357223734814083
0.5601763097038628 0.8357223734814083
0.5642167137442669 0.8357223734814083
0.5076510571786101 0.8397627775218124
0.5116914612190142 0.8397627775218124
0.5157318652594183 0.8397627775218124
0.5197722692998223 0.8397627775218124
0.5238126733402264 0.8397627775218124
0.5278530773806305 0.8397627775218124
0.5318934814210344 0.8397627775218124
0.5359338854614385 0.8397627775218124
0.5399742895018426 0.8397627775218124
0.5440146935422465 0.8397627775218124
0.5480550975826506 0.8397627775218124
0.5520955016230547 0.8397627775218124
0.5561359056634587 0.8397627775218124
0.5601763097038628 0.8397627775218124
0.5036106531382062 0.8438031815622163
0.5076510571786101 0.8438031815622163
0.5116914612190142 0.8438031815622163
0.5157318652594183 0.8438031815622163
0.5197722692998223 0.8438031815622163
0.5238126733402264 0.8438031815622163
0.5278530773806305 0.8438031815622163
0.5318934814210344 0.8438031815622163
0.5359338854614385 0.8438031815622163
0.5399742895018426 0.8438031815622163
0.5440146935422465 0.8438031815622163
0.5480550975826506 0.8438031815622163
0.5520955016230547 0.8438031815622163
0.49552984505739806 0.8478435856026204
0.4995702490978021 0.8478435856026204
0.5036106531382062 0.8478435856026204
0.5076510571786101 0.8478435856026204
0.5116914612190142 0.8478435856026204
0.5157318652594183 0.8478435856026204
0.5197722692998223 0.8478435856026204
0.5238126733402264 0.8478435856026204
0.5278530773806305 0.8478435856026204
0.5318934814210344 0.8478435856026204
0.5359338854614385 0.8478435856026204
0.5399742895018426 0.8478435856026204
0.5440146935422465 0.8478435856026204
0.5480550975826506 0.8478435856026204
0.5561359056634587 0.8478435856026204
0.48744903697659003 0.8518839896430245
0.49148944101699404 0.8518839896430245
0.49552984505739806 0.8518839896430245
0.4995702490978021 0.8518839896430245
0.5036106531382062 0.8518839896430245
0.5076510571786101 0.8518839896430245
0.5116914612190142 0.8518839896430245
0.5157318652594183 0.8518839896430245
0.5197722692998223 0.8518839896430245
0.5238126733402264 0.8518839896430245
0.5278530773806305 0.8518839896430245
0.5318934814210344 0.8518839896430245
0.5359338854614385 0.8518839896430245
0.5399742895018426 0.8518839896430245
0.4793682288957819 0.8559243936834284
0.48340863293618597 0.8559243936834284
0.48744903697659003 0.8559243936834284
0.49148944101699404 0.8559243936834284
0.49552984505739806 0.8559243936834284
0.4995702490978021 0.8559243936834284
0.5036106531382062 0.8559243936834284
0.5076510571786101 0.8559243936834284
0.5116914612190142 0.8559243936834284
0.5157318652594183 0.8559243936834284
0.5197722692998223 0.8559243936834284
0.5238126733402264 0.8559243936834284
0.5278530773806305 0.8559243936834284
0.5318934814210344 0.8559243936834284
0.5359338854614385 0.8559243936834284
0.4712874208149739 0.8599647977238325
0.4753278248553779 0.8599647977238325
0.4793682288957819 0.8599647977238325
0.48340863293618597 0.8599647977238325
0.48744903697659003 0.8599647977238325
0.49148944101699404 0.8599647977238325
0.49552984505739806 0.8599647977238325
0.4995702490978021 0.8599647977238325
0.5036106531382062 0.8599647977238325
0.5076510571786101 0.8599647977238325
0.5116914612190142 0.8599647977238325
0.5157318652594183 0.8599647977238325
0.5197722692998223 0.8599647977238325
0.5238126733402264 0.8599647977238325
0.5278530773806305 0.8599647977238325
0.4672470167745698 0.8640052017642366
0.4712874208149739 0.8640052017642366
0.4753278248553779 0.8640052017642366
0.4793682288957819 0.8640052017642366
0.48340863293618597 0.8640052017642366
0.48744903697659003 0.8640052017642366
0.49148944101699404 0.8640052017642366
0.49552984505739806 0.8640052017642366
0.4995702490978021 0.8640052017642366
0.5036106531382062 0.8640052017642366
0.5076510571786101 0.8640052017642366
0.5116914612190142 0.8640052017642366
0.5157318652594183 0.8640052017642366
0.5197722692998223 0.8640052017642366
0.5238126733402264 0.8640052017642366
0.45916620869376173 0.8680456058046406
0.46320661273416575 0.8680456058046406
0.4672470167745698 0.8680456058046406
0.4712874208149739 0.8680456058046406
0.4753278248553779 0.8680456058046406
0.4793682288957819 0.8680456058046406
0.48340863293618597 0.8680456058046406
0.48744903697659003 0.8680456058046406
0.49148944101699404 0.8680456058046406
0.49552984505739806 0.8680456058046406
0.4995702490978021 0.8680456058046406
0.5036106531382062 0.8680456058046406
0.5076510571786101 0.8680456058046406
0.5116914612190142 0.8680456058046406
0.5157318652594183 0.8680456058046406
0.45108540061295366 0.8720860098450447
0.45512580465335767 0.8720860098450447
0.45916620869376173 0.8720860098450447
0.46320661273416575 0.8720860098450447
0.4672470167745698 0.8720860098450447
0.4712874208149739 0.8720860098450447
0.4753278248553779 0.8720860098450447
0.4793682288957819 0.8720860098450447
0.48340863293618597 0.8720860098450447
0.48744903697659003 0.8720860098450447
0.49148944101699404 0.8720860098450447
0.49552984505739806 0.8720860098450447
0.4995702490978021 0.8720860098450447
0.5036106531382062 0.8720860098450447
0.5076510571786101 0.8720860098450447
0.4430045925321455 0.8761264138854487
0.4470449965725496 0.8761264138854487
0.45108540061295366 0.8761264138854487
0.45512580465335767 0.8761264138854487
0.45916620869376173 0.8761264138854487
0.46320661273416575 0.8761264138854487
0.4672470167745698 0.8761264138854487
0.4712874208149739 0.8761264138854487
0.4753278248553779 0.8761264138854487
0.4793682288957819 0.8761264138854487
0.48340863293618597 0.8761264138854487
0.48744903697659003 0.8761264138854487
0.49148944101699404 0.8761264138854487
0.49552984505739806 0.8761264138854487
0.4995702490978021 0.8761264138854487
0.5036106531382062 0.8761264138854487
0.4349237844513375 0.8801668179258527
0.4389641884917415 0.8801668179258527
0.4430045925321455 0.8801668179258527
0.4470449965725496 0.8801668179258527
0.45108540061295366 0.8801668179258527
0.45512580465335767 0.8801668179258527
0.45916620869376173 0.8801668179258527
0.46320661273416575 0.8801668179258527
0.4672470167745698 0.8801668179258527
0.4712874208149739 0.8801668179258527
0.4753278248553779 0.8801668179258527
0.4793682288957819 0.8801668179258527
0.48340863293618597 0.8801668179258527
0.48744903697659003 0.8801668179258527
0.49148944101699404 0.8801668179258527
0.49552984505739806 0.8801668179258527
0.42684297637052937 0.8842072219662568
0.43088338041093344 0.8842072219662568
0.4349237844513375 0.8842072219662568
0.4389641884917415 0.8842072219662568
0.4430045925321455 0.8842072219662568
0.4470449965725496 0.8842072219662568
0.45108540061295366 0.8842072219662568
0.45512580465335767 0.8842072219662568
0.45916620869376173 0.8842072219662568
0.46320661273416575 0.8842072219662568
0.4672470167745698 0.8842072219662568
0.4712874208149739 0.8842072219662568
0.4753278248553779 0.8842072219662568
0.4793682288957819 0.8842072219662568
0.48340863293618597 0.8842072219662568
0.48744903697659003 0.8842072219662568
0.4147217642493173 0.8882476260066607
0.41876216828972135 0.8882476260066607
0.42280257233012536 0.8882476260066607
0.42684297637052937 0.8882476260066607
0.43088338041093344 0.8882476260066607
0.4349237844513375 0.8882476260066607
0.4389641884917415 0.8882476260066607
0.4430045925321455 0.8882476260066607
0.4470449965725496 0.8882476260066607
0.45108540061295366 0.8882476260066607
0.45512580465335767 0.8882476260066607
0.45916620869376173 0.8882476260066607
0.46320661273416575 0.8882476260066607
0.4672470167745698 0.8882476260066607
0.4712874208149739 0.8882476260066607
0.4753278248553779 0.8882476260066607
0.4793682288957819 0.8882476260066607
0.48340863293618597 0.8882476260066607
0.4066409561685092 0.8922880300470648
0.4106813602089132 0.8922880300470648
0.4147217642493173 0.8922880300470648
0.41876216828972135 0.8922880300470648
0.42280257233012536 0.8922880300470648
0.42684297637052937 0.8922880300470648
0.43088338041093344 0.8922880300470648
0.4349237844513375 0.8922880300470648
0.4389641884917415 0.8922880300470648
0.4430045925321455 0.8922880300470648
0.4470449965725496 0.8922880300470648
0.45108540061295366 0.8922880300470648
0.45512580465335767 0.8922880300470648
0.45916620869376173 0.8922880300470648
0.46320661273416575 0.8922880300470648
0.4672470167745698 0.8922880300470648
0.4712874208149739 0.8922880300470648
0.4753278248553779 0.8922880300470648
0.3985601480877011 0.8963284340874689
0.40260055212810514 0.8963284340874689
0.4066409561685092 0.8963284340874689
0.4106813602089132 0.8963284340874689
0.4147217642493173 0.8963284340874689
0.41876216828972135 0.8963284340874689
0.42280257233012536 0.8963284340874689
0.42684297637052937 0.8963284340874689
0.43088338041093344 0.8963284340874689
0.4349237844513375 0.8963284340874689
0.4389641884917415 0.8963284340874689
0.4430045925321455 0.8963284340874689
0.4470449965725496 0.8963284340874689
0.45108540061295366 0.8963284340874689
0.45512580465335767 0.8963284340874689
0.45916620869376173 0.8963284340874689
0.46320661273416575 0.8963284340874689
0.4672470167745698 0.8963284340874689
0.39047934000689305 0.9003688381278729
0.39451974404729706 0.9003688381278729
0.3985601480877011 0.9003688381278729
0.40260055212810514 0.9003688381278729
0.4066409561685092 0.9003688381278729
0.4106813602089132 0.9003688381278729
0.4147217642493173 0.9003688381278729
0.41876216828972135 0.9003688381278729
0.42280257233012536 0.9003688381278729
0.42684297637052937 0.9003688381278729
0.43088338041093344 0.9003688381278729
0.4349237844513375 0.9003688381278729
0.4389641884917415 0.9003688381278729
0.4430045925321455 0.9003688381278729
0.4470449965725496 0.9003688381278729
0.45108540061295366 0.9003688381278729
0.45512580465335767 0.9003688381278729
0.45916620869376173 0.9003688381278729
0.3783581278856809 0.904409242168277
0.382398531926085 0.904409242168277
0.386438935966489 0.904409242168277
0.39047934000689305 0.904409242168277
0.39451974404729706 0.904409242168277
0.3985601480877011 0.904409242168277
0.40260055212810514 0.904409242168277
0.4066409561685092 0.904409242168277
0.4106813602089132 0.904409242168277
0.4147217642493173 0.904409242168277
0.41876216828972135 0.904409242168277
0.42280257233012536 0.904409242168277
0.42684297637052937 0.904409242168277
0.43088338041093344 0.904409242168277
0.4349237844513375 0.904409242168277
0.4389641884917415 0.904409242168277
0.4430045925321455 0.904409242168277
0.4470449965725496 0.904409242168277
0.45108540061295366 0.904409242168277
0.37027731980487283 0.9084496462086811
0.37431772384527684 0.9084496462086811
0.3783581278856809 0.9084496462086811
0.382398531926085 0.9084496462086811
0.386438935966489 0.9084496462086811
0.39047934000689305 0.9084496462086811
0.39451974404729706 0.9084496462086811
0.3985601480877011 0.9084496462086811
0.40260055212810514 0.9084496462086811
0.4066409561685092 0.9084496462086811
0.4106813602089132 0.9084496462086811
0.4147217642493173 0.9084496462086811
0.41876216828972135 0.9084496462086811
0.42280257233012536 0.9084496462086811
0.42684297637052937 0.9084496462086811
0.43088338041093344 0.9084496462086811
0.4349237844513375 0.9084496462086811
0.4389641884917415 0.9084496462086811
0.4430045925321455 0.9084496462086811
0.3581561076836607 0.912490050249085
0.36219651172406475 0.912490050249085
0.3662369157644688 0.912490050249085
0.37027731980487283 0.912490050249085
0.37431772384527684 0.912490050249085
0.3783581278856809 0.912490050249085
0.382398531926085 0.912490050249085
0.386438935966489 0.912490050249085
0.39047934000689305 0.912490050249085
0.39451974404729706 0.912490050249085
0.3985601480877011 0.912490050249085
0.40260055212810514 0.912490050249085
0.4066409561685092 0.912490050249085
0.4106813602089132 0.912490050249085
0.4147217642493173 0.912490050249085
0.41876216828972135 0.912490050249085
0.42280257233012536 0.912490050249085
0.42684297637052937 0.912490050249085
0.43088338041093344 0.912490050249085
0.4349237844513375 0.912490050249085
0.35007529960285266 0.9165304542894891
0.3541157036432567 0.9165304542894891
0.3581561076836607 0.9165304542894891
0.36219651172406475 0.9165304542894891
0.3662369157644688 0.9165304542894891
0.37027731980487283 0.9165304542894891
0.37431772384527684 0.9165304542894891
0.3783581278856809 0.9165304542894891
0.382398531926085 0.9165304542894891
0.386438935966489 0.9165304542894891
0.39047934000689305 0.9165304542894891
0.39451974404729706 0.9165304542894891
0.3985601480877011 0.9165304542894891
0.40260055212810514 0.9165304542894891
0.4066409561685092 0.9165304542894891
0.4106813602089132 0.9165304542894891
0.4147217642493173 0.9165304542894891
0.41876216828972135 0.9165304542894891
0.42280257233012536 0.9165304542894891
0.42684297637052937 0.9165304542894891
0.3379540874816405 0.920570858329893
0.34199449152204453 0.920570858329893
0.3460348955624486 0.920570858329893
0.35007529960285266 0.920570858329893
0.3541157036432567 0.920570858329893
0.3581561076836607 0.920570858329893
0.36219651172406475 0.920570858329893
0.3662369157644688 0.920570858329893
0.37027731980487283 0.920570858329893
0.37431772384527684 0.920570858329893
0.3783581278856809 0.920570858329893
0.382398531926085 0.920570858329893
0.386438935966489 0.920570858329893
0.39047934000689305 0.920570858329893
0.39451974404729706 0.920570858329893
0.3985601480877011 0.920570858329893
0.40260055212810514 0.920570858329893
0.4066409561685092 0.920570858329893
0.4106813602089132 0.920570858329893
0.4147217642493173 0.920570858329893
0.41876216828972135 0.920570858329893
0.3258328753604284 0.9246112623702971
0.32987327940083244 0.9246112623702971
0.33391368344123645 0.9246112623702971
0.3379540874816405 0.9246112623702971
0.34199449152204453 0.9246112623702971
0.3460348955624486 0.9246112623702971
0.35007529960285266 0.9246112623702971
0.3541157036432567 0.9246112623702971
0.3581561076836607 0.9246112623702971
0.36219651172406475 0.9246112623702971
0.3662369157644688 0.9246112623702971
0.37027731980487283 0.9246112623702971
0.37431772384527684 0.9246112623702971
0.3783581278856809 0.9246112623702971
0.382398531926085 0.9246112623702971
0.386438935966489 0.9246112623702971
0.39047934000689305 0.9246112623702971
0.39451974404729706 0.9246112623702971
0.3985601480877011 0.9246112623702971
0.40260055212810514 0.9246112623702971
0.4066409561685092 0.9246112623702971
0.4106813602089132 0.9246112623702971
0.3137116632392163 0.9286516664107012
0.3177520672796203 0.9286516664107012
0.32179247132002436 0.9286516664107012
0.3258328753604284 0.9286516664107012
0.32987327940083244 0.9286516664107012
0.33391368344123645 0.9286516664107012
0.3379540874816405 0.9286516664107012
0.34199449152204453 0.9286516664107012
0.3460348955624486 0.9286516664107012
0.35007529960285266 0.9286516664107012
0.3541157036432567 0.9286516664107012
0.3581561076836607 0.9286516664107012
0.36219651172406475 0.9286516664107012
0.3662369157644688 0.9286516664107012
0.37027731980487283 0.9286516664107012
0.37431772384527684 0.9286516664107012
0.3783581278856809 0.9286516664107012
0.382398531926085 0.9286516664107012
0.386438935966489 0.9286516664107012
0.39047934000689305 0.9286516664107012
0.39451974404729706 0.9286516664107012
0.3985601480877011 0.9286516664107012
0.30159045111800414 0.9326920704511052
0.30563085515840815 0.9326920704511052
0.3096712591988122 0.9326920704511052
0.3137116632392163 0.9326920704511052
0.3177520672796203 0.9326920704511052
0.32179247132002436 0.9326920704511052
0.3258328753604284 0.9326920704511052
0.32987327940083244 0.9326920704511052
0.33391368344123645 0.9326920704511052
0.3379540874816405 0.9326920704511052
0.34199449152204453 0.9326920704511052
0.3460348955624486 0.9326920704511052
0.35007529960285266 0.9326920704511052
0.3541157036432567 0.9326920704511052
0.3581561076836607 0.9326920704511052
0.36219651172406475 0.9326920704511052
0.3662369157644688 0.9326920704511052
0.37027731980487283 0.9326920704511052
0.37431772384527684 0.9326920704511052
0.3783581278856809 0.9326920704511052
0.382398531926085 0.9326920704511052
0.386438935966489 0.9326920704511052
0.39047934000689305 0.9326920704511052
0.29350964303719607 0.9367324744915093
0.29755004707760013 0.9367324744915093
0.30159045111800414 0.9367324744915093
0.30563085515840815 0.9367324744915093
0.3096712591988122 0.9367324744915093
0.3137116632392163 0.9367324744915093
0.3177520672796203 0.9367324744915093
0.32179247132002436 0.9367324744915093
0.3258328753604284 0.9367324744915093
0.32987327940083244 0.9367324744915093
0.33391368344123645 0.9367324744915093
0.3379540874816405 0.9367324744915093
0.34199449152204453 0.9367324744915093
0.3460348955624486 0.9367324744915093
0.35007529960285266 0.9367324744915093
0.3541157036432567 0.9367324744915093
0.3581561076836607 0.9367324744915093
0.36219651172406475 0.9367324744915093
0.3662369157644688 0.9367324744915093
0.37027731980487283 0.9367324744915093
0.37431772384527684 0.9367324744915093
0.3783581278856809 0.9367324744915093
0.382398531926085 0.9367324744915093
0.29350964303719607 0.9407728785319134
0.29755004707760013 0.9407728785319134
0.30159045111800414 0.9407728785319134
0.30563085515840815 0.9407728785319134
0.3096712591988122 0.9407728785319134
0.3137116632392163 0.9407728785319134
0.3177520672796203 0.9407728785319134
0.32179247132002436 0.9407728785319134
0.3258328753604284 0.9407728785319134
0.32987327940083244 0.9407728785319134
0.33391368344123645 0.9407728785319134
0.3379540874816405 0.9407728785319134
0.34199449152204453 0.9407728785319134
0.3460348955624486 0.9407728785319134
0.35007529960285266 0.9407728785319134
0.3541157036432567 0.9407728785319134
0.3581561076836607 0.9407728785319134
0.36219651172406475 0.9407728785319134
0.3662369157644688 0.9407728785319134
0.37027731980487283 0.9407728785319134
0.29350964303719607 0.9448132825723174
0.29755004707760013 0.9448132825723174
0.30159045111800414 0.9448132825723174
0.30563085515840815 0.9448132825723174
0.3096712591988122 0.9448132825723174
0.3137116632392163 0.9448132825723174
0.3177520672796203 0.9448132825723174
0.32179247132002436 0.9448132825723174
0.3258328753604284 0.9448132825723174
0.32987327940083244 0.9448132825723174
0.33391368344123645 0.9448132825723174
0.3379540874816405 0.9448132825723174
0.34199449152204453 0.9448132825723174
0.3460348955624486 0.9448132825723174
0.35007529960285266 0.9448132825723174
0.3541157036432567 0.9448132825723174
0.3581561076836607 0.9448132825723174
0.36219651172406475 0.9448132825723174
0.29350964303719607 0.9488536866127214
0.29755004707760013 0.9488536866127214
0.30159045111800414 0.9488536866127214
0.30563085515840815 0.9488536866127214
0.3096712591988122 0.9488536866127214
0.3137116632392163 0.9488536866127214
0.3177520672796203 0.9488536866127214
0.32179247132002436 0.9488536866127214
0.3258328753604284 0.9488536866127214
0.32987327940083244 0.9488536866127214
0.33391368344123645 0.9488536866127214
0.3379540874816405 0.9488536866127214
0.34199449152204453 0.9488536866127214
0.3460348955624486 0.9488536866127214
0.35007529960285266 0.9488536866127214
0.29350964303719607 0.9528940906531255
0.29755004707760013 0.9528940906531255
0.30159045111800414 0.9528940906531255
0.30563085515840815 0.9528940906531255
0.3096712591988122 0.9528940906531255
0.3137116632392163 0.9528940906531255
0.3177520672796203 0.9528940906531255
0.32179247132002436 0.9528940906531255
0.3258328753604284 0.9528940906531255
0.32987327940083244 0.9528940906531255
0.33391368344123645 0.9528940906531255
0.3379540874816405 0.9528940906531255
0.34199449152204453 0.9528940906531255
0.29350964303719607 0.9569344946935294
0.29755004707760013 0.9569344946935294
0.30159045111800414 0.9569344946935294
0.30563085515840815 0.9569344946935294
0.3096712591988122 0.9569344946935294
0.3137116632392163 0.9569344946935294
0.3177520672796203 0.9569344946935294
0.32179247132002436 0.9569344946935294
0.3258328753604284 0.9569344946935294
0.32987327940083244 0.9569344946935294
0.29350964303719607 0.9609748987339335
0.29755004707760013 0.9609748987339335
0.30159045111800414 0.9609748987339335
0.30563085515840815 0.9609748987339335
0.3096712591988122 0.9609748987339335
0.3137116632392163 0.9609748987339335
0.3177520672796203 0.9609748987339335
0.29350964303719607 0.9650153027743376
0.29755004707760013 0.9650153027743376
0.30159045111800414 0.9650153027743376
0.30563085515840815 0.9650153027743376
0.29350964303719607 0.9690557068147416
