# x y
0.6393729963719204 0.7791567169157517
0.6595750165739405 0.7791567169157517
0.5989689559678799 0.8155203532793881
0.5585649155638395 0.8397627775218124
0.5464437034426274 0.8478435856026204
0.5222012792002031 0.8680456058046406
0.5302820872810112 0.8761264138854487
0.5019992589981829 0.8801668179258527
0.510080067078991 0.8882476260066607
0.4333123903113142 0.9084496462086811
0.4009891579880819 0.9246112623702971
0.36866592566484957 0.9367324744915093
0.37674673374565765 0.9367324744915093
0.3929083499072738 0.9488536866127214
0.31614067313959704 0.9650153027743376
0.30401946101838495 0.9690557068147416
