# x y
0.6959437264252971 0.7266314643904992
0.6919033223848932 0.7306718684309033
0.6878629183444891 0.7347122724713073
0.6393780698596405 0.7791567169157517
0.6353376658192365 0.799358737117772
0.5989740294556001 0.8155203532793881
0.5949336254151961 0.8316819694410043
0.5585699890515597 0.8397627775218124
0.5464487769303477 0.8478435856026204
0.5020043324859031 0.8720860098450447
0.5302871607687315 0.8761264138854487
0.46564069612226683 0.8922880300470648
0.4171558476374183 0.9165304542894891
0.39695382743539814 0.9286516664107012
0.33634776682933754 0.9488536866127214
0.3161457466273173 0.9650153027743376
0.3040245345061052 0.9690557068147416
