# x y
0.6999779100326569 0.7145102522692871
0.6959375059922528 0.7185506563096911
0.6918971019518487 0.7225910603500951
0.6878566979114447 0.7266314643904992
0.6838162938710406 0.7306718684309033
0.6757354857902325 0.7347122724713073
0.6797758898306365 0.7347122724713073
0.6716950817498285 0.7387526765117113
0.6757354857902325 0.7387526765117113
0.6676546777094244 0.7427930805521153
0.6716950817498285 0.7427930805521153
0.6636142736690205 0.7468334845925194
0.6676546777094244 0.7468334845925194
0.6595738696286164 0.7508738886329235
0.6555334655882123 0.7549142926733274
0.6514930615478083 0.7589546967137315
0.6474526575074042 0.7629951007541356
0.6393718494265962 0.7670355047945396
0.6434122534670002 0.7670355047945396
0.6353314453861921 0.7710759088349436
0.6393718494265962 0.7710759088349436
0.6312910413457882 0.7751163128753477
0.6272506373053841 0.7791567169157517
0.619169829224576 0.7831971209561558
0.62321023326498 0.7831971209561558
0.6151294251841719 0.7872375249965597
0.619169829224576 0.7872375249965597
0.6110890211437678 0.7912779290369638
0.6070486171033638 0.7953183330773679
0.5989678090225558 0.799358737117772
0.6030082130629598 0.799358737117772
0.5949274049821518 0.803399141158176
0.5868465969013437 0.80743954519858
0.5908870009417477 0.80743954519858
0.5828061928609396 0.811479949238984
0.5868465969013437 0.811479949238984
0.5787657888205355 0.8155203532793881
0.5706849807397275 0.819560757319792
0.5747253847801315 0.819560757319792
0.5666445766993234 0.8236011613601961
0.5585637686185154 0.8276415654006002
0.5626041726589195 0.8276415654006002
0.5545233645781114 0.8316819694410043
0.5585637686185154 0.8316819694410043
0.5464425564973032 0.8357223734814083
0.5504829605377073 0.8357223734814083
0.5424021524568992 0.8397627775218124
0.5464425564973032 0.8397627775218124
0.5343213443760911 0.8438031815622163
0.5383617484164952 0.8438031815622163
0.5302809403356871 0.8478435856026204
0.522200132254879 0.8518839896430245
0.5262405362952831 0.8518839896430245
0.5141193241740709 0.8559243936834284
0.518159728214475 0.8559243936834284
0.5100789201336668 0.8599647977238325
0.5141193241740709 0.8599647977238325
0.5019981120528588 0.8640052017642366
0.5060385160932628 0.8640052017642366
0.4939173039720507 0.8680456058046406
0.49795770801245476 0.8680456058046406
0.48583649589124267 0.8720860098450447
0.4898768999316467 0.8720860098450447
0.4817960918508386 0.8761264138854487
0.48583649589124267 0.8761264138854487
0.4737152837700305 0.8801668179258527
0.47775568781043454 0.8801668179258527
0.46563447568922245 0.8842072219662568
0.4696748797296265 0.8842072219662568
0.4575536676084143 0.8882476260066607
0.4615940716488184 0.8882476260066607
0.4494728595276063 0.8922880300470648
0.4535132635680103 0.8922880300470648
0.44139205144679816 0.8963284340874689
0.44543245548720223 0.8963284340874689
0.43331124336599014 0.9003688381278729
0.43735164740639415 0.9003688381278729
0.425230435285182 0.904409242168277
0.4292708393255861 0.904409242168277
0.417149627204374 0.9084496462086811
0.421190031244778 0.9084496462086811
0.40502841508316184 0.912490050249085
0.40906881912356585 0.912490050249085
0.4131092231639699 0.912490050249085
0.39694760700235376 0.9165304542894891
0.4009880110427578 0.9165304542894891
0.3888667989215457 0.920570858329893
0.3929072029619497 0.920570858329893
0.37674558680033354 0.9246112623702971
0.3807859908407376 0.9246112623702971
0.3848263948811416 0.9246112623702971
0.36866477871952547 0.9286516664107012
0.3727051827599295 0.9286516664107012
0.3565435665983133 0.9326920704511052
0.3605839706387174 0.9326920704511052
0.36462437467912145 0.9326920704511052
0.3484627585175053 0.9367324744915093
0.3525031625579093 0.9367324744915093
0.33634154639629316 0.9407728785319134
0.34038195043669717 0.9407728785319134
0.34442235447710123 0.9407728785319134
0.324220334275081 0.9448132825723174
0.3282607383154851 0.9448132825723174
0.3323011423558891 0.9448132825723174
0.3120991221538689 0.9488536866127214
0.31613952619427294 0.9488536866127214
0.32017993023467695 0.9488536866127214
0.2999779100326568 0.9528940906531255
0.3040183140730608 0.9528940906531255
0.30805871811346486 0.9528940906531255
