# x y
0.6393730294670279 0.7791567169157517
0.6595750496690481 0.7791567169157517
0.5989689890629875 0.8155203532793881
0.5585649486589471 0.8397627775218124
0.546443736537735 0.8478435856026204
0.5222013122953107 0.8680456058046406
0.5302821203761189 0.8761264138854487
0.5019992920932905 0.8801668179258527
0.5100801001740987 0.8882476260066607
0.43331242340642184 0.9084496462086811
0.40098919108318953 0.9246112623702971
0.3686659587599572 0.9367324744915093
0.39290838300238146 0.9488536866127214
0.3161407062347047 0.9650153027743376
0.3040194941134926 0.9690557068147416
