# x y
0.6999581485285893 0.7145102522692871
0.6918773404477812 0.7185506563096911
0.6959177444881852 0.7185506563096911
0.6878369364073771 0.7225910603500951
0.6918773404477812 0.7225910603500951
0.683796532366973 0.7266314643904992
0.6878369364073771 0.7266314643904992
0.6797561283265691 0.7306718684309033
0.683796532366973 0.7306718684309033
0.675715724286165 0.7347122724713073
0.6797561283265691 0.7347122724713073
0.671675320245761 0.7387526765117113
0.675715724286165 0.7387526765117113
0.667634916205357 0.7427930805521153
0.671675320245761 0.7427930805521153
0.6635945121649529 0.7468334845925194
0.667634916205357 0.7468334845925194
0.6595541081245488 0.7508738886329235
0.6635945121649529 0.7508738886329235
0.6555137040841448 0.7549142926733274
0.6595541081245488 0.7549142926733274
0.6474328960033368 0.7589546967137315
0.6514733000437407 0.7589546967137315
0.6433924919629327 0.7629951007541356
0.6474328960033368 0.7629951007541356
0.6393520879225287 0.7670355047945396
0.6433924919629327 0.7670355047945396
0.6353116838821247 0.7710759088349436
0.6393520879225287 0.7710759088349436
0.6312712798417206 0.7751163128753477
0.6353116838821247 0.7751163128753477
0.6231904717609125 0.7791567169157517
0.6272308758013165 0.7791567169157517
0.6191500677205084 0.7831971209561558
0.6231904717609125 0.7831971209561558
0.6151096636801043 0.7872375249965597
0.6191500677205084 0.7872375249965597
0.6110692596397004 0.7912779290369638
0.6151096636801043 0.7912779290369638
0.6029884515588924 0.7953183330773679
0.6070288555992963 0.7953183330773679
0.5989480475184883 0.799358737117772
0.6029884515588924 0.799358737117772
0.5949076434780842 0.803399141158176
0.5989480475184883 0.803399141158176
0.5868268353972761 0.80743954519858
0.5908672394376802 0.80743954519858
0.582786431356872 0.811479949238984
0.5868268353972761 0.811479949238984
0.574705623276064 0.8155203532793881
0.5787460273164681 0.8155203532793881
0.582786431356872 0.8155203532793881
0.57066521923566 0.819560757319792
0.574705623276064 0.819560757319792
0.5625844111548519 0.8236011613601961
0.566624815195256 0.8236011613601961
0.57066521923566 0.8236011613601961
0.5585440071144478 0.8276415654006002
0.5625844111548519 0.8276415654006002
0.5504631990336397 0.8316819694410043
0.5545036030740438 0.8316819694410043
0.5585440071144478 0.8316819694410043
0.5464227949932358 0.8357223734814083
0.5504631990336397 0.8357223734814083
0.5383419869124276 0.8397627775218124
0.5423823909528317 0.8397627775218124
0.5464227949932358 0.8397627775218124
0.5343015828720237 0.8438031815622163
0.5383419869124276 0.8438031815622163
0.5262207747912155 0.8478435856026204
0.5302611788316196 0.8478435856026204
0.5343015828720237 0.8478435856026204
0.5221803707508115 0.8518839896430245
0.5262207747912155 0.8518839896430245
0.5140995626700033 0.8559243936834284
0.5181399667104074 0.8559243936834284
0.5060187545891953 0.8599647977238325
0.5100591586295994 0.8599647977238325
0.5140995626700033 0.8599647977238325
0.5019783505487913 0.8640052017642366
0.5060187545891953 0.8640052017642366
0.49389754246798323 0.8680456058046406
0.49793794650838724 0.8680456058046406
0.4858167343871751 0.8720860098450447
0.48985713842757916 0.8720860098450447
0.49389754246798323 0.8720860098450447
0.4777359263063671 0.8761264138854487
0.4817763303467711 0.8761264138854487
0.4858167343871751 0.8761264138854487
0.46965511822555894 0.8801668179258527
0.473695522265963 0.8801668179258527
0.4777359263063671 0.8801668179258527
0.46157431014475087 0.8842072219662568
0.46561471418515493 0.8842072219662568
0.46965511822555894 0.8842072219662568
0.45753390610434685 0.8882476260066607
0.46157431014475087 0.8882476260066607
0.4494530980235387 0.8922880300470648
0.4534935020639428 0.8922880300470648
0.4413722899427307 0.8963284340874689
0.4454126939831347 0.8963284340874689
0.42925107782151856 0.9003688381278729
0.43329148186192257 0.9003688381278729
0.43733188590232663 0.9003688381278729
0.4211702697407105 0.904409242168277
0.42521067378111455 0.904409242168277
0.42925107782151856 0.904409242168277
0.4130894616599024 0.9084496462086811
0.4171298657003064 0.9084496462086811
0.4211702697407105 0.9084496462086811
0.4050086535790943 0.912490050249085
0.40904905761949834 0.912490050249085
0.4130894616599024 0.912490050249085
0.39692784549828625 0.9165304542894891
0.40096824953869026 0.9165304542894891
0.4050086535790943 0.9165304542894891
0.3848066333770741 0.920570858329893
0.38884703741747817 0.920570858329893
0.3928874414578822 0.920570858329893
0.39692784549828625 0.920570858329893
0.376725825296266 0.9246112623702971
0.38076622933667004 0.9246112623702971
0.3848066333770741 0.9246112623702971
0.3646046131750539 0.9286516664107012
0.36864501721545795 0.9286516664107012
0.372685421255862 0.9286516664107012
0.376725825296266 0.9286516664107012
0.35652380509424586 0.9326920704511052
0.36056420913464987 0.9326920704511052
0.3646046131750539 0.9326920704511052
0.3444025929730337 0.9367324744915093
0.3484429970134377 0.9367324744915093
0.3524834010538418 0.9367324744915093
0.35652380509424586 0.9367324744915093
0.3322813808518216 0.9407728785319134
0.33632178489222564 0.9407728785319134
0.34036218893262965 0.9407728785319134
0.3444025929730337 0.9407728785319134
0.3201601687306095 0.9448132825723174
0.3242005727710135 0.9448132825723174
0.32824097681141756 0.9448132825723174
0.3322813808518216 0.9448132825723174
0.30803895660939734 0.9488536866127214
0.31207936064980135 0.9488536866127214
0.3161197646902054 0.9488536866127214
0.3201601687306095 0.9488536866127214
0.29995814852858926 0.9528940906531255
0.30399855256899333 0.9528940906531255
0.30803895660939734 0.9528940906531255
