# x y
0.6838274839626791 0.7387526765117113
0.6555446556798509 0.7629951007541356
0.6595850597202548 0.7791567169157517
0.6151406152758104 0.7953183330773679
0.6111002112354065 0.799358737117772
0.6191810193162145 0.799358737117772
0.5989789991141943 0.8155203532793881
0.5949385950737902 0.8316819694410043
0.5585749587101538 0.8397627775218124
0.5343325344677297 0.8518839896430245
0.5302921304273256 0.8559243936834284
0.5100901102253054 0.8680456058046406
0.5141305142657094 0.8680456058046406
0.47372647386166905 0.8882476260066607
0.41312041325560844 0.9165304542894891
0.40503960517480037 0.920570858329893
0.42524162537682053 0.920570858329893
0.3969587970939923 0.9246112623702971
0.3403931405283357 0.9488536866127214
0.3363527364879317 0.9528940906531255
0.2999891001242953 0.9609748987339335
0.31615071628591146 0.9650153027743376
0.3040295041646993 0.9690557068147416
