# x y
0.6999891001242953 0.7145102522692871
0.6959486960838912 0.7185506563096911
0.6919082920434872 0.7225910603500951
0.6878678880030832 0.7266314643904992
0.6838274839626791 0.7306718684309033
0.6797870799222752 0.7347122724713073
0.6757466758818711 0.7387526765117113
0.667665867801063 0.7427930805521153
0.671706271841467 0.7427930805521153
0.6636254637606589 0.7468334845925194
0.6595850597202548 0.7508738886329235
0.6555446556798509 0.7549142926733274
0.6515042516394468 0.7589546967137315
0.6474638475990429 0.7629951007541356
0.6434234435586388 0.7670355047945396
0.6353426354778307 0.7710759088349436
0.6313022314374266 0.7751163128753477
0.6272618273970225 0.7791567169157517
0.6232214233566185 0.7831971209561558
0.6151406152758104 0.7872375249965597
0.6111002112354065 0.7912779290369638
0.6070598071950024 0.7953183330773679
0.5989789991141943 0.799358737117772
0.6030194031545983 0.799358737117772
0.5949385950737902 0.803399141158176
0.5908981910333861 0.80743954519858
0.5828173829525781 0.811479949238984
0.5868577869929822 0.811479949238984
0.5787769789121742 0.8155203532793881
0.570696170831366 0.819560757319792
0.5747365748717701 0.819560757319792
0.566655766790962 0.8236011613601961
0.5626153627505579 0.8276415654006002
0.5545345546697498 0.8316819694410043
0.5504941506293458 0.8357223734814083
0.5424133425485378 0.8397627775218124
0.5343325344677297 0.8438031815622163
0.5383729385081337 0.8438031815622163
0.5302921304273256 0.8478435856026204
0.5222113223465175 0.8518839896430245
0.5262517263869215 0.8518839896430245
0.5181709183061135 0.8559243936834284
0.5100901102253054 0.8599647977238325
0.5020093021444973 0.8640052017642366
0.5060497061849014 0.8640052017642366
0.4939284940636892 0.8680456058046406
0.4979688981040933 0.8680456058046406
0.4898880900232852 0.8720860098450447
0.48180728194247713 0.8761264138854487
0.47372647386166905 0.8801668179258527
0.47776687790207306 0.8801668179258527
0.465645665780861 0.8842072219662568
0.46968606982126504 0.8842072219662568
0.45756485770005284 0.8882476260066607
0.4616052617404569 0.8882476260066607
0.4494840496192448 0.8922880300470648
0.45352445365964883 0.8922880300470648
0.4414032415384367 0.8963284340874689
0.44544364557884075 0.8963284340874689
0.43332243345762866 0.9003688381278729
0.4373628374980327 0.9003688381278729
0.42524162537682053 0.904409242168277
0.4292820294172246 0.904409242168277
0.4171608172960125 0.9084496462086811
0.4212012213364165 0.9084496462086811
0.4090800092152044 0.912490050249085
0.3969587970939923 0.9165304542894891
0.4009992011343963 0.9165304542894891
0.3888779890131842 0.920570858329893
0.3929183930535882 0.920570858329893
0.38079718093237613 0.9246112623702971
0.38483758497278014 0.9246112623702971
0.368675968811164 0.9286516664107012
0.372716372851568 0.9286516664107012
0.3605951607303559 0.9326920704511052
0.36463556477076 0.9326920704511052
0.3484739486091438 0.9367324744915093
0.35251435264954784 0.9367324744915093
0.3363527364879317 0.9407728785319134
0.3403931405283357 0.9407728785319134
0.32423152436671954 0.9448132825723174
0.3282719284071236 0.9448132825723174
0.3323123324475276 0.9448132825723174
0.31211031224550745 0.9488536866127214
0.31615071628591146 0.9488536866127214
0.32019112032631547 0.9488536866127214
0.2999891001242953 0.9528940906531255
0.3040295041646993 0.9528940906531255
0.3080699082051034 0.9528940906531255
