# x y
0.699966280597144 0.7145102522692871
0.69592587655674 0.7185506563096911
0.6918854725163359 0.7225910603500951
0.6838046644355278 0.7266314643904992
0.6878450684759319 0.7266314643904992
0.6797642603951237 0.7306718684309033
0.6838046644355278 0.7306718684309033
0.6757238563547197 0.7347122724713073
0.6797642603951237 0.7347122724713073
0.6716834523143157 0.7387526765117113
0.6757238563547197 0.7387526765117113
0.6676430482739116 0.7427930805521153
0.6716834523143157 0.7427930805521153
0.6636026442335077 0.7468334845925194
0.6676430482739116 0.7468334845925194
0.6595622401931036 0.7508738886329235
0.6636026442335077 0.7508738886329235
0.6555218361526995 0.7549142926733274
0.6514814321122955 0.7589546967137315
0.6434006240314873 0.7629951007541356
0.6474410280718914 0.7629951007541356
0.6393602199910834 0.7670355047945396
0.6434006240314873 0.7670355047945396
0.6353198159506793 0.7710759088349436
0.6393602199910834 0.7710759088349436
0.6312794119102754 0.7751163128753477
0.6353198159506793 0.7751163128753477
0.6231986038294672 0.7791567169157517
0.6272390078698713 0.7791567169157517
0.6191581997890632 0.7831971209561558
0.6231986038294672 0.7831971209561558
0.6151177957486591 0.7872375249965597
0.6191581997890632 0.7872375249965597
0.611077391708255 0.7912779290369638
0.6151177957486591 0.7912779290369638
0.602996583627447 0.7953183330773679
0.607036987667851 0.7953183330773679
0.598956179587043 0.799358737117772
0.602996583627447 0.799358737117772
0.594915775546639 0.803399141158176
0.598956179587043 0.803399141158176
0.5868349674658309 0.80743954519858
0.5908753715062349 0.80743954519858
0.5827945634254268 0.811479949238984
0.5868349674658309 0.811479949238984
0.5747137553446187 0.8155203532793881
0.5787541593850227 0.8155203532793881
0.5706733513042147 0.819560757319792
0.5747137553446187 0.819560757319792
0.5666329472638106 0.8236011613601961
0.5706733513042147 0.8236011613601961
0.5585521391830026 0.8276415654006002
0.5625925432234067 0.8276415654006002
0.5545117351425985 0.8316819694410043
0.5585521391830026 0.8316819694410043
0.5464309270617904 0.8357223734814083
0.5504713311021945 0.8357223734814083
0.5423905230213864 0.8397627775218124
0.5464309270617904 0.8397627775218124
0.5343097149405783 0.8438031815622163
0.5383501189809824 0.8438031815622163
0.5262289068597703 0.8478435856026204
0.5302693109001743 0.8478435856026204
0.5343097149405783 0.8478435856026204
0.5221885028193662 0.8518839896430245
0.5262289068597703 0.8518839896430245
0.5141076947385581 0.8559243936834284
0.5181480987789622 0.8559243936834284
0.50602688665775 0.8599647977238325
0.510067290698154 0.8599647977238325
0.5141076947385581 0.8599647977238325
0.501986482617346 0.8640052017642366
0.50602688665775 0.8640052017642366
0.4939056745365379 0.8680456058046406
0.49794607857694195 0.8680456058046406
0.48582486645572986 0.8720860098450447
0.4898652704961339 0.8720860098450447
0.4939056745365379 0.8720860098450447
0.47774405837492173 0.8761264138854487
0.4817844624153258 0.8761264138854487
0.48582486645572986 0.8761264138854487
0.4696632502941137 0.8801668179258527
0.4737036543345177 0.8801668179258527
0.47774405837492173 0.8801668179258527
0.46562284625370964 0.8842072219662568
0.4696632502941137 0.8842072219662568
0.4575420381729015 0.8882476260066607
0.4615824422133056 0.8882476260066607
0.4494612300920935 0.8922880300470648
0.4535016341324975 0.8922880300470648
0.44138042201128536 0.8963284340874689
0.4454208260516894 0.8963284340874689
0.43329961393047733 0.9003688381278729
0.43734001797088135 0.9003688381278729
0.4211784018092652 0.904409242168277
0.4252188058496692 0.904409242168277
0.42925920989007327 0.904409242168277
0.4130975937284571 0.9084496462086811
0.4171379977688612 0.9084496462086811
0.4211784018092652 0.9084496462086811
0.40501678564764904 0.912490050249085
0.40905718968805305 0.912490050249085
0.4130975937284571 0.912490050249085
0.39693597756684096 0.9165304542894891
0.40097638160724497 0.9165304542894891
0.40501678564764904 0.9165304542894891
0.3848147654456288 0.920570858329893
0.3888551694860329 0.920570858329893
0.3928955735264369 0.920570858329893
0.37673395736482074 0.9246112623702971
0.3807743614052248 0.9246112623702971
0.3848147654456288 0.9246112623702971
0.36461274524360865 0.9286516664107012
0.36865314928401266 0.9286516664107012
0.37269355332441667 0.9286516664107012
0.37673395736482074 0.9286516664107012
0.3565319371628005 0.9326920704511052
0.3605723412032046 0.9326920704511052
0.36461274524360865 0.9326920704511052
0.34441072504158843 0.9367324744915093
0.3484511290819925 0.9367324744915093
0.3524915331223965 0.9367324744915093
0.3565319371628005 0.9367324744915093
0.3322895129203763 0.9407728785319134
0.33632991696078035 0.9407728785319134
0.34037032100118436 0.9407728785319134
0.34441072504158843 0.9407728785319134
0.3242087048395682 0.9448132825723174
0.3282491088799723 0.9448132825723174
0.3322895129203763 0.9448132825723174
0.3120874927183561 0.9488536866127214
0.31612789675876013 0.9488536866127214
0.32016830079916414 0.9488536866127214
0.299966280597144 0.9528940906531255
0.304006684637548 0.9528940906531255
0.30804708867795205 0.9528940906531255
