# x y
0.6514946963587721 0.7670355047945396
0.63937348423756 0.7791567169157517
0.6595755044395801 0.7791567169157517
0.6070502519143277 0.803399141158176
0.5989694438335196 0.8155203532793881
0.5585654034294791 0.8397627775218124
0.546444191308267 0.8478435856026204
0.5222017670658428 0.8680456058046406
0.5302825751466509 0.8761264138854487
0.5019997468638226 0.8801668179258527
0.5100805549446307 0.8882476260066607
0.45755530241937814 0.8963284340874689
0.4009896458537216 0.9246112623702971
0.3686664135304893 0.9367324744915093
0.35654520140927715 0.9448132825723174
0.3929088377729135 0.9488536866127214
0.31614116100523676 0.9650153027743376
0.3040199488840246 0.9690557068147416
