# x y
0.6998952810671413 0.710469848228883
0.6958548770267372 0.7145102522692871
0.6998952810671413 0.7145102522692871
0.6918144729863333 0.7185506563096911
0.6958548770267372 0.7185506563096911
0.6998952810671413 0.7185506563096911
0.6877740689459292 0.7225910603500951
0.6918144729863333 0.7225910603500951
0.6958548770267372 0.7225910603500951
0.6837336649055251 0.7266314643904992
0.6877740689459292 0.7266314643904992
0.6918144729863333 0.7266314643904992
0.6796932608651212 0.7306718684309033
0.6837336649055251 0.7306718684309033
0.6877740689459292 0.7306718684309033
0.6756528568247171 0.7347122724713073
0.6796932608651212 0.7347122724713073
0.6837336649055251 0.7347122724713073
0.671612452784313 0.7387526765117113
0.6756528568247171 0.7387526765117113
0.6796932608651212 0.7387526765117113
0.6635316447035049 0.7427930805521153
0.667572048743909 0.7427930805521153
0.671612452784313 0.7427930805521153
0.6594912406631008 0.7468334845925194
0.6635316447035049 0.7468334845925194
0.667572048743909 0.7468334845925194
0.6554508366226969 0.7508738886329235
0.6594912406631008 0.7508738886329235
0.6635316447035049 0.7508738886329235
0.6514104325822928 0.7549142926733274
0.6554508366226969 0.7549142926733274
0.6594912406631008 0.7549142926733274
0.6473700285418889 0.7589546967137315
0.6514104325822928 0.7589546967137315
0.6554508366226969 0.7589546967137315
0.6433296245014848 0.7629951007541356
0.6473700285418889 0.7629951007541356
0.6514104325822928 0.7629951007541356
0.6352488164206767 0.7670355047945396
0.6392892204610807 0.7670355047945396
0.6433296245014848 0.7670355047945396
0.6473700285418889 0.7670355047945396
0.6312084123802726 0.7710759088349436
0.6352488164206767 0.7710759088349436
0.6392892204610807 0.7710759088349436
0.6271680083398685 0.7751163128753477
0.6312084123802726 0.7751163128753477
0.6352488164206767 0.7751163128753477
0.6231276042994645 0.7791567169157517
0.6271680083398685 0.7791567169157517
0.6312084123802726 0.7791567169157517
0.6150467962186564 0.7831971209561558
0.6190872002590605 0.7831971209561558
0.6231276042994645 0.7831971209561558
0.6271680083398685 0.7831971209561558
0.6110063921782525 0.7872375249965597
0.6150467962186564 0.7872375249965597
0.6190872002590605 0.7872375249965597
0.6231276042994645 0.7872375249965597
0.6069659881378484 0.7912779290369638
0.6110063921782525 0.7912779290369638
0.6150467962186564 0.7912779290369638
0.6029255840974443 0.7953183330773679
0.6069659881378484 0.7953183330773679
0.6110063921782525 0.7953183330773679
0.5948447760166362 0.799358737117772
0.5988851800570403 0.799358737117772
0.6029255840974443 0.799358737117772
0.6069659881378484 0.799358737117772
0.5908043719762321 0.803399141158176
0.5948447760166362 0.803399141158176
0.5988851800570403 0.803399141158176
0.5867639679358282 0.80743954519858
0.5908043719762321 0.80743954519858
0.5948447760166362 0.80743954519858
0.5786831598550202 0.811479949238984
0.5827235638954241 0.811479949238984
0.5867639679358282 0.811479949238984
0.5908043719762321 0.811479949238984
0.5746427558146161 0.8155203532793881
0.5786831598550202 0.8155203532793881
0.5827235638954241 0.8155203532793881
0.566561947733808 0.819560757319792
0.570602351774212 0.819560757319792
0.5746427558146161 0.819560757319792
0.5786831598550202 0.819560757319792
0.5625215436934039 0.8236011613601961
0.566561947733808 0.8236011613601961
0.570602351774212 0.8236011613601961
0.5544407356125958 0.8276415654006002
0.5584811396529998 0.8276415654006002
0.5625215436934039 0.8276415654006002
0.566561947733808 0.8276415654006002
0.5504003315721918 0.8316819694410043
0.5544407356125958 0.8316819694410043
0.5584811396529998 0.8316819694410043
0.5625215436934039 0.8316819694410043
0.5423195234913838 0.8357223734814083
0.5463599275317877 0.8357223734814083
0.5504003315721918 0.8357223734814083
0.5544407356125958 0.8357223734814083
0.5382791194509797 0.8397627775218124
0.5423195234913838 0.8397627775218124
0.5463599275317877 0.8397627775218124
0.5504003315721918 0.8397627775218124
0.5301983113701716 0.8438031815622163
0.5342387154105757 0.8438031815622163
0.5382791194509797 0.8438031815622163
0.5423195234913838 0.8438031815622163
0.5261579073297675 0.8478435856026204
0.5301983113701716 0.8478435856026204
0.5342387154105757 0.8478435856026204
0.5180770992489595 0.8518839896430245
0.5221175032893635 0.8518839896430245
0.5261579073297675 0.8518839896430245
0.5301983113701716 0.8518839896430245
0.5099962911681514 0.8559243936834284
0.5140366952085554 0.8559243936834284
0.5180770992489595 0.8559243936834284
0.5221175032893635 0.8559243936834284
0.5059558871277474 0.8599647977238325
0.5099962911681514 0.8599647977238325
0.5140366952085554 0.8599647977238325
0.5180770992489595 0.8599647977238325
0.4978750790469393 0.8640052017642366
0.5019154830873434 0.8640052017642366
0.5059558871277474 0.8640052017642366
0.5099962911681514 0.8640052017642366
0.4897942709661312 0.8680456058046406
0.4938346750065352 0.8680456058046406
0.4978750790469393 0.8680456058046406
0.5019154830873434 0.8680456058046406
0.48171346288532313 0.8720860098450447
0.4857538669257272 0.8720860098450447
0.4897942709661312 0.8720860098450447
0.4938346750065352 0.8720860098450447
0.47363265480451505 0.8761264138854487
0.47767305884491906 0.8761264138854487
0.48171346288532313 0.8761264138854487
0.4857538669257272 0.8761264138854487
0.4897942709661312 0.8761264138854487
0.46959225076411104 0.8801668179258527
0.47363265480451505 0.8801668179258527
0.47767305884491906 0.8801668179258527
0.48171346288532313 0.8801668179258527
0.4615114426833029 0.8842072219662568
0.465551846723707 0.8842072219662568
0.46959225076411104 0.8842072219662568
0.47363265480451505 0.8842072219662568
0.45343063460249483 0.8882476260066607
0.45747103864289884 0.8882476260066607
0.4615114426833029 0.8882476260066607
0.465551846723707 0.8882476260066607
0.44534982652168675 0.8922880300470648
0.4493902305620908 0.8922880300470648
0.45343063460249483 0.8922880300470648
0.45747103864289884 0.8922880300470648
0.4372690184408787 0.8963284340874689
0.4413094224812827 0.8963284340874689
0.44534982652168675 0.8963284340874689
0.4493902305620908 0.8963284340874689
0.4291882103600706 0.9003688381278729
0.43322861440047467 0.9003688381278729
0.4372690184408787 0.9003688381278729
0.4413094224812827 0.9003688381278729
0.4170669982388585 0.904409242168277
0.4211074022792625 0.904409242168277
0.42514780631966653 0.904409242168277
0.4291882103600706 0.904409242168277
0.43322861440047467 0.904409242168277
0.4089861901580504 0.9084496462086811
0.41302659419845444 0.9084496462086811
0.4170669982388585 0.9084496462086811
0.4211074022792625 0.9084496462086811
0.42514780631966653 0.9084496462086811
0.4009053820772423 0.912490050249085
0.40494578611764637 0.912490050249085
0.4089861901580504 0.912490050249085
0.41302659419845444 0.912490050249085
0.4170669982388585 0.912490050249085
0.3928245739964342 0.9165304542894891
0.3968649780368383 0.9165304542894891
0.4009053820772423 0.9165304542894891
0.40494578611764637 0.9165304542894891
0.4089861901580504 0.9165304542894891
0.38070336187522213 0.920570858329893
0.38474376591562615 0.920570858329893
0.3887841699560302 0.920570858329893
0.3928245739964342 0.920570858329893
0.3968649780368383 0.920570858329893
0.372622553794414 0.9246112623702971
0.37666295783481807 0.9246112623702971
0.38070336187522213 0.9246112623702971
0.38474376591562615 0.9246112623702971
0.3887841699560302 0.9246112623702971
0.3605013416732019 0.9286516664107012
0.364541745713606 0.9286516664107012
0.36858214975401 0.9286516664107012
0.372622553794414 0.9286516664107012
0.37666295783481807 0.9286516664107012
0.38070336187522213 0.9286516664107012
0.35242053359239384 0.9326920704511052
0.35646093763279785 0.9326920704511052
0.3605013416732019 0.9326920704511052
0.364541745713606 0.9326920704511052
0.36858214975401 0.9326920704511052
0.3402993214711817 0.9367324744915093
0.34433972551158576 0.9367324744915093
0.3483801295519898 0.9367324744915093
0.35242053359239384 0.9367324744915093
0.35646093763279785 0.9367324744915093
0.3605013416732019 0.9367324744915093
0.3281781093499696 0.9407728785319134
0.3322185133903736 0.9407728785319134
0.3362589174307777 0.9407728785319134
0.3402993214711817 0.9407728785319134
0.34433972551158576 0.9407728785319134
0.3483801295519898 0.9407728785319134
0.31605689722875746 0.9448132825723174
0.32009730126916147 0.9448132825723174
0.32413770530956554 0.9448132825723174
0.3281781093499696 0.9448132825723174
0.3322185133903736 0.9448132825723174
0.3362589174307777 0.9448132825723174
0.3039356851075453 0.9488536866127214
0.3079760891479494 0.9488536866127214
0.31201649318835345 0.9488536866127214
0.31605689722875746 0.9488536866127214
0.32009730126916147 0.9488536866127214
0.32413770530956554 0.9488536866127214
0.3281781093499696 0.9488536866127214
0.2998952810671413 0.9528940906531255
0.3039356851075453 0.9528940906531255
0.3079760891479494 0.9528940906531255
0.31201649318835345 0.9528940906531255
0.31605689722875746 0.9528940906531255
0.2998952810671413 0.9569344946935294
