# x y
0.6932991598430873 0.702389040148075
0.6892587558026833 0.706429444188479
0.6932991598430873 0.706429444188479
0.6811779477218751 0.710469848228883
0.6852183517622792 0.710469848228883
0.6892587558026833 0.710469848228883
0.6932991598430873 0.710469848228883
0.677137543681471 0.7145102522692871
0.6811779477218751 0.7145102522692871
0.6852183517622792 0.7145102522692871
0.6892587558026833 0.7145102522692871
0.6932991598430873 0.7145102522692871
0.673097139641067 0.7185506563096911
0.677137543681471 0.7185506563096911
0.6811779477218751 0.7185506563096911
0.6852183517622792 0.7185506563096911
0.6892587558026833 0.7185506563096911
0.6932991598430873 0.7185506563096911
0.6690567356006629 0.7225910603500951
0.673097139641067 0.7225910603500951
0.677137543681471 0.7225910603500951
0.6811779477218751 0.7225910603500951
0.6852183517622792 0.7225910603500951
0.6892587558026833 0.7225910603500951
0.6932991598430873 0.7225910603500951
0.665016331560259 0.7266314643904992
0.6690567356006629 0.7266314643904992
0.673097139641067 0.7266314643904992
0.677137543681471 0.7266314643904992
0.6811779477218751 0.7266314643904992
0.6852183517622792 0.7266314643904992
0.6892587558026833 0.7266314643904992
0.6932991598430873 0.7266314643904992
0.6609759275198549 0.7306718684309033
0.665016331560259 0.7306718684309033
0.6690567356006629 0.7306718684309033
0.673097139641067 0.7306718684309033
0.677137543681471 0.7306718684309033
0.6811779477218751 0.7306718684309033
0.6852183517622792 0.7306718684309033
0.6892587558026833 0.7306718684309033
0.6932991598430873 0.7306718684309033
0.656935523479451 0.7347122724713073
0.6609759275198549 0.7347122724713073
0.665016331560259 0.7347122724713073
0.6690567356006629 0.7347122724713073
0.673097139641067 0.7347122724713073
0.677137543681471 0.7347122724713073
0.6811779477218751 0.7347122724713073
0.6852183517622792 0.7347122724713073
0.6892587558026833 0.7347122724713073
0.6488547153986428 0.7387526765117113
0.6528951194390469 0.7387526765117113
0.656935523479451 0.7387526765117113
0.6609759275198549 0.7387526765117113
0.665016331560259 0.7387526765117113
0.6690567356006629 0.7387526765117113
0.673097139641067 0.7387526765117113
0.677137543681471 0.7387526765117113
0.6811779477218751 0.7387526765117113
0.6852183517622792 0.7387526765117113
0.6448143113582387 0.7427930805521153
0.6488547153986428 0.7427930805521153
0.6528951194390469 0.7427930805521153
0.656935523479451 0.7427930805521153
0.6609759275198549 0.7427930805521153
0.665016331560259 0.7427930805521153
0.6690567356006629 0.7427930805521153
0.673097139641067 0.7427930805521153
0.677137543681471 0.7427930805521153
0.6811779477218751 0.7427930805521153
0.6407739073178347 0.7468334845925194
0.6448143113582387 0.7468334845925194
0.6488547153986428 0.7468334845925194
0.6528951194390469 0.7468334845925194
0.656935523479451 0.7468334845925194
0.6609759275198549 0.7468334845925194
0.665016331560259 0.7468334845925194
0.6690567356006629 0.7468334845925194
0.673097139641067 0.7468334845925194
0.677137543681471 0.7468334845925194
0.6367335032774306 0.7508738886329235
0.6407739073178347 0.7508738886329235
0.6448143113582387 0.7508738886329235
0.6488547153986428 0.7508738886329235
0.6528951194390469 0.7508738886329235
0.656935523479451 0.7508738886329235
0.6609759275198549 0.7508738886329235
0.665016331560259 0.7508738886329235
0.6690567356006629 0.7508738886329235
0.673097139641067 0.7508738886329235
0.6326930992370267 0.7549142926733274
0.6367335032774306 0.7549142926733274
0.6407739073178347 0.7549142926733274
0.6448143113582387 0.7549142926733274
0.6488547153986428 0.7549142926733274
0.6528951194390469 0.7549142926733274
0.656935523479451 0.7549142926733274
0.6609759275198549 0.7549142926733274
0.665016331560259 0.7549142926733274
0.6690567356006629 0.7549142926733274
0.6246122911562186 0.7589546967137315
0.6286526951966226 0.7589546967137315
0.6326930992370267 0.7589546967137315
0.6367335032774306 0.7589546967137315
0.6407739073178347 0.7589546967137315
0.6448143113582387 0.7589546967137315
0.6488547153986428 0.7589546967137315
0.6528951194390469 0.7589546967137315
0.656935523479451 0.7589546967137315
0.6609759275198549 0.7589546967137315
0.6205718871158146 0.7629951007541356
0.6246122911562186 0.7629951007541356
0.6286526951966226 0.7629951007541356
0.6326930992370267 0.7629951007541356
0.6367335032774306 0.7629951007541356
0.6407739073178347 0.7629951007541356
0.6448143113582387 0.7629951007541356
0.6488547153986428 0.7629951007541356
0.6528951194390469 0.7629951007541356
0.656935523479451 0.7629951007541356
0.6165314830754105 0.7670355047945396
0.6205718871158146 0.7670355047945396
0.6246122911562186 0.7670355047945396
0.6286526951966226 0.7670355047945396
0.6326930992370267 0.7670355047945396
0.6367335032774306 0.7670355047945396
0.6407739073178347 0.7670355047945396
0.6448143113582387 0.7670355047945396
0.6488547153986428 0.7670355047945396
0.6528951194390469 0.7670355047945396
0.6084506749946024 0.7710759088349436
0.6124910790350064 0.7710759088349436
0.6165314830754105 0.7710759088349436
0.6205718871158146 0.7710759088349436
0.6246122911562186 0.7710759088349436
0.6286526951966226 0.7710759088349436
0.6326930992370267 0.7710759088349436
0.6367335032774306 0.7710759088349436
0.6407739073178347 0.7710759088349436
0.6448143113582387 0.7710759088349436
0.6488547153986428 0.7710759088349436
0.6044102709541983 0.7751163128753477
0.6084506749946024 0.7751163128753477
0.6124910790350064 0.7751163128753477
0.6165314830754105 0.7751163128753477
0.6205718871158146 0.7751163128753477
0.6246122911562186 0.7751163128753477
0.6286526951966226 0.7751163128753477
0.6326930992370267 0.7751163128753477
0.6367335032774306 0.7751163128753477
0.6407739073178347 0.7751163128753477
0.6448143113582387 0.7751163128753477
0.6003698669137942 0.7791567169157517
0.6044102709541983 0.7791567169157517
0.6084506749946024 0.7791567169157517
0.6124910790350064 0.7791567169157517
0.6165314830754105 0.7791567169157517
0.6205718871158146 0.7791567169157517
0.6246122911562186 0.7791567169157517
0.6286526951966226 0.7791567169157517
0.6326930992370267 0.7791567169157517
0.6367335032774306 0.7791567169157517
0.6407739073178347 0.7791567169157517
0.5922890588329862 0.7831971209561558
0.5963294628733903 0.7831971209561558
0.6003698669137942 0.7831971209561558
0.6044102709541983 0.7831971209561558
0.6084506749946024 0.7831971209561558
0.6124910790350064 0.7831971209561558
0.6165314830754105 0.7831971209561558
0.6205718871158146 0.7831971209561558
0.6246122911562186 0.7831971209561558
0.6286526951966226 0.7831971209561558
0.6326930992370267 0.7831971209561558
0.6367335032774306 0.7831971209561558
0.5882486547925823 0.7872375249965597
0.5922890588329862 0.7872375249965597
0.5963294628733903 0.7872375249965597
0.6003698669137942 0.7872375249965597
0.6044102709541983 0.7872375249965597
0.6084506749946024 0.7872375249965597
0.6124910790350064 0.7872375249965597
0.6165314830754105 0.7872375249965597
0.6205718871158146 0.7872375249965597
0.6246122911562186 0.7872375249965597
0.6286526951966226 0.7872375249965597
0.5842082507521782 0.7912779290369638
0.5882486547925823 0.7912779290369638
0.5922890588329862 0.7912779290369638
0.5963294628733903 0.7912779290369638
0.6003698669137942 0.7912779290369638
0.6044102709541983 0.7912779290369638
0.6084506749946024 0.7912779290369638
0.6124910790350064 0.7912779290369638
0.6165314830754105 0.7912779290369638
0.6205718871158146 0.7912779290369638
0.6246122911562186 0.7912779290369638
0.5761274426713701 0.7953183330773679
0.5801678467117741 0.7953183330773679
0.5842082507521782 0.7953183330773679
0.5882486547925823 0.7953183330773679
0.5922890588329862 0.7953183330773679
0.5963294628733903 0.7953183330773679
0.6003698669137942 0.7953183330773679
0.6044102709541983 0.7953183330773679
0.6084506749946024 0.7953183330773679
0.6124910790350064 0.7953183330773679
0.6165314830754105 0.7953183330773679
0.6205718871158146 0.7953183330773679
0.572087038630966 0.799358737117772
0.5761274426713701 0.799358737117772
0.5801678467117741 0.799358737117772
0.5842082507521782 0.799358737117772
0.5882486547925823 0.799358737117772
0.5922890588329862 0.799358737117772
0.5963294628733903 0.799358737117772
0.6003698669137942 0.799358737117772
0.6044102709541983 0.799358737117772
0.6084506749946024 0.799358737117772
0.6124910790350064 0.799358737117772
0.6165314830754105 0.799358737117772
0.564006230550158 0.803399141158176
0.5680466345905619 0.803399141158176
0.572087038630966 0.803399141158176
0.5761274426713701 0.803399141158176
0.5801678467117741 0.803399141158176
0.5842082507521782 0.803399141158176
0.5882486547925823 0.803399141158176
0.5922890588329862 0.803399141158176
0.5963294628733903 0.803399141158176
0.6003698669137942 0.803399141158176
0.6044102709541983 0.803399141158176
0.6084506749946024 0.803399141158176
0.5599658265097539 0.80743954519858
0.564006230550158 0.80743954519858
0.5680466345905619 0.80743954519858
0.572087038630966 0.80743954519858
0.5761274426713701 0.80743954519858
0.5801678467117741 0.80743954519858
0.5842082507521782 0.80743954519858
0.5882486547925823 0.80743954519858
0.5922890588329862 0.80743954519858
0.5963294628733903 0.80743954519858
0.6003698669137942 0.80743954519858
0.6044102709541983 0.80743954519858
0.5518850184289459 0.811479949238984
0.55592542246935 0.811479949238984
0.5599658265097539 0.811479949238984
0.564006230550158 0.811479949238984
0.5680466345905619 0.811479949238984
0.572087038630966 0.811479949238984
0.5761274426713701 0.811479949238984
0.5801678467117741 0.811479949238984
0.5842082507521782 0.811479949238984
0.5882486547925823 0.811479949238984
0.5922890588329862 0.811479949238984
0.5963294628733903 0.811479949238984
0.6003698669137942 0.811479949238984
0.5478446143885418 0.8155203532793881
0.5518850184289459 0.8155203532793881
0.55592542246935 0.8155203532793881
0.5599658265097539 0.8155203532793881
0.564006230550158 0.8155203532793881
0.5680466345905619 0.8155203532793881
0.572087038630966 0.8155203532793881
0.5761274426713701 0.8155203532793881
0.5801678467117741 0.8155203532793881
0.5842082507521782 0.8155203532793881
0.5882486547925823 0.8155203532793881
0.5922890588329862 0.8155203532793881
0.5963294628733903 0.8155203532793881
0.5397638063077337 0.819560757319792
0.5438042103481378 0.819560757319792
0.5478446143885418 0.819560757319792
0.5518850184289459 0.819560757319792
0.55592542246935 0.819560757319792
0.5599658265097539 0.819560757319792
0.564006230550158 0.819560757319792
0.5680466345905619 0.819560757319792
0.572087038630966 0.819560757319792
0.5761274426713701 0.819560757319792
0.5801678467117741 0.819560757319792
0.5842082507521782 0.819560757319792
0.5882486547925823 0.819560757319792
0.5316829982269257 0.8236011613601961
0.5357234022673296 0.8236011613601961
0.5397638063077337 0.8236011613601961
0.5438042103481378 0.8236011613601961
0.5478446143885418 0.8236011613601961
0.5518850184289459 0.8236011613601961
0.55592542246935 0.8236011613601961
0.5599658265097539 0.8236011613601961
0.564006230550158 0.8236011613601961
0.5680466345905619 0.8236011613601961
0.572087038630966 0.8236011613601961
0.5761274426713701 0.8236011613601961
0.5801678467117741 0.8236011613601961
0.5842082507521782 0.8236011613601961
0.5276425941865216 0.8276415654006002
0.5316829982269257 0.8276415654006002
0.5357234022673296 0.8276415654006002
0.5397638063077337 0.8276415654006002
0.5438042103481378 0.8276415654006002
0.5478446143885418 0.8276415654006002
0.5518850184289459 0.8276415654006002
0.55592542246935 0.8276415654006002
0.5599658265097539 0.8276415654006002
0.564006230550158 0.8276415654006002
0.5680466345905619 0.8276415654006002
0.572087038630966 0.8276415654006002
0.5761274426713701 0.8276415654006002
0.5195617861057136 0.8316819694410043
0.5236021901461175 0.8316819694410043
0.5276425941865216 0.8316819694410043
0.5316829982269257 0.8316819694410043
0.5357234022673296 0.8316819694410043
0.5397638063077337 0.8316819694410043
0.5438042103481378 0.8316819694410043
0.5478446143885418 0.8316819694410043
0.5518850184289459 0.8316819694410043
0.55592542246935 0.8316819694410043
0.5599658265097539 0.8316819694410043
0.564006230550158 0.8316819694410043
0.5680466345905619 0.8316819694410043
0.572087038630966 0.8316819694410043
0.5155213820653095 0.8357223734814083
0.5195617861057136 0.8357223734814083
0.5236021901461175 0.8357223734814083
0.5276425941865216 0.8357223734814083
0.5316829982269257 0.8357223734814083
0.5357234022673296 0.8357223734814083
0.5397638063077337 0.8357223734814083
0.5438042103481378 0.8357223734814083
0.5478446143885418 0.8357223734814083
0.5518850184289459 0.8357223734814083
0.55592542246935 0.8357223734814083
0.5599658265097539 0.8357223734814083
0.564006230550158 0.8357223734814083
0.5680466345905619 0.8357223734814083
0.5074405739845014 0.8397627775218124
0.5114809780249054 0.8397627775218124
0.5155213820653095 0.8397627775218124
0.5195617861057136 0.8397627775218124
0.5236021901461175 0.8397627775218124
0.5276425941865216 0.8397627775218124
0.5316829982269257 0.8397627775218124
0.5357234022673296 0.8397627775218124
0.5397638063077337 0.8397627775218124
0.5438042103481378 0.8397627775218124
0.5478446143885418 0.8397627775218124
0.5518850184289459 0.8397627775218124
0.55592542246935 0.8397627775218124
0.5599658265097539 0.8397627775218124
0.4993597659036933 0.8438031815622163
0.5034001699440973 0.8438031815622163
0.5074405739845014 0.8438031815622163
0.5114809780249054 0.8438031815622163
0.5155213820653095 0.8438031815622163
0.5195617861057136 0.8438031815622163
0.5236021901461175 0.8438031815622163
0.5276425941865216 0.8438031815622163
0.5316829982269257 0.8438031815622163
0.5357234022673296 0.8438031815622163
0.5397638063077337 0.8438031815622163
0.5438042103481378 0.8438031815622163
0.5478446143885418 0.8438031815622163
0.5518850184289459 0.8438031815622163
0.55592542246935 0.8438031815622163
0.4912789578228852 0.8478435856026204
0.4953193618632893 0.8478435856026204
0.4993597659036933 0.8478435856026204
0.5034001699440973 0.8478435856026204
0.5074405739845014 0.8478435856026204
0.5114809780249054 0.8478435856026204
0.5155213820653095 0.8478435856026204
0.5195617861057136 0.8478435856026204
0.5236021901461175 0.8478435856026204
0.5276425941865216 0.8478435856026204
0.5316829982269257 0.8478435856026204
0.5357234022673296 0.8478435856026204
0.5397638063077337 0.8478435856026204
0.5438042103481378 0.8478435856026204
0.5478446143885418 0.8478435856026204
0.48723855378248115 0.8518839896430245
0.4912789578228852 0.8518839896430245
0.4953193618632893 0.8518839896430245
0.4993597659036933 0.8518839896430245
0.5034001699440973 0.8518839896430245
0.5074405739845014 0.8518839896430245
0.5114809780249054 0.8518839896430245
0.5155213820653095 0.8518839896430245
0.5195617861057136 0.8518839896430245
0.5236021901461175 0.8518839896430245
0.5276425941865216 0.8518839896430245
0.5316829982269257 0.8518839896430245
0.5357234022673296 0.8518839896430245
0.5397638063077337 0.8518839896430245
0.5438042103481378 0.8518839896430245
0.47915774570167313 0.8559243936834284
0.48319814974207714 0.8559243936834284
0.48723855378248115 0.8559243936834284
0.4912789578228852 0.8559243936834284
0.4953193618632893 0.8559243936834284
0.4993597659036933 0.8559243936834284
0.5034001699440973 0.8559243936834284
0.5074405739845014 0.8559243936834284
0.5114809780249054 0.8559243936834284
0.5155213820653095 0.8559243936834284
0.5195617861057136 0.8559243936834284
0.5236021901461175 0.8559243936834284
0.5276425941865216 0.8559243936834284
0.5316829982269257 0.8559243936834284
0.5357234022673296 0.8559243936834284
0.471076937620865 0.8599647977238325
0.47511734166126907 0.8599647977238325
0.47915774570167313 0.8599647977238325
0.48319814974207714 0.8599647977238325
0.48723855378248115 0.8599647977238325
0.4912789578228852 0.8599647977238325
0.4953193618632893 0.8599647977238325
0.4993597659036933 0.8599647977238325
0.5034001699440973 0.8599647977238325
0.5074405739845014 0.8599647977238325
0.5114809780249054 0.8599647977238325
0.5155213820653095 0.8599647977238325
0.5195617861057136 0.8599647977238325
0.5236021901461175 0.8599647977238325
0.5276425941865216 0.8599647977238325
0.5316829982269257 0.8599647977238325
0.462996129540057 0.8640052017642366
0.467036533580461 0.8640052017642366
0.471076937620865 0.8640052017642366
0.47511734166126907 0.8640052017642366
0.47915774570167313 0.8640052017642366
0.48319814974207714 0.8640052017642366
0.48723855378248115 0.8640052017642366
0.4912789578228852 0.8640052017642366
0.4953193618632893 0.8640052017642366
0.4993597659036933 0.8640052017642366
0.5034001699440973 0.8640052017642366
0.5074405739845014 0.8640052017642366
0.5114809780249054 0.8640052017642366
0.5155213820653095 0.8640052017642366
0.5195617861057136 0.8640052017642366
0.5236021901461175 0.8640052017642366
0.45491532145924884 0.8680456058046406
0.4589557254996529 0.8680456058046406
0.462996129540057 0.8680456058046406
0.467036533580461 0.8680456058046406
0.471076937620865 0.8680456058046406
0.47511734166126907 0.8680456058046406
0.47915774570167313 0.8680456058046406
0.48319814974207714 0.8680456058046406
0.48723855378248115 0.8680456058046406
0.4912789578228852 0.8680456058046406
0.4953193618632893 0.8680456058046406
0.4993597659036933 0.8680456058046406
0.5034001699440973 0.8680456058046406
0.5074405739845014 0.8680456058046406
0.5114809780249054 0.8680456058046406
0.5155213820653095 0.8680456058046406
0.44683451337844077 0.8720860098450447
0.4508749174188448 0.8720860098450447
0.45491532145924884 0.8720860098450447
0.4589557254996529 0.8720860098450447
0.462996129540057 0.8720860098450447
0.467036533580461 0.8720860098450447
0.471076937620865 0.8720860098450447
0.47511734166126907 0.8720860098450447
0.47915774570167313 0.8720860098450447
0.48319814974207714 0.8720860098450447
0.48723855378248115 0.8720860098450447
0.4912789578228852 0.8720860098450447
0.4953193618632893 0.8720860098450447
0.4993597659036933 0.8720860098450447
0.5034001699440973 0.8720860098450447
0.5074405739845014 0.8720860098450447
0.5114809780249054 0.8720860098450447
0.4387537052976327 0.8761264138854487
0.44279410933803676 0.8761264138854487
0.44683451337844077 0.8761264138854487
0.4508749174188448 0.8761264138854487
0.45491532145924884 0.8761264138854487
0.4589557254996529 0.8761264138854487
0.462996129540057 0.8761264138854487
0.467036533580461 0.8761264138854487
0.471076937620865 0.8761264138854487
0.47511734166126907 0.8761264138854487
0.47915774570167313 0.8761264138854487
0.48319814974207714 0.8761264138854487
0.48723855378248115 0.8761264138854487
0.4912789578228852 0.8761264138854487
0.4953193618632893 0.8761264138854487
0.4993597659036933 0.8761264138854487
0.5034001699440973 0.8761264138854487
0.4306728972168246 0.8801668179258527
0.4347133012572286 0.8801668179258527
0.4387537052976327 0.8801668179258527
0.44279410933803676 0.8801668179258527
0.44683451337844077 0.8801668179258527
0.4508749174188448 0.8801668179258527
0.45491532145924884 0.8801668179258527
0.4589557254996529 0.8801668179258527
0.462996129540057 0.8801668179258527
0.467036533580461 0.8801668179258527
0.471076937620865 0.8801668179258527
0.47511734166126907 0.8801668179258527
0.47915774570167313 0.8801668179258527
0.48319814974207714 0.8801668179258527
0.48723855378248115 0.8801668179258527
0.4912789578228852 0.8801668179258527
0.4953193618632893 0.8801668179258527
0.42259208913601654 0.8842072219662568
0.4266324931764206 0.8842072219662568
0.4306728972168246 0.8842072219662568
0.4347133012572286 0.8842072219662568
0.4387537052976327 0.8842072219662568
0.44279410933803676 0.8842072219662568
0.44683451337844077 0.8842072219662568
0.4508749174188448 0.8842072219662568
0.45491532145924884 0.8842072219662568
0.4589557254996529 0.8842072219662568
0.462996129540057 0.8842072219662568
0.467036533580461 0.8842072219662568
0.471076937620865 0.8842072219662568
0.47511734166126907 0.8842072219662568
0.47915774570167313 0.8842072219662568
0.48319814974207714 0.8842072219662568
0.48723855378248115 0.8842072219662568
0.4912789578228852 0.8842072219662568
0.41451128105520846 0.8882476260066607
0.41855168509561247 0.8882476260066607
0.42259208913601654 0.8882476260066607
0.4266324931764206 0.8882476260066607
0.4306728972168246 0.8882476260066607
0.4347133012572286 0.8882476260066607
0.4387537052976327 0.8882476260066607
0.44279410933803676 0.8882476260066607
0.44683451337844077 0.8882476260066607
0.4508749174188448 0.8882476260066607
0.45491532145924884 0.8882476260066607
0.4589557254996529 0.8882476260066607
0.462996129540057 0.8882476260066607
0.467036533580461 0.8882476260066607
0.471076937620865 0.8882476260066607
0.47511734166126907 0.8882476260066607
0.47915774570167313 0.8882476260066607
0.48319814974207714 0.8882476260066607
0.4023900689339963 0.8922880300470648
0.4064304729744004 0.8922880300470648
0.41047087701480445 0.8922880300470648
0.41451128105520846 0.8922880300470648
0.41855168509561247 0.8922880300470648
0.42259208913601654 0.8922880300470648
0.4266324931764206 0.8922880300470648
0.4306728972168246 0.8922880300470648
0.4347133012572286 0.8922880300470648
0.4387537052976327 0.8922880300470648
0.44279410933803676 0.8922880300470648
0.44683451337844077 0.8922880300470648
0.4508749174188448 0.8922880300470648
0.45491532145924884 0.8922880300470648
0.4589557254996529 0.8922880300470648
0.462996129540057 0.8922880300470648
0.467036533580461 0.8922880300470648
0.471076937620865 0.8922880300470648
0.47511734166126907 0.8922880300470648
0.39430926085318824 0.8963284340874689
0.3983496648935923 0.8963284340874689
0.4023900689339963 0.8963284340874689
0.4064304729744004 0.8963284340874689
0.41047087701480445 0.8963284340874689
0.41451128105520846 0.8963284340874689
0.41855168509561247 0.8963284340874689
0.42259208913601654 0.8963284340874689
0.4266324931764206 0.8963284340874689
0.4306728972168246 0.8963284340874689
0.4347133012572286 0.8963284340874689
0.4387537052976327 0.8963284340874689
0.44279410933803676 0.8963284340874689
0.44683451337844077 0.8963284340874689
0.4508749174188448 0.8963284340874689
0.45491532145924884 0.8963284340874689
0.4589557254996529 0.8963284340874689
0.462996129540057 0.8963284340874689
0.467036533580461 0.8963284340874689
0.38622845277238016 0.9003688381278729
0.3902688568127842 0.9003688381278729
0.39430926085318824 0.9003688381278729
0.3983496648935923 0.9003688381278729
0.4023900689339963 0.9003688381278729
0.4064304729744004 0.9003688381278729
0.41047087701480445 0.9003688381278729
0.41451128105520846 0.9003688381278729
0.41855168509561247 0.9003688381278729
0.42259208913601654 0.9003688381278729
0.4266324931764206 0.9003688381278729
0.4306728972168246 0.9003688381278729
0.4347133012572286 0.9003688381278729
0.4387537052976327 0.9003688381278729
0.44279410933803676 0.9003688381278729
0.44683451337844077 0.9003688381278729
0.4508749174188448 0.9003688381278729
0.45491532145924884 0.9003688381278729
0.4589557254996529 0.9003688381278729
0.37410724065116807 0.904409242168277
0.3781476446915721 0.904409242168277
0.38218804873197615 0.904409242168277
0.38622845277238016 0.904409242168277
0.3902688568127842 0.904409242168277
0.39430926085318824 0.904409242168277
0.3983496648935923 0.904409242168277
0.4023900689339963 0.904409242168277
0.4064304729744004 0.904409242168277
0.41047087701480445 0.904409242168277
0.41451128105520846 0.904409242168277
0.41855168509561247 0.904409242168277
0.42259208913601654 0.904409242168277
0.4266324931764206 0.904409242168277
0.4306728972168246 0.904409242168277
0.4347133012572286 0.904409242168277
0.4387537052976327 0.904409242168277
0.44279410933803676 0.904409242168277
0.44683451337844077 0.904409242168277
0.4508749174188448 0.904409242168277
0.45491532145924884 0.904409242168277
0.36602643257035994 0.9084496462086811
0.370066836610764 0.9084496462086811
0.37410724065116807 0.9084496462086811
0.3781476446915721 0.9084496462086811
0.38218804873197615 0.9084496462086811
0.38622845277238016 0.9084496462086811
0.3902688568127842 0.9084496462086811
0.39430926085318824 0.9084496462086811
0.3983496648935923 0.9084496462086811
0.4023900689339963 0.9084496462086811
0.4064304729744004 0.9084496462086811
0.41047087701480445 0.9084496462086811
0.41451128105520846 0.9084496462086811
0.41855168509561247 0.9084496462086811
0.42259208913601654 0.9084496462086811
0.4266324931764206 0.9084496462086811
0.4306728972168246 0.9084496462086811
0.4347133012572286 0.9084496462086811
0.4387537052976327 0.9084496462086811
0.44279410933803676 0.9084496462086811
0.44683451337844077 0.9084496462086811
0.35390522044914785 0.912490050249085
0.3579456244895519 0.912490050249085
0.3619860285299559 0.912490050249085
0.36602643257035994 0.912490050249085
0.370066836610764 0.912490050249085
0.37410724065116807 0.912490050249085
0.3781476446915721 0.912490050249085
0.38218804873197615 0.912490050249085
0.38622845277238016 0.912490050249085
0.3902688568127842 0.912490050249085
0.39430926085318824 0.912490050249085
0.3983496648935923 0.912490050249085
0.4023900689339963 0.912490050249085
0.4064304729744004 0.912490050249085
0.41047087701480445 0.912490050249085
0.41451128105520846 0.912490050249085
0.41855168509561247 0.912490050249085
0.42259208913601654 0.912490050249085
0.4266324931764206 0.912490050249085
0.4306728972168246 0.912490050249085
0.4347133012572286 0.912490050249085
0.4387537052976327 0.912490050249085
0.3458244123683398 0.9165304542894891
0.3498648164087438 0.9165304542894891
0.35390522044914785 0.9165304542894891
0.3579456244895519 0.9165304542894891
0.3619860285299559 0.9165304542894891
0.36602643257035994 0.9165304542894891
0.370066836610764 0.9165304542894891
0.37410724065116807 0.9165304542894891
0.3781476446915721 0.9165304542894891
0.38218804873197615 0.9165304542894891
0.38622845277238016 0.9165304542894891
0.3902688568127842 0.9165304542894891
0.39430926085318824 0.9165304542894891
0.3983496648935923 0.9165304542894891
0.4023900689339963 0.9165304542894891
0.4064304729744004 0.9165304542894891
0.41047087701480445 0.9165304542894891
0.41451128105520846 0.9165304542894891
0.41855168509561247 0.9165304542894891
0.42259208913601654 0.9165304542894891
0.4266324931764206 0.9165304542894891
0.33370320024712763 0.920570858329893
0.3377436042875317 0.920570858329893
0.34178400832793576 0.920570858329893
0.3458244123683398 0.920570858329893
0.3498648164087438 0.920570858329893
0.35390522044914785 0.920570858329893
0.3579456244895519 0.920570858329893
0.3619860285299559 0.920570858329893
0.36602643257035994 0.920570858329893
0.370066836610764 0.920570858329893
0.37410724065116807 0.920570858329893
0.3781476446915721 0.920570858329893
0.38218804873197615 0.920570858329893
0.38622845277238016 0.920570858329893
0.3902688568127842 0.920570858329893
0.39430926085318824 0.920570858329893
0.3983496648935923 0.920570858329893
0.4023900689339963 0.920570858329893
0.4064304729744004 0.920570858329893
0.41047087701480445 0.920570858329893
0.41451128105520846 0.920570858329893
0.41855168509561247 0.920570858329893
0.32158198812591554 0.9246112623702971
0.32562239216631955 0.9246112623702971
0.3296627962067236 0.9246112623702971
0.33370320024712763 0.9246112623702971
0.3377436042875317 0.9246112623702971
0.34178400832793576 0.9246112623702971
0.3458244123683398 0.9246112623702971
0.3498648164087438 0.9246112623702971
0.35390522044914785 0.9246112623702971
0.3579456244895519 0.9246112623702971
0.3619860285299559 0.9246112623702971
0.36602643257035994 0.9246112623702971
0.370066836610764 0.9246112623702971
0.37410724065116807 0.9246112623702971
0.3781476446915721 0.9246112623702971
0.38218804873197615 0.9246112623702971
0.38622845277238016 0.9246112623702971
0.3902688568127842 0.9246112623702971
0.39430926085318824 0.9246112623702971
0.3983496648935923 0.9246112623702971
0.4023900689339963 0.9246112623702971
0.4064304729744004 0.9246112623702971
0.41047087701480445 0.9246112623702971
0.3094607760047034 0.9286516664107012
0.3135011800451074 0.9286516664107012
0.3175415840855115 0.9286516664107012
0.32158198812591554 0.9286516664107012
0.32562239216631955 0.9286516664107012
0.3296627962067236 0.9286516664107012
0.33370320024712763 0.9286516664107012
0.3377436042875317 0.9286516664107012
0.34178400832793576 0.9286516664107012
0.3458244123683398 0.9286516664107012
0.3498648164087438 0.9286516664107012
0.35390522044914785 0.9286516664107012
0.3579456244895519 0.9286516664107012
0.3619860285299559 0.9286516664107012
0.36602643257035994 0.9286516664107012
0.370066836610764 0.9286516664107012
0.37410724065116807 0.9286516664107012
0.3781476446915721 0.9286516664107012
0.38218804873197615 0.9286516664107012
0.38622845277238016 0.9286516664107012
0.3902688568127842 0.9286516664107012
0.39430926085318824 0.9286516664107012
0.3983496648935923 0.9286516664107012
0.4023900689339963 0.9286516664107012
0.29733956388349125 0.9326920704511052
0.3013799679238953 0.9326920704511052
0.3054203719642994 0.9326920704511052
0.3094607760047034 0.9326920704511052
0.3135011800451074 0.9326920704511052
0.3175415840855115 0.9326920704511052
0.32158198812591554 0.9326920704511052
0.32562239216631955 0.9326920704511052
0.3296627962067236 0.9326920704511052
0.33370320024712763 0.9326920704511052
0.3377436042875317 0.9326920704511052
0.34178400832793576 0.9326920704511052
0.3458244123683398 0.9326920704511052
0.3498648164087438 0.9326920704511052
0.35390522044914785 0.9326920704511052
0.3579456244895519 0.9326920704511052
0.3619860285299559 0.9326920704511052
0.36602643257035994 0.9326920704511052
0.370066836610764 0.9326920704511052
0.37410724065116807 0.9326920704511052
0.3781476446915721 0.9326920704511052
0.38218804873197615 0.9326920704511052
0.38622845277238016 0.9326920704511052
0.3902688568127842 0.9326920704511052
0.39430926085318824 0.9326920704511052
0.29329915984308724 0.9367324744915093
0.29733956388349125 0.9367324744915093
0.3013799679238953 0.9367324744915093
0.3054203719642994 0.9367324744915093
0.3094607760047034 0.9367324744915093
0.3135011800451074 0.9367324744915093
0.3175415840855115 0.9367324744915093
0.32158198812591554 0.9367324744915093
0.32562239216631955 0.9367324744915093
0.3296627962067236 0.9367324744915093
0.33370320024712763 0.9367324744915093
0.3377436042875317 0.9367324744915093
0.34178400832793576 0.9367324744915093
0.3458244123683398 0.9367324744915093
0.3498648164087438 0.9367324744915093
0.35390522044914785 0.9367324744915093
0.3579456244895519 0.9367324744915093
0.3619860285299559 0.9367324744915093
0.36602643257035994 0.9367324744915093
0.370066836610764 0.9367324744915093
0.37410724065116807 0.9367324744915093
0.3781476446915721 0.9367324744915093
0.38218804873197615 0.9367324744915093
0.29329915984308724 0.9407728785319134
0.29733956388349125 0.9407728785319134
0.3013799679238953 0.9407728785319134
0.3054203719642994 0.9407728785319134
0.3094607760047034 0.9407728785319134
0.3135011800451074 0.9407728785319134
0.3175415840855115 0.9407728785319134
0.32158198812591554 0.9407728785319134
0.32562239216631955 0.9407728785319134
0.3296627962067236 0.9407728785319134
0.33370320024712763 0.9407728785319134
0.3377436042875317 0.9407728785319134
0.34178400832793576 0.9407728785319134
0.3458244123683398 0.9407728785319134
0.3498648164087438 0.9407728785319134
0.35390522044914785 0.9407728785319134
0.3579456244895519 0.9407728785319134
0.3619860285299559 0.9407728785319134
0.36602643257035994 0.9407728785319134
0.370066836610764 0.9407728785319134
0.37410724065116807 0.9407728785319134
0.29329915984308724 0.9448132825723174
0.29733956388349125 0.9448132825723174
0.3013799679238953 0.9448132825723174
0.3054203719642994 0.9448132825723174
0.3094607760047034 0.9448132825723174
0.3135011800451074 0.9448132825723174
0.3175415840855115 0.9448132825723174
0.32158198812591554 0.9448132825723174
0.32562239216631955 0.9448132825723174
0.3296627962067236 0.9448132825723174
0.33370320024712763 0.9448132825723174
0.3377436042875317 0.9448132825723174
0.34178400832793576 0.9448132825723174
0.3458244123683398 0.9448132825723174
0.3498648164087438 0.9448132825723174
0.35390522044914785 0.9448132825723174
0.3579456244895519 0.9448132825723174
0.3619860285299559 0.9448132825723174
0.29329915984308724 0.9488536866127214
0.29733956388349125 0.9488536866127214
0.3013799679238953 0.9488536866127214
0.3054203719642994 0.9488536866127214
0.3094607760047034 0.9488536866127214
0.3135011800451074 0.9488536866127214
0.3175415840855115 0.9488536866127214
0.32158198812591554 0.9488536866127214
0.32562239216631955 0.9488536866127214
0.3296627962067236 0.9488536866127214
0.33370320024712763 0.9488536866127214
0.3377436042875317 0.9488536866127214
0.34178400832793576 0.9488536866127214
0.3458244123683398 0.9488536866127214
0.3498648164087438 0.9488536866127214
0.35390522044914785 0.9488536866127214
0.29329915984308724 0.9528940906531255
0.29733956388349125 0.9528940906531255
0.3013799679238953 0.9528940906531255
0.3054203719642994 0.9528940906531255
0.3094607760047034 0.9528940906531255
0.3135011800451074 0.9528940906531255
0.3175415840855115 0.9528940906531255
0.32158198812591554 0.9528940906531255
0.32562239216631955 0.9528940906531255
0.3296627962067236 0.9528940906531255
0.33370320024712763 0.9528940906531255
0.3377436042875317 0.9528940906531255
0.34178400832793576 0.9528940906531255
0.29329915984308724 0.9569344946935294
0.29733956388349125 0.9569344946935294
0.3013799679238953 0.9569344946935294
0.3054203719642994 0.9569344946935294
0.3094607760047034 0.9569344946935294
0.3135011800451074 0.9569344946935294
0.3175415840855115 0.9569344946935294
0.32158198812591554 0.9569344946935294
0.32562239216631955 0.9569344946935294
0.3296627962067236 0.9569344946935294
0.29329915984308724 0.9609748987339335
0.29733956388349125 0.9609748987339335
0.3013799679238953 0.9609748987339335
0.3054203719642994 0.9609748987339335
0.3094607760047034 0.9609748987339335
0.3135011800451074 0.9609748987339335
0.3175415840855115 0.9609748987339335
0.32158198812591554 0.9609748987339335
0.29329915984308724 0.9650153027743376
0.29733956388349125 0.9650153027743376
0.3013799679238953 0.9650153027743376
0.3054203719642994 0.9650153027743376
0.3094607760047034 0.9650153027743376
0.29329915984308724 0.9690557068147416
0.29733956388349125 0.9690557068147416
