# x y
0.6959260477073849 0.7306718684309033
0.6918856436669809 0.7347122724713073
0.6636028153841526 0.7629951007541356
0.6595624113437485 0.7791567169157517
0.6312795830609202 0.803399141158176
0.6110775628589 0.819560757319792
0.5827947345760718 0.8236011613601961
0.5868351386164758 0.8236011613601961
0.5949159466972839 0.8316819694410043
0.5141078658892031 0.8720860098450447
0.4939058456871829 0.8801668179258527
0.5019866537679909 0.8801668179258527
0.47370382548516266 0.8963284340874689
0.4373401891215263 0.9084496462086811
0.41309776487910205 0.920570858329893
0.41713816891950606 0.9246112623702971
0.3686533204346576 0.9407728785319134
0.36461291639425353 0.9609748987339335
