# x y
0.6757537298557805 0.7427930805521153
0.6757537298557805 0.7468334845925194
0.6070668611689118 0.799358737117772
0.6030264571285079 0.80743954519858
0.5909052450072958 0.811479949238984
0.5747436288456795 0.8236011613601961
0.5626224167244676 0.8316819694410043
0.5585820126840635 0.8357223734814083
0.5707032248052756 0.8357223734814083
0.5424203965224472 0.8478435856026204
0.518177972280023 0.8599647977238325
0.514137568239619 0.8640052017642366
0.48989514399719475 0.8761264138854487
0.48181433591638667 0.8842072219662568
0.48585473995679074 0.8842072219662568
0.4696931237951746 0.8882476260066607
0.46161231571436645 0.8922880300470648
0.4575719116739624 0.904409242168277
0.42928908339113414 0.9084496462086811
0.42120827531032606 0.912490050249085
0.4090870631891139 0.920570858329893
0.4252486793507301 0.920570858329893
0.36060221470426546 0.9367324744915093
0.3525214066234574 0.9407728785319134
0.33231938642143716 0.9488536866127214
0.316157770259821 0.9528940906531255
0.312117366219417 0.9569344946935294
