# x y
0.6999844675233802 0.7225910603500951
0.6959440634829761 0.7266314643904992
0.691903659442572 0.7306718684309033
0.687863255402168 0.7347122724713073
0.6393784069173196 0.7791567169157517
0.6191763867152993 0.7953183330773679
0.6353380028769156 0.799358737117772
0.5989743665132792 0.8155203532793881
0.5949339624728751 0.8316819694410043
0.5585703261092387 0.8397627775218124
0.5464491139880266 0.8478435856026204
0.5222066897456024 0.8599647977238325
0.5020046695435821 0.8720860098450447
0.5302874978264105 0.8761264138854487
0.39695416449307713 0.9286516664107012
0.3363481038870165 0.9488536866127214
0.3161460836849963 0.9650153027743376
0.3040248715637842 0.9690557068147416
