# x y
0.6998551719819812 0.710469848228883
0.6958147679415772 0.7145102522692871
0.6998551719819812 0.7145102522692871
0.6917743639011731 0.7185506563096911
0.6958147679415772 0.7185506563096911
0.6998551719819812 0.7185506563096911
0.687733959860769 0.7225910603500951
0.6917743639011731 0.7225910603500951
0.6958147679415772 0.7225910603500951
0.683693555820365 0.7266314643904992
0.687733959860769 0.7266314643904992
0.6917743639011731 0.7266314643904992
0.6756127477395569 0.7306718684309033
0.679653151779961 0.7306718684309033
0.683693555820365 0.7306718684309033
0.687733959860769 0.7306718684309033
0.671572343699153 0.7347122724713073
0.6756127477395569 0.7347122724713073
0.679653151779961 0.7347122724713073
0.683693555820365 0.7347122724713073
0.6675319396587489 0.7387526765117113
0.671572343699153 0.7387526765117113
0.6756127477395569 0.7387526765117113
0.679653151779961 0.7387526765117113
0.6634915356183448 0.7427930805521153
0.6675319396587489 0.7427930805521153
0.671572343699153 0.7427930805521153
0.6756127477395569 0.7427930805521153
0.6594511315779408 0.7468334845925194
0.6634915356183448 0.7468334845925194
0.6675319396587489 0.7468334845925194
0.671572343699153 0.7468334845925194
0.6554107275375367 0.7508738886329235
0.6594511315779408 0.7508738886329235
0.6634915356183448 0.7508738886329235
0.6513703234971326 0.7549142926733274
0.6554107275375367 0.7549142926733274
0.6594511315779408 0.7549142926733274
0.6473299194567287 0.7589546967137315
0.6513703234971326 0.7589546967137315
0.6554107275375367 0.7589546967137315
0.6392491113759207 0.7629951007541356
0.6432895154163246 0.7629951007541356
0.6473299194567287 0.7629951007541356
0.6513703234971326 0.7629951007541356
0.6352087073355166 0.7670355047945396
0.6392491113759207 0.7670355047945396
0.6432895154163246 0.7670355047945396
0.6473299194567287 0.7670355047945396
0.6311683032951125 0.7710759088349436
0.6352087073355166 0.7710759088349436
0.6392491113759207 0.7710759088349436
0.6432895154163246 0.7710759088349436
0.6271278992547085 0.7751163128753477
0.6311683032951125 0.7751163128753477
0.6352087073355166 0.7751163128753477
0.6190470911739003 0.7791567169157517
0.6230874952143044 0.7791567169157517
0.6271278992547085 0.7791567169157517
0.6311683032951125 0.7791567169157517
0.6150066871334963 0.7831971209561558
0.6190470911739003 0.7831971209561558
0.6230874952143044 0.7831971209561558
0.6271278992547085 0.7831971209561558
0.6109662830930923 0.7872375249965597
0.6150066871334963 0.7872375249965597
0.6190470911739003 0.7872375249965597
0.6230874952143044 0.7872375249965597
0.6069258790526882 0.7912779290369638
0.6109662830930923 0.7912779290369638
0.6150066871334963 0.7912779290369638
0.6190470911739003 0.7912779290369638
0.5988450709718802 0.7953183330773679
0.6028854750122843 0.7953183330773679
0.6069258790526882 0.7953183330773679
0.6109662830930923 0.7953183330773679
0.5948046669314762 0.799358737117772
0.5988450709718802 0.799358737117772
0.6028854750122843 0.799358737117772
0.6069258790526882 0.799358737117772
0.5907642628910721 0.803399141158176
0.5948046669314762 0.803399141158176
0.5988450709718802 0.803399141158176
0.6028854750122843 0.803399141158176
0.582683454810264 0.80743954519858
0.586723858850668 0.80743954519858
0.5907642628910721 0.80743954519858
0.5948046669314762 0.80743954519858
0.57864305076986 0.811479949238984
0.582683454810264 0.811479949238984
0.586723858850668 0.811479949238984
0.5907642628910721 0.811479949238984
0.570562242689052 0.8155203532793881
0.5746026467294559 0.8155203532793881
0.57864305076986 0.8155203532793881
0.582683454810264 0.8155203532793881
0.586723858850668 0.8155203532793881
0.5665218386486479 0.819560757319792
0.570562242689052 0.819560757319792
0.5746026467294559 0.819560757319792
0.57864305076986 0.819560757319792
0.5584410305678398 0.8236011613601961
0.5624814346082438 0.8236011613601961
0.5665218386486479 0.8236011613601961
0.570562242689052 0.8236011613601961
0.5746026467294559 0.8236011613601961
0.5544006265274357 0.8276415654006002
0.5584410305678398 0.8276415654006002
0.5624814346082438 0.8276415654006002
0.5665218386486479 0.8276415654006002
0.5463198184466277 0.8316819694410043
0.5503602224870316 0.8316819694410043
0.5544006265274357 0.8316819694410043
0.5584410305678398 0.8316819694410043
0.5624814346082438 0.8316819694410043
0.5422794144062236 0.8357223734814083
0.5463198184466277 0.8357223734814083
0.5503602224870316 0.8357223734814083
0.5544006265274357 0.8357223734814083
0.5341986063254156 0.8397627775218124
0.5382390103658196 0.8397627775218124
0.5422794144062236 0.8397627775218124
0.5463198184466277 0.8397627775218124
0.5503602224870316 0.8397627775218124
0.5301582022850115 0.8438031815622163
0.5341986063254156 0.8438031815622163
0.5382390103658196 0.8438031815622163
0.5422794144062236 0.8438031815622163
0.5220773942042034 0.8478435856026204
0.5261177982446075 0.8478435856026204
0.5301582022850115 0.8478435856026204
0.5341986063254156 0.8478435856026204
0.5382390103658196 0.8478435856026204
0.5180369901637993 0.8518839896430245
0.5220773942042034 0.8518839896430245
0.5261177982446075 0.8518839896430245
0.5301582022850115 0.8518839896430245
0.5099561820829913 0.8559243936834284
0.5139965861233953 0.8559243936834284
0.5180369901637993 0.8559243936834284
0.5220773942042034 0.8559243936834284
0.5261177982446075 0.8559243936834284
0.5018753740021832 0.8599647977238325
0.5059157780425872 0.8599647977238325
0.5099561820829913 0.8599647977238325
0.5139965861233953 0.8599647977238325
0.5180369901637993 0.8599647977238325
0.49379456592137516 0.8640052017642366
0.4978349699617792 0.8640052017642366
0.5018753740021832 0.8640052017642366
0.5059157780425872 0.8640052017642366
0.5099561820829913 0.8640052017642366
0.4897541618809711 0.8680456058046406
0.49379456592137516 0.8680456058046406
0.4978349699617792 0.8680456058046406
0.5018753740021832 0.8680456058046406
0.5059157780425872 0.8680456058046406
0.481673353800163 0.8720860098450447
0.48571375784056703 0.8720860098450447
0.4897541618809711 0.8720860098450447
0.49379456592137516 0.8720860098450447
0.4978349699617792 0.8720860098450447
0.47359254571935494 0.8761264138854487
0.477632949759759 0.8761264138854487
0.481673353800163 0.8761264138854487
0.48571375784056703 0.8761264138854487
0.4897541618809711 0.8761264138854487
0.46551173763854686 0.8801668179258527
0.4695521416789509 0.8801668179258527
0.47359254571935494 0.8801668179258527
0.477632949759759 0.8801668179258527
0.481673353800163 0.8801668179258527
0.4574309295577388 0.8842072219662568
0.4614713335981428 0.8842072219662568
0.46551173763854686 0.8842072219662568
0.4695521416789509 0.8842072219662568
0.47359254571935494 0.8842072219662568
0.44935012147693065 0.8882476260066607
0.4533905255173347 0.8882476260066607
0.4574309295577388 0.8882476260066607
0.4614713335981428 0.8882476260066607
0.46551173763854686 0.8882476260066607
0.4695521416789509 0.8882476260066607
0.44126931339612263 0.8922880300470648
0.44530971743652664 0.8922880300470648
0.44935012147693065 0.8922880300470648
0.4533905255173347 0.8922880300470648
0.4574309295577388 0.8922880300470648
0.4614713335981428 0.8922880300470648
0.4331885053153145 0.8963284340874689
0.43722890935571856 0.8963284340874689
0.44126931339612263 0.8963284340874689
0.44530971743652664 0.8963284340874689
0.44935012147693065 0.8963284340874689
0.4533905255173347 0.8963284340874689
0.4251076972345065 0.9003688381278729
0.4291481012749105 0.9003688381278729
0.4331885053153145 0.9003688381278729
0.43722890935571856 0.9003688381278729
0.44126931339612263 0.9003688381278729
0.44530971743652664 0.9003688381278729
0.41702688915369834 0.904409242168277
0.4210672931941024 0.904409242168277
0.4251076972345065 0.904409242168277
0.4291481012749105 0.904409242168277
0.4331885053153145 0.904409242168277
0.43722890935571856 0.904409242168277
0.40894608107289027 0.9084496462086811
0.41298648511329433 0.9084496462086811
0.41702688915369834 0.9084496462086811
0.4210672931941024 0.9084496462086811
0.4251076972345065 0.9084496462086811
0.4291481012749105 0.9084496462086811
0.3968248689516782 0.912490050249085
0.4008652729920822 0.912490050249085
0.40490567703248626 0.912490050249085
0.40894608107289027 0.912490050249085
0.41298648511329433 0.912490050249085
0.41702688915369834 0.912490050249085
0.3887440608708701 0.9165304542894891
0.3927844649112741 0.9165304542894891
0.3968248689516782 0.9165304542894891
0.4008652729920822 0.9165304542894891
0.40490567703248626 0.9165304542894891
0.40894608107289027 0.9165304542894891
0.38066325279006197 0.920570858329893
0.38470365683046603 0.920570858329893
0.3887440608708701 0.920570858329893
0.3927844649112741 0.920570858329893
0.3968248689516782 0.920570858329893
0.4008652729920822 0.920570858329893
0.3685420406688499 0.9246112623702971
0.37258244470925395 0.9246112623702971
0.37662284874965796 0.9246112623702971
0.38066325279006197 0.9246112623702971
0.38470365683046603 0.9246112623702971
0.3887440608708701 0.9246112623702971
0.3927844649112741 0.9246112623702971
0.3604612325880418 0.9286516664107012
0.3645016366284458 0.9286516664107012
0.3685420406688499 0.9286516664107012
0.37258244470925395 0.9286516664107012
0.37662284874965796 0.9286516664107012
0.38066325279006197 0.9286516664107012
0.34834002046682966 0.9326920704511052
0.3523804245072337 0.9326920704511052
0.3564208285476378 0.9326920704511052
0.3604612325880418 0.9326920704511052
0.3645016366284458 0.9326920704511052
0.3685420406688499 0.9326920704511052
0.37258244470925395 0.9326920704511052
0.33621880834561757 0.9367324744915093
0.3402592123860216 0.9367324744915093
0.34429961642642565 0.9367324744915093
0.34834002046682966 0.9367324744915093
0.3523804245072337 0.9367324744915093
0.3564208285476378 0.9367324744915093
0.3604612325880418 0.9367324744915093
0.3281380002648095 0.9407728785319134
0.3321784043052135 0.9407728785319134
0.33621880834561757 0.9407728785319134
0.3402592123860216 0.9407728785319134
0.34429961642642565 0.9407728785319134
0.34834002046682966 0.9407728785319134
0.3523804245072337 0.9407728785319134
0.31601678814359735 0.9448132825723174
0.3200571921840014 0.9448132825723174
0.3240975962244054 0.9448132825723174
0.3281380002648095 0.9448132825723174
0.3321784043052135 0.9448132825723174
0.33621880834561757 0.9448132825723174
0.3402592123860216 0.9448132825723174
0.30389557602238526 0.9488536866127214
0.30793598006278927 0.9488536866127214
0.3119763841031933 0.9488536866127214
0.31601678814359735 0.9488536866127214
0.3200571921840014 0.9488536866127214
0.3240975962244054 0.9488536866127214
0.3281380002648095 0.9488536866127214
0.2998551719819812 0.9528940906531255
0.30389557602238526 0.9528940906531255
0.30793598006278927 0.9528940906531255
0.3119763841031933 0.9528940906531255
0.31601678814359735 0.9528940906531255
0.2998551719819812 0.9569344946935294
0.30389557602238526 0.9569344946935294
