# x y
0.6974412709611987 0.6902678280268628
0.6934008669207946 0.698348636107671
0.6974412709611987 0.698348636107671
0.6934008669207946 0.702389040148075
0.6974412709611987 0.702389040148075
0.6893604628803907 0.706429444188479
0.6934008669207946 0.706429444188479
0.6974412709611987 0.706429444188479
0.6853200588399866 0.710469848228883
0.6893604628803907 0.710469848228883
0.6934008669207946 0.710469848228883
0.6974412709611987 0.710469848228883
0.6691584426783703 0.7145102522692871
0.6772392507591785 0.7145102522692871
0.6812796547995825 0.7145102522692871
0.6853200588399866 0.7145102522692871
0.6893604628803907 0.7145102522692871
0.6934008669207946 0.7145102522692871
0.6974412709611987 0.7145102522692871
0.6731988467187744 0.7185506563096911
0.6772392507591785 0.7185506563096911
0.6812796547995825 0.7185506563096911
0.6853200588399866 0.7185506563096911
0.6893604628803907 0.7185506563096911
0.6934008669207946 0.7185506563096911
0.6974412709611987 0.7185506563096911
0.6651180386379663 0.7225910603500951
0.6691584426783703 0.7225910603500951
0.6731988467187744 0.7225910603500951
0.6772392507591785 0.7225910603500951
0.6812796547995825 0.7225910603500951
0.6853200588399866 0.7225910603500951
0.6893604628803907 0.7225910603500951
0.6934008669207946 0.7225910603500951
0.6974412709611987 0.7225910603500951
0.6610776345975623 0.7266314643904992
0.6651180386379663 0.7266314643904992
0.6691584426783703 0.7266314643904992
0.6731988467187744 0.7266314643904992
0.6772392507591785 0.7266314643904992
0.6812796547995825 0.7266314643904992
0.6853200588399866 0.7266314643904992
0.6893604628803907 0.7266314643904992
0.6934008669207946 0.7266314643904992
0.6974412709611987 0.7266314643904992
0.6610776345975623 0.7306718684309033
0.6651180386379663 0.7306718684309033
0.6691584426783703 0.7306718684309033
0.6731988467187744 0.7306718684309033
0.6772392507591785 0.7306718684309033
0.6812796547995825 0.7306718684309033
0.6853200588399866 0.7306718684309033
0.6893604628803907 0.7306718684309033
0.6934008669207946 0.7306718684309033
0.6974412709611987 0.7306718684309033
0.6570372305571582 0.7347122724713073
0.6610776345975623 0.7347122724713073
0.6651180386379663 0.7347122724713073
0.6691584426783703 0.7347122724713073
0.6731988467187744 0.7347122724713073
0.6772392507591785 0.7347122724713073
0.6812796547995825 0.7347122724713073
0.6853200588399866 0.7347122724713073
0.6893604628803907 0.7347122724713073
0.6934008669207946 0.7347122724713073
0.6974412709611987 0.7347122724713073
0.6529968265167543 0.7387526765117113
0.6570372305571582 0.7387526765117113
0.6610776345975623 0.7387526765117113
0.6651180386379663 0.7387526765117113
0.6691584426783703 0.7387526765117113
0.6731988467187744 0.7387526765117113
0.6772392507591785 0.7387526765117113
0.6812796547995825 0.7387526765117113
0.6853200588399866 0.7387526765117113
0.6893604628803907 0.7387526765117113
0.6449160184359461 0.7427930805521153
0.6489564224763502 0.7427930805521153
0.6529968265167543 0.7427930805521153
0.6570372305571582 0.7427930805521153
0.6610776345975623 0.7427930805521153
0.6651180386379663 0.7427930805521153
0.6691584426783703 0.7427930805521153
0.6731988467187744 0.7427930805521153
0.6772392507591785 0.7427930805521153
0.6812796547995825 0.7427930805521153
0.6853200588399866 0.7427930805521153
0.6408756143955421 0.7468334845925194
0.6449160184359461 0.7468334845925194
0.6489564224763502 0.7468334845925194
0.6529968265167543 0.7468334845925194
0.6570372305571582 0.7468334845925194
0.6610776345975623 0.7468334845925194
0.6651180386379663 0.7468334845925194
0.6691584426783703 0.7468334845925194
0.6731988467187744 0.7468334845925194
0.6772392507591785 0.7468334845925194
0.6812796547995825 0.7468334845925194
0.636835210355138 0.7508738886329235
0.6408756143955421 0.7508738886329235
0.6449160184359461 0.7508738886329235
0.6489564224763502 0.7508738886329235
0.6529968265167543 0.7508738886329235
0.6570372305571582 0.7508738886329235
0.6610776345975623 0.7508738886329235
0.6651180386379663 0.7508738886329235
0.6691584426783703 0.7508738886329235
0.6731988467187744 0.7508738886329235
0.6772392507591785 0.7508738886329235
0.6247139982339259 0.7549142926733274
0.632794806314734 0.7549142926733274
0.636835210355138 0.7549142926733274
0.6408756143955421 0.7549142926733274
0.6449160184359461 0.7549142926733274
0.6489564224763502 0.7549142926733274
0.6529968265167543 0.7549142926733274
0.6570372305571582 0.7549142926733274
0.6610776345975623 0.7549142926733274
0.6651180386379663 0.7549142926733274
0.6691584426783703 0.7549142926733274
0.6731988467187744 0.7549142926733274
0.62875440227433 0.7589546967137315
0.632794806314734 0.7589546967137315
0.636835210355138 0.7589546967137315
0.6408756143955421 0.7589546967137315
0.6449160184359461 0.7589546967137315
0.6489564224763502 0.7589546967137315
0.6529968265167543 0.7589546967137315
0.6570372305571582 0.7589546967137315
0.6610776345975623 0.7589546967137315
0.6651180386379663 0.7589546967137315
0.6691584426783703 0.7589546967137315
0.6247139982339259 0.7629951007541356
0.62875440227433 0.7629951007541356
0.632794806314734 0.7629951007541356
0.636835210355138 0.7629951007541356
0.6408756143955421 0.7629951007541356
0.6449160184359461 0.7629951007541356
0.6489564224763502 0.7629951007541356
0.6529968265167543 0.7629951007541356
0.6570372305571582 0.7629951007541356
0.6610776345975623 0.7629951007541356
0.6651180386379663 0.7629951007541356
0.6166331901531179 0.7670355047945396
0.6206735941935219 0.7670355047945396
0.6247139982339259 0.7670355047945396
0.62875440227433 0.7670355047945396
0.632794806314734 0.7670355047945396
0.636835210355138 0.7670355047945396
0.6408756143955421 0.7670355047945396
0.6449160184359461 0.7670355047945396
0.6489564224763502 0.7670355047945396
0.6529968265167543 0.7670355047945396
0.6570372305571582 0.7670355047945396
0.6125927861127138 0.7710759088349436
0.6166331901531179 0.7710759088349436
0.6206735941935219 0.7710759088349436
0.6247139982339259 0.7710759088349436
0.62875440227433 0.7710759088349436
0.632794806314734 0.7710759088349436
0.636835210355138 0.7710759088349436
0.6408756143955421 0.7710759088349436
0.6449160184359461 0.7710759088349436
0.6489564224763502 0.7710759088349436
0.6529968265167543 0.7710759088349436
0.6045119780319057 0.7751163128753477
0.6085523820723098 0.7751163128753477
0.6125927861127138 0.7751163128753477
0.6166331901531179 0.7751163128753477
0.6206735941935219 0.7751163128753477
0.6247139982339259 0.7751163128753477
0.62875440227433 0.7751163128753477
0.632794806314734 0.7751163128753477
0.636835210355138 0.7751163128753477
0.6408756143955421 0.7751163128753477
0.6449160184359461 0.7751163128753477
0.6489564224763502 0.7751163128753477
0.6004715739915016 0.7791567169157517
0.6045119780319057 0.7791567169157517
0.6085523820723098 0.7791567169157517
0.6125927861127138 0.7791567169157517
0.6166331901531179 0.7791567169157517
0.6206735941935219 0.7791567169157517
0.6247139982339259 0.7791567169157517
0.62875440227433 0.7791567169157517
0.632794806314734 0.7791567169157517
0.636835210355138 0.7791567169157517
0.6408756143955421 0.7791567169157517
0.6449160184359461 0.7791567169157517
0.5883503618702896 0.7831971209561558
0.5964311699510976 0.7831971209561558
0.6004715739915016 0.7831971209561558
0.6045119780319057 0.7831971209561558
0.6085523820723098 0.7831971209561558
0.6125927861127138 0.7831971209561558
0.6166331901531179 0.7831971209561558
0.6206735941935219 0.7831971209561558
0.6247139982339259 0.7831971209561558
0.62875440227433 0.7831971209561558
0.632794806314734 0.7831971209561558
0.636835210355138 0.7831971209561558
0.6408756143955421 0.7831971209561558
0.5923907659106936 0.7872375249965597
0.5964311699510976 0.7872375249965597
0.6004715739915016 0.7872375249965597
0.6045119780319057 0.7872375249965597
0.6085523820723098 0.7872375249965597
0.6125927861127138 0.7872375249965597
0.6166331901531179 0.7872375249965597
0.6206735941935219 0.7872375249965597
0.6247139982339259 0.7872375249965597
0.62875440227433 0.7872375249965597
0.632794806314734 0.7872375249965597
0.636835210355138 0.7872375249965597
0.5843099578298856 0.7912779290369638
0.5883503618702896 0.7912779290369638
0.5923907659106936 0.7912779290369638
0.5964311699510976 0.7912779290369638
0.6004715739915016 0.7912779290369638
0.6045119780319057 0.7912779290369638
0.6085523820723098 0.7912779290369638
0.6125927861127138 0.7912779290369638
0.6166331901531179 0.7912779290369638
0.6206735941935219 0.7912779290369638
0.6247139982339259 0.7912779290369638
0.62875440227433 0.7912779290369638
0.5802695537894815 0.7953183330773679
0.5843099578298856 0.7953183330773679
0.5883503618702896 0.7953183330773679
0.5923907659106936 0.7953183330773679
0.5964311699510976 0.7953183330773679
0.6004715739915016 0.7953183330773679
0.6045119780319057 0.7953183330773679
0.6085523820723098 0.7953183330773679
0.6125927861127138 0.7953183330773679
0.6166331901531179 0.7953183330773679
0.6206735941935219 0.7953183330773679
0.6247139982339259 0.7953183330773679
0.5721887457086734 0.799358737117772
0.5762291497490775 0.799358737117772
0.5802695537894815 0.799358737117772
0.5843099578298856 0.799358737117772
0.5883503618702896 0.799358737117772
0.5923907659106936 0.799358737117772
0.5964311699510976 0.799358737117772
0.6004715739915016 0.799358737117772
0.6045119780319057 0.799358737117772
0.6085523820723098 0.799358737117772
0.6125927861127138 0.799358737117772
0.6166331901531179 0.799358737117772
0.6206735941935219 0.799358737117772
0.5681483416682693 0.803399141158176
0.5721887457086734 0.803399141158176
0.5762291497490775 0.803399141158176
0.5802695537894815 0.803399141158176
0.5843099578298856 0.803399141158176
0.5883503618702896 0.803399141158176
0.5923907659106936 0.803399141158176
0.5964311699510976 0.803399141158176
0.6004715739915016 0.803399141158176
0.6045119780319057 0.803399141158176
0.6085523820723098 0.803399141158176
0.6125927861127138 0.803399141158176
0.6166331901531179 0.803399141158176
0.5600675335874613 0.80743954519858
0.5641079376278653 0.80743954519858
0.5681483416682693 0.80743954519858
0.5721887457086734 0.80743954519858
0.5762291497490775 0.80743954519858
0.5802695537894815 0.80743954519858
0.5843099578298856 0.80743954519858
0.5883503618702896 0.80743954519858
0.5923907659106936 0.80743954519858
0.5964311699510976 0.80743954519858
0.6004715739915016 0.80743954519858
0.6045119780319057 0.80743954519858
0.6085523820723098 0.80743954519858
0.5519867255066532 0.811479949238984
0.5560271295470572 0.811479949238984
0.5600675335874613 0.811479949238984
0.5641079376278653 0.811479949238984
0.5681483416682693 0.811479949238984
0.5721887457086734 0.811479949238984
0.5762291497490775 0.811479949238984
0.5802695537894815 0.811479949238984
0.5843099578298856 0.811479949238984
0.5883503618702896 0.811479949238984
0.5923907659106936 0.811479949238984
0.5964311699510976 0.811479949238984
0.6004715739915016 0.811479949238984
0.6045119780319057 0.811479949238984
0.5479463214662492 0.8155203532793881
0.5519867255066532 0.8155203532793881
0.5560271295470572 0.8155203532793881
0.5600675335874613 0.8155203532793881
0.5641079376278653 0.8155203532793881
0.5681483416682693 0.8155203532793881
0.5721887457086734 0.8155203532793881
0.5762291497490775 0.8155203532793881
0.5802695537894815 0.8155203532793881
0.5843099578298856 0.8155203532793881
0.5883503618702896 0.8155203532793881
0.5923907659106936 0.8155203532793881
0.5964311699510976 0.8155203532793881
0.6004715739915016 0.8155203532793881
0.5439059174258452 0.819560757319792
0.5479463214662492 0.819560757319792
0.5519867255066532 0.819560757319792
0.5560271295470572 0.819560757319792
0.5600675335874613 0.819560757319792
0.5641079376278653 0.819560757319792
0.5681483416682693 0.819560757319792
0.5721887457086734 0.819560757319792
0.5762291497490775 0.819560757319792
0.5802695537894815 0.819560757319792
0.5843099578298856 0.819560757319792
0.5883503618702896 0.819560757319792
0.5923907659106936 0.819560757319792
0.6004715739915016 0.819560757319792
0.531784705304633 0.8236011613601961
0.5398655133854411 0.8236011613601961
0.5439059174258452 0.8236011613601961
0.5479463214662492 0.8236011613601961
0.5519867255066532 0.8236011613601961
0.5560271295470572 0.8236011613601961
0.5600675335874613 0.8236011613601961
0.5641079376278653 0.8236011613601961
0.5681483416682693 0.8236011613601961
0.5721887457086734 0.8236011613601961
0.5762291497490775 0.8236011613601961
0.5802695537894815 0.8236011613601961
0.5843099578298856 0.8236011613601961
0.5883503618702896 0.8236011613601961
0.5923907659106936 0.8236011613601961
0.531784705304633 0.8276415654006002
0.535825109345037 0.8276415654006002
0.5398655133854411 0.8276415654006002
0.5439059174258452 0.8276415654006002
0.5479463214662492 0.8276415654006002
0.5519867255066532 0.8276415654006002
0.5560271295470572 0.8276415654006002
0.5600675335874613 0.8276415654006002
0.5641079376278653 0.8276415654006002
0.5681483416682693 0.8276415654006002
0.5721887457086734 0.8276415654006002
0.5762291497490775 0.8276415654006002
0.5802695537894815 0.8276415654006002
0.5843099578298856 0.8276415654006002
0.5883503618702896 0.8276415654006002
0.5196634931834209 0.8316819694410043
0.5237038972238249 0.8316819694410043
0.527744301264229 0.8316819694410043
0.531784705304633 0.8316819694410043
0.535825109345037 0.8316819694410043
0.5398655133854411 0.8316819694410043
0.5439059174258452 0.8316819694410043
0.5479463214662492 0.8316819694410043
0.5519867255066532 0.8316819694410043
0.5560271295470572 0.8316819694410043
0.5600675335874613 0.8316819694410043
0.5641079376278653 0.8316819694410043
0.5681483416682693 0.8316819694410043
0.5721887457086734 0.8316819694410043
0.5762291497490775 0.8316819694410043
0.5196634931834209 0.8357223734814083
0.5237038972238249 0.8357223734814083
0.527744301264229 0.8357223734814083
0.531784705304633 0.8357223734814083
0.535825109345037 0.8357223734814083
0.5398655133854411 0.8357223734814083
0.5439059174258452 0.8357223734814083
0.5479463214662492 0.8357223734814083
0.5519867255066532 0.8357223734814083
0.5560271295470572 0.8357223734814083
0.5600675335874613 0.8357223734814083
0.5641079376278653 0.8357223734814083
0.5681483416682693 0.8357223734814083
0.5721887457086734 0.8357223734814083
0.5115826851026128 0.8397627775218124
0.5156230891430168 0.8397627775218124
0.5196634931834209 0.8397627775218124
0.5237038972238249 0.8397627775218124
0.527744301264229 0.8397627775218124
0.531784705304633 0.8397627775218124
0.535825109345037 0.8397627775218124
0.5398655133854411 0.8397627775218124
0.5439059174258452 0.8397627775218124
0.5479463214662492 0.8397627775218124
0.5519867255066532 0.8397627775218124
0.5560271295470572 0.8397627775218124
0.5600675335874613 0.8397627775218124
0.5641079376278653 0.8397627775218124
0.49946147298140064 0.8438031815622163
0.5035018770218047 0.8438031815622163
0.5075422810622088 0.8438031815622163
0.5115826851026128 0.8438031815622163
0.5156230891430168 0.8438031815622163
0.5196634931834209 0.8438031815622163
0.5237038972238249 0.8438031815622163
0.527744301264229 0.8438031815622163
0.531784705304633 0.8438031815622163
0.535825109345037 0.8438031815622163
0.5398655133854411 0.8438031815622163
0.5439059174258452 0.8438031815622163
0.5479463214662492 0.8438031815622163
0.5519867255066532 0.8438031815622163
0.5560271295470572 0.8438031815622163
0.5600675335874613 0.8438031815622163
0.49946147298140064 0.8478435856026204
0.5035018770218047 0.8478435856026204
0.5075422810622088 0.8478435856026204
0.5115826851026128 0.8478435856026204
0.5156230891430168 0.8478435856026204
0.5196634931834209 0.8478435856026204
0.5237038972238249 0.8478435856026204
0.527744301264229 0.8478435856026204
0.531784705304633 0.8478435856026204
0.535825109345037 0.8478435856026204
0.5398655133854411 0.8478435856026204
0.5439059174258452 0.8478435856026204
0.5479463214662492 0.8478435856026204
0.5519867255066532 0.8478435856026204
0.5560271295470572 0.8478435856026204
0.5600675335874613 0.8478435856026204
0.4913806649005926 0.8518839896430245
0.49542106894099663 0.8518839896430245
0.49946147298140064 0.8518839896430245
0.5035018770218047 0.8518839896430245
0.5075422810622088 0.8518839896430245
0.5115826851026128 0.8518839896430245
0.5156230891430168 0.8518839896430245
0.5196634931834209 0.8518839896430245
0.5237038972238249 0.8518839896430245
0.527744301264229 0.8518839896430245
0.531784705304633 0.8518839896430245
0.535825109345037 0.8518839896430245
0.5398655133854411 0.8518839896430245
0.5439059174258452 0.8518839896430245
0.5479463214662492 0.8518839896430245
0.5519867255066532 0.8518839896430245
0.4832998568197845 0.8559243936834284
0.48734026086018856 0.8559243936834284
0.4913806649005926 0.8559243936834284
0.49542106894099663 0.8559243936834284
0.49946147298140064 0.8559243936834284
0.5035018770218047 0.8559243936834284
0.5075422810622088 0.8559243936834284
0.5115826851026128 0.8559243936834284
0.5156230891430168 0.8559243936834284
0.5196634931834209 0.8559243936834284
0.5237038972238249 0.8559243936834284
0.527744301264229 0.8559243936834284
0.531784705304633 0.8559243936834284
0.535825109345037 0.8559243936834284
0.5398655133854411 0.8559243936834284
0.47521904873897647 0.8599647977238325
0.4792594527793805 0.8599647977238325
0.4832998568197845 0.8599647977238325
0.48734026086018856 0.8599647977238325
0.4913806649005926 0.8599647977238325
0.49542106894099663 0.8599647977238325
0.49946147298140064 0.8599647977238325
0.5035018770218047 0.8599647977238325
0.5075422810622088 0.8599647977238325
0.5115826851026128 0.8599647977238325
0.5156230891430168 0.8599647977238325
0.5196634931834209 0.8599647977238325
0.5237038972238249 0.8599647977238325
0.527744301264229 0.8599647977238325
0.531784705304633 0.8599647977238325
0.535825109345037 0.8599647977238325
0.5398655133854411 0.8599647977238325
0.4630978366177643 0.8640052017642366
0.47521904873897647 0.8640052017642366
0.4792594527793805 0.8640052017642366
0.4832998568197845 0.8640052017642366
0.48734026086018856 0.8640052017642366
0.4913806649005926 0.8640052017642366
0.49542106894099663 0.8640052017642366
0.49946147298140064 0.8640052017642366
0.5035018770218047 0.8640052017642366
0.5075422810622088 0.8640052017642366
0.5115826851026128 0.8640052017642366
0.5156230891430168 0.8640052017642366
0.5196634931834209 0.8640052017642366
0.5237038972238249 0.8640052017642366
0.527744301264229 0.8640052017642366
0.535825109345037 0.8640052017642366
0.45905743257736026 0.8680456058046406
0.4630978366177643 0.8680456058046406
0.46713824065816834 0.8680456058046406
0.4711786446985724 0.8680456058046406
0.47521904873897647 0.8680456058046406
0.4792594527793805 0.8680456058046406
0.4832998568197845 0.8680456058046406
0.48734026086018856 0.8680456058046406
0.4913806649005926 0.8680456058046406
0.49542106894099663 0.8680456058046406
0.49946147298140064 0.8680456058046406
0.5035018770218047 0.8680456058046406
0.5075422810622088 0.8680456058046406
0.5115826851026128 0.8680456058046406
0.5156230891430168 0.8680456058046406
0.5196634931834209 0.8680456058046406
0.5237038972238249 0.8680456058046406
0.527744301264229 0.8680456058046406
0.45905743257736026 0.8720860098450447
0.4630978366177643 0.8720860098450447
0.46713824065816834 0.8720860098450447
0.4711786446985724 0.8720860098450447
0.47521904873897647 0.8720860098450447
0.4792594527793805 0.8720860098450447
0.4832998568197845 0.8720860098450447
0.48734026086018856 0.8720860098450447
0.4913806649005926 0.8720860098450447
0.49542106894099663 0.8720860098450447
0.49946147298140064 0.8720860098450447
0.5035018770218047 0.8720860098450447
0.5075422810622088 0.8720860098450447
0.5115826851026128 0.8720860098450447
0.5156230891430168 0.8720860098450447
0.5196634931834209 0.8720860098450447
0.4509766244965522 0.8761264138854487
0.45501702853695625 0.8761264138854487
0.45905743257736026 0.8761264138854487
0.4630978366177643 0.8761264138854487
0.46713824065816834 0.8761264138854487
0.4711786446985724 0.8761264138854487
0.47521904873897647 0.8761264138854487
0.4792594527793805 0.8761264138854487
0.4832998568197845 0.8761264138854487
0.48734026086018856 0.8761264138854487
0.4913806649005926 0.8761264138854487
0.49542106894099663 0.8761264138854487
0.49946147298140064 0.8761264138854487
0.5035018770218047 0.8761264138854487
0.5075422810622088 0.8761264138854487
0.42673420025412795 0.8801668179258527
0.4428958164157441 0.8801668179258527
0.4469362204561481 0.8801668179258527
0.4509766244965522 0.8801668179258527
0.45501702853695625 0.8801668179258527
0.45905743257736026 0.8801668179258527
0.4630978366177643 0.8801668179258527
0.46713824065816834 0.8801668179258527
0.4711786446985724 0.8801668179258527
0.47521904873897647 0.8801668179258527
0.4792594527793805 0.8801668179258527
0.4832998568197845 0.8801668179258527
0.48734026086018856 0.8801668179258527
0.4913806649005926 0.8801668179258527
0.49542106894099663 0.8801668179258527
0.49946147298140064 0.8801668179258527
0.43077460429453196 0.8842072219662568
0.434815008334936 0.8842072219662568
0.4388554123753401 0.8842072219662568
0.4428958164157441 0.8842072219662568
0.4469362204561481 0.8842072219662568
0.4509766244965522 0.8842072219662568
0.45501702853695625 0.8842072219662568
0.45905743257736026 0.8842072219662568
0.4630978366177643 0.8842072219662568
0.46713824065816834 0.8842072219662568
0.4711786446985724 0.8842072219662568
0.47521904873897647 0.8842072219662568
0.4792594527793805 0.8842072219662568
0.4832998568197845 0.8842072219662568
0.48734026086018856 0.8842072219662568
0.4913806649005926 0.8842072219662568
0.49542106894099663 0.8842072219662568
0.4146129881329158 0.8882476260066607
0.42673420025412795 0.8882476260066607
0.43077460429453196 0.8882476260066607
0.434815008334936 0.8882476260066607
0.4388554123753401 0.8882476260066607
0.4428958164157441 0.8882476260066607
0.4469362204561481 0.8882476260066607
0.4509766244965522 0.8882476260066607
0.45501702853695625 0.8882476260066607
0.45905743257736026 0.8882476260066607
0.4630978366177643 0.8882476260066607
0.46713824065816834 0.8882476260066607
0.4711786446985724 0.8882476260066607
0.47521904873897647 0.8882476260066607
0.4792594527793805 0.8882476260066607
0.4832998568197845 0.8882476260066607
0.48734026086018856 0.8882476260066607
0.49542106894099663 0.8882476260066607
0.40653218005210773 0.8922880300470648
0.41865339217331987 0.8922880300470648
0.42269379621372394 0.8922880300470648
0.42673420025412795 0.8922880300470648
0.43077460429453196 0.8922880300470648
0.434815008334936 0.8922880300470648
0.4388554123753401 0.8922880300470648
0.4428958164157441 0.8922880300470648
0.4469362204561481 0.8922880300470648
0.4509766244965522 0.8922880300470648
0.45501702853695625 0.8922880300470648
0.45905743257736026 0.8922880300470648
0.4630978366177643 0.8922880300470648
0.46713824065816834 0.8922880300470648
0.4711786446985724 0.8922880300470648
0.47521904873897647 0.8922880300470648
0.4792594527793805 0.8922880300470648
0.4832998568197845 0.8922880300470648
0.40653218005210773 0.8963284340874689
0.4105725840925118 0.8963284340874689
0.4146129881329158 0.8963284340874689
0.41865339217331987 0.8963284340874689
0.42269379621372394 0.8963284340874689
0.42673420025412795 0.8963284340874689
0.43077460429453196 0.8963284340874689
0.434815008334936 0.8963284340874689
0.4388554123753401 0.8963284340874689
0.4428958164157441 0.8963284340874689
0.4469362204561481 0.8963284340874689
0.4509766244965522 0.8963284340874689
0.45501702853695625 0.8963284340874689
0.45905743257736026 0.8963284340874689
0.4630978366177643 0.8963284340874689
0.46713824065816834 0.8963284340874689
0.4711786446985724 0.8963284340874689
0.39441096793089564 0.9003688381278729
0.39845137197129965 0.9003688381278729
0.4024917760117037 0.9003688381278729
0.40653218005210773 0.9003688381278729
0.4105725840925118 0.9003688381278729
0.4146129881329158 0.9003688381278729
0.41865339217331987 0.9003688381278729
0.42269379621372394 0.9003688381278729
0.42673420025412795 0.9003688381278729
0.43077460429453196 0.9003688381278729
0.434815008334936 0.9003688381278729
0.4388554123753401 0.9003688381278729
0.4428958164157441 0.9003688381278729
0.4469362204561481 0.9003688381278729
0.4509766244965522 0.9003688381278729
0.45501702853695625 0.9003688381278729
0.45905743257736026 0.9003688381278729
0.4630978366177643 0.9003688381278729
0.46713824065816834 0.9003688381278729
0.3903705638904916 0.904409242168277
0.39441096793089564 0.904409242168277
0.39845137197129965 0.904409242168277
0.4024917760117037 0.904409242168277
0.40653218005210773 0.904409242168277
0.4105725840925118 0.904409242168277
0.4146129881329158 0.904409242168277
0.41865339217331987 0.904409242168277
0.42269379621372394 0.904409242168277
0.42673420025412795 0.904409242168277
0.43077460429453196 0.904409242168277
0.434815008334936 0.904409242168277
0.4388554123753401 0.904409242168277
0.4428958164157441 0.904409242168277
0.4469362204561481 0.904409242168277
0.4509766244965522 0.904409242168277
0.45501702853695625 0.904409242168277
0.45905743257736026 0.904409242168277
0.37824935176927943 0.9084496462086811
0.3822897558096835 0.9084496462086811
0.38633015985008756 0.9084496462086811
0.3903705638904916 0.9084496462086811
0.39441096793089564 0.9084496462086811
0.39845137197129965 0.9084496462086811
0.4024917760117037 0.9084496462086811
0.40653218005210773 0.9084496462086811
0.4105725840925118 0.9084496462086811
0.4146129881329158 0.9084496462086811
0.41865339217331987 0.9084496462086811
0.42269379621372394 0.9084496462086811
0.42673420025412795 0.9084496462086811
0.43077460429453196 0.9084496462086811
0.434815008334936 0.9084496462086811
0.4388554123753401 0.9084496462086811
0.4428958164157441 0.9084496462086811
0.4469362204561481 0.9084496462086811
0.4509766244965522 0.9084496462086811
0.3701685436884714 0.912490050249085
0.3742089477288754 0.912490050249085
0.37824935176927943 0.912490050249085
0.3822897558096835 0.912490050249085
0.38633015985008756 0.912490050249085
0.3903705638904916 0.912490050249085
0.39441096793089564 0.912490050249085
0.39845137197129965 0.912490050249085
0.4024917760117037 0.912490050249085
0.40653218005210773 0.912490050249085
0.4105725840925118 0.912490050249085
0.4146129881329158 0.912490050249085
0.41865339217331987 0.912490050249085
0.42269379621372394 0.912490050249085
0.42673420025412795 0.912490050249085
0.43077460429453196 0.912490050249085
0.434815008334936 0.912490050249085
0.4388554123753401 0.912490050249085
0.4428958164157441 0.912490050249085
0.3620877356076633 0.9165304542894891
0.36612813964806734 0.9165304542894891
0.3701685436884714 0.9165304542894891
0.3742089477288754 0.9165304542894891
0.37824935176927943 0.9165304542894891
0.3822897558096835 0.9165304542894891
0.38633015985008756 0.9165304542894891
0.3903705638904916 0.9165304542894891
0.39441096793089564 0.9165304542894891
0.39845137197129965 0.9165304542894891
0.4024917760117037 0.9165304542894891
0.40653218005210773 0.9165304542894891
0.4105725840925118 0.9165304542894891
0.4146129881329158 0.9165304542894891
0.41865339217331987 0.9165304542894891
0.42269379621372394 0.9165304542894891
0.42673420025412795 0.9165304542894891
0.43077460429453196 0.9165304542894891
0.434815008334936 0.9165304542894891
0.4388554123753401 0.9165304542894891
0.4428958164157441 0.9165304542894891
0.3418857154056431 0.920570858329893
0.3499665234864512 0.920570858329893
0.35400692752685525 0.920570858329893
0.35804733156725926 0.920570858329893
0.3620877356076633 0.920570858329893
0.36612813964806734 0.920570858329893
0.3701685436884714 0.920570858329893
0.3742089477288754 0.920570858329893
0.37824935176927943 0.920570858329893
0.3822897558096835 0.920570858329893
0.38633015985008756 0.920570858329893
0.3903705638904916 0.920570858329893
0.39441096793089564 0.920570858329893
0.39845137197129965 0.920570858329893
0.4024917760117037 0.920570858329893
0.40653218005210773 0.920570858329893
0.4105725840925118 0.920570858329893
0.4146129881329158 0.920570858329893
0.41865339217331987 0.920570858329893
0.42269379621372394 0.920570858329893
0.43077460429453196 0.920570858329893
0.32976450328443097 0.9246112623702971
0.33784531136523904 0.9246112623702971
0.3418857154056431 0.9246112623702971
0.3459261194460471 0.9246112623702971
0.3499665234864512 0.9246112623702971
0.35400692752685525 0.9246112623702971
0.35804733156725926 0.9246112623702971
0.3620877356076633 0.9246112623702971
0.36612813964806734 0.9246112623702971
0.3701685436884714 0.9246112623702971
0.3742089477288754 0.9246112623702971
0.37824935176927943 0.9246112623702971
0.3822897558096835 0.9246112623702971
0.38633015985008756 0.9246112623702971
0.3903705638904916 0.9246112623702971
0.39441096793089564 0.9246112623702971
0.39845137197129965 0.9246112623702971
0.4024917760117037 0.9246112623702971
0.40653218005210773 0.9246112623702971
0.4105725840925118 0.9246112623702971
0.4146129881329158 0.9246112623702971
0.42673420025412795 0.9246112623702971
0.32976450328443097 0.9286516664107012
0.33380490732483503 0.9286516664107012
0.33784531136523904 0.9286516664107012
0.3418857154056431 0.9286516664107012
0.3459261194460471 0.9286516664107012
0.3499665234864512 0.9286516664107012
0.35400692752685525 0.9286516664107012
0.35804733156725926 0.9286516664107012
0.3620877356076633 0.9286516664107012
0.36612813964806734 0.9286516664107012
0.3701685436884714 0.9286516664107012
0.3742089477288754 0.9286516664107012
0.37824935176927943 0.9286516664107012
0.3822897558096835 0.9286516664107012
0.38633015985008756 0.9286516664107012
0.3903705638904916 0.9286516664107012
0.39441096793089564 0.9286516664107012
0.39845137197129965 0.9286516664107012
0.4024917760117037 0.9286516664107012
0.4146129881329158 0.9286516664107012
0.30956248308241074 0.9326920704511052
0.3176432911632189 0.9326920704511052
0.3216836952036229 0.9326920704511052
0.32572409924402695 0.9326920704511052
0.32976450328443097 0.9326920704511052
0.33380490732483503 0.9326920704511052
0.33784531136523904 0.9326920704511052
0.3418857154056431 0.9326920704511052
0.3459261194460471 0.9326920704511052
0.3499665234864512 0.9326920704511052
0.35400692752685525 0.9326920704511052
0.35804733156725926 0.9326920704511052
0.3620877356076633 0.9326920704511052
0.36612813964806734 0.9326920704511052
0.3701685436884714 0.9326920704511052
0.3742089477288754 0.9326920704511052
0.37824935176927943 0.9326920704511052
0.3822897558096835 0.9326920704511052
0.38633015985008756 0.9326920704511052
0.3903705638904916 0.9326920704511052
0.39441096793089564 0.9326920704511052
0.30552207904200673 0.9367324744915093
0.30956248308241074 0.9367324744915093
0.3136028871228148 0.9367324744915093
0.3176432911632189 0.9367324744915093
0.3216836952036229 0.9367324744915093
0.32572409924402695 0.9367324744915093
0.32976450328443097 0.9367324744915093
0.33380490732483503 0.9367324744915093
0.33784531136523904 0.9367324744915093
0.3418857154056431 0.9367324744915093
0.3459261194460471 0.9367324744915093
0.3499665234864512 0.9367324744915093
0.35400692752685525 0.9367324744915093
0.35804733156725926 0.9367324744915093
0.3620877356076633 0.9367324744915093
0.36612813964806734 0.9367324744915093
0.3701685436884714 0.9367324744915093
0.3742089477288754 0.9367324744915093
0.37824935176927943 0.9367324744915093
0.3822897558096835 0.9367324744915093
0.38633015985008756 0.9367324744915093
0.29744127096119866 0.9407728785319134
0.3014816750016027 0.9407728785319134
0.30552207904200673 0.9407728785319134
0.30956248308241074 0.9407728785319134
0.3136028871228148 0.9407728785319134
0.3176432911632189 0.9407728785319134
0.3216836952036229 0.9407728785319134
0.32572409924402695 0.9407728785319134
0.32976450328443097 0.9407728785319134
0.33380490732483503 0.9407728785319134
0.33784531136523904 0.9407728785319134
0.3418857154056431 0.9407728785319134
0.3459261194460471 0.9407728785319134
0.3499665234864512 0.9407728785319134
0.35400692752685525 0.9407728785319134
0.35804733156725926 0.9407728785319134
0.3620877356076633 0.9407728785319134
0.36612813964806734 0.9407728785319134
0.3701685436884714 0.9407728785319134
0.3742089477288754 0.9407728785319134
0.37824935176927943 0.9407728785319134
0.29744127096119866 0.9448132825723174
0.3014816750016027 0.9448132825723174
0.30552207904200673 0.9448132825723174
0.30956248308241074 0.9448132825723174
0.3136028871228148 0.9448132825723174
0.3176432911632189 0.9448132825723174
0.3216836952036229 0.9448132825723174
0.32572409924402695 0.9448132825723174
0.32976450328443097 0.9448132825723174
0.33380490732483503 0.9448132825723174
0.33784531136523904 0.9448132825723174
0.3418857154056431 0.9448132825723174
0.3459261194460471 0.9448132825723174
0.3499665234864512 0.9448132825723174
0.35400692752685525 0.9448132825723174
0.35804733156725926 0.9448132825723174
0.3620877356076633 0.9448132825723174
0.36612813964806734 0.9448132825723174
0.38633015985008756 0.9448132825723174
0.29744127096119866 0.9488536866127214
0.3014816750016027 0.9488536866127214
0.30552207904200673 0.9488536866127214
0.30956248308241074 0.9488536866127214
0.3136028871228148 0.9488536866127214
0.3176432911632189 0.9488536866127214
0.3216836952036229 0.9488536866127214
0.32572409924402695 0.9488536866127214
0.32976450328443097 0.9488536866127214
0.33380490732483503 0.9488536866127214
0.33784531136523904 0.9488536866127214
0.3418857154056431 0.9488536866127214
0.3459261194460471 0.9488536866127214
0.3499665234864512 0.9488536866127214
0.35400692752685525 0.9488536866127214
0.29744127096119866 0.9528940906531255
0.3014816750016027 0.9528940906531255
0.30552207904200673 0.9528940906531255
0.30956248308241074 0.9528940906531255
0.3136028871228148 0.9528940906531255
0.3176432911632189 0.9528940906531255
0.3216836952036229 0.9528940906531255
0.32572409924402695 0.9528940906531255
0.32976450328443097 0.9528940906531255
0.33380490732483503 0.9528940906531255
0.33784531136523904 0.9528940906531255
0.3418857154056431 0.9528940906531255
0.3499665234864512 0.9528940906531255
0.29744127096119866 0.9569344946935294
0.3014816750016027 0.9569344946935294
0.30552207904200673 0.9569344946935294
0.30956248308241074 0.9569344946935294
0.3136028871228148 0.9569344946935294
0.3176432911632189 0.9569344946935294
0.3216836952036229 0.9569344946935294
0.32572409924402695 0.9569344946935294
0.32976450328443097 0.9569344946935294
0.33784531136523904 0.9569344946935294
0.3499665234864512 0.9569344946935294
0.29744127096119866 0.9609748987339335
0.3014816750016027 0.9609748987339335
0.30552207904200673 0.9609748987339335
0.30956248308241074 0.9609748987339335
0.3136028871228148 0.9609748987339335
0.3176432911632189 0.9609748987339335
0.32572409924402695 0.9609748987339335
0.32976450328443097 0.9609748987339335
0.29744127096119866 0.9650153027743376
0.3014816750016027 0.9650153027743376
0.30552207904200673 0.9650153027743376
0.29744127096119866 0.9771365148955498
