# x y
0.6919059587926322 0.7306718684309033
0.671703938590612 0.7508738886329235
0.6191786860653594 0.7953183330773679
0.6353403022269756 0.799358737117772
0.5989766658633392 0.8155203532793881
0.5949362618229352 0.8316819694410043
0.5585726254592989 0.8397627775218124
0.5464514133380867 0.8478435856026204
0.5666534335401069 0.8518839896430245
0.5020069688936423 0.8720860098450447
0.5302897971764705 0.8761264138854487
0.47372414061081397 0.8882476260066607
0.4898857567724301 0.9003688381278729
0.42523929212596545 0.920570858329893
0.3969564638431372 0.9286516664107012
0.38887565576232913 0.9367324744915093
0.3444312113178847 0.9448132825723174
0.3161483830350564 0.9650153027743376
0.30402717091384424 0.9690557068147416
