# x y
0.6998698511426759 0.710469848228883
0.6958294471022718 0.7145102522692871
0.6998698511426759 0.7145102522692871
0.6917890430618678 0.7185506563096911
0.6958294471022718 0.7185506563096911
0.6998698511426759 0.7185506563096911
0.6877486390214638 0.7225910603500951
0.6917890430618678 0.7225910603500951
0.6958294471022718 0.7225910603500951
0.6837082349810597 0.7266314643904992
0.6877486390214638 0.7266314643904992
0.6917890430618678 0.7266314643904992
0.6796678309406556 0.7306718684309033
0.6837082349810597 0.7306718684309033
0.6877486390214638 0.7306718684309033
0.6715870228598475 0.7347122724713073
0.6756274269002516 0.7347122724713073
0.6796678309406556 0.7347122724713073
0.6837082349810597 0.7347122724713073
0.6675466188194434 0.7387526765117113
0.6715870228598475 0.7387526765117113
0.6756274269002516 0.7387526765117113
0.6796678309406556 0.7387526765117113
0.6635062147790395 0.7427930805521153
0.6675466188194434 0.7427930805521153
0.6715870228598475 0.7427930805521153
0.6756274269002516 0.7427930805521153
0.6594658107386354 0.7468334845925194
0.6635062147790395 0.7468334845925194
0.6675466188194434 0.7468334845925194
0.6715870228598475 0.7468334845925194
0.6554254066982315 0.7508738886329235
0.6594658107386354 0.7508738886329235
0.6635062147790395 0.7508738886329235
0.6513850026578274 0.7549142926733274
0.6554254066982315 0.7549142926733274
0.6594658107386354 0.7549142926733274
0.6473445986174233 0.7589546967137315
0.6513850026578274 0.7589546967137315
0.6554254066982315 0.7589546967137315
0.6392637905366152 0.7629951007541356
0.6433041945770193 0.7629951007541356
0.6473445986174233 0.7629951007541356
0.6513850026578274 0.7629951007541356
0.6352233864962111 0.7670355047945396
0.6392637905366152 0.7670355047945396
0.6433041945770193 0.7670355047945396
0.6473445986174233 0.7670355047945396
0.6311829824558072 0.7710759088349436
0.6352233864962111 0.7710759088349436
0.6392637905366152 0.7710759088349436
0.6433041945770193 0.7710759088349436
0.6271425784154031 0.7751163128753477
0.6311829824558072 0.7751163128753477
0.6352233864962111 0.7751163128753477
0.623102174374999 0.7791567169157517
0.6271425784154031 0.7791567169157517
0.6311829824558072 0.7791567169157517
0.615021366294191 0.7831971209561558
0.6190617703345951 0.7831971209561558
0.623102174374999 0.7831971209561558
0.6271425784154031 0.7831971209561558
0.610980962253787 0.7872375249965597
0.615021366294191 0.7872375249965597
0.6190617703345951 0.7872375249965597
0.623102174374999 0.7872375249965597
0.6069405582133829 0.7912779290369638
0.610980962253787 0.7912779290369638
0.615021366294191 0.7912779290369638
0.5988597501325748 0.7953183330773679
0.6029001541729788 0.7953183330773679
0.6069405582133829 0.7953183330773679
0.610980962253787 0.7953183330773679
0.5948193460921708 0.799358737117772
0.5988597501325748 0.799358737117772
0.6029001541729788 0.799358737117772
0.6069405582133829 0.799358737117772
0.5907789420517667 0.803399141158176
0.5948193460921708 0.803399141158176
0.5988597501325748 0.803399141158176
0.6029001541729788 0.803399141158176
0.5826981339709587 0.80743954519858
0.5867385380113628 0.80743954519858
0.5907789420517667 0.80743954519858
0.5948193460921708 0.80743954519858
0.5786577299305546 0.811479949238984
0.5826981339709587 0.811479949238984
0.5867385380113628 0.811479949238984
0.5907789420517667 0.811479949238984
0.5705769218497465 0.8155203532793881
0.5746173258901506 0.8155203532793881
0.5786577299305546 0.8155203532793881
0.5826981339709587 0.8155203532793881
0.5665365178093424 0.819560757319792
0.5705769218497465 0.819560757319792
0.5746173258901506 0.819560757319792
0.5786577299305546 0.819560757319792
0.5624961137689385 0.8236011613601961
0.5665365178093424 0.8236011613601961
0.5705769218497465 0.8236011613601961
0.5746173258901506 0.8236011613601961
0.5544153056881304 0.8276415654006002
0.5584557097285344 0.8276415654006002
0.5624961137689385 0.8276415654006002
0.5665365178093424 0.8276415654006002
0.5503749016477264 0.8316819694410043
0.5544153056881304 0.8316819694410043
0.5584557097285344 0.8316819694410043
0.5624961137689385 0.8316819694410043
0.5422940935669183 0.8357223734814083
0.5463344976073223 0.8357223734814083
0.5503749016477264 0.8357223734814083
0.5544153056881304 0.8357223734814083
0.5342132854861101 0.8397627775218124
0.5382536895265142 0.8397627775218124
0.5422940935669183 0.8397627775218124
0.5463344976073223 0.8397627775218124
0.5503749016477264 0.8397627775218124
0.5301728814457062 0.8438031815622163
0.5342132854861101 0.8438031815622163
0.5382536895265142 0.8438031815622163
0.5422940935669183 0.8438031815622163
0.522092073364898 0.8478435856026204
0.5261324774053021 0.8478435856026204
0.5301728814457062 0.8478435856026204
0.5342132854861101 0.8478435856026204
0.5382536895265142 0.8478435856026204
0.518051669324494 0.8518839896430245
0.522092073364898 0.8518839896430245
0.5261324774053021 0.8518839896430245
0.5301728814457062 0.8518839896430245
0.509970861243686 0.8559243936834284
0.51401126528409 0.8559243936834284
0.518051669324494 0.8559243936834284
0.522092073364898 0.8559243936834284
0.5018900531628778 0.8599647977238325
0.5059304572032819 0.8599647977238325
0.509970861243686 0.8599647977238325
0.51401126528409 0.8599647977238325
0.518051669324494 0.8599647977238325
0.4978496491224738 0.8640052017642366
0.5018900531628778 0.8640052017642366
0.5059304572032819 0.8640052017642366
0.509970861243686 0.8640052017642366
0.48976884104166574 0.8680456058046406
0.4938092450820698 0.8680456058046406
0.4978496491224738 0.8680456058046406
0.5018900531628778 0.8680456058046406
0.48168803296085766 0.8720860098450447
0.48572843700126167 0.8720860098450447
0.48976884104166574 0.8720860098450447
0.4938092450820698 0.8720860098450447
0.4978496491224738 0.8720860098450447
0.4736072248800496 0.8761264138854487
0.47764762892045365 0.8761264138854487
0.48168803296085766 0.8761264138854487
0.48572843700126167 0.8761264138854487
0.48976884104166574 0.8761264138854487
0.4655264167992415 0.8801668179258527
0.4695668208396455 0.8801668179258527
0.4736072248800496 0.8801668179258527
0.47764762892045365 0.8801668179258527
0.48168803296085766 0.8801668179258527
0.4574456087184334 0.8842072219662568
0.46148601275883744 0.8842072219662568
0.4655264167992415 0.8842072219662568
0.4695668208396455 0.8842072219662568
0.4736072248800496 0.8842072219662568
0.4493648006376253 0.8882476260066607
0.45340520467802936 0.8882476260066607
0.4574456087184334 0.8882476260066607
0.46148601275883744 0.8882476260066607
0.4655264167992415 0.8882476260066607
0.4412839925568173 0.8922880300470648
0.4453243965972213 0.8922880300470648
0.4493648006376253 0.8922880300470648
0.45340520467802936 0.8922880300470648
0.4574456087184334 0.8922880300470648
0.43320318447600914 0.8963284340874689
0.4372435885164132 0.8963284340874689
0.4412839925568173 0.8963284340874689
0.4453243965972213 0.8963284340874689
0.4493648006376253 0.8963284340874689
0.45340520467802936 0.8963284340874689
0.4251223763952011 0.9003688381278729
0.42916278043560513 0.9003688381278729
0.43320318447600914 0.9003688381278729
0.4372435885164132 0.9003688381278729
0.4412839925568173 0.9003688381278729
0.4453243965972213 0.9003688381278729
0.417041568314393 0.904409242168277
0.42108197235479705 0.904409242168277
0.4251223763952011 0.904409242168277
0.42916278043560513 0.904409242168277
0.43320318447600914 0.904409242168277
0.4089607602335849 0.9084496462086811
0.413001164273989 0.9084496462086811
0.417041568314393 0.9084496462086811
0.42108197235479705 0.9084496462086811
0.4251223763952011 0.9084496462086811
0.40087995215277683 0.912490050249085
0.4049203561931809 0.912490050249085
0.4089607602335849 0.912490050249085
0.413001164273989 0.912490050249085
0.417041568314393 0.912490050249085
0.38875874003156474 0.9165304542894891
0.39279914407196875 0.9165304542894891
0.3968395481123728 0.9165304542894891
0.40087995215277683 0.9165304542894891
0.4049203561931809 0.9165304542894891
0.4089607602335849 0.9165304542894891
0.3806779319507566 0.920570858329893
0.3847183359911607 0.920570858329893
0.38875874003156474 0.920570858329893
0.39279914407196875 0.920570858329893
0.3968395481123728 0.920570858329893
0.40087995215277683 0.920570858329893
0.3685567198295445 0.9246112623702971
0.3725971238699486 0.9246112623702971
0.3766375279103526 0.9246112623702971
0.3806779319507566 0.9246112623702971
0.3847183359911607 0.9246112623702971
0.38875874003156474 0.9246112623702971
0.36047591174873644 0.9286516664107012
0.36451631578914045 0.9286516664107012
0.3685567198295445 0.9286516664107012
0.3725971238699486 0.9286516664107012
0.3766375279103526 0.9286516664107012
0.3806779319507566 0.9286516664107012
0.3483546996275243 0.9326920704511052
0.35239510366792837 0.9326920704511052
0.35643550770833243 0.9326920704511052
0.36047591174873644 0.9326920704511052
0.36451631578914045 0.9326920704511052
0.3685567198295445 0.9326920704511052
0.3725971238699486 0.9326920704511052
0.3402738915467162 0.9367324744915093
0.3443142955871203 0.9367324744915093
0.3483546996275243 0.9367324744915093
0.35239510366792837 0.9367324744915093
0.35643550770833243 0.9367324744915093
0.36047591174873644 0.9367324744915093
0.32815267942550413 0.9407728785319134
0.33219308346590815 0.9407728785319134
0.3362334875063122 0.9407728785319134
0.3402738915467162 0.9407728785319134
0.3443142955871203 0.9407728785319134
0.3483546996275243 0.9407728785319134
0.316031467304292 0.9448132825723174
0.32007187134469606 0.9448132825723174
0.32411227538510007 0.9448132825723174
0.32815267942550413 0.9448132825723174
0.33219308346590815 0.9448132825723174
0.3362334875063122 0.9448132825723174
0.3402738915467162 0.9448132825723174
0.3039102551830799 0.9488536866127214
0.3079506592234839 0.9488536866127214
0.3119910632638879 0.9488536866127214
0.316031467304292 0.9488536866127214
0.32007187134469606 0.9488536866127214
0.32411227538510007 0.9488536866127214
0.32815267942550413 0.9488536866127214
0.29986985114267584 0.9528940906531255
0.3039102551830799 0.9528940906531255
0.3079506592234839 0.9528940906531255
0.3119910632638879 0.9528940906531255
0.316031467304292 0.9528940906531255
0.29986985114267584 0.9569344946935294
0.3039102551830799 0.9569344946935294
