# x y
0.6595708430438487 0.7791567169157517
0.6312880147610205 0.803399141158176
0.5989647824377882 0.8155203532793881
0.5626011460741518 0.8357223734814083
0.5181567016297073 0.8640052017642366
0.5221971056701114 0.8680456058046406
0.5019950854680911 0.8801668179258527
0.4656314491044548 0.9003688381278729
0.48987387334687904 0.9003688381278729
0.40098498445799013 0.9246112623702971
0.3727021561751619 0.9367324744915093
0.36462134809435376 0.9609748987339335
0.3161364996095053 0.9650153027743376
0.3040152874882932 0.9690557068147416
0.33229811577112145 0.9730961108551457
