# x y
0.6999844336485408 0.7225910603500951
0.6959440296081367 0.7266314643904992
0.6919036255677327 0.7306718684309033
0.6878632215273286 0.7347122724713073
0.6393783730424801 0.7791567169157517
0.6191763528404599 0.7953183330773679
0.6353379690020761 0.799358737117772
0.5989743326384397 0.8155203532793881
0.5949339285980357 0.8316819694410043
0.5585702922343994 0.8397627775218124
0.5464490801131872 0.8478435856026204
0.522206655870763 0.8599647977238325
0.5020046356687428 0.8720860098450447
0.530287463951571 0.8761264138854487
0.3969541306182377 0.9286516664107012
0.3363480700121771 0.9488536866127214
0.31614604981015687 0.9650153027743376
0.3040248376889447 0.9690557068147416
