# x y
0.6636271287170015 0.7549142926733274
0.6555463206361933 0.7629951007541356
0.6595867246765974 0.7791567169157517
0.5989806640705367 0.80743954519858
0.5989806640705367 0.8155203532793881
0.5706978357877085 0.8276415654006002
0.5343341994240721 0.8518839896430245
0.5100917751816478 0.8680456058046406
0.4939301590200317 0.8761264138854487
0.46564733073720344 0.9003688381278729
0.4131220782119509 0.9165304542894891
0.4050412701311428 0.920570858329893
0.425243290333163 0.920570858329893
0.39696046205033475 0.9286516664107012
0.3605968256866984 0.9407728785319134
0.324233189323062 0.9528940906531255
0.3161523812422539 0.9569344946935294
0.29999076508063777 0.9609748987339335
0.3161523812422539 0.9650153027743376
0.3040311691210418 0.9690557068147416
