# x y
0.6999969539807591 0.7145102522692871
0.695956549940355 0.7185506563096911
0.691916145899951 0.7225910603500951
0.6878757418595469 0.7266314643904992
0.6838353378191429 0.7306718684309033
0.6797949337787389 0.7347122724713073
0.6757545297383348 0.7387526765117113
0.6636333176171227 0.7468334845925194
0.6595929135767187 0.7508738886329235
0.6555525095363146 0.7549142926733274
0.6515121054959105 0.7589546967137315
0.6474717014555066 0.7629951007541356
0.6434312974151025 0.7670355047945396
0.6353504893342945 0.7710759088349436
0.6313100852938904 0.7751163128753477
0.6272696812534864 0.7791567169157517
0.6232292772130823 0.7831971209561558
0.6111080650918702 0.7912779290369638
0.6070676610514661 0.7953183330773679
0.6030272570110622 0.799358737117772
0.5949464489302541 0.803399141158176
0.59090604488985 0.80743954519858
0.5828252368090419 0.811479949238984
0.5787848327686379 0.8155203532793881
0.5747444287282338 0.819560757319792
0.5666636206474258 0.8236011613601961
0.5626232166070217 0.8276415654006002
0.5545424085262136 0.8316819694410043
0.5505020044858095 0.8357223734814083
0.5424211964050015 0.8397627775218124
0.5383807923645975 0.8438031815622163
0.5302999842837894 0.8478435856026204
0.5222191762029813 0.8518839896430245
0.5262595802433854 0.8518839896430245
0.5181787721625772 0.8559243936834284
0.5100979640817692 0.8599647977238325
0.5020171560009611 0.8640052017642366
0.5060575600413652 0.8640052017642366
0.4979767519605571 0.8680456058046406
0.489895943879749 0.8720860098450447
0.4818151357989409 0.8761264138854487
0.47373432771813284 0.8801668179258527
0.46565351963732476 0.8842072219662568
0.4696939236777288 0.8842072219662568
0.4575727115565167 0.8882476260066607
0.4616131155969207 0.8882476260066607
0.4535323075161126 0.8922880300470648
0.44141109539490053 0.8963284340874689
0.44545149943530454 0.8963284340874689
0.4333302873140924 0.9003688381278729
0.43737069135449647 0.9003688381278729
0.4252494792332844 0.904409242168277
0.4292898832736884 0.904409242168277
0.41716867115247624 0.9084496462086811
0.4212090751928803 0.9084496462086811
0.40908786307166817 0.912490050249085
0.4010070549908601 0.9165304542894891
0.388885842869648 0.920570858329893
0.392926246910052 0.920570858329893
0.38080503478883987 0.9246112623702971
0.3686838226676278 0.9286516664107012
0.37272422670803185 0.9286516664107012
0.3606030145868197 0.9326920704511052
0.3646434186272237 0.9326920704511052
0.34848180246560756 0.9367324744915093
0.3525222065060116 0.9367324744915093
0.3404009943847995 0.9407728785319134
0.3282797822635874 0.9448132825723174
0.31615857014237525 0.9488536866127214
0.3201989741827793 0.9488536866127214
0.30403735802116316 0.9528940906531255
0.3080777620615672 0.9528940906531255
