# x y
0.6999749796774819 0.7145102522692871
0.6959345756370778 0.7185506563096911
0.6918941715966738 0.7225910603500951
0.6878537675562697 0.7266314643904992
0.6838133635158656 0.7306718684309033
0.6757325554350575 0.7347122724713073
0.6797729594754616 0.7347122724713073
0.6716921513946535 0.7387526765117113
0.6757325554350575 0.7387526765117113
0.6676517473542495 0.7427930805521153
0.6716921513946535 0.7427930805521153
0.6636113433138455 0.7468334845925194
0.6676517473542495 0.7468334845925194
0.6595709392734415 0.7508738886329235
0.6555305352330374 0.7549142926733274
0.6514901311926333 0.7589546967137315
0.6434093231118252 0.7629951007541356
0.6474497271522293 0.7629951007541356
0.6393689190714212 0.7670355047945396
0.6434093231118252 0.7670355047945396
0.6353285150310172 0.7710759088349436
0.6393689190714212 0.7710759088349436
0.6312881109906132 0.7751163128753477
0.6272477069502091 0.7791567169157517
0.619166898869401 0.7831971209561558
0.6232073029098051 0.7831971209561558
0.615126494828997 0.7872375249965597
0.619166898869401 0.7872375249965597
0.6110860907885929 0.7912779290369638
0.6030052827077849 0.7953183330773679
0.6070456867481888 0.7953183330773679
0.5989648786673808 0.799358737117772
0.6030052827077849 0.799358737117772
0.5949244746269768 0.803399141158176
0.5868436665461687 0.80743954519858
0.5908840705865728 0.80743954519858
0.5828032625057646 0.811479949238984
0.5868436665461687 0.811479949238984
0.5787628584653606 0.8155203532793881
0.5706820503845526 0.819560757319792
0.5747224544249565 0.819560757319792
0.5666416463441485 0.8236011613601961
0.5706820503845526 0.8236011613601961
0.5585608382633405 0.8276415654006002
0.5626012423037445 0.8276415654006002
0.5545204342229364 0.8316819694410043
0.5585608382633405 0.8316819694410043
0.5464396261421283 0.8357223734814083
0.5504800301825323 0.8357223734814083
0.5423992221017242 0.8397627775218124
0.5464396261421283 0.8397627775218124
0.5343184140209162 0.8438031815622163
0.5383588180613202 0.8438031815622163
0.5302780099805121 0.8478435856026204
0.5221972018997041 0.8518839896430245
0.5262376059401082 0.8518839896430245
0.514116393818896 0.8559243936834284
0.5181567978593 0.8559243936834284
0.5100759897784919 0.8599647977238325
0.514116393818896 0.8599647977238325
0.5019951816976839 0.8640052017642366
0.5060355857380878 0.8640052017642366
0.49391437361687573 0.8680456058046406
0.4979547776572798 0.8680456058046406
0.4858335655360677 0.8720860098450447
0.4898739695764717 0.8720860098450447
0.48179316149566365 0.8761264138854487
0.4858335655360677 0.8761264138854487
0.47371235341485557 0.8801668179258527
0.4777527574552596 0.8801668179258527
0.4656315453340475 0.8842072219662568
0.46967194937445156 0.8842072219662568
0.45755073725323936 0.8882476260066607
0.4615911412936434 0.8882476260066607
0.44946992917243134 0.8922880300470648
0.45351033321283535 0.8922880300470648
0.4413891210916232 0.8963284340874689
0.44542952513202727 0.8963284340874689
0.4333083130108152 0.9003688381278729
0.4373487170512192 0.9003688381278729
0.42522750493000705 0.904409242168277
0.4292679089704111 0.904409242168277
0.41310629280879496 0.9084496462086811
0.41714669684919903 0.9084496462086811
0.42118710088960304 0.9084496462086811
0.4050254847279869 0.912490050249085
0.4090658887683909 0.912490050249085
0.41310629280879496 0.912490050249085
0.3969446766471788 0.9165304542894891
0.4009850806875828 0.9165304542894891
0.4050254847279869 0.9165304542894891
0.38886386856637073 0.920570858329893
0.39290427260677474 0.920570858329893
0.3767426564451586 0.9246112623702971
0.38078306048556265 0.9246112623702971
0.38482346452596666 0.9246112623702971
0.3686618483643505 0.9286516664107012
0.3727022524047545 0.9286516664107012
0.35654063624313836 0.9326920704511052
0.36058104028354243 0.9326920704511052
0.3646214443239465 0.9326920704511052
0.3444194241219263 0.9367324744915093
0.34845982816233034 0.9367324744915093
0.35250023220273435 0.9367324744915093
0.3363386160411182 0.9407728785319134
0.3403790200815222 0.9407728785319134
0.3444194241219263 0.9407728785319134
0.32421740391990606 0.9448132825723174
0.3282578079603101 0.9448132825723174
0.33229821200071413 0.9448132825723174
0.31209619179869397 0.9488536866127214
0.316136595839098 0.9488536866127214
0.320176999879502 0.9488536866127214
0.2999749796774818 0.9528940906531255
0.30401538371788583 0.9528940906531255
0.3080557877582899 0.9528940906531255
