# x y
0.6999683955901751 0.7145102522692871
0.695927991549771 0.7185506563096911
0.6918875875093671 0.7225910603500951
0.6838067794285589 0.7266314643904992
0.687847183468963 0.7266314643904992
0.6797663753881549 0.7306718684309033
0.6838067794285589 0.7306718684309033
0.6757259713477508 0.7347122724713073
0.6797663753881549 0.7347122724713073
0.6716855673073467 0.7387526765117113
0.6757259713477508 0.7387526765117113
0.6676451632669427 0.7427930805521153
0.6716855673073467 0.7427930805521153
0.6636047592265387 0.7468334845925194
0.6676451632669427 0.7468334845925194
0.6595643551861347 0.7508738886329235
0.6636047592265387 0.7508738886329235
0.6555239511457307 0.7549142926733274
0.6514835471053266 0.7589546967137315
0.6434027390245185 0.7629951007541356
0.6474431430649226 0.7629951007541356
0.6393623349841144 0.7670355047945396
0.6434027390245185 0.7670355047945396
0.6353219309437104 0.7710759088349436
0.6393623349841144 0.7710759088349436
0.6312815269033064 0.7751163128753477
0.6353219309437104 0.7751163128753477
0.6232007188224983 0.7791567169157517
0.6272411228629023 0.7791567169157517
0.6191603147820943 0.7831971209561558
0.6232007188224983 0.7831971209561558
0.6151199107416903 0.7872375249965597
0.6191603147820943 0.7872375249965597
0.6110795067012862 0.7912779290369638
0.6151199107416903 0.7912779290369638
0.6029986986204781 0.7953183330773679
0.6070391026608821 0.7953183330773679
0.598958294580074 0.799358737117772
0.6029986986204781 0.799358737117772
0.59491789053967 0.803399141158176
0.598958294580074 0.803399141158176
0.586837082458862 0.80743954519858
0.590877486499266 0.80743954519858
0.582796678418458 0.811479949238984
0.586837082458862 0.811479949238984
0.5787562743780539 0.8155203532793881
0.5706754662972457 0.819560757319792
0.5747158703376498 0.819560757319792
0.5666350622568417 0.8236011613601961
0.5706754662972457 0.8236011613601961
0.5585542541760337 0.8276415654006002
0.5625946582164377 0.8276415654006002
0.5545138501356296 0.8316819694410043
0.5585542541760337 0.8316819694410043
0.5464330420548216 0.8357223734814083
0.5504734460952256 0.8357223734814083
0.5423926380144175 0.8397627775218124
0.5464330420548216 0.8397627775218124
0.5343118299336094 0.8438031815622163
0.5383522339740134 0.8438031815622163
0.5262310218528014 0.8478435856026204
0.5302714258932054 0.8478435856026204
0.5343118299336094 0.8478435856026204
0.5221906178123973 0.8518839896430245
0.5262310218528014 0.8518839896430245
0.5141098097315893 0.8559243936834284
0.5181502137719932 0.8559243936834284
0.5060290016507811 0.8599647977238325
0.5100694056911852 0.8599647977238325
0.5141098097315893 0.8599647977238325
0.5019885976103771 0.8640052017642366
0.5060290016507811 0.8640052017642366
0.49390778952956904 0.8680456058046406
0.49794819356997305 0.8680456058046406
0.4858269814487609 0.8720860098450447
0.489867385489165 0.8720860098450447
0.49390778952956904 0.8720860098450447
0.4777461733679529 0.8761264138854487
0.4817865774083569 0.8761264138854487
0.4858269814487609 0.8761264138854487
0.4737057693275488 0.8801668179258527
0.4777461733679529 0.8801668179258527
0.46562496124674074 0.8842072219662568
0.46966536528714475 0.8842072219662568
0.45754415316593267 0.8882476260066607
0.4615845572063367 0.8882476260066607
0.44946334508512453 0.8922880300470648
0.4535037491255286 0.8922880300470648
0.4413825370043165 0.8963284340874689
0.4454229410447205 0.8963284340874689
0.4333017289235084 0.9003688381278729
0.43734213296391244 0.9003688381278729
0.42522092084270036 0.904409242168277
0.42926132488310437 0.904409242168277
0.4130997087214882 0.9084496462086811
0.4171401127618922 0.9084496462086811
0.4211805168022963 0.9084496462086811
0.40501890064068014 0.912490050249085
0.40905930468108415 0.912490050249085
0.4130997087214882 0.912490050249085
0.39693809255987206 0.9165304542894891
0.40097849660027607 0.9165304542894891
0.40501890064068014 0.9165304542894891
0.3848168804386599 0.920570858329893
0.388857284479064 0.920570858329893
0.392897688519468 0.920570858329893
0.37673607235785184 0.9246112623702971
0.38077647639825585 0.9246112623702971
0.3848168804386599 0.9246112623702971
0.36865526427704376 0.9286516664107012
0.3726956683174478 0.9286516664107012
0.37673607235785184 0.9286516664107012
0.35653405215583167 0.9326920704511052
0.3605744561962357 0.9326920704511052
0.3646148602366397 0.9326920704511052
0.3444128400346195 0.9367324744915093
0.34845324407502354 0.9367324744915093
0.3524936481154276 0.9367324744915093
0.3322916279134074 0.9407728785319134
0.33633203195381145 0.9407728785319134
0.34037243599421546 0.9407728785319134
0.3444128400346195 0.9407728785319134
0.3242108198325993 0.9448132825723174
0.3282512238730034 0.9448132825723174
0.3322916279134074 0.9448132825723174
0.31208960771138716 0.9488536866127214
0.31613001175179123 0.9488536866127214
0.3201704157921953 0.9488536866127214
0.2999683955901751 0.9528940906531255
0.30400879963057914 0.9528940906531255
0.30804920367098315 0.9528940906531255
