# x y
0.6999612943922319 0.7145102522692871
0.6959208903518278 0.7185506563096911
0.6878400822710198 0.7225910603500951
0.6918804863114238 0.7225910603500951
0.6837996782306157 0.7266314643904992
0.6878400822710198 0.7266314643904992
0.6797592741902116 0.7306718684309033
0.6837996782306157 0.7306718684309033
0.6757188701498076 0.7347122724713073
0.6797592741902116 0.7347122724713073
0.6716784661094035 0.7387526765117113
0.6757188701498076 0.7387526765117113
0.6676380620689994 0.7427930805521153
0.6716784661094035 0.7427930805521153
0.6635976580285955 0.7468334845925194
0.6676380620689994 0.7468334845925194
0.6595572539881914 0.7508738886329235
0.6635976580285955 0.7508738886329235
0.6555168499477875 0.7549142926733274
0.6474360418669793 0.7589546967137315
0.6514764459073834 0.7589546967137315
0.6433956378265753 0.7629951007541356
0.6474360418669793 0.7629951007541356
0.6393552337861712 0.7670355047945396
0.6433956378265753 0.7670355047945396
0.6353148297457671 0.7710759088349436
0.6393552337861712 0.7710759088349436
0.6312744257053632 0.7751163128753477
0.6353148297457671 0.7751163128753477
0.623193617624555 0.7791567169157517
0.6272340216649591 0.7791567169157517
0.6191532135841511 0.7831971209561558
0.623193617624555 0.7831971209561558
0.615112809543747 0.7872375249965597
0.6191532135841511 0.7872375249965597
0.611072405503343 0.7912779290369638
0.615112809543747 0.7912779290369638
0.6029915974225348 0.7953183330773679
0.6070320014629389 0.7953183330773679
0.5989511933821308 0.799358737117772
0.6029915974225348 0.799358737117772
0.5949107893417268 0.803399141158176
0.5989511933821308 0.803399141158176
0.5868299812609188 0.80743954519858
0.5908703853013227 0.80743954519858
0.5827895772205147 0.811479949238984
0.5868299812609188 0.811479949238984
0.5747087691397066 0.8155203532793881
0.5787491731801107 0.8155203532793881
0.5827895772205147 0.8155203532793881
0.5706683650993025 0.819560757319792
0.5747087691397066 0.819560757319792
0.5666279610588985 0.8236011613601961
0.5706683650993025 0.8236011613601961
0.5585471529780904 0.8276415654006002
0.5625875570184945 0.8276415654006002
0.5545067489376864 0.8316819694410043
0.5585471529780904 0.8316819694410043
0.5464259408568783 0.8357223734814083
0.5504663448972824 0.8357223734814083
0.5383451327760702 0.8397627775218124
0.5423855368164743 0.8397627775218124
0.5464259408568783 0.8397627775218124
0.5343047287356661 0.8438031815622163
0.5383451327760702 0.8438031815622163
0.5262239206548581 0.8478435856026204
0.5302643246952622 0.8478435856026204
0.5343047287356661 0.8478435856026204
0.5221835166144541 0.8518839896430245
0.5262239206548581 0.8518839896430245
0.514102708533646 0.8559243936834284
0.51814311257405 0.8559243936834284
0.5060219004528379 0.8599647977238325
0.510062304493242 0.8599647977238325
0.514102708533646 0.8599647977238325
0.5019814964124338 0.8640052017642366
0.5060219004528379 0.8640052017642366
0.4939006883316258 0.8680456058046406
0.4979410923720298 0.8680456058046406
0.4858198802508177 0.8720860098450447
0.48986028429122175 0.8720860098450447
0.4939006883316258 0.8720860098450447
0.47773907217000966 0.8761264138854487
0.48177947621041367 0.8761264138854487
0.4858198802508177 0.8761264138854487
0.4696582640892015 0.8801668179258527
0.4736986681296056 0.8801668179258527
0.47773907217000966 0.8801668179258527
0.4656178600487975 0.8842072219662568
0.4696582640892015 0.8842072219662568
0.45753705196798944 0.8882476260066607
0.46157745600839345 0.8882476260066607
0.4494562438871813 0.8922880300470648
0.4534966479275854 0.8922880300470648
0.4413754358063733 0.8963284340874689
0.4454158398467773 0.8963284340874689
0.42925422368516114 0.9003688381278729
0.43329462772556515 0.9003688381278729
0.4373350317659692 0.9003688381278729
0.42117341560435306 0.904409242168277
0.42521381964475713 0.904409242168277
0.42925422368516114 0.904409242168277
0.413092607523545 0.9084496462086811
0.417133011563949 0.9084496462086811
0.42117341560435306 0.9084496462086811
0.4050117994427369 0.912490050249085
0.4090522034831409 0.912490050249085
0.413092607523545 0.912490050249085
0.39693099136192883 0.9165304542894891
0.40097139540233284 0.9165304542894891
0.4050117994427369 0.9165304542894891
0.3848097792407167 0.920570858329893
0.38885018328112075 0.920570858329893
0.39289058732152476 0.920570858329893
0.39693099136192883 0.920570858329893
0.3767289711599086 0.9246112623702971
0.3807693752003126 0.9246112623702971
0.3848097792407167 0.9246112623702971
0.36460775903869647 0.9286516664107012
0.36864816307910053 0.9286516664107012
0.3726885671195046 0.9286516664107012
0.3767289711599086 0.9286516664107012
0.35652695095788844 0.9326920704511052
0.36056735499829246 0.9326920704511052
0.36460775903869647 0.9326920704511052
0.3444057388366763 0.9367324744915093
0.3484461428770803 0.9367324744915093
0.3524865469174844 0.9367324744915093
0.35652695095788844 0.9367324744915093
0.33228452671546416 0.9407728785319134
0.3363249307558682 0.9407728785319134
0.34036533479627223 0.9407728785319134
0.3444057388366763 0.9407728785319134
0.32016331459425207 0.9448132825723174
0.3242037186346561 0.9448132825723174
0.32824412267506015 0.9448132825723174
0.33228452671546416 0.9448132825723174
0.3080421024730399 0.9488536866127214
0.31208250651344394 0.9488536866127214
0.316122910553848 0.9488536866127214
0.32016331459425207 0.9488536866127214
0.29996129439223185 0.9528940906531255
0.3040016984326359 0.9528940906531255
0.3080421024730399 0.9528940906531255
