# x y
0.6972765466796085 0.6943082320672669
0.6972765466796085 0.698348636107671
0.6891957385988003 0.702389040148075
0.6932361426392044 0.702389040148075
0.6972765466796085 0.702389040148075
0.6811149305179922 0.706429444188479
0.6851553345583963 0.706429444188479
0.6891957385988003 0.706429444188479
0.6932361426392044 0.706429444188479
0.6972765466796085 0.706429444188479
0.6811149305179922 0.710469848228883
0.6851553345583963 0.710469848228883
0.6891957385988003 0.710469848228883
0.6932361426392044 0.710469848228883
0.6972765466796085 0.710469848228883
0.6770745264775881 0.7145102522692871
0.6811149305179922 0.7145102522692871
0.6851553345583963 0.7145102522692871
0.6891957385988003 0.7145102522692871
0.6932361426392044 0.7145102522692871
0.6972765466796085 0.7145102522692871
0.6730341224371841 0.7185506563096911
0.6770745264775881 0.7185506563096911
0.6811149305179922 0.7185506563096911
0.6851553345583963 0.7185506563096911
0.6891957385988003 0.7185506563096911
0.6932361426392044 0.7185506563096911
0.6972765466796085 0.7185506563096911
0.6689937183967801 0.7225910603500951
0.6730341224371841 0.7225910603500951
0.6770745264775881 0.7225910603500951
0.6811149305179922 0.7225910603500951
0.6851553345583963 0.7225910603500951
0.6891957385988003 0.7225910603500951
0.6932361426392044 0.7225910603500951
0.6972765466796085 0.7225910603500951
0.6649533143563761 0.7266314643904992
0.6689937183967801 0.7266314643904992
0.6730341224371841 0.7266314643904992
0.6770745264775881 0.7266314643904992
0.6811149305179922 0.7266314643904992
0.6851553345583963 0.7266314643904992
0.6891957385988003 0.7266314643904992
0.6932361426392044 0.7266314643904992
0.6972765466796085 0.7266314643904992
0.6609129103159721 0.7306718684309033
0.6649533143563761 0.7306718684309033
0.6689937183967801 0.7306718684309033
0.6730341224371841 0.7306718684309033
0.6770745264775881 0.7306718684309033
0.6811149305179922 0.7306718684309033
0.6851553345583963 0.7306718684309033
0.6891957385988003 0.7306718684309033
0.6932361426392044 0.7306718684309033
0.6972765466796085 0.7306718684309033
0.656872506275568 0.7347122724713073
0.6609129103159721 0.7347122724713073
0.6649533143563761 0.7347122724713073
0.6689937183967801 0.7347122724713073
0.6730341224371841 0.7347122724713073
0.6770745264775881 0.7347122724713073
0.6811149305179922 0.7347122724713073
0.6851553345583963 0.7347122724713073
0.6891957385988003 0.7347122724713073
0.6932361426392044 0.7347122724713073
0.6487916981947599 0.7387526765117113
0.652832102235164 0.7387526765117113
0.656872506275568 0.7387526765117113
0.6609129103159721 0.7387526765117113
0.6649533143563761 0.7387526765117113
0.6689937183967801 0.7387526765117113
0.6730341224371841 0.7387526765117113
0.6770745264775881 0.7387526765117113
0.6811149305179922 0.7387526765117113
0.6851553345583963 0.7387526765117113
0.6891957385988003 0.7387526765117113
0.6447512941543558 0.7427930805521153
0.6487916981947599 0.7427930805521153
0.652832102235164 0.7427930805521153
0.656872506275568 0.7427930805521153
0.6609129103159721 0.7427930805521153
0.6649533143563761 0.7427930805521153
0.6689937183967801 0.7427930805521153
0.6730341224371841 0.7427930805521153
0.6770745264775881 0.7427930805521153
0.6811149305179922 0.7427930805521153
0.6851553345583963 0.7427930805521153
0.6407108901139518 0.7468334845925194
0.6447512941543558 0.7468334845925194
0.6487916981947599 0.7468334845925194
0.652832102235164 0.7468334845925194
0.656872506275568 0.7468334845925194
0.6609129103159721 0.7468334845925194
0.6649533143563761 0.7468334845925194
0.6689937183967801 0.7468334845925194
0.6730341224371841 0.7468334845925194
0.6770745264775881 0.7468334845925194
0.6811149305179922 0.7468334845925194
0.6366704860735478 0.7508738886329235
0.6407108901139518 0.7508738886329235
0.6447512941543558 0.7508738886329235
0.6487916981947599 0.7508738886329235
0.652832102235164 0.7508738886329235
0.656872506275568 0.7508738886329235
0.6609129103159721 0.7508738886329235
0.6649533143563761 0.7508738886329235
0.6689937183967801 0.7508738886329235
0.6730341224371841 0.7508738886329235
0.6770745264775881 0.7508738886329235
0.6326300820331437 0.7549142926733274
0.6366704860735478 0.7549142926733274
0.6407108901139518 0.7549142926733274
0.6447512941543558 0.7549142926733274
0.6487916981947599 0.7549142926733274
0.652832102235164 0.7549142926733274
0.656872506275568 0.7549142926733274
0.6609129103159721 0.7549142926733274
0.6649533143563761 0.7549142926733274
0.6689937183967801 0.7549142926733274
0.6730341224371841 0.7549142926733274
0.6245492739523357 0.7589546967137315
0.6285896779927398 0.7589546967137315
0.6326300820331437 0.7589546967137315
0.6366704860735478 0.7589546967137315
0.6407108901139518 0.7589546967137315
0.6447512941543558 0.7589546967137315
0.6487916981947599 0.7589546967137315
0.652832102235164 0.7589546967137315
0.656872506275568 0.7589546967137315
0.6609129103159721 0.7589546967137315
0.6649533143563761 0.7589546967137315
0.6689937183967801 0.7589546967137315
0.6205088699119317 0.7629951007541356
0.6245492739523357 0.7629951007541356
0.6285896779927398 0.7629951007541356
0.6326300820331437 0.7629951007541356
0.6366704860735478 0.7629951007541356
0.6407108901139518 0.7629951007541356
0.6447512941543558 0.7629951007541356
0.6487916981947599 0.7629951007541356
0.652832102235164 0.7629951007541356
0.656872506275568 0.7629951007541356
0.6609129103159721 0.7629951007541356
0.6649533143563761 0.7629951007541356
0.6164684658715276 0.7670355047945396
0.6205088699119317 0.7670355047945396
0.6245492739523357 0.7670355047945396
0.6285896779927398 0.7670355047945396
0.6326300820331437 0.7670355047945396
0.6366704860735478 0.7670355047945396
0.6407108901139518 0.7670355047945396
0.6447512941543558 0.7670355047945396
0.6487916981947599 0.7670355047945396
0.652832102235164 0.7670355047945396
0.656872506275568 0.7670355047945396
0.6609129103159721 0.7670355047945396
0.6083876577907195 0.7710759088349436
0.6124280618311235 0.7710759088349436
0.6164684658715276 0.7710759088349436
0.6205088699119317 0.7710759088349436
0.6245492739523357 0.7710759088349436
0.6285896779927398 0.7710759088349436
0.6326300820331437 0.7710759088349436
0.6366704860735478 0.7710759088349436
0.6407108901139518 0.7710759088349436
0.6447512941543558 0.7710759088349436
0.6487916981947599 0.7710759088349436
0.652832102235164 0.7710759088349436
0.6043472537503154 0.7751163128753477
0.6083876577907195 0.7751163128753477
0.6124280618311235 0.7751163128753477
0.6164684658715276 0.7751163128753477
0.6205088699119317 0.7751163128753477
0.6245492739523357 0.7751163128753477
0.6285896779927398 0.7751163128753477
0.6326300820331437 0.7751163128753477
0.6366704860735478 0.7751163128753477
0.6407108901139518 0.7751163128753477
0.6447512941543558 0.7751163128753477
0.6487916981947599 0.7751163128753477
0.6003068497099114 0.7791567169157517
0.6043472537503154 0.7791567169157517
0.6083876577907195 0.7791567169157517
0.6124280618311235 0.7791567169157517
0.6164684658715276 0.7791567169157517
0.6205088699119317 0.7791567169157517
0.6245492739523357 0.7791567169157517
0.6285896779927398 0.7791567169157517
0.6326300820331437 0.7791567169157517
0.6366704860735478 0.7791567169157517
0.6407108901139518 0.7791567169157517
0.6447512941543558 0.7791567169157517
0.5962664456695074 0.7831971209561558
0.6003068497099114 0.7831971209561558
0.6043472537503154 0.7831971209561558
0.6083876577907195 0.7831971209561558
0.6124280618311235 0.7831971209561558
0.6164684658715276 0.7831971209561558
0.6205088699119317 0.7831971209561558
0.6245492739523357 0.7831971209561558
0.6285896779927398 0.7831971209561558
0.6326300820331437 0.7831971209561558
0.6366704860735478 0.7831971209561558
0.6407108901139518 0.7831971209561558
0.5881856375886994 0.7872375249965597
0.5922260416291034 0.7872375249965597
0.5962664456695074 0.7872375249965597
0.6003068497099114 0.7872375249965597
0.6043472537503154 0.7872375249965597
0.6083876577907195 0.7872375249965597
0.6124280618311235 0.7872375249965597
0.6164684658715276 0.7872375249965597
0.6205088699119317 0.7872375249965597
0.6245492739523357 0.7872375249965597
0.6285896779927398 0.7872375249965597
0.6326300820331437 0.7872375249965597
0.6366704860735478 0.7872375249965597
0.5841452335482953 0.7912779290369638
0.5881856375886994 0.7912779290369638
0.5922260416291034 0.7912779290369638
0.5962664456695074 0.7912779290369638
0.6003068497099114 0.7912779290369638
0.6043472537503154 0.7912779290369638
0.6083876577907195 0.7912779290369638
0.6124280618311235 0.7912779290369638
0.6164684658715276 0.7912779290369638
0.6205088699119317 0.7912779290369638
0.6245492739523357 0.7912779290369638
0.6285896779927398 0.7912779290369638
0.6326300820331437 0.7912779290369638
0.5720240214270831 0.7953183330773679
0.5760644254674872 0.7953183330773679
0.5801048295078912 0.7953183330773679
0.5841452335482953 0.7953183330773679
0.5881856375886994 0.7953183330773679
0.5922260416291034 0.7953183330773679
0.5962664456695074 0.7953183330773679
0.6003068497099114 0.7953183330773679
0.6043472537503154 0.7953183330773679
0.6083876577907195 0.7953183330773679
0.6124280618311235 0.7953183330773679
0.6164684658715276 0.7953183330773679
0.6205088699119317 0.7953183330773679
0.6245492739523357 0.7953183330773679
0.6285896779927398 0.7953183330773679
0.5760644254674872 0.799358737117772
0.5801048295078912 0.799358737117772
0.5841452335482953 0.799358737117772
0.5881856375886994 0.799358737117772
0.5922260416291034 0.799358737117772
0.5962664456695074 0.799358737117772
0.6003068497099114 0.799358737117772
0.6043472537503154 0.799358737117772
0.6083876577907195 0.799358737117772
0.6124280618311235 0.799358737117772
0.6164684658715276 0.799358737117772
0.6205088699119317 0.799358737117772
0.5639432133462751 0.803399141158176
0.5679836173866791 0.803399141158176
0.5720240214270831 0.803399141158176
0.5760644254674872 0.803399141158176
0.5801048295078912 0.803399141158176
0.5841452335482953 0.803399141158176
0.5881856375886994 0.803399141158176
0.5922260416291034 0.803399141158176
0.5962664456695074 0.803399141158176
0.6003068497099114 0.803399141158176
0.6043472537503154 0.803399141158176
0.6083876577907195 0.803399141158176
0.6124280618311235 0.803399141158176
0.6164684658715276 0.803399141158176
0.5599028093058711 0.80743954519858
0.5639432133462751 0.80743954519858
0.5679836173866791 0.80743954519858
0.5720240214270831 0.80743954519858
0.5760644254674872 0.80743954519858
0.5801048295078912 0.80743954519858
0.5841452335482953 0.80743954519858
0.5881856375886994 0.80743954519858
0.5922260416291034 0.80743954519858
0.5962664456695074 0.80743954519858
0.6003068497099114 0.80743954519858
0.6043472537503154 0.80743954519858
0.6083876577907195 0.80743954519858
0.6124280618311235 0.80743954519858
0.555862405265467 0.811479949238984
0.5599028093058711 0.811479949238984
0.5639432133462751 0.811479949238984
0.5679836173866791 0.811479949238984
0.5720240214270831 0.811479949238984
0.5760644254674872 0.811479949238984
0.5801048295078912 0.811479949238984
0.5841452335482953 0.811479949238984
0.5881856375886994 0.811479949238984
0.5922260416291034 0.811479949238984
0.5962664456695074 0.811479949238984
0.6003068497099114 0.811479949238984
0.6043472537503154 0.811479949238984
0.5477815971846589 0.8155203532793881
0.555862405265467 0.8155203532793881
0.5599028093058711 0.8155203532793881
0.5639432133462751 0.8155203532793881
0.5679836173866791 0.8155203532793881
0.5720240214270831 0.8155203532793881
0.5760644254674872 0.8155203532793881
0.5801048295078912 0.8155203532793881
0.5841452335482953 0.8155203532793881
0.5881856375886994 0.8155203532793881
0.5922260416291034 0.8155203532793881
0.5962664456695074 0.8155203532793881
0.6003068497099114 0.8155203532793881
0.5437411931442548 0.819560757319792
0.5477815971846589 0.819560757319792
0.551822001225063 0.819560757319792
0.555862405265467 0.819560757319792
0.5599028093058711 0.819560757319792
0.5639432133462751 0.819560757319792
0.5679836173866791 0.819560757319792
0.5720240214270831 0.819560757319792
0.5760644254674872 0.819560757319792
0.5801048295078912 0.819560757319792
0.5841452335482953 0.819560757319792
0.5881856375886994 0.819560757319792
0.5922260416291034 0.819560757319792
0.5962664456695074 0.819560757319792
0.5397007891038508 0.8236011613601961
0.5437411931442548 0.8236011613601961
0.5477815971846589 0.8236011613601961
0.551822001225063 0.8236011613601961
0.555862405265467 0.8236011613601961
0.5599028093058711 0.8236011613601961
0.5639432133462751 0.8236011613601961
0.5679836173866791 0.8236011613601961
0.5720240214270831 0.8236011613601961
0.5760644254674872 0.8236011613601961
0.5801048295078912 0.8236011613601961
0.5841452335482953 0.8236011613601961
0.5881856375886994 0.8236011613601961
0.5922260416291034 0.8236011613601961
0.5316199810230428 0.8276415654006002
0.5356603850634468 0.8276415654006002
0.5397007891038508 0.8276415654006002
0.5437411931442548 0.8276415654006002
0.5477815971846589 0.8276415654006002
0.551822001225063 0.8276415654006002
0.555862405265467 0.8276415654006002
0.5599028093058711 0.8276415654006002
0.5639432133462751 0.8276415654006002
0.5679836173866791 0.8276415654006002
0.5720240214270831 0.8276415654006002
0.5760644254674872 0.8276415654006002
0.5801048295078912 0.8276415654006002
0.5841452335482953 0.8276415654006002
0.5275795769826387 0.8316819694410043
0.5316199810230428 0.8316819694410043
0.5356603850634468 0.8316819694410043
0.5397007891038508 0.8316819694410043
0.5437411931442548 0.8316819694410043
0.5477815971846589 0.8316819694410043
0.551822001225063 0.8316819694410043
0.555862405265467 0.8316819694410043
0.5599028093058711 0.8316819694410043
0.5639432133462751 0.8316819694410043
0.5679836173866791 0.8316819694410043
0.5720240214270831 0.8316819694410043
0.5760644254674872 0.8316819694410043
0.5801048295078912 0.8316819694410043
0.5194987689018307 0.8357223734814083
0.5235391729422347 0.8357223734814083
0.5275795769826387 0.8357223734814083
0.5316199810230428 0.8357223734814083
0.5356603850634468 0.8357223734814083
0.5397007891038508 0.8357223734814083
0.5437411931442548 0.8357223734814083
0.5477815971846589 0.8357223734814083
0.551822001225063 0.8357223734814083
0.555862405265467 0.8357223734814083
0.5599028093058711 0.8357223734814083
0.5639432133462751 0.8357223734814083
0.5679836173866791 0.8357223734814083
0.5720240214270831 0.8357223734814083
0.5760644254674872 0.8357223734814083
0.5114179608210225 0.8397627775218124
0.5154583648614266 0.8397627775218124
0.5194987689018307 0.8397627775218124
0.5235391729422347 0.8397627775218124
0.5275795769826387 0.8397627775218124
0.5316199810230428 0.8397627775218124
0.5356603850634468 0.8397627775218124
0.5397007891038508 0.8397627775218124
0.5437411931442548 0.8397627775218124
0.5477815971846589 0.8397627775218124
0.551822001225063 0.8397627775218124
0.555862405265467 0.8397627775218124
0.5599028093058711 0.8397627775218124
0.5639432133462751 0.8397627775218124
0.5679836173866791 0.8397627775218124
0.4952563446594064 0.8438031815622163
0.5073775567806185 0.8438031815622163
0.5114179608210225 0.8438031815622163
0.5154583648614266 0.8438031815622163
0.5194987689018307 0.8438031815622163
0.5235391729422347 0.8438031815622163
0.5275795769826387 0.8438031815622163
0.5316199810230428 0.8438031815622163
0.5356603850634468 0.8438031815622163
0.5397007891038508 0.8438031815622163
0.5437411931442548 0.8438031815622163
0.5477815971846589 0.8438031815622163
0.551822001225063 0.8438031815622163
0.555862405265467 0.8438031815622163
0.5599028093058711 0.8438031815622163
0.49929674869981044 0.8478435856026204
0.5033371527402144 0.8478435856026204
0.5073775567806185 0.8478435856026204
0.5114179608210225 0.8478435856026204
0.5154583648614266 0.8478435856026204
0.5194987689018307 0.8478435856026204
0.5235391729422347 0.8478435856026204
0.5275795769826387 0.8478435856026204
0.5316199810230428 0.8478435856026204
0.5356603850634468 0.8478435856026204
0.5397007891038508 0.8478435856026204
0.5437411931442548 0.8478435856026204
0.5477815971846589 0.8478435856026204
0.551822001225063 0.8478435856026204
0.555862405265467 0.8478435856026204
0.4831351325381943 0.8518839896430245
0.4871755365785983 0.8518839896430245
0.4912159406190023 0.8518839896430245
0.4952563446594064 0.8518839896430245
0.49929674869981044 0.8518839896430245
0.5033371527402144 0.8518839896430245
0.5073775567806185 0.8518839896430245
0.5114179608210225 0.8518839896430245
0.5154583648614266 0.8518839896430245
0.5194987689018307 0.8518839896430245
0.5235391729422347 0.8518839896430245
0.5275795769826387 0.8518839896430245
0.5316199810230428 0.8518839896430245
0.5356603850634468 0.8518839896430245
0.5397007891038508 0.8518839896430245
0.5437411931442548 0.8518839896430245
0.5477815971846589 0.8518839896430245
0.551822001225063 0.8518839896430245
0.4871755365785983 0.8559243936834284
0.4912159406190023 0.8559243936834284
0.4952563446594064 0.8559243936834284
0.49929674869981044 0.8559243936834284
0.5033371527402144 0.8559243936834284
0.5073775567806185 0.8559243936834284
0.5114179608210225 0.8559243936834284
0.5154583648614266 0.8559243936834284
0.5194987689018307 0.8559243936834284
0.5235391729422347 0.8559243936834284
0.5275795769826387 0.8559243936834284
0.5316199810230428 0.8559243936834284
0.5356603850634468 0.8559243936834284
0.5397007891038508 0.8559243936834284
0.5437411931442548 0.8559243936834284
0.47101392041698215 0.8599647977238325
0.4790947284977902 0.8599647977238325
0.4831351325381943 0.8599647977238325
0.4871755365785983 0.8599647977238325
0.4912159406190023 0.8599647977238325
0.4952563446594064 0.8599647977238325
0.49929674869981044 0.8599647977238325
0.5033371527402144 0.8599647977238325
0.5073775567806185 0.8599647977238325
0.5114179608210225 0.8599647977238325
0.5154583648614266 0.8599647977238325
0.5194987689018307 0.8599647977238325
0.5235391729422347 0.8599647977238325
0.5275795769826387 0.8599647977238325
0.5316199810230428 0.8599647977238325
0.5356603850634468 0.8599647977238325
0.47101392041698215 0.8640052017642366
0.47505432445738616 0.8640052017642366
0.4790947284977902 0.8640052017642366
0.4831351325381943 0.8640052017642366
0.4871755365785983 0.8640052017642366
0.4912159406190023 0.8640052017642366
0.4952563446594064 0.8640052017642366
0.49929674869981044 0.8640052017642366
0.5033371527402144 0.8640052017642366
0.5073775567806185 0.8640052017642366
0.5114179608210225 0.8640052017642366
0.5154583648614266 0.8640052017642366
0.5194987689018307 0.8640052017642366
0.5235391729422347 0.8640052017642366
0.5275795769826387 0.8640052017642366
0.5316199810230428 0.8640052017642366
0.46293311233617407 0.8680456058046406
0.46697351637657813 0.8680456058046406
0.47101392041698215 0.8680456058046406
0.47505432445738616 0.8680456058046406
0.4790947284977902 0.8680456058046406
0.4831351325381943 0.8680456058046406
0.4871755365785983 0.8680456058046406
0.4912159406190023 0.8680456058046406
0.4952563446594064 0.8680456058046406
0.49929674869981044 0.8680456058046406
0.5033371527402144 0.8680456058046406
0.5073775567806185 0.8680456058046406
0.5114179608210225 0.8680456058046406
0.5154583648614266 0.8680456058046406
0.5194987689018307 0.8680456058046406
0.5235391729422347 0.8680456058046406
0.5275795769826387 0.8680456058046406
0.45889270829577 0.8720860098450447
0.46293311233617407 0.8720860098450447
0.46697351637657813 0.8720860098450447
0.47101392041698215 0.8720860098450447
0.47505432445738616 0.8720860098450447
0.4790947284977902 0.8720860098450447
0.4831351325381943 0.8720860098450447
0.4871755365785983 0.8720860098450447
0.4912159406190023 0.8720860098450447
0.4952563446594064 0.8720860098450447
0.49929674869981044 0.8720860098450447
0.5033371527402144 0.8720860098450447
0.5073775567806185 0.8720860098450447
0.5114179608210225 0.8720860098450447
0.5154583648614266 0.8720860098450447
0.5194987689018307 0.8720860098450447
0.4508119002149619 0.8761264138854487
0.45485230425536594 0.8761264138854487
0.45889270829577 0.8761264138854487
0.46293311233617407 0.8761264138854487
0.46697351637657813 0.8761264138854487
0.47101392041698215 0.8761264138854487
0.47505432445738616 0.8761264138854487
0.4790947284977902 0.8761264138854487
0.4831351325381943 0.8761264138854487
0.4871755365785983 0.8761264138854487
0.4912159406190023 0.8761264138854487
0.4952563446594064 0.8761264138854487
0.49929674869981044 0.8761264138854487
0.5033371527402144 0.8761264138854487
0.5073775567806185 0.8761264138854487
0.44273109213415385 0.8801668179258527
0.4467714961745579 0.8801668179258527
0.4508119002149619 0.8801668179258527
0.45485230425536594 0.8801668179258527
0.45889270829577 0.8801668179258527
0.46293311233617407 0.8801668179258527
0.46697351637657813 0.8801668179258527
0.47101392041698215 0.8801668179258527
0.47505432445738616 0.8801668179258527
0.4790947284977902 0.8801668179258527
0.4831351325381943 0.8801668179258527
0.4871755365785983 0.8801668179258527
0.4912159406190023 0.8801668179258527
0.4952563446594064 0.8801668179258527
0.49929674869981044 0.8801668179258527
0.5033371527402144 0.8801668179258527
0.5073775567806185 0.8801668179258527
0.43060988001294176 0.8842072219662568
0.43465028405334577 0.8842072219662568
0.4386906880937498 0.8842072219662568
0.44273109213415385 0.8842072219662568
0.4467714961745579 0.8842072219662568
0.4508119002149619 0.8842072219662568
0.45485230425536594 0.8842072219662568
0.45889270829577 0.8842072219662568
0.46293311233617407 0.8842072219662568
0.46697351637657813 0.8842072219662568
0.47101392041698215 0.8842072219662568
0.47505432445738616 0.8842072219662568
0.4790947284977902 0.8842072219662568
0.4831351325381943 0.8842072219662568
0.4871755365785983 0.8842072219662568
0.4912159406190023 0.8842072219662568
0.4952563446594064 0.8842072219662568
0.4225290719321336 0.8882476260066607
0.4265694759725377 0.8882476260066607
0.43060988001294176 0.8882476260066607
0.43465028405334577 0.8882476260066607
0.4386906880937498 0.8882476260066607
0.44273109213415385 0.8882476260066607
0.4467714961745579 0.8882476260066607
0.4508119002149619 0.8882476260066607
0.45485230425536594 0.8882476260066607
0.45889270829577 0.8882476260066607
0.46293311233617407 0.8882476260066607
0.46697351637657813 0.8882476260066607
0.47101392041698215 0.8882476260066607
0.47505432445738616 0.8882476260066607
0.4790947284977902 0.8882476260066607
0.4831351325381943 0.8882476260066607
0.4871755365785983 0.8882476260066607
0.4144482638513256 0.8922880300470648
0.4184886678917296 0.8922880300470648
0.4225290719321336 0.8922880300470648
0.4265694759725377 0.8922880300470648
0.43060988001294176 0.8922880300470648
0.43465028405334577 0.8922880300470648
0.4386906880937498 0.8922880300470648
0.44273109213415385 0.8922880300470648
0.4467714961745579 0.8922880300470648
0.4508119002149619 0.8922880300470648
0.45485230425536594 0.8922880300470648
0.45889270829577 0.8922880300470648
0.46293311233617407 0.8922880300470648
0.46697351637657813 0.8922880300470648
0.47101392041698215 0.8922880300470648
0.47505432445738616 0.8922880300470648
0.4790947284977902 0.8922880300470648
0.40636745577051747 0.8963284340874689
0.41040785981092154 0.8963284340874689
0.4144482638513256 0.8963284340874689
0.4184886678917296 0.8963284340874689
0.4225290719321336 0.8963284340874689
0.4265694759725377 0.8963284340874689
0.43060988001294176 0.8963284340874689
0.43465028405334577 0.8963284340874689
0.4386906880937498 0.8963284340874689
0.44273109213415385 0.8963284340874689
0.4467714961745579 0.8963284340874689
0.4508119002149619 0.8963284340874689
0.45485230425536594 0.8963284340874689
0.45889270829577 0.8963284340874689
0.46293311233617407 0.8963284340874689
0.46697351637657813 0.8963284340874689
0.47101392041698215 0.8963284340874689
0.47505432445738616 0.8963284340874689
0.3942462436493054 0.9003688381278729
0.3982866476897094 0.9003688381278729
0.40232705173011346 0.9003688381278729
0.40636745577051747 0.9003688381278729
0.41040785981092154 0.9003688381278729
0.4144482638513256 0.9003688381278729
0.4184886678917296 0.9003688381278729
0.4225290719321336 0.9003688381278729
0.4265694759725377 0.9003688381278729
0.43060988001294176 0.9003688381278729
0.43465028405334577 0.9003688381278729
0.4386906880937498 0.9003688381278729
0.44273109213415385 0.9003688381278729
0.4467714961745579 0.9003688381278729
0.4508119002149619 0.9003688381278729
0.45485230425536594 0.9003688381278729
0.45889270829577 0.9003688381278729
0.46293311233617407 0.9003688381278729
0.3902058396089013 0.904409242168277
0.3942462436493054 0.904409242168277
0.3982866476897094 0.904409242168277
0.40232705173011346 0.904409242168277
0.40636745577051747 0.904409242168277
0.41040785981092154 0.904409242168277
0.4144482638513256 0.904409242168277
0.4184886678917296 0.904409242168277
0.4225290719321336 0.904409242168277
0.4265694759725377 0.904409242168277
0.43060988001294176 0.904409242168277
0.43465028405334577 0.904409242168277
0.4386906880937498 0.904409242168277
0.44273109213415385 0.904409242168277
0.4467714961745579 0.904409242168277
0.4508119002149619 0.904409242168277
0.45485230425536594 0.904409242168277
0.45889270829577 0.904409242168277
0.37808462748768923 0.9084496462086811
0.38212503152809324 0.9084496462086811
0.3861654355684973 0.9084496462086811
0.3902058396089013 0.9084496462086811
0.3942462436493054 0.9084496462086811
0.3982866476897094 0.9084496462086811
0.40232705173011346 0.9084496462086811
0.40636745577051747 0.9084496462086811
0.41040785981092154 0.9084496462086811
0.4144482638513256 0.9084496462086811
0.4184886678917296 0.9084496462086811
0.4225290719321336 0.9084496462086811
0.4265694759725377 0.9084496462086811
0.43060988001294176 0.9084496462086811
0.43465028405334577 0.9084496462086811
0.4386906880937498 0.9084496462086811
0.44273109213415385 0.9084496462086811
0.4467714961745579 0.9084496462086811
0.4508119002149619 0.9084496462086811
0.3659634153664771 0.912490050249085
0.3700038194068811 0.912490050249085
0.37404422344728516 0.912490050249085
0.37808462748768923 0.912490050249085
0.38212503152809324 0.912490050249085
0.3861654355684973 0.912490050249085
0.3902058396089013 0.912490050249085
0.3942462436493054 0.912490050249085
0.3982866476897094 0.912490050249085
0.40232705173011346 0.912490050249085
0.40636745577051747 0.912490050249085
0.41040785981092154 0.912490050249085
0.4144482638513256 0.912490050249085
0.4184886678917296 0.912490050249085
0.4225290719321336 0.912490050249085
0.4265694759725377 0.912490050249085
0.43060988001294176 0.912490050249085
0.43465028405334577 0.912490050249085
0.4386906880937498 0.912490050249085
0.357882607285669 0.9165304542894891
0.3619230113260731 0.9165304542894891
0.3659634153664771 0.9165304542894891
0.3700038194068811 0.9165304542894891
0.37404422344728516 0.9165304542894891
0.37808462748768923 0.9165304542894891
0.38212503152809324 0.9165304542894891
0.3861654355684973 0.9165304542894891
0.3902058396089013 0.9165304542894891
0.3942462436493054 0.9165304542894891
0.3982866476897094 0.9165304542894891
0.40232705173011346 0.9165304542894891
0.40636745577051747 0.9165304542894891
0.41040785981092154 0.9165304542894891
0.4144482638513256 0.9165304542894891
0.4184886678917296 0.9165304542894891
0.4225290719321336 0.9165304542894891
0.4265694759725377 0.9165304542894891
0.43465028405334577 0.9165304542894891
0.34980179920486093 0.920570858329893
0.35384220324526494 0.920570858329893
0.357882607285669 0.920570858329893
0.3619230113260731 0.920570858329893
0.3659634153664771 0.920570858329893
0.3700038194068811 0.920570858329893
0.37404422344728516 0.920570858329893
0.37808462748768923 0.920570858329893
0.38212503152809324 0.920570858329893
0.3861654355684973 0.920570858329893
0.3902058396089013 0.920570858329893
0.3942462436493054 0.920570858329893
0.3982866476897094 0.920570858329893
0.40232705173011346 0.920570858329893
0.40636745577051747 0.920570858329893
0.41040785981092154 0.920570858329893
0.4144482638513256 0.920570858329893
0.4184886678917296 0.920570858329893
0.4225290719321336 0.920570858329893
0.43060988001294176 0.920570858329893
0.3336401830432448 0.9246112623702971
0.3376805870836488 0.9246112623702971
0.34172099112405285 0.9246112623702971
0.3457613951644569 0.9246112623702971
0.34980179920486093 0.9246112623702971
0.35384220324526494 0.9246112623702971
0.357882607285669 0.9246112623702971
0.3619230113260731 0.9246112623702971
0.3659634153664771 0.9246112623702971
0.3700038194068811 0.9246112623702971
0.37404422344728516 0.9246112623702971
0.37808462748768923 0.9246112623702971
0.38212503152809324 0.9246112623702971
0.3861654355684973 0.9246112623702971
0.3902058396089013 0.9246112623702971
0.3942462436493054 0.9246112623702971
0.3982866476897094 0.9246112623702971
0.40232705173011346 0.9246112623702971
0.40636745577051747 0.9246112623702971
0.41040785981092154 0.9246112623702971
0.31747856688162857 0.9286516664107012
0.3255593749624367 0.9286516664107012
0.3295997790028407 0.9286516664107012
0.3336401830432448 0.9286516664107012
0.3376805870836488 0.9286516664107012
0.34172099112405285 0.9286516664107012
0.3457613951644569 0.9286516664107012
0.34980179920486093 0.9286516664107012
0.35384220324526494 0.9286516664107012
0.357882607285669 0.9286516664107012
0.3619230113260731 0.9286516664107012
0.3659634153664771 0.9286516664107012
0.3700038194068811 0.9286516664107012
0.37404422344728516 0.9286516664107012
0.37808462748768923 0.9286516664107012
0.38212503152809324 0.9286516664107012
0.3861654355684973 0.9286516664107012
0.3902058396089013 0.9286516664107012
0.3942462436493054 0.9286516664107012
0.3982866476897094 0.9286516664107012
0.40232705173011346 0.9286516664107012
0.4144482638513256 0.9286516664107012
0.3053573547604165 0.9326920704511052
0.31343816284122455 0.9326920704511052
0.31747856688162857 0.9326920704511052
0.32151897092203263 0.9326920704511052
0.3255593749624367 0.9326920704511052
0.3295997790028407 0.9326920704511052
0.3336401830432448 0.9326920704511052
0.3376805870836488 0.9326920704511052
0.34172099112405285 0.9326920704511052
0.3457613951644569 0.9326920704511052
0.34980179920486093 0.9326920704511052
0.35384220324526494 0.9326920704511052
0.357882607285669 0.9326920704511052
0.3619230113260731 0.9326920704511052
0.3659634153664771 0.9326920704511052
0.3700038194068811 0.9326920704511052
0.37404422344728516 0.9326920704511052
0.37808462748768923 0.9326920704511052
0.38212503152809324 0.9326920704511052
0.3861654355684973 0.9326920704511052
0.3902058396089013 0.9326920704511052
0.3942462436493054 0.9326920704511052
0.41040785981092154 0.9326920704511052
0.3013169507200124 0.9367324744915093
0.3053573547604165 0.9367324744915093
0.30939775880082054 0.9367324744915093
0.31343816284122455 0.9367324744915093
0.31747856688162857 0.9367324744915093
0.32151897092203263 0.9367324744915093
0.3255593749624367 0.9367324744915093
0.3295997790028407 0.9367324744915093
0.3336401830432448 0.9367324744915093
0.3376805870836488 0.9367324744915093
0.34172099112405285 0.9367324744915093
0.3457613951644569 0.9367324744915093
0.34980179920486093 0.9367324744915093
0.35384220324526494 0.9367324744915093
0.357882607285669 0.9367324744915093
0.3619230113260731 0.9367324744915093
0.3659634153664771 0.9367324744915093
0.3700038194068811 0.9367324744915093
0.37404422344728516 0.9367324744915093
0.37808462748768923 0.9367324744915093
0.38212503152809324 0.9367324744915093
0.2972765466796084 0.9407728785319134
0.3013169507200124 0.9407728785319134
0.3053573547604165 0.9407728785319134
0.30939775880082054 0.9407728785319134
0.31343816284122455 0.9407728785319134
0.31747856688162857 0.9407728785319134
0.32151897092203263 0.9407728785319134
0.3255593749624367 0.9407728785319134
0.3295997790028407 0.9407728785319134
0.3336401830432448 0.9407728785319134
0.3376805870836488 0.9407728785319134
0.34172099112405285 0.9407728785319134
0.3457613951644569 0.9407728785319134
0.34980179920486093 0.9407728785319134
0.35384220324526494 0.9407728785319134
0.357882607285669 0.9407728785319134
0.3619230113260731 0.9407728785319134
0.3659634153664771 0.9407728785319134
0.3700038194068811 0.9407728785319134
0.37404422344728516 0.9407728785319134
0.38212503152809324 0.9407728785319134
0.2972765466796084 0.9448132825723174
0.3013169507200124 0.9448132825723174
0.3053573547604165 0.9448132825723174
0.30939775880082054 0.9448132825723174
0.31343816284122455 0.9448132825723174
0.31747856688162857 0.9448132825723174
0.32151897092203263 0.9448132825723174
0.3255593749624367 0.9448132825723174
0.3295997790028407 0.9448132825723174
0.3336401830432448 0.9448132825723174
0.3376805870836488 0.9448132825723174
0.34172099112405285 0.9448132825723174
0.3457613951644569 0.9448132825723174
0.34980179920486093 0.9448132825723174
0.35384220324526494 0.9448132825723174
0.357882607285669 0.9448132825723174
0.3619230113260731 0.9448132825723174
0.3659634153664771 0.9448132825723174
0.2972765466796084 0.9488536866127214
0.3013169507200124 0.9488536866127214
0.3053573547604165 0.9488536866127214
0.30939775880082054 0.9488536866127214
0.31343816284122455 0.9488536866127214
0.31747856688162857 0.9488536866127214
0.32151897092203263 0.9488536866127214
0.3255593749624367 0.9488536866127214
0.3295997790028407 0.9488536866127214
0.3336401830432448 0.9488536866127214
0.3376805870836488 0.9488536866127214
0.34172099112405285 0.9488536866127214
0.3457613951644569 0.9488536866127214
0.34980179920486093 0.9488536866127214
0.35384220324526494 0.9488536866127214
0.2972765466796084 0.9528940906531255
0.3013169507200124 0.9528940906531255
0.3053573547604165 0.9528940906531255
0.30939775880082054 0.9528940906531255
0.31343816284122455 0.9528940906531255
0.31747856688162857 0.9528940906531255
0.32151897092203263 0.9528940906531255
0.3255593749624367 0.9528940906531255
0.3295997790028407 0.9528940906531255
0.3336401830432448 0.9528940906531255
0.3376805870836488 0.9528940906531255
0.34172099112405285 0.9528940906531255
0.3457613951644569 0.9528940906531255
0.2972765466796084 0.9569344946935294
0.3013169507200124 0.9569344946935294
0.3053573547604165 0.9569344946935294
0.30939775880082054 0.9569344946935294
0.31343816284122455 0.9569344946935294
0.31747856688162857 0.9569344946935294
0.32151897092203263 0.9569344946935294
0.3255593749624367 0.9569344946935294
0.3295997790028407 0.9569344946935294
0.3336401830432448 0.9569344946935294
0.2972765466796084 0.9609748987339335
0.3013169507200124 0.9609748987339335
0.3053573547604165 0.9609748987339335
0.30939775880082054 0.9609748987339335
0.31343816284122455 0.9609748987339335
0.31747856688162857 0.9609748987339335
0.32151897092203263 0.9609748987339335
0.2972765466796084 0.9650153027743376
0.3013169507200124 0.9650153027743376
0.3053573547604165 0.9650153027743376
0.30939775880082054 0.9650153027743376
0.2972765466796084 0.9690557068147416
