# x y
0.6676593679667844 0.7549142926733274
0.6393765396839561 0.7791567169157517
0.6595785598859762 0.7791567169157517
0.5989724992799157 0.8155203532793881
0.6151341154415317 0.8155203532793881
0.5949320952395116 0.8316819694410043
0.5585684588758753 0.8397627775218124
0.5464472467546632 0.8478435856026204
0.530285630593047 0.8559243936834284
0.5545280548354712 0.8599647977238325
0.530285630593047 0.8761264138854487
0.49392199422941063 0.8801668179258527
0.5020028023102187 0.8801668179258527
0.5100836103910268 0.8882476260066607
0.46563916594658233 0.8922880300470648
0.39695229725971365 0.9286516664107012
0.36866946897688535 0.9367324744915093
0.3161442164516328 0.9650153027743376
0.30402300433042073 0.9690557068147416
