# x y
0.6999807472686725 0.7145102522692871
0.6959403432282685 0.7185506563096911
0.6918999391878645 0.7225910603500951
0.6878595351474605 0.7266314643904992
0.6838191311070564 0.7306718684309033
0.6797787270666524 0.7347122724713073
0.6716979189858443 0.7387526765117113
0.6757383230262484 0.7387526765117113
0.6676575149454402 0.7427930805521153
0.6716979189858443 0.7427930805521153
0.6636171109050362 0.7468334845925194
0.6676575149454402 0.7468334845925194
0.6595767068646321 0.7508738886329235
0.6555363028242281 0.7549142926733274
0.6514958987838241 0.7589546967137315
0.6474554947434201 0.7629951007541356
0.639374686662612 0.7670355047945396
0.6434150907030161 0.7670355047945396
0.6353342826222079 0.7710759088349436
0.639374686662612 0.7710759088349436
0.6312938785818039 0.7751163128753477
0.6272534745413998 0.7791567169157517
0.6191726664605918 0.7831971209561558
0.6232130705009957 0.7831971209561558
0.6151322624201877 0.7872375249965597
0.6191726664605918 0.7872375249965597
0.6110918583797837 0.7912779290369638
0.6070514543393797 0.7953183330773679
0.5989706462585715 0.799358737117772
0.6030110502989756 0.799358737117772
0.5949302422181675 0.803399141158176
0.5908898381777634 0.80743954519858
0.5828090300969554 0.811479949238984
0.5868494341373595 0.811479949238984
0.5787686260565514 0.8155203532793881
0.5706878179757433 0.819560757319792
0.5747282220161474 0.819560757319792
0.5666474139353392 0.8236011613601961
0.5585666058545311 0.8276415654006002
0.5626070098949352 0.8276415654006002
0.554526201814127 0.8316819694410043
0.546445393733319 0.8357223734814083
0.5504857977737231 0.8357223734814083
0.5424049896929151 0.8397627775218124
0.5343241816121069 0.8438031815622163
0.538364585652511 0.8438031815622163
0.5302837775717029 0.8478435856026204
0.5222029694908947 0.8518839896430245
0.5262433735312988 0.8518839896430245
0.5141221614100867 0.8559243936834284
0.5181625654504908 0.8559243936834284
0.5100817573696826 0.8599647977238325
0.5020009492888746 0.8640052017642366
0.5060413533292787 0.8640052017642366
0.4939201412080665 0.8680456058046406
0.49796054524847055 0.8680456058046406
0.48583933312725847 0.8720860098450447
0.4898797371676625 0.8720860098450447
0.4817989290868544 0.8761264138854487
0.48583933312725847 0.8761264138854487
0.4737181210060463 0.8801668179258527
0.47775852504645033 0.8801668179258527
0.46563731292523824 0.8842072219662568
0.4696777169656423 0.8842072219662568
0.4575565048444301 0.8882476260066607
0.4615969088848342 0.8882476260066607
0.4494756967636221 0.8922880300470648
0.4535161008040261 0.8922880300470648
0.44139488868281396 0.8963284340874689
0.445435292723218 0.8963284340874689
0.43331408060200594 0.9003688381278729
0.43735448464240995 0.9003688381278729
0.4252332725211978 0.904409242168277
0.42927367656160187 0.904409242168277
0.4171524644403898 0.9084496462086811
0.4211928684807938 0.9084496462086811
0.40503125231917764 0.912490050249085
0.40907165635958165 0.912490050249085
0.4131120603999857 0.912490050249085
0.39695044423836956 0.9165304542894891
0.40099084827877357 0.9165304542894891
0.3888696361575615 0.920570858329893
0.3929100401979655 0.920570858329893
0.37674842403634934 0.9246112623702971
0.3807888280767534 0.9246112623702971
0.3848292321171574 0.9246112623702971
0.36866761595554126 0.9286516664107012
0.37270801999594527 0.9286516664107012
0.3565464038343291 0.9326920704511052
0.3605868078747332 0.9326920704511052
0.36462721191513725 0.9326920704511052
0.3484655957535211 0.9367324744915093
0.3525059997939251 0.9367324744915093
0.33634438363230895 0.9407728785319134
0.34038478767271296 0.9407728785319134
0.3242231715110968 0.9448132825723174
0.3282635755515009 0.9448132825723174
0.3323039795919049 0.9448132825723174
0.3121019593898847 0.9488536866127214
0.31614236343028873 0.9488536866127214
0.32018276747069274 0.9488536866127214
0.2999807472686726 0.9528940906531255
0.3040211513090766 0.9528940906531255
0.30806155534948065 0.9528940906531255
