# x y
0.6982698234767368 0.698348636107671
0.6901890153959287 0.702389040148075
0.6942294194363328 0.702389040148075
0.6982698234767368 0.702389040148075
0.6901890153959287 0.706429444188479
0.6942294194363328 0.706429444188479
0.6982698234767368 0.706429444188479
0.6821082073151206 0.710469848228883
0.6861486113555246 0.710469848228883
0.6901890153959287 0.710469848228883
0.6942294194363328 0.710469848228883
0.6982698234767368 0.710469848228883
0.6780678032747166 0.7145102522692871
0.6821082073151206 0.7145102522692871
0.6861486113555246 0.7145102522692871
0.6901890153959287 0.7145102522692871
0.6942294194363328 0.7145102522692871
0.6982698234767368 0.7145102522692871
0.6740273992343125 0.7185506563096911
0.6780678032747166 0.7185506563096911
0.6821082073151206 0.7185506563096911
0.6861486113555246 0.7185506563096911
0.6901890153959287 0.7185506563096911
0.6942294194363328 0.7185506563096911
0.6982698234767368 0.7185506563096911
0.6699869951939086 0.7225910603500951
0.6740273992343125 0.7225910603500951
0.6780678032747166 0.7225910603500951
0.6821082073151206 0.7225910603500951
0.6861486113555246 0.7225910603500951
0.6901890153959287 0.7225910603500951
0.6942294194363328 0.7225910603500951
0.6982698234767368 0.7225910603500951
0.6619061871131005 0.7266314643904992
0.6699869951939086 0.7266314643904992
0.6740273992343125 0.7266314643904992
0.6780678032747166 0.7266314643904992
0.6821082073151206 0.7266314643904992
0.6861486113555246 0.7266314643904992
0.6901890153959287 0.7266314643904992
0.6942294194363328 0.7266314643904992
0.6982698234767368 0.7266314643904992
0.6619061871131005 0.7306718684309033
0.6659465911535045 0.7306718684309033
0.6699869951939086 0.7306718684309033
0.6740273992343125 0.7306718684309033
0.6780678032747166 0.7306718684309033
0.6821082073151206 0.7306718684309033
0.6861486113555246 0.7306718684309033
0.6901890153959287 0.7306718684309033
0.6942294194363328 0.7306718684309033
0.6982698234767368 0.7306718684309033
0.6578657830726964 0.7347122724713073
0.6619061871131005 0.7347122724713073
0.6659465911535045 0.7347122724713073
0.6699869951939086 0.7347122724713073
0.6740273992343125 0.7347122724713073
0.6780678032747166 0.7347122724713073
0.6821082073151206 0.7347122724713073
0.6861486113555246 0.7347122724713073
0.6901890153959287 0.7347122724713073
0.6942294194363328 0.7347122724713073
0.6497849749918883 0.7387526765117113
0.6538253790322923 0.7387526765117113
0.6578657830726964 0.7387526765117113
0.6619061871131005 0.7387526765117113
0.6659465911535045 0.7387526765117113
0.6699869951939086 0.7387526765117113
0.6740273992343125 0.7387526765117113
0.6780678032747166 0.7387526765117113
0.6821082073151206 0.7387526765117113
0.6861486113555246 0.7387526765117113
0.6901890153959287 0.7387526765117113
0.6497849749918883 0.7427930805521153
0.6538253790322923 0.7427930805521153
0.6578657830726964 0.7427930805521153
0.6619061871131005 0.7427930805521153
0.6659465911535045 0.7427930805521153
0.6699869951939086 0.7427930805521153
0.6740273992343125 0.7427930805521153
0.6780678032747166 0.7427930805521153
0.6821082073151206 0.7427930805521153
0.6861486113555246 0.7427930805521153
0.6457445709514843 0.7468334845925194
0.6497849749918883 0.7468334845925194
0.6538253790322923 0.7468334845925194
0.6578657830726964 0.7468334845925194
0.6619061871131005 0.7468334845925194
0.6659465911535045 0.7468334845925194
0.6699869951939086 0.7468334845925194
0.6740273992343125 0.7468334845925194
0.6780678032747166 0.7468334845925194
0.6821082073151206 0.7468334845925194
0.6376637628706763 0.7508738886329235
0.6417041669110802 0.7508738886329235
0.6457445709514843 0.7508738886329235
0.6497849749918883 0.7508738886329235
0.6538253790322923 0.7508738886329235
0.6578657830726964 0.7508738886329235
0.6619061871131005 0.7508738886329235
0.6659465911535045 0.7508738886329235
0.6699869951939086 0.7508738886329235
0.6740273992343125 0.7508738886329235
0.6780678032747166 0.7508738886329235
0.6336233588302722 0.7549142926733274
0.6376637628706763 0.7549142926733274
0.6417041669110802 0.7549142926733274
0.6457445709514843 0.7549142926733274
0.6497849749918883 0.7549142926733274
0.6538253790322923 0.7549142926733274
0.6578657830726964 0.7549142926733274
0.6619061871131005 0.7549142926733274
0.6659465911535045 0.7549142926733274
0.6699869951939086 0.7549142926733274
0.6740273992343125 0.7549142926733274
0.6295829547898681 0.7589546967137315
0.6336233588302722 0.7589546967137315
0.6376637628706763 0.7589546967137315
0.6417041669110802 0.7589546967137315
0.6457445709514843 0.7589546967137315
0.6497849749918883 0.7589546967137315
0.6538253790322923 0.7589546967137315
0.6578657830726964 0.7589546967137315
0.6619061871131005 0.7589546967137315
0.6659465911535045 0.7589546967137315
0.6699869951939086 0.7589546967137315
0.62150214670906 0.7629951007541356
0.6255425507494641 0.7629951007541356
0.6295829547898681 0.7629951007541356
0.6336233588302722 0.7629951007541356
0.6376637628706763 0.7629951007541356
0.6417041669110802 0.7629951007541356
0.6457445709514843 0.7629951007541356
0.6497849749918883 0.7629951007541356
0.6538253790322923 0.7629951007541356
0.6578657830726964 0.7629951007541356
0.6619061871131005 0.7629951007541356
0.6659465911535045 0.7629951007541356
0.6174617426686559 0.7670355047945396
0.62150214670906 0.7670355047945396
0.6255425507494641 0.7670355047945396
0.6295829547898681 0.7670355047945396
0.6336233588302722 0.7670355047945396
0.6376637628706763 0.7670355047945396
0.6417041669110802 0.7670355047945396
0.6457445709514843 0.7670355047945396
0.6497849749918883 0.7670355047945396
0.6538253790322923 0.7670355047945396
0.6578657830726964 0.7670355047945396
0.6619061871131005 0.7670355047945396
0.6174617426686559 0.7710759088349436
0.62150214670906 0.7710759088349436
0.6255425507494641 0.7710759088349436
0.6295829547898681 0.7710759088349436
0.6336233588302722 0.7710759088349436
0.6376637628706763 0.7710759088349436
0.6417041669110802 0.7710759088349436
0.6457445709514843 0.7710759088349436
0.6497849749918883 0.7710759088349436
0.6538253790322923 0.7710759088349436
0.6053405305474439 0.7751163128753477
0.6093809345878479 0.7751163128753477
0.6134213386282519 0.7751163128753477
0.6174617426686559 0.7751163128753477
0.62150214670906 0.7751163128753477
0.6255425507494641 0.7751163128753477
0.6295829547898681 0.7751163128753477
0.6336233588302722 0.7751163128753477
0.6376637628706763 0.7751163128753477
0.6417041669110802 0.7751163128753477
0.6457445709514843 0.7751163128753477
0.6497849749918883 0.7751163128753477
0.6053405305474439 0.7791567169157517
0.6093809345878479 0.7791567169157517
0.6134213386282519 0.7791567169157517
0.6174617426686559 0.7791567169157517
0.62150214670906 0.7791567169157517
0.6255425507494641 0.7791567169157517
0.6295829547898681 0.7791567169157517
0.6336233588302722 0.7791567169157517
0.6376637628706763 0.7791567169157517
0.6417041669110802 0.7791567169157517
0.6457445709514843 0.7791567169157517
0.6497849749918883 0.7791567169157517
0.6013001265070399 0.7831971209561558
0.6053405305474439 0.7831971209561558
0.6093809345878479 0.7831971209561558
0.6134213386282519 0.7831971209561558
0.6174617426686559 0.7831971209561558
0.62150214670906 0.7831971209561558
0.6255425507494641 0.7831971209561558
0.6295829547898681 0.7831971209561558
0.6336233588302722 0.7831971209561558
0.6376637628706763 0.7831971209561558
0.6417041669110802 0.7831971209561558
0.5932193184262318 0.7872375249965597
0.5972597224666358 0.7872375249965597
0.6013001265070399 0.7872375249965597
0.6053405305474439 0.7872375249965597
0.6093809345878479 0.7872375249965597
0.6134213386282519 0.7872375249965597
0.6174617426686559 0.7872375249965597
0.62150214670906 0.7872375249965597
0.6255425507494641 0.7872375249965597
0.6295829547898681 0.7872375249965597
0.6336233588302722 0.7872375249965597
0.5851385103454236 0.7912779290369638
0.5891789143858277 0.7912779290369638
0.5932193184262318 0.7912779290369638
0.5972597224666358 0.7912779290369638
0.6013001265070399 0.7912779290369638
0.6053405305474439 0.7912779290369638
0.6093809345878479 0.7912779290369638
0.6134213386282519 0.7912779290369638
0.6174617426686559 0.7912779290369638
0.62150214670906 0.7912779290369638
0.6255425507494641 0.7912779290369638
0.6295829547898681 0.7912779290369638
0.5770577022646156 0.7953183330773679
0.5851385103454236 0.7953183330773679
0.5891789143858277 0.7953183330773679
0.5932193184262318 0.7953183330773679
0.5972597224666358 0.7953183330773679
0.6013001265070399 0.7953183330773679
0.6053405305474439 0.7953183330773679
0.6093809345878479 0.7953183330773679
0.6134213386282519 0.7953183330773679
0.6174617426686559 0.7953183330773679
0.62150214670906 0.7953183330773679
0.6255425507494641 0.7953183330773679
0.5730172982242115 0.799358737117772
0.5770577022646156 0.799358737117772
0.5810981063050196 0.799358737117772
0.5851385103454236 0.799358737117772
0.5891789143858277 0.799358737117772
0.5932193184262318 0.799358737117772
0.5972597224666358 0.799358737117772
0.6013001265070399 0.799358737117772
0.6053405305474439 0.799358737117772
0.6093809345878479 0.799358737117772
0.6134213386282519 0.799358737117772
0.6174617426686559 0.799358737117772
0.62150214670906 0.799358737117772
0.6255425507494641 0.799358737117772
0.5649364901434035 0.803399141158176
0.5689768941838076 0.803399141158176
0.5730172982242115 0.803399141158176
0.5770577022646156 0.803399141158176
0.5810981063050196 0.803399141158176
0.5851385103454236 0.803399141158176
0.5891789143858277 0.803399141158176
0.5932193184262318 0.803399141158176
0.5972597224666358 0.803399141158176
0.6013001265070399 0.803399141158176
0.6053405305474439 0.803399141158176
0.6093809345878479 0.803399141158176
0.6134213386282519 0.803399141158176
0.5649364901434035 0.80743954519858
0.5689768941838076 0.80743954519858
0.5730172982242115 0.80743954519858
0.5770577022646156 0.80743954519858
0.5810981063050196 0.80743954519858
0.5851385103454236 0.80743954519858
0.5891789143858277 0.80743954519858
0.5932193184262318 0.80743954519858
0.5972597224666358 0.80743954519858
0.6013001265070399 0.80743954519858
0.6053405305474439 0.80743954519858
0.6093809345878479 0.80743954519858
0.6134213386282519 0.80743954519858
0.5608960861029995 0.811479949238984
0.5649364901434035 0.811479949238984
0.5689768941838076 0.811479949238984
0.5730172982242115 0.811479949238984
0.5770577022646156 0.811479949238984
0.5810981063050196 0.811479949238984
0.5851385103454236 0.811479949238984
0.5891789143858277 0.811479949238984
0.5932193184262318 0.811479949238984
0.5972597224666358 0.811479949238984
0.6013001265070399 0.811479949238984
0.6053405305474439 0.811479949238984
0.6093809345878479 0.811479949238984
0.5568556820625954 0.8155203532793881
0.5608960861029995 0.8155203532793881
0.5649364901434035 0.8155203532793881
0.5689768941838076 0.8155203532793881
0.5730172982242115 0.8155203532793881
0.5770577022646156 0.8155203532793881
0.5810981063050196 0.8155203532793881
0.5851385103454236 0.8155203532793881
0.5891789143858277 0.8155203532793881
0.5932193184262318 0.8155203532793881
0.5972597224666358 0.8155203532793881
0.6053405305474439 0.8155203532793881
0.5447344699413833 0.819560757319792
0.5487748739817873 0.819560757319792
0.5528152780221913 0.819560757319792
0.5568556820625954 0.819560757319792
0.5608960861029995 0.819560757319792
0.5649364901434035 0.819560757319792
0.5689768941838076 0.819560757319792
0.5730172982242115 0.819560757319792
0.5770577022646156 0.819560757319792
0.5810981063050196 0.819560757319792
0.5851385103454236 0.819560757319792
0.5891789143858277 0.819560757319792
0.5932193184262318 0.819560757319792
0.6013001265070399 0.819560757319792
0.5406940659009792 0.8236011613601961
0.5447344699413833 0.8236011613601961
0.5487748739817873 0.8236011613601961
0.5528152780221913 0.8236011613601961
0.5568556820625954 0.8236011613601961
0.5608960861029995 0.8236011613601961
0.5649364901434035 0.8236011613601961
0.5689768941838076 0.8236011613601961
0.5730172982242115 0.8236011613601961
0.5770577022646156 0.8236011613601961
0.5810981063050196 0.8236011613601961
0.5851385103454236 0.8236011613601961
0.5891789143858277 0.8236011613601961
0.5932193184262318 0.8236011613601961
0.5326132578201712 0.8276415654006002
0.5366536618605752 0.8276415654006002
0.5406940659009792 0.8276415654006002
0.5447344699413833 0.8276415654006002
0.5487748739817873 0.8276415654006002
0.5528152780221913 0.8276415654006002
0.5568556820625954 0.8276415654006002
0.5608960861029995 0.8276415654006002
0.5649364901434035 0.8276415654006002
0.5689768941838076 0.8276415654006002
0.5730172982242115 0.8276415654006002
0.5770577022646156 0.8276415654006002
0.5810981063050196 0.8276415654006002
0.5285728537797671 0.8316819694410043
0.5326132578201712 0.8316819694410043
0.5366536618605752 0.8316819694410043
0.5406940659009792 0.8316819694410043
0.5447344699413833 0.8316819694410043
0.5487748739817873 0.8316819694410043
0.5528152780221913 0.8316819694410043
0.5568556820625954 0.8316819694410043
0.5608960861029995 0.8316819694410043
0.5649364901434035 0.8316819694410043
0.5689768941838076 0.8316819694410043
0.5730172982242115 0.8316819694410043
0.5770577022646156 0.8316819694410043
0.5245324497393631 0.8357223734814083
0.5285728537797671 0.8357223734814083
0.5326132578201712 0.8357223734814083
0.5366536618605752 0.8357223734814083
0.5406940659009792 0.8357223734814083
0.5447344699413833 0.8357223734814083
0.5487748739817873 0.8357223734814083
0.5528152780221913 0.8357223734814083
0.5568556820625954 0.8357223734814083
0.5608960861029995 0.8357223734814083
0.5649364901434035 0.8357223734814083
0.5689768941838076 0.8357223734814083
0.5730172982242115 0.8357223734814083
0.516451641658555 0.8397627775218124
0.520492045698959 0.8397627775218124
0.5245324497393631 0.8397627775218124
0.5285728537797671 0.8397627775218124
0.5326132578201712 0.8397627775218124
0.5366536618605752 0.8397627775218124
0.5406940659009792 0.8397627775218124
0.5447344699413833 0.8397627775218124
0.5487748739817873 0.8397627775218124
0.5528152780221913 0.8397627775218124
0.5568556820625954 0.8397627775218124
0.5608960861029995 0.8397627775218124
0.5649364901434035 0.8397627775218124
0.5083708335777469 0.8438031815622163
0.5124112376181509 0.8438031815622163
0.516451641658555 0.8438031815622163
0.520492045698959 0.8438031815622163
0.5245324497393631 0.8438031815622163
0.5285728537797671 0.8438031815622163
0.5326132578201712 0.8438031815622163
0.5366536618605752 0.8438031815622163
0.5406940659009792 0.8438031815622163
0.5447344699413833 0.8438031815622163
0.5487748739817873 0.8438031815622163
0.5528152780221913 0.8438031815622163
0.5568556820625954 0.8438031815622163
0.5608960861029995 0.8438031815622163
0.5002900254969388 0.8478435856026204
0.5043304295373429 0.8478435856026204
0.5083708335777469 0.8478435856026204
0.5124112376181509 0.8478435856026204
0.516451641658555 0.8478435856026204
0.520492045698959 0.8478435856026204
0.5245324497393631 0.8478435856026204
0.5285728537797671 0.8478435856026204
0.5326132578201712 0.8478435856026204
0.5366536618605752 0.8478435856026204
0.5406940659009792 0.8478435856026204
0.5447344699413833 0.8478435856026204
0.5487748739817873 0.8478435856026204
0.5528152780221913 0.8478435856026204
0.4962496214565348 0.8518839896430245
0.5002900254969388 0.8518839896430245
0.5043304295373429 0.8518839896430245
0.5083708335777469 0.8518839896430245
0.5124112376181509 0.8518839896430245
0.516451641658555 0.8518839896430245
0.520492045698959 0.8518839896430245
0.5245324497393631 0.8518839896430245
0.5285728537797671 0.8518839896430245
0.5326132578201712 0.8518839896430245
0.5366536618605752 0.8518839896430245
0.5406940659009792 0.8518839896430245
0.5447344699413833 0.8518839896430245
0.5487748739817873 0.8518839896430245
0.4881688133757267 0.8559243936834284
0.4922092174161308 0.8559243936834284
0.4962496214565348 0.8559243936834284
0.5002900254969388 0.8559243936834284
0.5043304295373429 0.8559243936834284
0.5083708335777469 0.8559243936834284
0.5124112376181509 0.8559243936834284
0.516451641658555 0.8559243936834284
0.520492045698959 0.8559243936834284
0.5245324497393631 0.8559243936834284
0.5285728537797671 0.8559243936834284
0.5326132578201712 0.8559243936834284
0.5366536618605752 0.8559243936834284
0.5406940659009792 0.8559243936834284
0.48008800529491863 0.8599647977238325
0.48412840933532264 0.8599647977238325
0.4881688133757267 0.8599647977238325
0.4922092174161308 0.8599647977238325
0.4962496214565348 0.8599647977238325
0.5002900254969388 0.8599647977238325
0.5043304295373429 0.8599647977238325
0.5083708335777469 0.8599647977238325
0.5124112376181509 0.8599647977238325
0.516451641658555 0.8599647977238325
0.520492045698959 0.8599647977238325
0.5245324497393631 0.8599647977238325
0.5285728537797671 0.8599647977238325
0.5326132578201712 0.8599647977238325
0.47200719721411055 0.8640052017642366
0.4760476012545146 0.8640052017642366
0.48008800529491863 0.8640052017642366
0.48412840933532264 0.8640052017642366
0.4881688133757267 0.8640052017642366
0.4922092174161308 0.8640052017642366
0.4962496214565348 0.8640052017642366
0.5002900254969388 0.8640052017642366
0.5043304295373429 0.8640052017642366
0.5083708335777469 0.8640052017642366
0.5124112376181509 0.8640052017642366
0.516451641658555 0.8640052017642366
0.520492045698959 0.8640052017642366
0.5245324497393631 0.8640052017642366
0.5285728537797671 0.8640052017642366
0.4639263891333025 0.8680456058046406
0.4679667931737065 0.8680456058046406
0.47200719721411055 0.8680456058046406
0.4760476012545146 0.8680456058046406
0.48008800529491863 0.8680456058046406
0.48412840933532264 0.8680456058046406
0.4881688133757267 0.8680456058046406
0.4922092174161308 0.8680456058046406
0.4962496214565348 0.8680456058046406
0.5002900254969388 0.8680456058046406
0.5043304295373429 0.8680456058046406
0.5083708335777469 0.8680456058046406
0.5124112376181509 0.8680456058046406
0.516451641658555 0.8680456058046406
0.520492045698959 0.8680456058046406
0.5245324497393631 0.8680456058046406
0.45180517701209033 0.8720860098450447
0.4558455810524944 0.8720860098450447
0.4598859850928984 0.8720860098450447
0.4639263891333025 0.8720860098450447
0.4679667931737065 0.8720860098450447
0.47200719721411055 0.8720860098450447
0.4760476012545146 0.8720860098450447
0.48008800529491863 0.8720860098450447
0.48412840933532264 0.8720860098450447
0.4881688133757267 0.8720860098450447
0.4922092174161308 0.8720860098450447
0.4962496214565348 0.8720860098450447
0.5002900254969388 0.8720860098450447
0.5043304295373429 0.8720860098450447
0.5083708335777469 0.8720860098450447
0.5124112376181509 0.8720860098450447
0.520492045698959 0.8720860098450447
0.44776477297168626 0.8761264138854487
0.45180517701209033 0.8761264138854487
0.4558455810524944 0.8761264138854487
0.4598859850928984 0.8761264138854487
0.4639263891333025 0.8761264138854487
0.4679667931737065 0.8761264138854487
0.47200719721411055 0.8761264138854487
0.4760476012545146 0.8761264138854487
0.48008800529491863 0.8761264138854487
0.48412840933532264 0.8761264138854487
0.4881688133757267 0.8761264138854487
0.4922092174161308 0.8761264138854487
0.4962496214565348 0.8761264138854487
0.5002900254969388 0.8761264138854487
0.5043304295373429 0.8761264138854487
0.5083708335777469 0.8761264138854487
0.43968396489087824 0.8801668179258527
0.44372436893128225 0.8801668179258527
0.44776477297168626 0.8801668179258527
0.45180517701209033 0.8801668179258527
0.4558455810524944 0.8801668179258527
0.4598859850928984 0.8801668179258527
0.4639263891333025 0.8801668179258527
0.4679667931737065 0.8801668179258527
0.47200719721411055 0.8801668179258527
0.4760476012545146 0.8801668179258527
0.48008800529491863 0.8801668179258527
0.48412840933532264 0.8801668179258527
0.4881688133757267 0.8801668179258527
0.4922092174161308 0.8801668179258527
0.4962496214565348 0.8801668179258527
0.5002900254969388 0.8801668179258527
0.4356435608504742 0.8842072219662568
0.43968396489087824 0.8842072219662568
0.44372436893128225 0.8842072219662568
0.44776477297168626 0.8842072219662568
0.45180517701209033 0.8842072219662568
0.4558455810524944 0.8842072219662568
0.4598859850928984 0.8842072219662568
0.4639263891333025 0.8842072219662568
0.4679667931737065 0.8842072219662568
0.47200719721411055 0.8842072219662568
0.4760476012545146 0.8842072219662568
0.48008800529491863 0.8842072219662568
0.48412840933532264 0.8842072219662568
0.4881688133757267 0.8842072219662568
0.419481944688858 0.8882476260066607
0.4235223487292621 0.8882476260066607
0.4275627527696661 0.8882476260066607
0.4316031568100701 0.8882476260066607
0.4356435608504742 0.8882476260066607
0.43968396489087824 0.8882476260066607
0.44372436893128225 0.8882476260066607
0.44776477297168626 0.8882476260066607
0.45180517701209033 0.8882476260066607
0.4558455810524944 0.8882476260066607
0.4598859850928984 0.8882476260066607
0.4639263891333025 0.8882476260066607
0.4679667931737065 0.8882476260066607
0.47200719721411055 0.8882476260066607
0.4760476012545146 0.8882476260066607
0.48008800529491863 0.8882476260066607
0.48412840933532264 0.8882476260066607
0.4881688133757267 0.8882476260066607
0.419481944688858 0.8922880300470648
0.4235223487292621 0.8922880300470648
0.4275627527696661 0.8922880300470648
0.4316031568100701 0.8922880300470648
0.4356435608504742 0.8922880300470648
0.43968396489087824 0.8922880300470648
0.44372436893128225 0.8922880300470648
0.44776477297168626 0.8922880300470648
0.45180517701209033 0.8922880300470648
0.4558455810524944 0.8922880300470648
0.4598859850928984 0.8922880300470648
0.4639263891333025 0.8922880300470648
0.4679667931737065 0.8922880300470648
0.47200719721411055 0.8922880300470648
0.4760476012545146 0.8922880300470648
0.48412840933532264 0.8922880300470648
0.4073607325676459 0.8963284340874689
0.41140113660804994 0.8963284340874689
0.41544154064845396 0.8963284340874689
0.419481944688858 0.8963284340874689
0.4235223487292621 0.8963284340874689
0.4275627527696661 0.8963284340874689
0.4316031568100701 0.8963284340874689
0.4356435608504742 0.8963284340874689
0.43968396489087824 0.8963284340874689
0.44372436893128225 0.8963284340874689
0.44776477297168626 0.8963284340874689
0.45180517701209033 0.8963284340874689
0.4558455810524944 0.8963284340874689
0.4598859850928984 0.8963284340874689
0.4639263891333025 0.8963284340874689
0.4679667931737065 0.8963284340874689
0.3992799244868378 0.9003688381278729
0.40332032852724187 0.9003688381278729
0.4073607325676459 0.9003688381278729
0.41140113660804994 0.9003688381278729
0.41544154064845396 0.9003688381278729
0.419481944688858 0.9003688381278729
0.4235223487292621 0.9003688381278729
0.4275627527696661 0.9003688381278729
0.4316031568100701 0.9003688381278729
0.4356435608504742 0.9003688381278729
0.43968396489087824 0.9003688381278729
0.44372436893128225 0.9003688381278729
0.44776477297168626 0.9003688381278729
0.45180517701209033 0.9003688381278729
0.4558455810524944 0.9003688381278729
0.4598859850928984 0.9003688381278729
0.4639263891333025 0.9003688381278729
0.3911991164060297 0.904409242168277
0.3952395204464338 0.904409242168277
0.3992799244868378 0.904409242168277
0.40332032852724187 0.904409242168277
0.4073607325676459 0.904409242168277
0.41140113660804994 0.904409242168277
0.41544154064845396 0.904409242168277
0.419481944688858 0.904409242168277
0.4235223487292621 0.904409242168277
0.4275627527696661 0.904409242168277
0.4316031568100701 0.904409242168277
0.4356435608504742 0.904409242168277
0.43968396489087824 0.904409242168277
0.44372436893128225 0.904409242168277
0.44776477297168626 0.904409242168277
0.45180517701209033 0.904409242168277
0.4558455810524944 0.904409242168277
0.38311830832522165 0.9084496462086811
0.3871587123656257 0.9084496462086811
0.3911991164060297 0.9084496462086811
0.3952395204464338 0.9084496462086811
0.3992799244868378 0.9084496462086811
0.40332032852724187 0.9084496462086811
0.4073607325676459 0.9084496462086811
0.41140113660804994 0.9084496462086811
0.41544154064845396 0.9084496462086811
0.419481944688858 0.9084496462086811
0.4235223487292621 0.9084496462086811
0.4275627527696661 0.9084496462086811
0.4316031568100701 0.9084496462086811
0.4356435608504742 0.9084496462086811
0.43968396489087824 0.9084496462086811
0.44372436893128225 0.9084496462086811
0.44776477297168626 0.9084496462086811
0.37099709620400956 0.912490050249085
0.37503750024441357 0.912490050249085
0.3790779042848176 0.912490050249085
0.38311830832522165 0.912490050249085
0.3871587123656257 0.912490050249085
0.3911991164060297 0.912490050249085
0.3952395204464338 0.912490050249085
0.3992799244868378 0.912490050249085
0.40332032852724187 0.912490050249085
0.4073607325676459 0.912490050249085
0.41140113660804994 0.912490050249085
0.41544154064845396 0.912490050249085
0.419481944688858 0.912490050249085
0.4235223487292621 0.912490050249085
0.4275627527696661 0.912490050249085
0.4316031568100701 0.912490050249085
0.4356435608504742 0.912490050249085
0.43968396489087824 0.912490050249085
0.3629162881232014 0.9165304542894891
0.3669566921636055 0.9165304542894891
0.37099709620400956 0.9165304542894891
0.37503750024441357 0.9165304542894891
0.3790779042848176 0.9165304542894891
0.38311830832522165 0.9165304542894891
0.3871587123656257 0.9165304542894891
0.3911991164060297 0.9165304542894891
0.3952395204464338 0.9165304542894891
0.3992799244868378 0.9165304542894891
0.40332032852724187 0.9165304542894891
0.4073607325676459 0.9165304542894891
0.41140113660804994 0.9165304542894891
0.41544154064845396 0.9165304542894891
0.419481944688858 0.9165304542894891
0.4235223487292621 0.9165304542894891
0.4275627527696661 0.9165304542894891
0.35079507600198934 0.920570858329893
0.3548354800423934 0.920570858329893
0.3588758840827974 0.920570858329893
0.3629162881232014 0.920570858329893
0.3669566921636055 0.920570858329893
0.37099709620400956 0.920570858329893
0.37503750024441357 0.920570858329893
0.3790779042848176 0.920570858329893
0.38311830832522165 0.920570858329893
0.3871587123656257 0.920570858329893
0.3911991164060297 0.920570858329893
0.3952395204464338 0.920570858329893
0.3992799244868378 0.920570858329893
0.40332032852724187 0.920570858329893
0.4073607325676459 0.920570858329893
0.41140113660804994 0.920570858329893
0.41544154064845396 0.920570858329893
0.419481944688858 0.920570858329893
0.3386738638807772 0.9246112623702971
0.34271426792118126 0.9246112623702971
0.34675467196158527 0.9246112623702971
0.35079507600198934 0.9246112623702971
0.3548354800423934 0.9246112623702971
0.3588758840827974 0.9246112623702971
0.3629162881232014 0.9246112623702971
0.3669566921636055 0.9246112623702971
0.37099709620400956 0.9246112623702971
0.37503750024441357 0.9246112623702971
0.3790779042848176 0.9246112623702971
0.38311830832522165 0.9246112623702971
0.3871587123656257 0.9246112623702971
0.3911991164060297 0.9246112623702971
0.3952395204464338 0.9246112623702971
0.3992799244868378 0.9246112623702971
0.40332032852724187 0.9246112623702971
0.4073607325676459 0.9246112623702971
0.41140113660804994 0.9246112623702971
0.32251224771916104 0.9286516664107012
0.3305930557999691 0.9286516664107012
0.3346334598403732 0.9286516664107012
0.3386738638807772 0.9286516664107012
0.34271426792118126 0.9286516664107012
0.34675467196158527 0.9286516664107012
0.35079507600198934 0.9286516664107012
0.3548354800423934 0.9286516664107012
0.3588758840827974 0.9286516664107012
0.3629162881232014 0.9286516664107012
0.3669566921636055 0.9286516664107012
0.37099709620400956 0.9286516664107012
0.37503750024441357 0.9286516664107012
0.3790779042848176 0.9286516664107012
0.38311830832522165 0.9286516664107012
0.3871587123656257 0.9286516664107012
0.3911991164060297 0.9286516664107012
0.3952395204464338 0.9286516664107012
0.3992799244868378 0.9286516664107012
0.40332032852724187 0.9286516664107012
0.31443143963835296 0.9326920704511052
0.318471843678757 0.9326920704511052
0.32251224771916104 0.9326920704511052
0.3265526517595651 0.9326920704511052
0.3305930557999691 0.9326920704511052
0.3346334598403732 0.9326920704511052
0.3386738638807772 0.9326920704511052
0.34271426792118126 0.9326920704511052
0.34675467196158527 0.9326920704511052
0.35079507600198934 0.9326920704511052
0.3548354800423934 0.9326920704511052
0.3588758840827974 0.9326920704511052
0.3629162881232014 0.9326920704511052
0.3669566921636055 0.9326920704511052
0.37099709620400956 0.9326920704511052
0.37503750024441357 0.9326920704511052
0.3790779042848176 0.9326920704511052
0.38311830832522165 0.9326920704511052
0.3871587123656257 0.9326920704511052
0.3911991164060297 0.9326920704511052
0.3952395204464338 0.9326920704511052
0.3023102275171409 0.9367324744915093
0.3063506315575449 0.9367324744915093
0.3103910355979489 0.9367324744915093
0.31443143963835296 0.9367324744915093
0.318471843678757 0.9367324744915093
0.32251224771916104 0.9367324744915093
0.3265526517595651 0.9367324744915093
0.3305930557999691 0.9367324744915093
0.3346334598403732 0.9367324744915093
0.3386738638807772 0.9367324744915093
0.34271426792118126 0.9367324744915093
0.34675467196158527 0.9367324744915093
0.35079507600198934 0.9367324744915093
0.3548354800423934 0.9367324744915093
0.3588758840827974 0.9367324744915093
0.3629162881232014 0.9367324744915093
0.3669566921636055 0.9367324744915093
0.37099709620400956 0.9367324744915093
0.37503750024441357 0.9367324744915093
0.3790779042848176 0.9367324744915093
0.38311830832522165 0.9367324744915093
0.2982698234767368 0.9407728785319134
0.3023102275171409 0.9407728785319134
0.3063506315575449 0.9407728785319134
0.3103910355979489 0.9407728785319134
0.31443143963835296 0.9407728785319134
0.318471843678757 0.9407728785319134
0.32251224771916104 0.9407728785319134
0.3265526517595651 0.9407728785319134
0.3305930557999691 0.9407728785319134
0.3346334598403732 0.9407728785319134
0.3386738638807772 0.9407728785319134
0.34271426792118126 0.9407728785319134
0.34675467196158527 0.9407728785319134
0.35079507600198934 0.9407728785319134
0.3548354800423934 0.9407728785319134
0.3588758840827974 0.9407728785319134
0.3629162881232014 0.9407728785319134
0.3669566921636055 0.9407728785319134
0.37099709620400956 0.9407728785319134
0.2982698234767368 0.9448132825723174
0.3023102275171409 0.9448132825723174
0.3063506315575449 0.9448132825723174
0.3103910355979489 0.9448132825723174
0.31443143963835296 0.9448132825723174
0.318471843678757 0.9448132825723174
0.32251224771916104 0.9448132825723174
0.3265526517595651 0.9448132825723174
0.3305930557999691 0.9448132825723174
0.3346334598403732 0.9448132825723174
0.3386738638807772 0.9448132825723174
0.34271426792118126 0.9448132825723174
0.34675467196158527 0.9448132825723174
0.35079507600198934 0.9448132825723174
0.3548354800423934 0.9448132825723174
0.3588758840827974 0.9448132825723174
0.3629162881232014 0.9448132825723174
0.2982698234767368 0.9488536866127214
0.3023102275171409 0.9488536866127214
0.3063506315575449 0.9488536866127214
0.3103910355979489 0.9488536866127214
0.31443143963835296 0.9488536866127214
0.318471843678757 0.9488536866127214
0.32251224771916104 0.9488536866127214
0.3265526517595651 0.9488536866127214
0.3305930557999691 0.9488536866127214
0.3346334598403732 0.9488536866127214
0.3386738638807772 0.9488536866127214
0.34271426792118126 0.9488536866127214
0.34675467196158527 0.9488536866127214
0.35079507600198934 0.9488536866127214
0.3548354800423934 0.9488536866127214
0.2982698234767368 0.9528940906531255
0.3023102275171409 0.9528940906531255
0.3063506315575449 0.9528940906531255
0.3103910355979489 0.9528940906531255
0.31443143963835296 0.9528940906531255
0.318471843678757 0.9528940906531255
0.32251224771916104 0.9528940906531255
0.3265526517595651 0.9528940906531255
0.3305930557999691 0.9528940906531255
0.3346334598403732 0.9528940906531255
0.3386738638807772 0.9528940906531255
0.34271426792118126 0.9528940906531255
0.2982698234767368 0.9569344946935294
0.3023102275171409 0.9569344946935294
0.3063506315575449 0.9569344946935294
0.3103910355979489 0.9569344946935294
0.31443143963835296 0.9569344946935294
0.318471843678757 0.9569344946935294
0.32251224771916104 0.9569344946935294
0.3265526517595651 0.9569344946935294
0.3305930557999691 0.9569344946935294
0.2982698234767368 0.9609748987339335
0.3023102275171409 0.9609748987339335
0.3063506315575449 0.9609748987339335
0.3103910355979489 0.9609748987339335
0.31443143963835296 0.9609748987339335
0.318471843678757 0.9609748987339335
0.2982698234767368 0.9650153027743376
0.3023102275171409 0.9650153027743376
0.3063506315575449 0.9650153027743376
