# x y
0.699922696877588 0.710469848228883
0.695882292837184 0.7145102522692871
0.699922696877588 0.7145102522692871
0.6918418887967799 0.7185506563096911
0.695882292837184 0.7185506563096911
0.699922696877588 0.7185506563096911
0.6878014847563758 0.7225910603500951
0.6918418887967799 0.7225910603500951
0.695882292837184 0.7225910603500951
0.6837610807159717 0.7266314643904992
0.6878014847563758 0.7266314643904992
0.6918418887967799 0.7266314643904992
0.6797206766755678 0.7306718684309033
0.6837610807159717 0.7306718684309033
0.6756802726351637 0.7347122724713073
0.6797206766755678 0.7347122724713073
0.6716398685947598 0.7387526765117113
0.6756802726351637 0.7387526765117113
0.6675994645543557 0.7427930805521153
0.6716398685947598 0.7427930805521153
0.6635590605139516 0.7468334845925194
0.6675994645543557 0.7468334845925194
0.6554782524331435 0.7508738886329235
0.6595186564735476 0.7508738886329235
0.6635590605139516 0.7508738886329235
0.6514378483927394 0.7549142926733274
0.6554782524331435 0.7549142926733274
0.6595186564735476 0.7549142926733274
0.6473974443523355 0.7589546967137315
0.6514378483927394 0.7589546967137315
0.6554782524331435 0.7589546967137315
0.6433570403119314 0.7629951007541356
0.6473974443523355 0.7629951007541356
0.6514378483927394 0.7629951007541356
0.6393166362715275 0.7670355047945396
0.6433570403119314 0.7670355047945396
0.6312358281907193 0.7710759088349436
0.6352762322311234 0.7710759088349436
0.6393166362715275 0.7710759088349436
0.6271954241503153 0.7751163128753477
0.6312358281907193 0.7751163128753477
0.6352762322311234 0.7751163128753477
0.6231550201099112 0.7791567169157517
0.6271954241503153 0.7791567169157517
0.6312358281907193 0.7791567169157517
0.6191146160695071 0.7831971209561558
0.6231550201099112 0.7831971209561558
0.6271954241503153 0.7831971209561558
0.6110338079886991 0.7872375249965597
0.6150742120291031 0.7872375249965597
0.6191146160695071 0.7872375249965597
0.606993403948295 0.7912779290369638
0.6110338079886991 0.7912779290369638
0.6150742120291031 0.7912779290369638
0.6029529999078911 0.7953183330773679
0.606993403948295 0.7953183330773679
0.6110338079886991 0.7953183330773679
0.594872191827083 0.799358737117772
0.598912595867487 0.799358737117772
0.6029529999078911 0.799358737117772
0.5908317877866789 0.803399141158176
0.594872191827083 0.803399141158176
0.598912595867487 0.803399141158176
0.5867913837462748 0.80743954519858
0.5908317877866789 0.80743954519858
0.594872191827083 0.80743954519858
0.5787105756654668 0.811479949238984
0.5827509797058708 0.811479949238984
0.5867913837462748 0.811479949238984
0.5746701716250627 0.8155203532793881
0.5787105756654668 0.8155203532793881
0.5827509797058708 0.8155203532793881
0.5706297675846588 0.819560757319792
0.5746701716250627 0.819560757319792
0.5787105756654668 0.819560757319792
0.5625489595038506 0.8236011613601961
0.5665893635442547 0.8236011613601961
0.5706297675846588 0.8236011613601961
0.5585085554634466 0.8276415654006002
0.5625489595038506 0.8276415654006002
0.5665893635442547 0.8276415654006002
0.5504277473826384 0.8316819694410043
0.5544681514230425 0.8316819694410043
0.5585085554634466 0.8316819694410043
0.5463873433422345 0.8357223734814083
0.5504277473826384 0.8357223734814083
0.5544681514230425 0.8357223734814083
0.5383065352614264 0.8397627775218124
0.5423469393018304 0.8397627775218124
0.5463873433422345 0.8397627775218124
0.5302257271806183 0.8438031815622163
0.5342661312210224 0.8438031815622163
0.5383065352614264 0.8438031815622163
0.5423469393018304 0.8438031815622163
0.5261853231402143 0.8478435856026204
0.5302257271806183 0.8478435856026204
0.5342661312210224 0.8478435856026204
0.5181045150594061 0.8518839896430245
0.5221449190998102 0.8518839896430245
0.5261853231402143 0.8518839896430245
0.5302257271806183 0.8518839896430245
0.5100237069785981 0.8559243936834284
0.5140641110190021 0.8559243936834284
0.5181045150594061 0.8559243936834284
0.5221449190998102 0.8559243936834284
0.505983302938194 0.8599647977238325
0.5100237069785981 0.8599647977238325
0.5140641110190021 0.8599647977238325
0.49790249485738597 0.8640052017642366
0.50194289889779 0.8640052017642366
0.505983302938194 0.8640052017642366
0.5100237069785981 0.8640052017642366
0.4898216867765779 0.8680456058046406
0.49386209081698196 0.8680456058046406
0.49790249485738597 0.8680456058046406
0.50194289889779 0.8680456058046406
0.4857812827361738 0.8720860098450447
0.4898216867765779 0.8720860098450447
0.49386209081698196 0.8720860098450447
0.4777004746553658 0.8761264138854487
0.4817408786957698 0.8761264138854487
0.4857812827361738 0.8761264138854487
0.46961966657455767 0.8801668179258527
0.47366007061496174 0.8801668179258527
0.4777004746553658 0.8801668179258527
0.4817408786957698 0.8801668179258527
0.4615388584937496 0.8842072219662568
0.46557926253415366 0.8842072219662568
0.46961966657455767 0.8842072219662568
0.47366007061496174 0.8842072219662568
0.4534580504129415 0.8882476260066607
0.4574984544533456 0.8882476260066607
0.4615388584937496 0.8882476260066607
0.46557926253415366 0.8882476260066607
0.44537724233213344 0.8922880300470648
0.44941764637253745 0.8922880300470648
0.4534580504129415 0.8922880300470648
0.4574984544533456 0.8922880300470648
0.43729643425132536 0.8963284340874689
0.4413368382917294 0.8963284340874689
0.44537724233213344 0.8963284340874689
0.44941764637253745 0.8963284340874689
0.4292156261705173 0.9003688381278729
0.4332560302109213 0.9003688381278729
0.43729643425132536 0.9003688381278729
0.4413368382917294 0.9003688381278729
0.4211348180897092 0.904409242168277
0.4251752221301133 0.904409242168277
0.4292156261705173 0.904409242168277
0.4332560302109213 0.904409242168277
0.41305401000890113 0.9084496462086811
0.41709441404930514 0.9084496462086811
0.4211348180897092 0.9084496462086811
0.4251752221301133 0.9084496462086811
0.400932797887689 0.912490050249085
0.40497320192809305 0.912490050249085
0.40901360596849706 0.912490050249085
0.41305401000890113 0.912490050249085
0.41709441404930514 0.912490050249085
0.3928519898068809 0.9165304542894891
0.396892393847285 0.9165304542894891
0.400932797887689 0.9165304542894891
0.40497320192809305 0.9165304542894891
0.38477118172607283 0.920570858329893
0.3888115857664769 0.920570858329893
0.3928519898068809 0.920570858329893
0.396892393847285 0.920570858329893
0.37264996960486074 0.9246112623702971
0.37669037364526475 0.9246112623702971
0.38073077768566876 0.9246112623702971
0.38477118172607283 0.9246112623702971
0.3888115857664769 0.9246112623702971
0.3645691615240526 0.9286516664107012
0.3686095655644567 0.9286516664107012
0.37264996960486074 0.9286516664107012
0.37669037364526475 0.9286516664107012
0.3524479494028405 0.9326920704511052
0.3564883534432446 0.9326920704511052
0.3605287574836486 0.9326920704511052
0.3645691615240526 0.9326920704511052
0.3686095655644567 0.9326920704511052
0.3403267372816284 0.9367324744915093
0.34436714132203244 0.9367324744915093
0.34840754536243645 0.9367324744915093
0.3524479494028405 0.9367324744915093
0.3564883534432446 0.9367324744915093
0.3322459292008203 0.9407728785319134
0.33628633324122437 0.9407728785319134
0.3403267372816284 0.9407728785319134
0.34436714132203244 0.9407728785319134
0.34840754536243645 0.9407728785319134
0.3201247170796082 0.9448132825723174
0.3241651211200122 0.9448132825723174
0.3282055251604163 0.9448132825723174
0.3322459292008203 0.9448132825723174
0.33628633324122437 0.9448132825723174
0.30800350495839607 0.9488536866127214
0.3120439089988001 0.9488536866127214
0.31608431303920415 0.9488536866127214
0.3201247170796082 0.9488536866127214
0.3241651211200122 0.9488536866127214
0.299922696877588 0.9528940906531255
0.30396310091799206 0.9528940906531255
0.30800350495839607 0.9528940906531255
0.3120439089988001 0.9528940906531255
0.299922696877588 0.9569344946935294
