# x y
0.6975800144650319 0.6943082320672669
0.6935396104246279 0.698348636107671
0.6975800144650319 0.698348636107671
0.6894992063842238 0.702389040148075
0.6935396104246279 0.702389040148075
0.6975800144650319 0.702389040148075
0.6854588023438197 0.706429444188479
0.6894992063842238 0.706429444188479
0.6935396104246279 0.706429444188479
0.6975800144650319 0.706429444188479
0.6814183983034157 0.710469848228883
0.6854588023438197 0.710469848228883
0.6894992063842238 0.710469848228883
0.6935396104246279 0.710469848228883
0.6975800144650319 0.710469848228883
0.6773779942630117 0.7145102522692871
0.6814183983034157 0.7145102522692871
0.6854588023438197 0.7145102522692871
0.6894992063842238 0.7145102522692871
0.6935396104246279 0.7145102522692871
0.6975800144650319 0.7145102522692871
0.6733375902226076 0.7185506563096911
0.6773779942630117 0.7185506563096911
0.6814183983034157 0.7185506563096911
0.6854588023438197 0.7185506563096911
0.6894992063842238 0.7185506563096911
0.6935396104246279 0.7185506563096911
0.6975800144650319 0.7185506563096911
0.6733375902226076 0.7225910603500951
0.6773779942630117 0.7225910603500951
0.6814183983034157 0.7225910603500951
0.6854588023438197 0.7225910603500951
0.6894992063842238 0.7225910603500951
0.6935396104246279 0.7225910603500951
0.6975800144650319 0.7225910603500951
0.6652567821417996 0.7266314643904992
0.6692971861822037 0.7266314643904992
0.6733375902226076 0.7266314643904992
0.6773779942630117 0.7266314643904992
0.6814183983034157 0.7266314643904992
0.6854588023438197 0.7266314643904992
0.6894992063842238 0.7266314643904992
0.6935396104246279 0.7266314643904992
0.6975800144650319 0.7266314643904992
0.6571759740609915 0.7306718684309033
0.6612163781013956 0.7306718684309033
0.6652567821417996 0.7306718684309033
0.6692971861822037 0.7306718684309033
0.6733375902226076 0.7306718684309033
0.6773779942630117 0.7306718684309033
0.6814183983034157 0.7306718684309033
0.6854588023438197 0.7306718684309033
0.6894992063842238 0.7306718684309033
0.6935396104246279 0.7306718684309033
0.6975800144650319 0.7306718684309033
0.6531355700205874 0.7347122724713073
0.6571759740609915 0.7347122724713073
0.6612163781013956 0.7347122724713073
0.6652567821417996 0.7347122724713073
0.6692971861822037 0.7347122724713073
0.6733375902226076 0.7347122724713073
0.6773779942630117 0.7347122724713073
0.6814183983034157 0.7347122724713073
0.6854588023438197 0.7347122724713073
0.6894992063842238 0.7347122724713073
0.6935396104246279 0.7347122724713073
0.6490951659801834 0.7387526765117113
0.6531355700205874 0.7387526765117113
0.6571759740609915 0.7387526765117113
0.6612163781013956 0.7387526765117113
0.6652567821417996 0.7387526765117113
0.6692971861822037 0.7387526765117113
0.6733375902226076 0.7387526765117113
0.6773779942630117 0.7387526765117113
0.6814183983034157 0.7387526765117113
0.6854588023438197 0.7387526765117113
0.6894992063842238 0.7387526765117113
0.6450547619397794 0.7427930805521153
0.6490951659801834 0.7427930805521153
0.6531355700205874 0.7427930805521153
0.6571759740609915 0.7427930805521153
0.6612163781013956 0.7427930805521153
0.6652567821417996 0.7427930805521153
0.6692971861822037 0.7427930805521153
0.6733375902226076 0.7427930805521153
0.6773779942630117 0.7427930805521153
0.6814183983034157 0.7427930805521153
0.6854588023438197 0.7427930805521153
0.6450547619397794 0.7468334845925194
0.6490951659801834 0.7468334845925194
0.6531355700205874 0.7468334845925194
0.6571759740609915 0.7468334845925194
0.6612163781013956 0.7468334845925194
0.6652567821417996 0.7468334845925194
0.6692971861822037 0.7468334845925194
0.6733375902226076 0.7468334845925194
0.6773779942630117 0.7468334845925194
0.6814183983034157 0.7468334845925194
0.6329335498185673 0.7508738886329235
0.6369739538589714 0.7508738886329235
0.6410143578993753 0.7508738886329235
0.6450547619397794 0.7508738886329235
0.6490951659801834 0.7508738886329235
0.6531355700205874 0.7508738886329235
0.6571759740609915 0.7508738886329235
0.6612163781013956 0.7508738886329235
0.6652567821417996 0.7508738886329235
0.6692971861822037 0.7508738886329235
0.6733375902226076 0.7508738886329235
0.6773779942630117 0.7508738886329235
0.6288931457781632 0.7549142926733274
0.6329335498185673 0.7549142926733274
0.6369739538589714 0.7549142926733274
0.6410143578993753 0.7549142926733274
0.6450547619397794 0.7549142926733274
0.6490951659801834 0.7549142926733274
0.6531355700205874 0.7549142926733274
0.6571759740609915 0.7549142926733274
0.6612163781013956 0.7549142926733274
0.6652567821417996 0.7549142926733274
0.6692971861822037 0.7549142926733274
0.6248527417377592 0.7589546967137315
0.6288931457781632 0.7589546967137315
0.6329335498185673 0.7589546967137315
0.6369739538589714 0.7589546967137315
0.6410143578993753 0.7589546967137315
0.6450547619397794 0.7589546967137315
0.6490951659801834 0.7589546967137315
0.6531355700205874 0.7589546967137315
0.6571759740609915 0.7589546967137315
0.6612163781013956 0.7589546967137315
0.6652567821417996 0.7589546967137315
0.6208123376973551 0.7629951007541356
0.6248527417377592 0.7629951007541356
0.6288931457781632 0.7629951007541356
0.6329335498185673 0.7629951007541356
0.6369739538589714 0.7629951007541356
0.6410143578993753 0.7629951007541356
0.6450547619397794 0.7629951007541356
0.6490951659801834 0.7629951007541356
0.6531355700205874 0.7629951007541356
0.6571759740609915 0.7629951007541356
0.6612163781013956 0.7629951007541356
0.6208123376973551 0.7670355047945396
0.6248527417377592 0.7670355047945396
0.6288931457781632 0.7670355047945396
0.6329335498185673 0.7670355047945396
0.6369739538589714 0.7670355047945396
0.6410143578993753 0.7670355047945396
0.6450547619397794 0.7670355047945396
0.6490951659801834 0.7670355047945396
0.6531355700205874 0.7670355047945396
0.6571759740609915 0.7670355047945396
0.6612163781013956 0.7670355047945396
0.604650721535739 0.7710759088349436
0.608691125576143 0.7710759088349436
0.612731529616547 0.7710759088349436
0.616771933656951 0.7710759088349436
0.6208123376973551 0.7710759088349436
0.6248527417377592 0.7710759088349436
0.6288931457781632 0.7710759088349436
0.6329335498185673 0.7710759088349436
0.6369739538589714 0.7710759088349436
0.6410143578993753 0.7710759088349436
0.6450547619397794 0.7710759088349436
0.6490951659801834 0.7710759088349436
0.6531355700205874 0.7710759088349436
0.6571759740609915 0.7710759088349436
0.608691125576143 0.7751163128753477
0.612731529616547 0.7751163128753477
0.616771933656951 0.7751163128753477
0.6208123376973551 0.7751163128753477
0.6248527417377592 0.7751163128753477
0.6288931457781632 0.7751163128753477
0.6329335498185673 0.7751163128753477
0.6369739538589714 0.7751163128753477
0.6410143578993753 0.7751163128753477
0.6450547619397794 0.7751163128753477
0.6490951659801834 0.7751163128753477
0.6531355700205874 0.7751163128753477
0.604650721535739 0.7791567169157517
0.608691125576143 0.7791567169157517
0.612731529616547 0.7791567169157517
0.616771933656951 0.7791567169157517
0.6208123376973551 0.7791567169157517
0.6248527417377592 0.7791567169157517
0.6288931457781632 0.7791567169157517
0.6329335498185673 0.7791567169157517
0.6369739538589714 0.7791567169157517
0.6410143578993753 0.7791567169157517
0.6450547619397794 0.7791567169157517
0.5884891053741228 0.7831971209561558
0.5965699134549309 0.7831971209561558
0.600610317495335 0.7831971209561558
0.604650721535739 0.7831971209561558
0.608691125576143 0.7831971209561558
0.612731529616547 0.7831971209561558
0.616771933656951 0.7831971209561558
0.6208123376973551 0.7831971209561558
0.6248527417377592 0.7831971209561558
0.6288931457781632 0.7831971209561558
0.6329335498185673 0.7831971209561558
0.6369739538589714 0.7831971209561558
0.5925295094145269 0.7872375249965597
0.5965699134549309 0.7872375249965597
0.600610317495335 0.7872375249965597
0.604650721535739 0.7872375249965597
0.608691125576143 0.7872375249965597
0.612731529616547 0.7872375249965597
0.616771933656951 0.7872375249965597
0.6208123376973551 0.7872375249965597
0.6248527417377592 0.7872375249965597
0.6288931457781632 0.7872375249965597
0.6329335498185673 0.7872375249965597
0.5884891053741228 0.7912779290369638
0.5925295094145269 0.7912779290369638
0.5965699134549309 0.7912779290369638
0.600610317495335 0.7912779290369638
0.604650721535739 0.7912779290369638
0.608691125576143 0.7912779290369638
0.612731529616547 0.7912779290369638
0.616771933656951 0.7912779290369638
0.6208123376973551 0.7912779290369638
0.6248527417377592 0.7912779290369638
0.6288931457781632 0.7912779290369638
0.6329335498185673 0.7912779290369638
0.5804082972933147 0.7953183330773679
0.5844487013337187 0.7953183330773679
0.5884891053741228 0.7953183330773679
0.5925295094145269 0.7953183330773679
0.5965699134549309 0.7953183330773679
0.600610317495335 0.7953183330773679
0.604650721535739 0.7953183330773679
0.608691125576143 0.7953183330773679
0.612731529616547 0.7953183330773679
0.616771933656951 0.7953183330773679
0.6208123376973551 0.7953183330773679
0.6248527417377592 0.7953183330773679
0.6288931457781632 0.7953183330773679
0.5723274892125066 0.799358737117772
0.5763678932529107 0.799358737117772
0.5804082972933147 0.799358737117772
0.5844487013337187 0.799358737117772
0.5884891053741228 0.799358737117772
0.5925295094145269 0.799358737117772
0.5965699134549309 0.799358737117772
0.600610317495335 0.799358737117772
0.604650721535739 0.799358737117772
0.608691125576143 0.799358737117772
0.612731529616547 0.799358737117772
0.616771933656951 0.799358737117772
0.6208123376973551 0.799358737117772
0.5642466811316986 0.803399141158176
0.5682870851721027 0.803399141158176
0.5723274892125066 0.803399141158176
0.5763678932529107 0.803399141158176
0.5804082972933147 0.803399141158176
0.5844487013337187 0.803399141158176
0.5884891053741228 0.803399141158176
0.5925295094145269 0.803399141158176
0.5965699134549309 0.803399141158176
0.600610317495335 0.803399141158176
0.604650721535739 0.803399141158176
0.608691125576143 0.803399141158176
0.612731529616547 0.803399141158176
0.616771933656951 0.803399141158176
0.5561658730508905 0.80743954519858
0.5642466811316986 0.80743954519858
0.5682870851721027 0.80743954519858
0.5723274892125066 0.80743954519858
0.5763678932529107 0.80743954519858
0.5804082972933147 0.80743954519858
0.5844487013337187 0.80743954519858
0.5884891053741228 0.80743954519858
0.5925295094145269 0.80743954519858
0.5965699134549309 0.80743954519858
0.600610317495335 0.80743954519858
0.604650721535739 0.80743954519858
0.608691125576143 0.80743954519858
0.612731529616547 0.80743954519858
0.5561658730508905 0.811479949238984
0.5602062770912946 0.811479949238984
0.5642466811316986 0.811479949238984
0.5682870851721027 0.811479949238984
0.5723274892125066 0.811479949238984
0.5763678932529107 0.811479949238984
0.5804082972933147 0.811479949238984
0.5844487013337187 0.811479949238984
0.5884891053741228 0.811479949238984
0.5925295094145269 0.811479949238984
0.5965699134549309 0.811479949238984
0.600610317495335 0.811479949238984
0.604650721535739 0.811479949238984
0.608691125576143 0.811479949238984
0.5521254690104864 0.8155203532793881
0.5561658730508905 0.8155203532793881
0.5602062770912946 0.8155203532793881
0.5642466811316986 0.8155203532793881
0.5682870851721027 0.8155203532793881
0.5723274892125066 0.8155203532793881
0.5763678932529107 0.8155203532793881
0.5804082972933147 0.8155203532793881
0.5844487013337187 0.8155203532793881
0.5884891053741228 0.8155203532793881
0.5925295094145269 0.8155203532793881
0.5965699134549309 0.8155203532793881
0.5440446609296784 0.819560757319792
0.5480850649700824 0.819560757319792
0.5521254690104864 0.819560757319792
0.5561658730508905 0.819560757319792
0.5602062770912946 0.819560757319792
0.5642466811316986 0.819560757319792
0.5682870851721027 0.819560757319792
0.5723274892125066 0.819560757319792
0.5763678932529107 0.819560757319792
0.5804082972933147 0.819560757319792
0.5844487013337187 0.819560757319792
0.5884891053741228 0.819560757319792
0.5925295094145269 0.819560757319792
0.5965699134549309 0.819560757319792
0.5400042568892743 0.8236011613601961
0.5440446609296784 0.8236011613601961
0.5480850649700824 0.8236011613601961
0.5521254690104864 0.8236011613601961
0.5561658730508905 0.8236011613601961
0.5602062770912946 0.8236011613601961
0.5642466811316986 0.8236011613601961
0.5682870851721027 0.8236011613601961
0.5723274892125066 0.8236011613601961
0.5763678932529107 0.8236011613601961
0.5804082972933147 0.8236011613601961
0.5844487013337187 0.8236011613601961
0.5884891053741228 0.8236011613601961
0.5925295094145269 0.8236011613601961
0.5278830447680622 0.8276415654006002
0.5319234488084663 0.8276415654006002
0.5359638528488703 0.8276415654006002
0.5400042568892743 0.8276415654006002
0.5440446609296784 0.8276415654006002
0.5480850649700824 0.8276415654006002
0.5521254690104864 0.8276415654006002
0.5561658730508905 0.8276415654006002
0.5602062770912946 0.8276415654006002
0.5642466811316986 0.8276415654006002
0.5682870851721027 0.8276415654006002
0.5723274892125066 0.8276415654006002
0.5763678932529107 0.8276415654006002
0.5804082972933147 0.8276415654006002
0.5278830447680622 0.8316819694410043
0.5319234488084663 0.8316819694410043
0.5359638528488703 0.8316819694410043
0.5400042568892743 0.8316819694410043
0.5440446609296784 0.8316819694410043
0.5480850649700824 0.8316819694410043
0.5521254690104864 0.8316819694410043
0.5561658730508905 0.8316819694410043
0.5602062770912946 0.8316819694410043
0.5642466811316986 0.8316819694410043
0.5682870851721027 0.8316819694410043
0.5723274892125066 0.8316819694410043
0.5763678932529107 0.8316819694410043
0.5804082972933147 0.8316819694410043
0.5198022366872541 0.8357223734814083
0.5238426407276582 0.8357223734814083
0.5278830447680622 0.8357223734814083
0.5319234488084663 0.8357223734814083
0.5359638528488703 0.8357223734814083
0.5400042568892743 0.8357223734814083
0.5440446609296784 0.8357223734814083
0.5480850649700824 0.8357223734814083
0.5521254690104864 0.8357223734814083
0.5561658730508905 0.8357223734814083
0.5602062770912946 0.8357223734814083
0.5642466811316986 0.8357223734814083
0.5682870851721027 0.8357223734814083
0.5763678932529107 0.8357223734814083
0.511721428606446 0.8397627775218124
0.51576183264685 0.8397627775218124
0.5198022366872541 0.8397627775218124
0.5238426407276582 0.8397627775218124
0.5278830447680622 0.8397627775218124
0.5319234488084663 0.8397627775218124
0.5359638528488703 0.8397627775218124
0.5400042568892743 0.8397627775218124
0.5440446609296784 0.8397627775218124
0.5480850649700824 0.8397627775218124
0.5521254690104864 0.8397627775218124
0.5561658730508905 0.8397627775218124
0.5602062770912946 0.8397627775218124
0.5642466811316986 0.8397627775218124
0.5682870851721027 0.8397627775218124
0.507681024566042 0.8438031815622163
0.511721428606446 0.8438031815622163
0.51576183264685 0.8438031815622163
0.5198022366872541 0.8438031815622163
0.5238426407276582 0.8438031815622163
0.5278830447680622 0.8438031815622163
0.5319234488084663 0.8438031815622163
0.5359638528488703 0.8438031815622163
0.5400042568892743 0.8438031815622163
0.5440446609296784 0.8438031815622163
0.5480850649700824 0.8438031815622163
0.5521254690104864 0.8438031815622163
0.5561658730508905 0.8438031815622163
0.5602062770912946 0.8438031815622163
0.5642466811316986 0.8438031815622163
0.4996002164852339 0.8478435856026204
0.503640620525638 0.8478435856026204
0.507681024566042 0.8478435856026204
0.511721428606446 0.8478435856026204
0.51576183264685 0.8478435856026204
0.5198022366872541 0.8478435856026204
0.5238426407276582 0.8478435856026204
0.5278830447680622 0.8478435856026204
0.5319234488084663 0.8478435856026204
0.5359638528488703 0.8478435856026204
0.5400042568892743 0.8478435856026204
0.5440446609296784 0.8478435856026204
0.5480850649700824 0.8478435856026204
0.5521254690104864 0.8478435856026204
0.4874790043640218 0.8518839896430245
0.4955598124448299 0.8518839896430245
0.4996002164852339 0.8518839896430245
0.503640620525638 0.8518839896430245
0.507681024566042 0.8518839896430245
0.511721428606446 0.8518839896430245
0.51576183264685 0.8518839896430245
0.5198022366872541 0.8518839896430245
0.5238426407276582 0.8518839896430245
0.5278830447680622 0.8518839896430245
0.5319234488084663 0.8518839896430245
0.5359638528488703 0.8518839896430245
0.5400042568892743 0.8518839896430245
0.5440446609296784 0.8518839896430245
0.5480850649700824 0.8518839896430245
0.5521254690104864 0.8518839896430245
0.4874790043640218 0.8559243936834284
0.4915194084044259 0.8559243936834284
0.4955598124448299 0.8559243936834284
0.4996002164852339 0.8559243936834284
0.503640620525638 0.8559243936834284
0.507681024566042 0.8559243936834284
0.511721428606446 0.8559243936834284
0.51576183264685 0.8559243936834284
0.5198022366872541 0.8559243936834284
0.5238426407276582 0.8559243936834284
0.5278830447680622 0.8559243936834284
0.5319234488084663 0.8559243936834284
0.5359638528488703 0.8559243936834284
0.5400042568892743 0.8559243936834284
0.47939819628321373 0.8599647977238325
0.48343860032361774 0.8599647977238325
0.4874790043640218 0.8599647977238325
0.4915194084044259 0.8599647977238325
0.4955598124448299 0.8599647977238325
0.4996002164852339 0.8599647977238325
0.503640620525638 0.8599647977238325
0.507681024566042 0.8599647977238325
0.511721428606446 0.8599647977238325
0.51576183264685 0.8599647977238325
0.5198022366872541 0.8599647977238325
0.5238426407276582 0.8599647977238325
0.5278830447680622 0.8599647977238325
0.5319234488084663 0.8599647977238325
0.47131738820240565 0.8640052017642366
0.4753577922428097 0.8640052017642366
0.47939819628321373 0.8640052017642366
0.48343860032361774 0.8640052017642366
0.4874790043640218 0.8640052017642366
0.4915194084044259 0.8640052017642366
0.4955598124448299 0.8640052017642366
0.4996002164852339 0.8640052017642366
0.503640620525638 0.8640052017642366
0.507681024566042 0.8640052017642366
0.511721428606446 0.8640052017642366
0.51576183264685 0.8640052017642366
0.5198022366872541 0.8640052017642366
0.5238426407276582 0.8640052017642366
0.5278830447680622 0.8640052017642366
0.5319234488084663 0.8640052017642366
0.4551557720407895 0.8680456058046406
0.4632365801215976 0.8680456058046406
0.4672769841620016 0.8680456058046406
0.47131738820240565 0.8680456058046406
0.4753577922428097 0.8680456058046406
0.47939819628321373 0.8680456058046406
0.48343860032361774 0.8680456058046406
0.4874790043640218 0.8680456058046406
0.4915194084044259 0.8680456058046406
0.4955598124448299 0.8680456058046406
0.4996002164852339 0.8680456058046406
0.503640620525638 0.8680456058046406
0.507681024566042 0.8680456058046406
0.511721428606446 0.8680456058046406
0.51576183264685 0.8680456058046406
0.5198022366872541 0.8680456058046406
0.5238426407276582 0.8680456058046406
0.4591961760811935 0.8720860098450447
0.4632365801215976 0.8720860098450447
0.4672769841620016 0.8720860098450447
0.47131738820240565 0.8720860098450447
0.4753577922428097 0.8720860098450447
0.47939819628321373 0.8720860098450447
0.48343860032361774 0.8720860098450447
0.4874790043640218 0.8720860098450447
0.4915194084044259 0.8720860098450447
0.4955598124448299 0.8720860098450447
0.4996002164852339 0.8720860098450447
0.503640620525638 0.8720860098450447
0.507681024566042 0.8720860098450447
0.511721428606446 0.8720860098450447
0.51576183264685 0.8720860098450447
0.43899415587917334 0.8761264138854487
0.45111536800038543 0.8761264138854487
0.4551557720407895 0.8761264138854487
0.4591961760811935 0.8761264138854487
0.4632365801215976 0.8761264138854487
0.4672769841620016 0.8761264138854487
0.47131738820240565 0.8761264138854487
0.4753577922428097 0.8761264138854487
0.47939819628321373 0.8761264138854487
0.48343860032361774 0.8761264138854487
0.4874790043640218 0.8761264138854487
0.4915194084044259 0.8761264138854487
0.4955598124448299 0.8761264138854487
0.4996002164852339 0.8761264138854487
0.503640620525638 0.8761264138854487
0.507681024566042 0.8761264138854487
0.51576183264685 0.8761264138854487
0.4309133477983652 0.8801668179258527
0.44303455991957735 0.8801668179258527
0.44707496395998136 0.8801668179258527
0.45111536800038543 0.8801668179258527
0.4551557720407895 0.8801668179258527
0.4591961760811935 0.8801668179258527
0.4632365801215976 0.8801668179258527
0.4672769841620016 0.8801668179258527
0.47131738820240565 0.8801668179258527
0.4753577922428097 0.8801668179258527
0.47939819628321373 0.8801668179258527
0.48343860032361774 0.8801668179258527
0.4874790043640218 0.8801668179258527
0.4915194084044259 0.8801668179258527
0.4955598124448299 0.8801668179258527
0.4996002164852339 0.8801668179258527
0.4228325397175572 0.8842072219662568
0.4349537518387693 0.8842072219662568
0.43899415587917334 0.8842072219662568
0.44303455991957735 0.8842072219662568
0.44707496395998136 0.8842072219662568
0.45111536800038543 0.8842072219662568
0.4551557720407895 0.8842072219662568
0.4591961760811935 0.8842072219662568
0.4632365801215976 0.8842072219662568
0.4672769841620016 0.8842072219662568
0.47131738820240565 0.8842072219662568
0.4753577922428097 0.8842072219662568
0.47939819628321373 0.8842072219662568
0.48343860032361774 0.8842072219662568
0.4874790043640218 0.8842072219662568
0.4915194084044259 0.8842072219662568
0.4996002164852339 0.8842072219662568
0.4228325397175572 0.8882476260066607
0.4268729437579612 0.8882476260066607
0.4309133477983652 0.8882476260066607
0.4349537518387693 0.8882476260066607
0.43899415587917334 0.8882476260066607
0.44303455991957735 0.8882476260066607
0.44707496395998136 0.8882476260066607
0.45111536800038543 0.8882476260066607
0.4551557720407895 0.8882476260066607
0.4591961760811935 0.8882476260066607
0.4632365801215976 0.8882476260066607
0.4672769841620016 0.8882476260066607
0.47131738820240565 0.8882476260066607
0.4753577922428097 0.8882476260066607
0.47939819628321373 0.8882476260066607
0.48343860032361774 0.8882476260066607
0.4874790043640218 0.8882476260066607
0.4915194084044259 0.8882476260066607
0.4187921356771531 0.8922880300470648
0.4228325397175572 0.8922880300470648
0.4268729437579612 0.8922880300470648
0.4309133477983652 0.8922880300470648
0.4349537518387693 0.8922880300470648
0.43899415587917334 0.8922880300470648
0.44303455991957735 0.8922880300470648
0.44707496395998136 0.8922880300470648
0.45111536800038543 0.8922880300470648
0.4551557720407895 0.8922880300470648
0.4591961760811935 0.8922880300470648
0.4632365801215976 0.8922880300470648
0.4672769841620016 0.8922880300470648
0.47131738820240565 0.8922880300470648
0.4753577922428097 0.8922880300470648
0.47939819628321373 0.8922880300470648
0.48343860032361774 0.8922880300470648
0.4874790043640218 0.8922880300470648
0.40263051951553697 0.8963284340874689
0.41071132759634504 0.8963284340874689
0.41475173163674905 0.8963284340874689
0.4187921356771531 0.8963284340874689
0.4228325397175572 0.8963284340874689
0.4268729437579612 0.8963284340874689
0.4309133477983652 0.8963284340874689
0.4349537518387693 0.8963284340874689
0.43899415587917334 0.8963284340874689
0.44303455991957735 0.8963284340874689
0.44707496395998136 0.8963284340874689
0.45111536800038543 0.8963284340874689
0.4551557720407895 0.8963284340874689
0.4591961760811935 0.8963284340874689
0.4632365801215976 0.8963284340874689
0.4672769841620016 0.8963284340874689
0.47131738820240565 0.8963284340874689
0.4753577922428097 0.8963284340874689
0.47939819628321373 0.8963284340874689
0.3945497114347289 0.9003688381278729
0.40263051951553697 0.9003688381278729
0.406670923555941 0.9003688381278729
0.41071132759634504 0.9003688381278729
0.41475173163674905 0.9003688381278729
0.4187921356771531 0.9003688381278729
0.4228325397175572 0.9003688381278729
0.4268729437579612 0.9003688381278729
0.4309133477983652 0.9003688381278729
0.4349537518387693 0.9003688381278729
0.43899415587917334 0.9003688381278729
0.44303455991957735 0.9003688381278729
0.44707496395998136 0.9003688381278729
0.45111536800038543 0.9003688381278729
0.4551557720407895 0.9003688381278729
0.4591961760811935 0.9003688381278729
0.4632365801215976 0.9003688381278729
0.3905093073943248 0.904409242168277
0.3945497114347289 0.904409242168277
0.3985901154751329 0.904409242168277
0.40263051951553697 0.904409242168277
0.406670923555941 0.904409242168277
0.41071132759634504 0.904409242168277
0.41475173163674905 0.904409242168277
0.4187921356771531 0.904409242168277
0.4228325397175572 0.904409242168277
0.4268729437579612 0.904409242168277
0.4309133477983652 0.904409242168277
0.4349537518387693 0.904409242168277
0.43899415587917334 0.904409242168277
0.44303455991957735 0.904409242168277
0.44707496395998136 0.904409242168277
0.45111536800038543 0.904409242168277
0.4551557720407895 0.904409242168277
0.38242849931351675 0.9084496462086811
0.3864689033539208 0.9084496462086811
0.3905093073943248 0.9084496462086811
0.3945497114347289 0.9084496462086811
0.3985901154751329 0.9084496462086811
0.40263051951553697 0.9084496462086811
0.406670923555941 0.9084496462086811
0.41071132759634504 0.9084496462086811
0.41475173163674905 0.9084496462086811
0.4187921356771531 0.9084496462086811
0.4228325397175572 0.9084496462086811
0.4268729437579612 0.9084496462086811
0.4309133477983652 0.9084496462086811
0.4349537518387693 0.9084496462086811
0.43899415587917334 0.9084496462086811
0.44303455991957735 0.9084496462086811
0.44707496395998136 0.9084496462086811
0.3581860750710925 0.912490050249085
0.37434769123270867 0.912490050249085
0.3783880952731127 0.912490050249085
0.38242849931351675 0.912490050249085
0.3864689033539208 0.912490050249085
0.3905093073943248 0.912490050249085
0.3945497114347289 0.912490050249085
0.3985901154751329 0.912490050249085
0.40263051951553697 0.912490050249085
0.406670923555941 0.912490050249085
0.41071132759634504 0.912490050249085
0.41475173163674905 0.912490050249085
0.4187921356771531 0.912490050249085
0.4228325397175572 0.912490050249085
0.4268729437579612 0.912490050249085
0.4309133477983652 0.912490050249085
0.4349537518387693 0.912490050249085
0.43899415587917334 0.912490050249085
0.3581860750710925 0.9165304542894891
0.3622264791114965 0.9165304542894891
0.3662668831519006 0.9165304542894891
0.37030728719230466 0.9165304542894891
0.37434769123270867 0.9165304542894891
0.3783880952731127 0.9165304542894891
0.38242849931351675 0.9165304542894891
0.3864689033539208 0.9165304542894891
0.3905093073943248 0.9165304542894891
0.3945497114347289 0.9165304542894891
0.3985901154751329 0.9165304542894891
0.40263051951553697 0.9165304542894891
0.406670923555941 0.9165304542894891
0.41071132759634504 0.9165304542894891
0.41475173163674905 0.9165304542894891
0.4187921356771531 0.9165304542894891
0.4228325397175572 0.9165304542894891
0.4268729437579612 0.9165304542894891
0.4309133477983652 0.9165304542894891
0.3541456710306885 0.920570858329893
0.3581860750710925 0.920570858329893
0.3622264791114965 0.920570858329893
0.3662668831519006 0.920570858329893
0.37030728719230466 0.920570858329893
0.37434769123270867 0.920570858329893
0.3783880952731127 0.920570858329893
0.38242849931351675 0.920570858329893
0.3864689033539208 0.920570858329893
0.3905093073943248 0.920570858329893
0.3945497114347289 0.920570858329893
0.3985901154751329 0.920570858329893
0.40263051951553697 0.920570858329893
0.406670923555941 0.920570858329893
0.41071132759634504 0.920570858329893
0.41475173163674905 0.920570858329893
0.4187921356771531 0.920570858329893
0.4309133477983652 0.920570858329893
0.3339436508286683 0.9246112623702971
0.3379840548690723 0.9246112623702971
0.34202445890947636 0.9246112623702971
0.34606486294988037 0.9246112623702971
0.35010526699028444 0.9246112623702971
0.3541456710306885 0.9246112623702971
0.3581860750710925 0.9246112623702971
0.3622264791114965 0.9246112623702971
0.3662668831519006 0.9246112623702971
0.37030728719230466 0.9246112623702971
0.37434769123270867 0.9246112623702971
0.3783880952731127 0.9246112623702971
0.38242849931351675 0.9246112623702971
0.3864689033539208 0.9246112623702971
0.3905093073943248 0.9246112623702971
0.3945497114347289 0.9246112623702971
0.3985901154751329 0.9246112623702971
0.40263051951553697 0.9246112623702971
0.406670923555941 0.9246112623702971
0.41071132759634504 0.9246112623702971
0.41475173163674905 0.9246112623702971
0.3299032467882642 0.9286516664107012
0.3339436508286683 0.9286516664107012
0.3379840548690723 0.9286516664107012
0.34202445890947636 0.9286516664107012
0.34606486294988037 0.9286516664107012
0.35010526699028444 0.9286516664107012
0.3541456710306885 0.9286516664107012
0.3581860750710925 0.9286516664107012
0.3622264791114965 0.9286516664107012
0.3662668831519006 0.9286516664107012
0.37030728719230466 0.9286516664107012
0.37434769123270867 0.9286516664107012
0.3783880952731127 0.9286516664107012
0.38242849931351675 0.9286516664107012
0.3864689033539208 0.9286516664107012
0.3905093073943248 0.9286516664107012
0.3945497114347289 0.9286516664107012
0.3985901154751329 0.9286516664107012
0.40263051951553697 0.9286516664107012
0.406670923555941 0.9286516664107012
0.41071132759634504 0.9286516664107012
0.41475173163674905 0.9286516664107012
0.30566082254584 0.9326920704511052
0.31374163062664806 0.9326920704511052
0.3177820346670521 0.9326920704511052
0.32182243870745614 0.9326920704511052
0.3258628427478602 0.9326920704511052
0.3299032467882642 0.9326920704511052
0.3339436508286683 0.9326920704511052
0.3379840548690723 0.9326920704511052
0.34202445890947636 0.9326920704511052
0.34606486294988037 0.9326920704511052
0.35010526699028444 0.9326920704511052
0.3541456710306885 0.9326920704511052
0.3581860750710925 0.9326920704511052
0.3622264791114965 0.9326920704511052
0.3662668831519006 0.9326920704511052
0.37030728719230466 0.9326920704511052
0.37434769123270867 0.9326920704511052
0.3783880952731127 0.9326920704511052
0.38242849931351675 0.9326920704511052
0.3864689033539208 0.9326920704511052
0.3905093073943248 0.9326920704511052
0.40263051951553697 0.9326920704511052
0.2975800144650319 0.9367324744915093
0.30162041850543597 0.9367324744915093
0.30566082254584 0.9367324744915093
0.309701226586244 0.9367324744915093
0.31374163062664806 0.9367324744915093
0.3177820346670521 0.9367324744915093
0.32182243870745614 0.9367324744915093
0.3258628427478602 0.9367324744915093
0.3299032467882642 0.9367324744915093
0.3339436508286683 0.9367324744915093
0.3379840548690723 0.9367324744915093
0.34202445890947636 0.9367324744915093
0.34606486294988037 0.9367324744915093
0.35010526699028444 0.9367324744915093
0.3541456710306885 0.9367324744915093
0.3581860750710925 0.9367324744915093
0.3622264791114965 0.9367324744915093
0.3662668831519006 0.9367324744915093
0.37030728719230466 0.9367324744915093
0.37434769123270867 0.9367324744915093
0.3783880952731127 0.9367324744915093
0.38242849931351675 0.9367324744915093
0.3985901154751329 0.9367324744915093
0.40263051951553697 0.9367324744915093
0.2975800144650319 0.9407728785319134
0.30162041850543597 0.9407728785319134
0.30566082254584 0.9407728785319134
0.309701226586244 0.9407728785319134
0.31374163062664806 0.9407728785319134
0.3177820346670521 0.9407728785319134
0.32182243870745614 0.9407728785319134
0.3258628427478602 0.9407728785319134
0.3299032467882642 0.9407728785319134
0.3339436508286683 0.9407728785319134
0.3379840548690723 0.9407728785319134
0.34202445890947636 0.9407728785319134
0.34606486294988037 0.9407728785319134
0.35010526699028444 0.9407728785319134
0.3541456710306885 0.9407728785319134
0.3581860750710925 0.9407728785319134
0.3622264791114965 0.9407728785319134
0.3662668831519006 0.9407728785319134
0.37030728719230466 0.9407728785319134
0.3783880952731127 0.9407728785319134
0.2975800144650319 0.9448132825723174
0.30162041850543597 0.9448132825723174
0.30566082254584 0.9448132825723174
0.309701226586244 0.9448132825723174
0.31374163062664806 0.9448132825723174
0.3177820346670521 0.9448132825723174
0.32182243870745614 0.9448132825723174
0.3258628427478602 0.9448132825723174
0.3299032467882642 0.9448132825723174
0.3339436508286683 0.9448132825723174
0.3379840548690723 0.9448132825723174
0.34202445890947636 0.9448132825723174
0.34606486294988037 0.9448132825723174
0.35010526699028444 0.9448132825723174
0.3541456710306885 0.9448132825723174
0.3581860750710925 0.9448132825723174
0.3622264791114965 0.9448132825723174
0.3662668831519006 0.9448132825723174
0.2975800144650319 0.9488536866127214
0.30162041850543597 0.9488536866127214
0.30566082254584 0.9488536866127214
0.309701226586244 0.9488536866127214
0.31374163062664806 0.9488536866127214
0.3177820346670521 0.9488536866127214
0.32182243870745614 0.9488536866127214
0.3258628427478602 0.9488536866127214
0.3299032467882642 0.9488536866127214
0.3339436508286683 0.9488536866127214
0.3379840548690723 0.9488536866127214
0.34202445890947636 0.9488536866127214
0.34606486294988037 0.9488536866127214
0.35010526699028444 0.9488536866127214
0.3622264791114965 0.9488536866127214
0.2975800144650319 0.9528940906531255
0.30162041850543597 0.9528940906531255
0.30566082254584 0.9528940906531255
0.309701226586244 0.9528940906531255
0.31374163062664806 0.9528940906531255
0.3177820346670521 0.9528940906531255
0.32182243870745614 0.9528940906531255
0.3258628427478602 0.9528940906531255
0.3299032467882642 0.9528940906531255
0.3339436508286683 0.9528940906531255
0.3379840548690723 0.9528940906531255
0.34606486294988037 0.9528940906531255
0.2975800144650319 0.9569344946935294
0.30162041850543597 0.9569344946935294
0.30566082254584 0.9569344946935294
0.309701226586244 0.9569344946935294
0.31374163062664806 0.9569344946935294
0.3177820346670521 0.9569344946935294
0.32182243870745614 0.9569344946935294
0.3258628427478602 0.9569344946935294
0.3339436508286683 0.9569344946935294
0.2975800144650319 0.9609748987339335
0.30162041850543597 0.9609748987339335
0.30566082254584 0.9609748987339335
0.309701226586244 0.9609748987339335
0.31374163062664806 0.9609748987339335
0.3177820346670521 0.9609748987339335
0.32182243870745614 0.9609748987339335
0.3258628427478602 0.9609748987339335
0.2975800144650319 0.9650153027743376
0.30162041850543597 0.9650153027743376
0.309701226586244 0.9650153027743376
0.3299032467882642 0.9650153027743376
