# x y
0.6993260902556149 0.702389040148075
0.6952856862152108 0.706429444188479
0.6993260902556149 0.706429444188479
0.6912452821748067 0.710469848228883
0.6952856862152108 0.710469848228883
0.6993260902556149 0.710469848228883
0.6872048781344027 0.7145102522692871
0.6912452821748067 0.7145102522692871
0.6952856862152108 0.7145102522692871
0.6993260902556149 0.7145102522692871
0.6831644740939986 0.7185506563096911
0.6872048781344027 0.7185506563096911
0.6912452821748067 0.7185506563096911
0.6952856862152108 0.7185506563096911
0.6993260902556149 0.7185506563096911
0.6791240700535947 0.7225910603500951
0.6831644740939986 0.7225910603500951
0.6872048781344027 0.7225910603500951
0.6912452821748067 0.7225910603500951
0.6952856862152108 0.7225910603500951
0.6993260902556149 0.7225910603500951
0.6750836660131906 0.7266314643904992
0.6791240700535947 0.7266314643904992
0.6831644740939986 0.7266314643904992
0.6872048781344027 0.7266314643904992
0.6912452821748067 0.7266314643904992
0.6952856862152108 0.7266314643904992
0.6993260902556149 0.7266314643904992
0.6670028579323826 0.7306718684309033
0.6710432619727866 0.7306718684309033
0.6750836660131906 0.7306718684309033
0.6791240700535947 0.7306718684309033
0.6831644740939986 0.7306718684309033
0.6872048781344027 0.7306718684309033
0.6912452821748067 0.7306718684309033
0.6952856862152108 0.7306718684309033
0.6629624538919785 0.7347122724713073
0.6670028579323826 0.7347122724713073
0.6710432619727866 0.7347122724713073
0.6750836660131906 0.7347122724713073
0.6791240700535947 0.7347122724713073
0.6831644740939986 0.7347122724713073
0.6872048781344027 0.7347122724713073
0.6912452821748067 0.7347122724713073
0.6589220498515744 0.7387526765117113
0.6629624538919785 0.7387526765117113
0.6670028579323826 0.7387526765117113
0.6710432619727866 0.7387526765117113
0.6750836660131906 0.7387526765117113
0.6791240700535947 0.7387526765117113
0.6831644740939986 0.7387526765117113
0.6872048781344027 0.7387526765117113
0.6548816458111704 0.7427930805521153
0.6589220498515744 0.7427930805521153
0.6629624538919785 0.7427930805521153
0.6670028579323826 0.7427930805521153
0.6710432619727866 0.7427930805521153
0.6750836660131906 0.7427930805521153
0.6791240700535947 0.7427930805521153
0.6831644740939986 0.7427930805521153
0.6508412417707663 0.7468334845925194
0.6548816458111704 0.7468334845925194
0.6589220498515744 0.7468334845925194
0.6629624538919785 0.7468334845925194
0.6670028579323826 0.7468334845925194
0.6710432619727866 0.7468334845925194
0.6750836660131906 0.7468334845925194
0.6468008377303623 0.7508738886329235
0.6508412417707663 0.7508738886329235
0.6548816458111704 0.7508738886329235
0.6589220498515744 0.7508738886329235
0.6629624538919785 0.7508738886329235
0.6670028579323826 0.7508738886329235
0.6710432619727866 0.7508738886329235
0.6427604336899583 0.7549142926733274
0.6468008377303623 0.7549142926733274
0.6508412417707663 0.7549142926733274
0.6548816458111704 0.7549142926733274
0.6589220498515744 0.7549142926733274
0.6629624538919785 0.7549142926733274
0.6670028579323826 0.7549142926733274
0.6346796256091503 0.7589546967137315
0.6387200296495543 0.7589546967137315
0.6427604336899583 0.7589546967137315
0.6468008377303623 0.7589546967137315
0.6508412417707663 0.7589546967137315
0.6548816458111704 0.7589546967137315
0.6589220498515744 0.7589546967137315
0.6629624538919785 0.7589546967137315
0.6306392215687462 0.7629951007541356
0.6346796256091503 0.7629951007541356
0.6387200296495543 0.7629951007541356
0.6427604336899583 0.7629951007541356
0.6468008377303623 0.7629951007541356
0.6508412417707663 0.7629951007541356
0.6548816458111704 0.7629951007541356
0.6589220498515744 0.7629951007541356
0.6265988175283421 0.7670355047945396
0.6306392215687462 0.7670355047945396
0.6346796256091503 0.7670355047945396
0.6387200296495543 0.7670355047945396
0.6427604336899583 0.7670355047945396
0.6468008377303623 0.7670355047945396
0.6508412417707663 0.7670355047945396
0.6548816458111704 0.7670355047945396
0.6225584134879381 0.7710759088349436
0.6265988175283421 0.7710759088349436
0.6306392215687462 0.7710759088349436
0.6346796256091503 0.7710759088349436
0.6387200296495543 0.7710759088349436
0.6427604336899583 0.7710759088349436
0.6468008377303623 0.7710759088349436
0.6508412417707663 0.7710759088349436
0.6144776054071299 0.7751163128753477
0.618518009447534 0.7751163128753477
0.6225584134879381 0.7751163128753477
0.6265988175283421 0.7751163128753477
0.6306392215687462 0.7751163128753477
0.6346796256091503 0.7751163128753477
0.6387200296495543 0.7751163128753477
0.6427604336899583 0.7751163128753477
0.6468008377303623 0.7751163128753477
0.610437201366726 0.7791567169157517
0.6144776054071299 0.7791567169157517
0.618518009447534 0.7791567169157517
0.6225584134879381 0.7791567169157517
0.6265988175283421 0.7791567169157517
0.6306392215687462 0.7791567169157517
0.6346796256091503 0.7791567169157517
0.6387200296495543 0.7791567169157517
0.6063967973263219 0.7831971209561558
0.610437201366726 0.7831971209561558
0.6144776054071299 0.7831971209561558
0.618518009447534 0.7831971209561558
0.6225584134879381 0.7831971209561558
0.6265988175283421 0.7831971209561558
0.6306392215687462 0.7831971209561558
0.6346796256091503 0.7831971209561558
0.602356393285918 0.7872375249965597
0.6063967973263219 0.7872375249965597
0.610437201366726 0.7872375249965597
0.6144776054071299 0.7872375249965597
0.618518009447534 0.7872375249965597
0.6225584134879381 0.7872375249965597
0.6265988175283421 0.7872375249965597
0.6306392215687462 0.7872375249965597
0.5942755852051098 0.7912779290369638
0.5983159892455139 0.7912779290369638
0.602356393285918 0.7912779290369638
0.6063967973263219 0.7912779290369638
0.610437201366726 0.7912779290369638
0.6144776054071299 0.7912779290369638
0.618518009447534 0.7912779290369638
0.6225584134879381 0.7912779290369638
0.6265988175283421 0.7912779290369638
0.5902351811647057 0.7953183330773679
0.5942755852051098 0.7953183330773679
0.5983159892455139 0.7953183330773679
0.602356393285918 0.7953183330773679
0.6063967973263219 0.7953183330773679
0.610437201366726 0.7953183330773679
0.6144776054071299 0.7953183330773679
0.618518009447534 0.7953183330773679
0.5861947771243017 0.799358737117772
0.5902351811647057 0.799358737117772
0.5942755852051098 0.799358737117772
0.5983159892455139 0.799358737117772
0.602356393285918 0.799358737117772
0.6063967973263219 0.799358737117772
0.610437201366726 0.799358737117772
0.6144776054071299 0.799358737117772
0.5781139690434937 0.803399141158176
0.5821543730838976 0.803399141158176
0.5861947771243017 0.803399141158176
0.5902351811647057 0.803399141158176
0.5942755852051098 0.803399141158176
0.5983159892455139 0.803399141158176
0.602356393285918 0.803399141158176
0.6063967973263219 0.803399141158176
0.610437201366726 0.803399141158176
0.5740735650030896 0.80743954519858
0.5781139690434937 0.80743954519858
0.5821543730838976 0.80743954519858
0.5861947771243017 0.80743954519858
0.5902351811647057 0.80743954519858
0.5942755852051098 0.80743954519858
0.5983159892455139 0.80743954519858
0.602356393285918 0.80743954519858
0.6063967973263219 0.80743954519858
0.5659927569222816 0.811479949238984
0.5700331609626856 0.811479949238984
0.5740735650030896 0.811479949238984
0.5781139690434937 0.811479949238984
0.5821543730838976 0.811479949238984
0.5861947771243017 0.811479949238984
0.5902351811647057 0.811479949238984
0.5942755852051098 0.811479949238984
0.5983159892455139 0.811479949238984
0.5619523528818775 0.8155203532793881
0.5659927569222816 0.8155203532793881
0.5700331609626856 0.8155203532793881
0.5740735650030896 0.8155203532793881
0.5781139690434937 0.8155203532793881
0.5821543730838976 0.8155203532793881
0.5861947771243017 0.8155203532793881
0.5902351811647057 0.8155203532793881
0.5942755852051098 0.8155203532793881
0.5538715448010694 0.819560757319792
0.5579119488414734 0.819560757319792
0.5619523528818775 0.819560757319792
0.5659927569222816 0.819560757319792
0.5700331609626856 0.819560757319792
0.5740735650030896 0.819560757319792
0.5781139690434937 0.819560757319792
0.5821543730838976 0.819560757319792
0.5861947771243017 0.819560757319792
0.5498311407606653 0.8236011613601961
0.5538715448010694 0.8236011613601961
0.5579119488414734 0.8236011613601961
0.5619523528818775 0.8236011613601961
0.5659927569222816 0.8236011613601961
0.5700331609626856 0.8236011613601961
0.5740735650030896 0.8236011613601961
0.5781139690434937 0.8236011613601961
0.5821543730838976 0.8236011613601961
0.5417503326798573 0.8276415654006002
0.5457907367202613 0.8276415654006002
0.5498311407606653 0.8276415654006002
0.5538715448010694 0.8276415654006002
0.5579119488414734 0.8276415654006002
0.5619523528818775 0.8276415654006002
0.5659927569222816 0.8276415654006002
0.5700331609626856 0.8276415654006002
0.5740735650030896 0.8276415654006002
0.5781139690434937 0.8276415654006002
0.5377099286394532 0.8316819694410043
0.5417503326798573 0.8316819694410043
0.5457907367202613 0.8316819694410043
0.5498311407606653 0.8316819694410043
0.5538715448010694 0.8316819694410043
0.5579119488414734 0.8316819694410043
0.5619523528818775 0.8316819694410043
0.5659927569222816 0.8316819694410043
0.5700331609626856 0.8316819694410043
0.5296291205586452 0.8357223734814083
0.5336695245990493 0.8357223734814083
0.5377099286394532 0.8357223734814083
0.5417503326798573 0.8357223734814083
0.5457907367202613 0.8357223734814083
0.5498311407606653 0.8357223734814083
0.5538715448010694 0.8357223734814083
0.5579119488414734 0.8357223734814083
0.5619523528818775 0.8357223734814083
0.5659927569222816 0.8357223734814083
0.5255887165182411 0.8397627775218124
0.5296291205586452 0.8397627775218124
0.5336695245990493 0.8397627775218124
0.5377099286394532 0.8397627775218124
0.5417503326798573 0.8397627775218124
0.5457907367202613 0.8397627775218124
0.5498311407606653 0.8397627775218124
0.5538715448010694 0.8397627775218124
0.5579119488414734 0.8397627775218124
0.517507908437433 0.8438031815622163
0.5215483124778371 0.8438031815622163
0.5255887165182411 0.8438031815622163
0.5296291205586452 0.8438031815622163
0.5336695245990493 0.8438031815622163
0.5377099286394532 0.8438031815622163
0.5417503326798573 0.8438031815622163
0.5457907367202613 0.8438031815622163
0.5498311407606653 0.8438031815622163
0.5538715448010694 0.8438031815622163
0.509427100356625 0.8478435856026204
0.5134675043970289 0.8478435856026204
0.517507908437433 0.8478435856026204
0.5215483124778371 0.8478435856026204
0.5255887165182411 0.8478435856026204
0.5296291205586452 0.8478435856026204
0.5336695245990493 0.8478435856026204
0.5377099286394532 0.8478435856026204
0.5417503326798573 0.8478435856026204
0.5457907367202613 0.8478435856026204
0.5053866963162209 0.8518839896430245
0.509427100356625 0.8518839896430245
0.5134675043970289 0.8518839896430245
0.517507908437433 0.8518839896430245
0.5215483124778371 0.8518839896430245
0.5255887165182411 0.8518839896430245
0.5296291205586452 0.8518839896430245
0.5336695245990493 0.8518839896430245
0.5377099286394532 0.8518839896430245
0.5417503326798573 0.8518839896430245
0.49730588823541283 0.8559243936834284
0.5013462922758168 0.8559243936834284
0.5053866963162209 0.8559243936834284
0.509427100356625 0.8559243936834284
0.5134675043970289 0.8559243936834284
0.517507908437433 0.8559243936834284
0.5215483124778371 0.8559243936834284
0.5255887165182411 0.8559243936834284
0.5296291205586452 0.8559243936834284
0.5336695245990493 0.8559243936834284
0.48922508015460475 0.8599647977238325
0.4932654841950088 0.8599647977238325
0.49730588823541283 0.8599647977238325
0.5013462922758168 0.8599647977238325
0.5053866963162209 0.8599647977238325
0.509427100356625 0.8599647977238325
0.5134675043970289 0.8599647977238325
0.517507908437433 0.8599647977238325
0.5215483124778371 0.8599647977238325
0.5255887165182411 0.8599647977238325
0.4851846761142007 0.8640052017642366
0.48922508015460475 0.8640052017642366
0.4932654841950088 0.8640052017642366
0.49730588823541283 0.8640052017642366
0.5013462922758168 0.8640052017642366
0.5053866963162209 0.8640052017642366
0.509427100356625 0.8640052017642366
0.5134675043970289 0.8640052017642366
0.517507908437433 0.8640052017642366
0.5215483124778371 0.8640052017642366
0.47710386803339266 0.8680456058046406
0.4811442720737967 0.8680456058046406
0.4851846761142007 0.8680456058046406
0.48922508015460475 0.8680456058046406
0.4932654841950088 0.8680456058046406
0.49730588823541283 0.8680456058046406
0.5013462922758168 0.8680456058046406
0.5053866963162209 0.8680456058046406
0.509427100356625 0.8680456058046406
0.5134675043970289 0.8680456058046406
0.46902305995258453 0.8720860098450447
0.4730634639929886 0.8720860098450447
0.47710386803339266 0.8720860098450447
0.4811442720737967 0.8720860098450447
0.4851846761142007 0.8720860098450447
0.48922508015460475 0.8720860098450447
0.4932654841950088 0.8720860098450447
0.49730588823541283 0.8720860098450447
0.5013462922758168 0.8720860098450447
0.5053866963162209 0.8720860098450447
0.509427100356625 0.8720860098450447
0.46094225187177645 0.8761264138854487
0.4649826559121805 0.8761264138854487
0.46902305995258453 0.8761264138854487
0.4730634639929886 0.8761264138854487
0.47710386803339266 0.8761264138854487
0.4811442720737967 0.8761264138854487
0.4851846761142007 0.8761264138854487
0.48922508015460475 0.8761264138854487
0.4932654841950088 0.8761264138854487
0.49730588823541283 0.8761264138854487
0.5013462922758168 0.8761264138854487
0.4528614437909684 0.8801668179258527
0.45690184783137244 0.8801668179258527
0.46094225187177645 0.8801668179258527
0.4649826559121805 0.8801668179258527
0.46902305995258453 0.8801668179258527
0.4730634639929886 0.8801668179258527
0.47710386803339266 0.8801668179258527
0.4811442720737967 0.8801668179258527
0.4851846761142007 0.8801668179258527
0.48922508015460475 0.8801668179258527
0.4932654841950088 0.8801668179258527
0.4447806357101603 0.8842072219662568
0.4488210397505643 0.8842072219662568
0.4528614437909684 0.8842072219662568
0.45690184783137244 0.8842072219662568
0.46094225187177645 0.8842072219662568
0.4649826559121805 0.8842072219662568
0.46902305995258453 0.8842072219662568
0.4730634639929886 0.8842072219662568
0.47710386803339266 0.8842072219662568
0.4811442720737967 0.8842072219662568
0.4851846761142007 0.8842072219662568
0.4366998276293522 0.8882476260066607
0.4407402316697563 0.8882476260066607
0.4447806357101603 0.8882476260066607
0.4488210397505643 0.8882476260066607
0.4528614437909684 0.8882476260066607
0.45690184783137244 0.8882476260066607
0.46094225187177645 0.8882476260066607
0.4649826559121805 0.8882476260066607
0.46902305995258453 0.8882476260066607
0.4730634639929886 0.8882476260066607
0.47710386803339266 0.8882476260066607
0.42861901954854414 0.8922880300470648
0.43265942358894816 0.8922880300470648
0.4366998276293522 0.8922880300470648
0.4407402316697563 0.8922880300470648
0.4447806357101603 0.8922880300470648
0.4488210397505643 0.8922880300470648
0.4528614437909684 0.8922880300470648
0.45690184783137244 0.8922880300470648
0.46094225187177645 0.8922880300470648
0.4649826559121805 0.8922880300470648
0.46902305995258453 0.8922880300470648
0.4730634639929886 0.8922880300470648
0.42053821146773607 0.8963284340874689
0.42457861550814013 0.8963284340874689
0.42861901954854414 0.8963284340874689
0.43265942358894816 0.8963284340874689
0.4366998276293522 0.8963284340874689
0.4407402316697563 0.8963284340874689
0.4447806357101603 0.8963284340874689
0.4488210397505643 0.8963284340874689
0.4528614437909684 0.8963284340874689
0.45690184783137244 0.8963284340874689
0.46094225187177645 0.8963284340874689
0.4649826559121805 0.8963284340874689
0.412457403386928 0.9003688381278729
0.416497807427332 0.9003688381278729
0.42053821146773607 0.9003688381278729
0.42457861550814013 0.9003688381278729
0.42861901954854414 0.9003688381278729
0.43265942358894816 0.9003688381278729
0.4366998276293522 0.9003688381278729
0.4407402316697563 0.9003688381278729
0.4447806357101603 0.9003688381278729
0.4488210397505643 0.9003688381278729
0.4528614437909684 0.9003688381278729
0.45690184783137244 0.9003688381278729
0.40033619126571585 0.904409242168277
0.4043765953061199 0.904409242168277
0.4084169993465239 0.904409242168277
0.412457403386928 0.904409242168277
0.416497807427332 0.904409242168277
0.42053821146773607 0.904409242168277
0.42457861550814013 0.904409242168277
0.42861901954854414 0.904409242168277
0.43265942358894816 0.904409242168277
0.4366998276293522 0.904409242168277
0.4407402316697563 0.904409242168277
0.4447806357101603 0.904409242168277
0.4488210397505643 0.904409242168277
0.39225538318490777 0.9084496462086811
0.39629578722531184 0.9084496462086811
0.40033619126571585 0.9084496462086811
0.4043765953061199 0.9084496462086811
0.4084169993465239 0.9084496462086811
0.412457403386928 0.9084496462086811
0.416497807427332 0.9084496462086811
0.42053821146773607 0.9084496462086811
0.42457861550814013 0.9084496462086811
0.42861901954854414 0.9084496462086811
0.43265942358894816 0.9084496462086811
0.4366998276293522 0.9084496462086811
0.4407402316697563 0.9084496462086811
0.3841745751040997 0.912490050249085
0.38821497914450376 0.912490050249085
0.39225538318490777 0.912490050249085
0.39629578722531184 0.912490050249085
0.40033619126571585 0.912490050249085
0.4043765953061199 0.912490050249085
0.4084169993465239 0.912490050249085
0.412457403386928 0.912490050249085
0.416497807427332 0.912490050249085
0.42053821146773607 0.912490050249085
0.42457861550814013 0.912490050249085
0.42861901954854414 0.912490050249085
0.43265942358894816 0.912490050249085
0.3720533629828876 0.9165304542894891
0.3760937670232916 0.9165304542894891
0.3801341710636956 0.9165304542894891
0.3841745751040997 0.9165304542894891
0.38821497914450376 0.9165304542894891
0.39225538318490777 0.9165304542894891
0.39629578722531184 0.9165304542894891
0.40033619126571585 0.9165304542894891
0.4043765953061199 0.9165304542894891
0.4084169993465239 0.9165304542894891
0.412457403386928 0.9165304542894891
0.416497807427332 0.9165304542894891
0.42053821146773607 0.9165304542894891
0.36397255490207947 0.920570858329893
0.36801295894248354 0.920570858329893
0.3720533629828876 0.920570858329893
0.3760937670232916 0.920570858329893
0.3801341710636956 0.920570858329893
0.3841745751040997 0.920570858329893
0.38821497914450376 0.920570858329893
0.39225538318490777 0.920570858329893
0.39629578722531184 0.920570858329893
0.40033619126571585 0.920570858329893
0.4043765953061199 0.920570858329893
0.4084169993465239 0.920570858329893
0.412457403386928 0.920570858329893
0.3518513427808674 0.9246112623702971
0.35589174682127145 0.9246112623702971
0.35993215086167546 0.9246112623702971
0.36397255490207947 0.9246112623702971
0.36801295894248354 0.9246112623702971
0.3720533629828876 0.9246112623702971
0.3760937670232916 0.9246112623702971
0.3801341710636956 0.9246112623702971
0.3841745751040997 0.9246112623702971
0.38821497914450376 0.9246112623702971
0.39225538318490777 0.9246112623702971
0.39629578722531184 0.9246112623702971
0.40033619126571585 0.9246112623702971
0.4043765953061199 0.9246112623702971
0.3437705347000593 0.9286516664107012
0.3478109387404633 0.9286516664107012
0.3518513427808674 0.9286516664107012
0.35589174682127145 0.9286516664107012
0.35993215086167546 0.9286516664107012
0.36397255490207947 0.9286516664107012
0.36801295894248354 0.9286516664107012
0.3720533629828876 0.9286516664107012
0.3760937670232916 0.9286516664107012
0.3801341710636956 0.9286516664107012
0.3841745751040997 0.9286516664107012
0.38821497914450376 0.9286516664107012
0.39225538318490777 0.9286516664107012
0.39629578722531184 0.9286516664107012
0.33164932257884716 0.9326920704511052
0.3356897266192512 0.9326920704511052
0.33973013065965524 0.9326920704511052
0.3437705347000593 0.9326920704511052
0.3478109387404633 0.9326920704511052
0.3518513427808674 0.9326920704511052
0.35589174682127145 0.9326920704511052
0.35993215086167546 0.9326920704511052
0.36397255490207947 0.9326920704511052
0.36801295894248354 0.9326920704511052
0.3720533629828876 0.9326920704511052
0.3760937670232916 0.9326920704511052
0.3801341710636956 0.9326920704511052
0.3841745751040997 0.9326920704511052
0.3195281104576351 0.9367324744915093
0.3235685144980391 0.9367324744915093
0.32760891853844315 0.9367324744915093
0.33164932257884716 0.9367324744915093
0.3356897266192512 0.9367324744915093
0.33973013065965524 0.9367324744915093
0.3437705347000593 0.9367324744915093
0.3478109387404633 0.9367324744915093
0.3518513427808674 0.9367324744915093
0.35589174682127145 0.9367324744915093
0.35993215086167546 0.9367324744915093
0.36397255490207947 0.9367324744915093
0.36801295894248354 0.9367324744915093
0.3720533629828876 0.9367324744915093
0.3760937670232916 0.9367324744915093
0.30740689833642293 0.9407728785319134
0.31144730237682694 0.9407728785319134
0.315487706417231 0.9407728785319134
0.3195281104576351 0.9407728785319134
0.3235685144980391 0.9407728785319134
0.32760891853844315 0.9407728785319134
0.33164932257884716 0.9407728785319134
0.3356897266192512 0.9407728785319134
0.33973013065965524 0.9407728785319134
0.3437705347000593 0.9407728785319134
0.3478109387404633 0.9407728785319134
0.3518513427808674 0.9407728785319134
0.35589174682127145 0.9407728785319134
0.35993215086167546 0.9407728785319134
0.36397255490207947 0.9407728785319134
0.29932609025561485 0.9448132825723174
0.3033664942960189 0.9448132825723174
0.30740689833642293 0.9448132825723174
0.31144730237682694 0.9448132825723174
0.315487706417231 0.9448132825723174
0.3195281104576351 0.9448132825723174
0.3235685144980391 0.9448132825723174
0.32760891853844315 0.9448132825723174
0.33164932257884716 0.9448132825723174
0.3356897266192512 0.9448132825723174
0.33973013065965524 0.9448132825723174
0.3437705347000593 0.9448132825723174
0.3478109387404633 0.9448132825723174
0.3518513427808674 0.9448132825723174
0.35589174682127145 0.9448132825723174
0.29932609025561485 0.9488536866127214
0.3033664942960189 0.9488536866127214
0.30740689833642293 0.9488536866127214
0.31144730237682694 0.9488536866127214
0.315487706417231 0.9488536866127214
0.3195281104576351 0.9488536866127214
0.3235685144980391 0.9488536866127214
0.32760891853844315 0.9488536866127214
0.33164932257884716 0.9488536866127214
0.3356897266192512 0.9488536866127214
0.33973013065965524 0.9488536866127214
0.3437705347000593 0.9488536866127214
0.29932609025561485 0.9528940906531255
0.3033664942960189 0.9528940906531255
0.30740689833642293 0.9528940906531255
0.31144730237682694 0.9528940906531255
0.315487706417231 0.9528940906531255
0.3195281104576351 0.9528940906531255
0.3235685144980391 0.9528940906531255
0.32760891853844315 0.9528940906531255
0.33164932257884716 0.9528940906531255
0.29932609025561485 0.9569344946935294
0.3033664942960189 0.9569344946935294
0.30740689833642293 0.9569344946935294
0.31144730237682694 0.9569344946935294
0.315487706417231 0.9569344946935294
0.3195281104576351 0.9569344946935294
0.29932609025561485 0.9609748987339335
0.3033664942960189 0.9609748987339335
0.30740689833642293 0.9609748987339335
