# x y
0.6982662789465977 0.6943082320672669
0.6942258749061936 0.698348636107671
0.6982662789465977 0.698348636107671
0.6901854708657896 0.702389040148075
0.6942258749061936 0.702389040148075
0.6982662789465977 0.702389040148075
0.6901854708657896 0.706429444188479
0.6942258749061936 0.706429444188479
0.6982662789465977 0.706429444188479
0.6861450668253856 0.710469848228883
0.6901854708657896 0.710469848228883
0.6942258749061936 0.710469848228883
0.6982662789465977 0.710469848228883
0.6780642587445775 0.7145102522692871
0.6821046627849815 0.7145102522692871
0.6861450668253856 0.7145102522692871
0.6901854708657896 0.7145102522692871
0.6942258749061936 0.7145102522692871
0.6982662789465977 0.7145102522692871
0.6740238547041735 0.7185506563096911
0.6780642587445775 0.7185506563096911
0.6821046627849815 0.7185506563096911
0.6861450668253856 0.7185506563096911
0.6901854708657896 0.7185506563096911
0.6942258749061936 0.7185506563096911
0.6982662789465977 0.7185506563096911
0.6699834506637694 0.7225910603500951
0.6740238547041735 0.7225910603500951
0.6780642587445775 0.7225910603500951
0.6821046627849815 0.7225910603500951
0.6861450668253856 0.7225910603500951
0.6901854708657896 0.7225910603500951
0.6942258749061936 0.7225910603500951
0.6982662789465977 0.7225910603500951
0.6619026425829613 0.7266314643904992
0.6659430466233653 0.7266314643904992
0.6699834506637694 0.7266314643904992
0.6740238547041735 0.7266314643904992
0.6780642587445775 0.7266314643904992
0.6821046627849815 0.7266314643904992
0.6861450668253856 0.7266314643904992
0.6901854708657896 0.7266314643904992
0.6942258749061936 0.7266314643904992
0.6982662789465977 0.7266314643904992
0.6619026425829613 0.7306718684309033
0.6659430466233653 0.7306718684309033
0.6699834506637694 0.7306718684309033
0.6740238547041735 0.7306718684309033
0.6780642587445775 0.7306718684309033
0.6821046627849815 0.7306718684309033
0.6861450668253856 0.7306718684309033
0.6901854708657896 0.7306718684309033
0.6942258749061936 0.7306718684309033
0.6982662789465977 0.7306718684309033
0.6578622385425572 0.7347122724713073
0.6619026425829613 0.7347122724713073
0.6659430466233653 0.7347122724713073
0.6699834506637694 0.7347122724713073
0.6740238547041735 0.7347122724713073
0.6780642587445775 0.7347122724713073
0.6821046627849815 0.7347122724713073
0.6861450668253856 0.7347122724713073
0.6901854708657896 0.7347122724713073
0.6942258749061936 0.7347122724713073
0.6982662789465977 0.7347122724713073
0.6538218345021533 0.7387526765117113
0.6578622385425572 0.7387526765117113
0.6619026425829613 0.7387526765117113
0.6659430466233653 0.7387526765117113
0.6699834506637694 0.7387526765117113
0.6740238547041735 0.7387526765117113
0.6780642587445775 0.7387526765117113
0.6821046627849815 0.7387526765117113
0.6861450668253856 0.7387526765117113
0.6901854708657896 0.7387526765117113
0.6942258749061936 0.7387526765117113
0.6497814304617492 0.7427930805521153
0.6538218345021533 0.7427930805521153
0.6578622385425572 0.7427930805521153
0.6619026425829613 0.7427930805521153
0.6659430466233653 0.7427930805521153
0.6699834506637694 0.7427930805521153
0.6740238547041735 0.7427930805521153
0.6780642587445775 0.7427930805521153
0.6821046627849815 0.7427930805521153
0.6861450668253856 0.7427930805521153
0.6901854708657896 0.7427930805521153
0.6417006223809412 0.7468334845925194
0.6457410264213452 0.7468334845925194
0.6497814304617492 0.7468334845925194
0.6538218345021533 0.7468334845925194
0.6578622385425572 0.7468334845925194
0.6619026425829613 0.7468334845925194
0.6659430466233653 0.7468334845925194
0.6699834506637694 0.7468334845925194
0.6740238547041735 0.7468334845925194
0.6780642587445775 0.7468334845925194
0.6821046627849815 0.7468334845925194
0.6417006223809412 0.7508738886329235
0.6457410264213452 0.7508738886329235
0.6497814304617492 0.7508738886329235
0.6538218345021533 0.7508738886329235
0.6578622385425572 0.7508738886329235
0.6619026425829613 0.7508738886329235
0.6659430466233653 0.7508738886329235
0.6699834506637694 0.7508738886329235
0.6740238547041735 0.7508738886329235
0.6780642587445775 0.7508738886329235
0.633619814300133 0.7549142926733274
0.6376602183405371 0.7549142926733274
0.6417006223809412 0.7549142926733274
0.6457410264213452 0.7549142926733274
0.6497814304617492 0.7549142926733274
0.6538218345021533 0.7549142926733274
0.6578622385425572 0.7549142926733274
0.6619026425829613 0.7549142926733274
0.6659430466233653 0.7549142926733274
0.6699834506637694 0.7549142926733274
0.6740238547041735 0.7549142926733274
0.629579410259729 0.7589546967137315
0.633619814300133 0.7589546967137315
0.6376602183405371 0.7589546967137315
0.6417006223809412 0.7589546967137315
0.6457410264213452 0.7589546967137315
0.6497814304617492 0.7589546967137315
0.6538218345021533 0.7589546967137315
0.6578622385425572 0.7589546967137315
0.6619026425829613 0.7589546967137315
0.6659430466233653 0.7589546967137315
0.6699834506637694 0.7589546967137315
0.6255390062193249 0.7629951007541356
0.629579410259729 0.7629951007541356
0.633619814300133 0.7629951007541356
0.6376602183405371 0.7629951007541356
0.6417006223809412 0.7629951007541356
0.6457410264213452 0.7629951007541356
0.6497814304617492 0.7629951007541356
0.6538218345021533 0.7629951007541356
0.6578622385425572 0.7629951007541356
0.6619026425829613 0.7629951007541356
0.6659430466233653 0.7629951007541356
0.6174581981385169 0.7670355047945396
0.6214986021789208 0.7670355047945396
0.6255390062193249 0.7670355047945396
0.629579410259729 0.7670355047945396
0.633619814300133 0.7670355047945396
0.6376602183405371 0.7670355047945396
0.6417006223809412 0.7670355047945396
0.6457410264213452 0.7670355047945396
0.6497814304617492 0.7670355047945396
0.6538218345021533 0.7670355047945396
0.6578622385425572 0.7670355047945396
0.6619026425829613 0.7670355047945396
0.6134177940981128 0.7710759088349436
0.6174581981385169 0.7710759088349436
0.6214986021789208 0.7710759088349436
0.6255390062193249 0.7710759088349436
0.629579410259729 0.7710759088349436
0.633619814300133 0.7710759088349436
0.6376602183405371 0.7710759088349436
0.6417006223809412 0.7710759088349436
0.6457410264213452 0.7710759088349436
0.6497814304617492 0.7710759088349436
0.6538218345021533 0.7710759088349436
0.6093773900577089 0.7751163128753477
0.6134177940981128 0.7751163128753477
0.6174581981385169 0.7751163128753477
0.6214986021789208 0.7751163128753477
0.6255390062193249 0.7751163128753477
0.629579410259729 0.7751163128753477
0.633619814300133 0.7751163128753477
0.6376602183405371 0.7751163128753477
0.6417006223809412 0.7751163128753477
0.6457410264213452 0.7751163128753477
0.6497814304617492 0.7751163128753477
0.6012965819769007 0.7791567169157517
0.6053369860173048 0.7791567169157517
0.6093773900577089 0.7791567169157517
0.6134177940981128 0.7791567169157517
0.6174581981385169 0.7791567169157517
0.6214986021789208 0.7791567169157517
0.6255390062193249 0.7791567169157517
0.629579410259729 0.7791567169157517
0.633619814300133 0.7791567169157517
0.6376602183405371 0.7791567169157517
0.6417006223809412 0.7791567169157517
0.6457410264213452 0.7791567169157517
0.6012965819769007 0.7831971209561558
0.6053369860173048 0.7831971209561558
0.6093773900577089 0.7831971209561558
0.6134177940981128 0.7831971209561558
0.6174581981385169 0.7831971209561558
0.6214986021789208 0.7831971209561558
0.6255390062193249 0.7831971209561558
0.629579410259729 0.7831971209561558
0.633619814300133 0.7831971209561558
0.6376602183405371 0.7831971209561558
0.6417006223809412 0.7831971209561558
0.5932157738960926 0.7872375249965597
0.5972561779364967 0.7872375249965597
0.6012965819769007 0.7872375249965597
0.6053369860173048 0.7872375249965597
0.6093773900577089 0.7872375249965597
0.6134177940981128 0.7872375249965597
0.6174581981385169 0.7872375249965597
0.6214986021789208 0.7872375249965597
0.6255390062193249 0.7872375249965597
0.629579410259729 0.7872375249965597
0.633619814300133 0.7872375249965597
0.5851349658152846 0.7912779290369638
0.5891753698556885 0.7912779290369638
0.5932157738960926 0.7912779290369638
0.5972561779364967 0.7912779290369638
0.6012965819769007 0.7912779290369638
0.6053369860173048 0.7912779290369638
0.6093773900577089 0.7912779290369638
0.6134177940981128 0.7912779290369638
0.6174581981385169 0.7912779290369638
0.6214986021789208 0.7912779290369638
0.6255390062193249 0.7912779290369638
0.629579410259729 0.7912779290369638
0.633619814300133 0.7912779290369638
0.5851349658152846 0.7953183330773679
0.5891753698556885 0.7953183330773679
0.5932157738960926 0.7953183330773679
0.5972561779364967 0.7953183330773679
0.6012965819769007 0.7953183330773679
0.6053369860173048 0.7953183330773679
0.6093773900577089 0.7953183330773679
0.6134177940981128 0.7953183330773679
0.6174581981385169 0.7953183330773679
0.6214986021789208 0.7953183330773679
0.6255390062193249 0.7953183330773679
0.629579410259729 0.7953183330773679
0.5770541577344765 0.799358737117772
0.5810945617748805 0.799358737117772
0.5851349658152846 0.799358737117772
0.5891753698556885 0.799358737117772
0.5932157738960926 0.799358737117772
0.5972561779364967 0.799358737117772
0.6012965819769007 0.799358737117772
0.6053369860173048 0.799358737117772
0.6093773900577089 0.799358737117772
0.6134177940981128 0.799358737117772
0.6174581981385169 0.799358737117772
0.6214986021789208 0.799358737117772
0.6255390062193249 0.799358737117772
0.5730137536940725 0.803399141158176
0.5770541577344765 0.803399141158176
0.5810945617748805 0.803399141158176
0.5851349658152846 0.803399141158176
0.5891753698556885 0.803399141158176
0.5932157738960926 0.803399141158176
0.5972561779364967 0.803399141158176
0.6012965819769007 0.803399141158176
0.6053369860173048 0.803399141158176
0.6093773900577089 0.803399141158176
0.6134177940981128 0.803399141158176
0.6174581981385169 0.803399141158176
0.5649329456132643 0.80743954519858
0.5689733496536684 0.80743954519858
0.5730137536940725 0.80743954519858
0.5770541577344765 0.80743954519858
0.5810945617748805 0.80743954519858
0.5851349658152846 0.80743954519858
0.5891753698556885 0.80743954519858
0.5932157738960926 0.80743954519858
0.5972561779364967 0.80743954519858
0.6012965819769007 0.80743954519858
0.6053369860173048 0.80743954519858
0.6093773900577089 0.80743954519858
0.6134177940981128 0.80743954519858
0.5568521375324562 0.811479949238984
0.5608925415728603 0.811479949238984
0.5649329456132643 0.811479949238984
0.5689733496536684 0.811479949238984
0.5730137536940725 0.811479949238984
0.5770541577344765 0.811479949238984
0.5810945617748805 0.811479949238984
0.5851349658152846 0.811479949238984
0.5891753698556885 0.811479949238984
0.5932157738960926 0.811479949238984
0.5972561779364967 0.811479949238984
0.6012965819769007 0.811479949238984
0.6053369860173048 0.811479949238984
0.6093773900577089 0.811479949238984
0.5528117334920521 0.8155203532793881
0.5568521375324562 0.8155203532793881
0.5608925415728603 0.8155203532793881
0.5649329456132643 0.8155203532793881
0.5689733496536684 0.8155203532793881
0.5730137536940725 0.8155203532793881
0.5770541577344765 0.8155203532793881
0.5810945617748805 0.8155203532793881
0.5851349658152846 0.8155203532793881
0.5891753698556885 0.8155203532793881
0.5932157738960926 0.8155203532793881
0.5972561779364967 0.8155203532793881
0.6012965819769007 0.8155203532793881
0.6053369860173048 0.8155203532793881
0.5447309254112441 0.819560757319792
0.5487713294516482 0.819560757319792
0.5528117334920521 0.819560757319792
0.5568521375324562 0.819560757319792
0.5608925415728603 0.819560757319792
0.5649329456132643 0.819560757319792
0.5689733496536684 0.819560757319792
0.5730137536940725 0.819560757319792
0.5770541577344765 0.819560757319792
0.5810945617748805 0.819560757319792
0.5851349658152846 0.819560757319792
0.5891753698556885 0.819560757319792
0.5932157738960926 0.819560757319792
0.5406905213708402 0.8236011613601961
0.5447309254112441 0.8236011613601961
0.5487713294516482 0.8236011613601961
0.5528117334920521 0.8236011613601961
0.5568521375324562 0.8236011613601961
0.5608925415728603 0.8236011613601961
0.5649329456132643 0.8236011613601961
0.5689733496536684 0.8236011613601961
0.5730137536940725 0.8236011613601961
0.5770541577344765 0.8236011613601961
0.5810945617748805 0.8236011613601961
0.5851349658152846 0.8236011613601961
0.5891753698556885 0.8236011613601961
0.5932157738960926 0.8236011613601961
0.5366501173304361 0.8276415654006002
0.5406905213708402 0.8276415654006002
0.5447309254112441 0.8276415654006002
0.5487713294516482 0.8276415654006002
0.5528117334920521 0.8276415654006002
0.5568521375324562 0.8276415654006002
0.5608925415728603 0.8276415654006002
0.5649329456132643 0.8276415654006002
0.5689733496536684 0.8276415654006002
0.5730137536940725 0.8276415654006002
0.5770541577344765 0.8276415654006002
0.5810945617748805 0.8276415654006002
0.5851349658152846 0.8276415654006002
0.5891753698556885 0.8276415654006002
0.528569309249628 0.8316819694410043
0.532609713290032 0.8316819694410043
0.5366501173304361 0.8316819694410043
0.5406905213708402 0.8316819694410043
0.5447309254112441 0.8316819694410043
0.5487713294516482 0.8316819694410043
0.5528117334920521 0.8316819694410043
0.5568521375324562 0.8316819694410043
0.5608925415728603 0.8316819694410043
0.5649329456132643 0.8316819694410043
0.5689733496536684 0.8316819694410043
0.5730137536940725 0.8316819694410043
0.5770541577344765 0.8316819694410043
0.5810945617748805 0.8316819694410043
0.5245289052092239 0.8357223734814083
0.528569309249628 0.8357223734814083
0.532609713290032 0.8357223734814083
0.5366501173304361 0.8357223734814083
0.5406905213708402 0.8357223734814083
0.5447309254112441 0.8357223734814083
0.5487713294516482 0.8357223734814083
0.5528117334920521 0.8357223734814083
0.5568521375324562 0.8357223734814083
0.5608925415728603 0.8357223734814083
0.5649329456132643 0.8357223734814083
0.5689733496536684 0.8357223734814083
0.5164480971284159 0.8397627775218124
0.5204885011688198 0.8397627775218124
0.5245289052092239 0.8397627775218124
0.528569309249628 0.8397627775218124
0.532609713290032 0.8397627775218124
0.5366501173304361 0.8397627775218124
0.5406905213708402 0.8397627775218124
0.5447309254112441 0.8397627775218124
0.5487713294516482 0.8397627775218124
0.5528117334920521 0.8397627775218124
0.5568521375324562 0.8397627775218124
0.5608925415728603 0.8397627775218124
0.5649329456132643 0.8397627775218124
0.5689733496536684 0.8397627775218124
0.5083672890476078 0.8438031815622163
0.5124076930880118 0.8438031815622163
0.5164480971284159 0.8438031815622163
0.5204885011688198 0.8438031815622163
0.5245289052092239 0.8438031815622163
0.528569309249628 0.8438031815622163
0.532609713290032 0.8438031815622163
0.5366501173304361 0.8438031815622163
0.5406905213708402 0.8438031815622163
0.5447309254112441 0.8438031815622163
0.5487713294516482 0.8438031815622163
0.5528117334920521 0.8438031815622163
0.5568521375324562 0.8438031815622163
0.5608925415728603 0.8438031815622163
0.5043268850072038 0.8478435856026204
0.5083672890476078 0.8478435856026204
0.5124076930880118 0.8478435856026204
0.5164480971284159 0.8478435856026204
0.5204885011688198 0.8478435856026204
0.5245289052092239 0.8478435856026204
0.528569309249628 0.8478435856026204
0.532609713290032 0.8478435856026204
0.5366501173304361 0.8478435856026204
0.5406905213708402 0.8478435856026204
0.5447309254112441 0.8478435856026204
0.5487713294516482 0.8478435856026204
0.5528117334920521 0.8478435856026204
0.5608925415728603 0.8478435856026204
0.4922056728859916 0.8518839896430245
0.49624607692639566 0.8518839896430245
0.5002864809667997 0.8518839896430245
0.5043268850072038 0.8518839896430245
0.5083672890476078 0.8518839896430245
0.5124076930880118 0.8518839896430245
0.5164480971284159 0.8518839896430245
0.5204885011688198 0.8518839896430245
0.5245289052092239 0.8518839896430245
0.528569309249628 0.8518839896430245
0.532609713290032 0.8518839896430245
0.5366501173304361 0.8518839896430245
0.5406905213708402 0.8518839896430245
0.5447309254112441 0.8518839896430245
0.5487713294516482 0.8518839896430245
0.4881652688455876 0.8559243936834284
0.4922056728859916 0.8559243936834284
0.49624607692639566 0.8559243936834284
0.5002864809667997 0.8559243936834284
0.5043268850072038 0.8559243936834284
0.5083672890476078 0.8559243936834284
0.5124076930880118 0.8559243936834284
0.5164480971284159 0.8559243936834284
0.5204885011688198 0.8559243936834284
0.5245289052092239 0.8559243936834284
0.528569309249628 0.8559243936834284
0.532609713290032 0.8559243936834284
0.5366501173304361 0.8559243936834284
0.5406905213708402 0.8559243936834284
0.4800844607647795 0.8599647977238325
0.4841248648051836 0.8599647977238325
0.4881652688455876 0.8599647977238325
0.4922056728859916 0.8599647977238325
0.49624607692639566 0.8599647977238325
0.5002864809667997 0.8599647977238325
0.5043268850072038 0.8599647977238325
0.5083672890476078 0.8599647977238325
0.5124076930880118 0.8599647977238325
0.5164480971284159 0.8599647977238325
0.5204885011688198 0.8599647977238325
0.5245289052092239 0.8599647977238325
0.528569309249628 0.8599647977238325
0.532609713290032 0.8599647977238325
0.5366501173304361 0.8599647977238325
0.47604405672437544 0.8640052017642366
0.4800844607647795 0.8640052017642366
0.4841248648051836 0.8640052017642366
0.4881652688455876 0.8640052017642366
0.4922056728859916 0.8640052017642366
0.49624607692639566 0.8640052017642366
0.5002864809667997 0.8640052017642366
0.5043268850072038 0.8640052017642366
0.5083672890476078 0.8640052017642366
0.5124076930880118 0.8640052017642366
0.5164480971284159 0.8640052017642366
0.5204885011688198 0.8640052017642366
0.5245289052092239 0.8640052017642366
0.4679632486435674 0.8680456058046406
0.47200365268397143 0.8680456058046406
0.47604405672437544 0.8680456058046406
0.4800844607647795 0.8680456058046406
0.4841248648051836 0.8680456058046406
0.4881652688455876 0.8680456058046406
0.4922056728859916 0.8680456058046406
0.49624607692639566 0.8680456058046406
0.5002864809667997 0.8680456058046406
0.5043268850072038 0.8680456058046406
0.5083672890476078 0.8680456058046406
0.5124076930880118 0.8680456058046406
0.5164480971284159 0.8680456058046406
0.5204885011688198 0.8680456058046406
0.4558420365223552 0.8720860098450447
0.4598824405627593 0.8720860098450447
0.46392284460316335 0.8720860098450447
0.4679632486435674 0.8720860098450447
0.47200365268397143 0.8720860098450447
0.47604405672437544 0.8720860098450447
0.4800844607647795 0.8720860098450447
0.4841248648051836 0.8720860098450447
0.4881652688455876 0.8720860098450447
0.4922056728859916 0.8720860098450447
0.49624607692639566 0.8720860098450447
0.5002864809667997 0.8720860098450447
0.5043268850072038 0.8720860098450447
0.5083672890476078 0.8720860098450447
0.5124076930880118 0.8720860098450447
0.5164480971284159 0.8720860098450447
0.44372082440114313 0.8761264138854487
0.4477612284415472 0.8761264138854487
0.4518016324819512 0.8761264138854487
0.4558420365223552 0.8761264138854487
0.4598824405627593 0.8761264138854487
0.46392284460316335 0.8761264138854487
0.4679632486435674 0.8761264138854487
0.47200365268397143 0.8761264138854487
0.47604405672437544 0.8761264138854487
0.4800844607647795 0.8761264138854487
0.4841248648051836 0.8761264138854487
0.4881652688455876 0.8761264138854487
0.4922056728859916 0.8761264138854487
0.49624607692639566 0.8761264138854487
0.5002864809667997 0.8761264138854487
0.5043268850072038 0.8761264138854487
0.5083672890476078 0.8761264138854487
0.5124076930880118 0.8761264138854487
0.43968042036073907 0.8801668179258527
0.44372082440114313 0.8801668179258527
0.4477612284415472 0.8801668179258527
0.4518016324819512 0.8801668179258527
0.4558420365223552 0.8801668179258527
0.4598824405627593 0.8801668179258527
0.46392284460316335 0.8801668179258527
0.4679632486435674 0.8801668179258527
0.47200365268397143 0.8801668179258527
0.47604405672437544 0.8801668179258527
0.4800844607647795 0.8801668179258527
0.4841248648051836 0.8801668179258527
0.4881652688455876 0.8801668179258527
0.4922056728859916 0.8801668179258527
0.49624607692639566 0.8801668179258527
0.5002864809667997 0.8801668179258527
0.43159961227993104 0.8842072219662568
0.43564001632033506 0.8842072219662568
0.43968042036073907 0.8842072219662568
0.44372082440114313 0.8842072219662568
0.4477612284415472 0.8842072219662568
0.4518016324819512 0.8842072219662568
0.4558420365223552 0.8842072219662568
0.4598824405627593 0.8842072219662568
0.46392284460316335 0.8842072219662568
0.4679632486435674 0.8842072219662568
0.47200365268397143 0.8842072219662568
0.47604405672437544 0.8842072219662568
0.4800844607647795 0.8842072219662568
0.4841248648051836 0.8842072219662568
0.4881652688455876 0.8842072219662568
0.4922056728859916 0.8842072219662568
0.4235188041991229 0.8882476260066607
0.427559208239527 0.8882476260066607
0.43159961227993104 0.8882476260066607
0.43564001632033506 0.8882476260066607
0.43968042036073907 0.8882476260066607
0.44372082440114313 0.8882476260066607
0.4477612284415472 0.8882476260066607
0.4518016324819512 0.8882476260066607
0.4558420365223552 0.8882476260066607
0.4598824405627593 0.8882476260066607
0.46392284460316335 0.8882476260066607
0.4679632486435674 0.8882476260066607
0.47200365268397143 0.8882476260066607
0.47604405672437544 0.8882476260066607
0.4800844607647795 0.8882476260066607
0.4841248648051836 0.8882476260066607
0.4194784001587189 0.8922880300470648
0.4235188041991229 0.8922880300470648
0.427559208239527 0.8922880300470648
0.43159961227993104 0.8922880300470648
0.43564001632033506 0.8922880300470648
0.43968042036073907 0.8922880300470648
0.44372082440114313 0.8922880300470648
0.4477612284415472 0.8922880300470648
0.4518016324819512 0.8922880300470648
0.4558420365223552 0.8922880300470648
0.4598824405627593 0.8922880300470648
0.46392284460316335 0.8922880300470648
0.4679632486435674 0.8922880300470648
0.47200365268397143 0.8922880300470648
0.47604405672437544 0.8922880300470648
0.4113975920779108 0.8963284340874689
0.4154379961183149 0.8963284340874689
0.4194784001587189 0.8963284340874689
0.4235188041991229 0.8963284340874689
0.427559208239527 0.8963284340874689
0.43159961227993104 0.8963284340874689
0.43564001632033506 0.8963284340874689
0.43968042036073907 0.8963284340874689
0.44372082440114313 0.8963284340874689
0.4477612284415472 0.8963284340874689
0.4518016324819512 0.8963284340874689
0.4558420365223552 0.8963284340874689
0.4598824405627593 0.8963284340874689
0.46392284460316335 0.8963284340874689
0.4679632486435674 0.8963284340874689
0.3992763799566987 0.9003688381278729
0.40331678399710275 0.9003688381278729
0.40735718803750676 0.9003688381278729
0.4113975920779108 0.9003688381278729
0.4154379961183149 0.9003688381278729
0.4194784001587189 0.9003688381278729
0.4235188041991229 0.9003688381278729
0.427559208239527 0.9003688381278729
0.43159961227993104 0.9003688381278729
0.43564001632033506 0.9003688381278729
0.43968042036073907 0.9003688381278729
0.44372082440114313 0.9003688381278729
0.4477612284415472 0.9003688381278729
0.4518016324819512 0.9003688381278729
0.4558420365223552 0.9003688381278729
0.4598824405627593 0.9003688381278729
0.46392284460316335 0.9003688381278729
0.3911955718758906 0.904409242168277
0.39523597591629467 0.904409242168277
0.3992763799566987 0.904409242168277
0.40331678399710275 0.904409242168277
0.40735718803750676 0.904409242168277
0.4113975920779108 0.904409242168277
0.4154379961183149 0.904409242168277
0.4194784001587189 0.904409242168277
0.4235188041991229 0.904409242168277
0.427559208239527 0.904409242168277
0.43159961227993104 0.904409242168277
0.43564001632033506 0.904409242168277
0.43968042036073907 0.904409242168277
0.44372082440114313 0.904409242168277
0.4477612284415472 0.904409242168277
0.4518016324819512 0.904409242168277
0.37503395571427445 0.9084496462086811
0.3831147637950825 0.9084496462086811
0.3871551678354866 0.9084496462086811
0.3911955718758906 0.9084496462086811
0.39523597591629467 0.9084496462086811
0.3992763799566987 0.9084496462086811
0.40331678399710275 0.9084496462086811
0.40735718803750676 0.9084496462086811
0.4113975920779108 0.9084496462086811
0.4154379961183149 0.9084496462086811
0.4194784001587189 0.9084496462086811
0.4235188041991229 0.9084496462086811
0.427559208239527 0.9084496462086811
0.43159961227993104 0.9084496462086811
0.43564001632033506 0.9084496462086811
0.43968042036073907 0.9084496462086811
0.44372082440114313 0.9084496462086811
0.4477612284415472 0.9084496462086811
0.3709935516738704 0.912490050249085
0.37503395571427445 0.912490050249085
0.3790743597546785 0.912490050249085
0.3831147637950825 0.912490050249085
0.3871551678354866 0.912490050249085
0.3911955718758906 0.912490050249085
0.39523597591629467 0.912490050249085
0.3992763799566987 0.912490050249085
0.40331678399710275 0.912490050249085
0.40735718803750676 0.912490050249085
0.4113975920779108 0.912490050249085
0.4154379961183149 0.912490050249085
0.4194784001587189 0.912490050249085
0.4235188041991229 0.912490050249085
0.427559208239527 0.912490050249085
0.43159961227993104 0.912490050249085
0.43564001632033506 0.912490050249085
0.36291274359306236 0.9165304542894891
0.36695314763346637 0.9165304542894891
0.3709935516738704 0.9165304542894891
0.37503395571427445 0.9165304542894891
0.3790743597546785 0.9165304542894891
0.3831147637950825 0.9165304542894891
0.3871551678354866 0.9165304542894891
0.3911955718758906 0.9165304542894891
0.39523597591629467 0.9165304542894891
0.3992763799566987 0.9165304542894891
0.40331678399710275 0.9165304542894891
0.40735718803750676 0.9165304542894891
0.4113975920779108 0.9165304542894891
0.4154379961183149 0.9165304542894891
0.4194784001587189 0.9165304542894891
0.4235188041991229 0.9165304542894891
0.427559208239527 0.9165304542894891
0.3507915314718502 0.920570858329893
0.3548319355122542 0.920570858329893
0.3588723395526583 0.920570858329893
0.36291274359306236 0.920570858329893
0.36695314763346637 0.920570858329893
0.3709935516738704 0.920570858329893
0.37503395571427445 0.920570858329893
0.3790743597546785 0.920570858329893
0.3831147637950825 0.920570858329893
0.3871551678354866 0.920570858329893
0.3911955718758906 0.920570858329893
0.39523597591629467 0.920570858329893
0.3992763799566987 0.920570858329893
0.40331678399710275 0.920570858329893
0.40735718803750676 0.920570858329893
0.4113975920779108 0.920570858329893
0.4154379961183149 0.920570858329893
0.4194784001587189 0.920570858329893
0.34271072339104214 0.9246112623702971
0.3467511274314462 0.9246112623702971
0.3507915314718502 0.9246112623702971
0.3548319355122542 0.9246112623702971
0.3588723395526583 0.9246112623702971
0.36291274359306236 0.9246112623702971
0.36695314763346637 0.9246112623702971
0.3709935516738704 0.9246112623702971
0.37503395571427445 0.9246112623702971
0.3790743597546785 0.9246112623702971
0.3831147637950825 0.9246112623702971
0.3871551678354866 0.9246112623702971
0.3911955718758906 0.9246112623702971
0.39523597591629467 0.9246112623702971
0.3992763799566987 0.9246112623702971
0.40331678399710275 0.9246112623702971
0.40735718803750676 0.9246112623702971
0.4113975920779108 0.9246112623702971
0.326549107229426 0.9286516664107012
0.33058951126983 0.9286516664107012
0.33462991531023406 0.9286516664107012
0.33867031935063807 0.9286516664107012
0.34271072339104214 0.9286516664107012
0.3467511274314462 0.9286516664107012
0.3507915314718502 0.9286516664107012
0.3548319355122542 0.9286516664107012
0.3588723395526583 0.9286516664107012
0.36291274359306236 0.9286516664107012
0.36695314763346637 0.9286516664107012
0.3709935516738704 0.9286516664107012
0.37503395571427445 0.9286516664107012
0.3790743597546785 0.9286516664107012
0.3831147637950825 0.9286516664107012
0.3871551678354866 0.9286516664107012
0.3911955718758906 0.9286516664107012
0.39523597591629467 0.9286516664107012
0.3992763799566987 0.9286516664107012
0.40331678399710275 0.9286516664107012
0.31846829914861785 0.9326920704511052
0.3225087031890219 0.9326920704511052
0.326549107229426 0.9326920704511052
0.33058951126983 0.9326920704511052
0.33462991531023406 0.9326920704511052
0.33867031935063807 0.9326920704511052
0.34271072339104214 0.9326920704511052
0.3467511274314462 0.9326920704511052
0.3507915314718502 0.9326920704511052
0.3548319355122542 0.9326920704511052
0.3588723395526583 0.9326920704511052
0.36291274359306236 0.9326920704511052
0.36695314763346637 0.9326920704511052
0.3709935516738704 0.9326920704511052
0.37503395571427445 0.9326920704511052
0.3790743597546785 0.9326920704511052
0.3831147637950825 0.9326920704511052
0.3871551678354866 0.9326920704511052
0.3911955718758906 0.9326920704511052
0.3023066829870017 0.9367324744915093
0.30634708702740576 0.9367324744915093
0.31038749106780983 0.9367324744915093
0.31442789510821384 0.9367324744915093
0.31846829914861785 0.9367324744915093
0.3225087031890219 0.9367324744915093
0.326549107229426 0.9367324744915093
0.33058951126983 0.9367324744915093
0.33462991531023406 0.9367324744915093
0.33867031935063807 0.9367324744915093
0.34271072339104214 0.9367324744915093
0.3467511274314462 0.9367324744915093
0.3507915314718502 0.9367324744915093
0.3548319355122542 0.9367324744915093
0.3588723395526583 0.9367324744915093
0.36291274359306236 0.9367324744915093
0.36695314763346637 0.9367324744915093
0.3709935516738704 0.9367324744915093
0.37503395571427445 0.9367324744915093
0.3790743597546785 0.9367324744915093
0.3831147637950825 0.9367324744915093
0.2982662789465977 0.9407728785319134
0.3023066829870017 0.9407728785319134
0.30634708702740576 0.9407728785319134
0.31038749106780983 0.9407728785319134
0.31442789510821384 0.9407728785319134
0.31846829914861785 0.9407728785319134
0.3225087031890219 0.9407728785319134
0.326549107229426 0.9407728785319134
0.33058951126983 0.9407728785319134
0.33462991531023406 0.9407728785319134
0.33867031935063807 0.9407728785319134
0.34271072339104214 0.9407728785319134
0.3467511274314462 0.9407728785319134
0.3507915314718502 0.9407728785319134
0.3548319355122542 0.9407728785319134
0.3588723395526583 0.9407728785319134
0.36291274359306236 0.9407728785319134
0.36695314763346637 0.9407728785319134
0.3709935516738704 0.9407728785319134
0.2982662789465977 0.9448132825723174
0.3023066829870017 0.9448132825723174
0.30634708702740576 0.9448132825723174
0.31038749106780983 0.9448132825723174
0.31442789510821384 0.9448132825723174
0.31846829914861785 0.9448132825723174
0.3225087031890219 0.9448132825723174
0.326549107229426 0.9448132825723174
0.33058951126983 0.9448132825723174
0.33462991531023406 0.9448132825723174
0.33867031935063807 0.9448132825723174
0.34271072339104214 0.9448132825723174
0.3467511274314462 0.9448132825723174
0.3507915314718502 0.9448132825723174
0.3548319355122542 0.9448132825723174
0.3588723395526583 0.9448132825723174
0.36291274359306236 0.9448132825723174
0.2982662789465977 0.9488536866127214
0.3023066829870017 0.9488536866127214
0.30634708702740576 0.9488536866127214
0.31038749106780983 0.9488536866127214
0.31442789510821384 0.9488536866127214
0.31846829914861785 0.9488536866127214
0.3225087031890219 0.9488536866127214
0.326549107229426 0.9488536866127214
0.33058951126983 0.9488536866127214
0.33462991531023406 0.9488536866127214
0.33867031935063807 0.9488536866127214
0.34271072339104214 0.9488536866127214
0.3467511274314462 0.9488536866127214
0.3507915314718502 0.9488536866127214
0.3548319355122542 0.9488536866127214
0.2982662789465977 0.9528940906531255
0.3023066829870017 0.9528940906531255
0.30634708702740576 0.9528940906531255
0.31038749106780983 0.9528940906531255
0.31442789510821384 0.9528940906531255
0.31846829914861785 0.9528940906531255
0.3225087031890219 0.9528940906531255
0.326549107229426 0.9528940906531255
0.33058951126983 0.9528940906531255
0.33462991531023406 0.9528940906531255
0.33867031935063807 0.9528940906531255
0.34271072339104214 0.9528940906531255
0.2982662789465977 0.9569344946935294
0.3023066829870017 0.9569344946935294
0.30634708702740576 0.9569344946935294
0.31038749106780983 0.9569344946935294
0.31442789510821384 0.9569344946935294
0.31846829914861785 0.9569344946935294
0.3225087031890219 0.9569344946935294
0.326549107229426 0.9569344946935294
0.33058951126983 0.9569344946935294
0.2982662789465977 0.9609748987339335
0.3023066829870017 0.9609748987339335
0.30634708702740576 0.9609748987339335
0.31038749106780983 0.9609748987339335
0.31442789510821384 0.9609748987339335
0.31846829914861785 0.9609748987339335
0.2982662789465977 0.9650153027743376
0.3023066829870017 0.9650153027743376
0.30634708702740576 0.9650153027743376
0.31038749106780983 0.9650153027743376
