# x y
0.6999580523522237 0.7266314643904992
0.6959176483118197 0.7306718684309033
0.635311587705759 0.7872375249965597
0.6151095675037388 0.803399141158176
0.6110691634633347 0.819560757319792
0.5949075473017187 0.8316819694410043
0.5221802745744459 0.8640052017642366
0.5019782543724257 0.8801668179258527
0.46157421396838527 0.8963284340874689
0.4534934058875772 0.9003688381278729
0.4454125978067691 0.904409242168277
0.43733178972596104 0.9084496462086811
0.4171297695239409 0.9246112623702971
0.3928873452815166 0.9286516664107012
0.36864492103909235 0.9407728785319134
0.3807661331603045 0.9407728785319134
0.40096815336232466 0.9448132825723174
0.3484429008370722 0.9488536866127214
0.36460451699868834 0.9609748987339335
0.30803886043303175 0.9811769189359537
