# x y
0.643411503404417 0.7791567169157517
0.6595731195660333 0.7791567169157517
0.5989670589599726 0.8155203532793881
0.5747246347175483 0.8276415654006002
0.5262397862327 0.8599647977238325
0.5221993821922959 0.8680456058046406
0.5060377660306796 0.8720860098450447
0.5302801902731039 0.8761264138854487
0.5019973619902757 0.8801668179258527
0.4656337256266393 0.9003688381278729
0.4009872609801746 0.9246112623702971
0.340381200374114 0.9488536866127214
0.39290645289936654 0.9488536866127214
0.3161387761316898 0.9650153027743376
0.30401756401047764 0.9690557068147416
0.33230039229330594 0.9730961108551457
