# x y
0.6999138605286295 0.710469848228883
0.6958734564882254 0.7145102522692871
0.6999138605286295 0.7145102522692871
0.6918330524478213 0.7185506563096911
0.6958734564882254 0.7185506563096911
0.6999138605286295 0.7185506563096911
0.6877926484074173 0.7225910603500951
0.6918330524478213 0.7225910603500951
0.6958734564882254 0.7225910603500951
0.6837522443670132 0.7266314643904992
0.6877926484074173 0.7266314643904992
0.6918330524478213 0.7266314643904992
0.6797118403266093 0.7306718684309033
0.6837522443670132 0.7306718684309033
0.6877926484074173 0.7306718684309033
0.6756714362862052 0.7347122724713073
0.6797118403266093 0.7347122724713073
0.6716310322458012 0.7387526765117113
0.6756714362862052 0.7387526765117113
0.6675906282053972 0.7427930805521153
0.6716310322458012 0.7427930805521153
0.659509820124589 0.7468334845925194
0.6635502241649931 0.7468334845925194
0.6675906282053972 0.7468334845925194
0.655469416084185 0.7508738886329235
0.659509820124589 0.7508738886329235
0.6635502241649931 0.7508738886329235
0.6514290120437809 0.7549142926733274
0.655469416084185 0.7549142926733274
0.659509820124589 0.7549142926733274
0.6473886080033769 0.7589546967137315
0.6514290120437809 0.7589546967137315
0.655469416084185 0.7589546967137315
0.6433482039629729 0.7629951007541356
0.6473886080033769 0.7629951007541356
0.6514290120437809 0.7629951007541356
0.6393077999225689 0.7670355047945396
0.6433482039629729 0.7670355047945396
0.6312269918417608 0.7710759088349436
0.6352673958821649 0.7710759088349436
0.6393077999225689 0.7710759088349436
0.6271865878013567 0.7751163128753477
0.6312269918417608 0.7751163128753477
0.6352673958821649 0.7751163128753477
0.6231461837609527 0.7791567169157517
0.6271865878013567 0.7791567169157517
0.6312269918417608 0.7791567169157517
0.6191057797205486 0.7831971209561558
0.6231461837609527 0.7831971209561558
0.6271865878013567 0.7831971209561558
0.6110249716397406 0.7872375249965597
0.6150653756801445 0.7872375249965597
0.6191057797205486 0.7872375249965597
0.6069845675993365 0.7912779290369638
0.6110249716397406 0.7912779290369638
0.6150653756801445 0.7912779290369638
0.6029441635589325 0.7953183330773679
0.6069845675993365 0.7953183330773679
0.6110249716397406 0.7953183330773679
0.5948633554781244 0.799358737117772
0.5989037595185285 0.799358737117772
0.6029441635589325 0.799358737117772
0.5908229514377203 0.803399141158176
0.5948633554781244 0.803399141158176
0.5989037595185285 0.803399141158176
0.5867825473973163 0.80743954519858
0.5908229514377203 0.80743954519858
0.5948633554781244 0.80743954519858
0.5787017393165083 0.811479949238984
0.5827421433569122 0.811479949238984
0.5867825473973163 0.811479949238984
0.5746613352761042 0.8155203532793881
0.5787017393165083 0.8155203532793881
0.5827421433569122 0.8155203532793881
0.5665805271952962 0.819560757319792
0.5706209312357002 0.819560757319792
0.5746613352761042 0.819560757319792
0.5787017393165083 0.819560757319792
0.5625401231548921 0.8236011613601961
0.5665805271952962 0.8236011613601961
0.5706209312357002 0.8236011613601961
0.554459315074084 0.8276415654006002
0.558499719114488 0.8276415654006002
0.5625401231548921 0.8276415654006002
0.5665805271952962 0.8276415654006002
0.5504189110336799 0.8316819694410043
0.554459315074084 0.8316819694410043
0.558499719114488 0.8316819694410043
0.5423381029528719 0.8357223734814083
0.546378506993276 0.8357223734814083
0.5504189110336799 0.8357223734814083
0.554459315074084 0.8357223734814083
0.5382976989124678 0.8397627775218124
0.5423381029528719 0.8397627775218124
0.546378506993276 0.8397627775218124
0.5302168908316598 0.8438031815622163
0.5342572948720639 0.8438031815622163
0.5382976989124678 0.8438031815622163
0.5423381029528719 0.8438031815622163
0.5261764867912557 0.8478435856026204
0.5302168908316598 0.8478435856026204
0.5342572948720639 0.8478435856026204
0.5180956787104476 0.8518839896430245
0.5221360827508517 0.8518839896430245
0.5261764867912557 0.8518839896430245
0.5302168908316598 0.8518839896430245
0.5100148706296396 0.8559243936834284
0.5140552746700435 0.8559243936834284
0.5180956787104476 0.8559243936834284
0.5221360827508517 0.8559243936834284
0.5059744665892355 0.8599647977238325
0.5100148706296396 0.8599647977238325
0.5140552746700435 0.8599647977238325
0.49789365850842743 0.8640052017642366
0.5019340625488314 0.8640052017642366
0.5059744665892355 0.8640052017642366
0.5100148706296396 0.8640052017642366
0.48981285042761935 0.8680456058046406
0.4938532544680234 0.8680456058046406
0.49789365850842743 0.8680456058046406
0.5019340625488314 0.8680456058046406
0.4817320423468113 0.8720860098450447
0.4857724463872153 0.8720860098450447
0.48981285042761935 0.8720860098450447
0.4938532544680234 0.8720860098450447
0.47769163830640726 0.8761264138854487
0.4817320423468113 0.8761264138854487
0.4857724463872153 0.8761264138854487
0.46961083022559913 0.8801668179258527
0.4736512342660032 0.8801668179258527
0.47769163830640726 0.8801668179258527
0.4817320423468113 0.8801668179258527
0.46153002214479105 0.8842072219662568
0.4655704261851951 0.8842072219662568
0.46961083022559913 0.8842072219662568
0.4736512342660032 0.8842072219662568
0.453449214063983 0.8882476260066607
0.45748961810438704 0.8882476260066607
0.46153002214479105 0.8882476260066607
0.4655704261851951 0.8882476260066607
0.4453684059831749 0.8922880300470648
0.4494088100235789 0.8922880300470648
0.453449214063983 0.8922880300470648
0.45748961810438704 0.8922880300470648
0.4372875979023668 0.8963284340874689
0.4413280019427709 0.8963284340874689
0.4453684059831749 0.8963284340874689
0.4494088100235789 0.8963284340874689
0.42920678982155874 0.9003688381278729
0.43324719386196275 0.9003688381278729
0.4372875979023668 0.9003688381278729
0.4413280019427709 0.9003688381278729
0.42112598174075067 0.904409242168277
0.42516638578115473 0.904409242168277
0.42920678982155874 0.904409242168277
0.43324719386196275 0.904409242168277
0.4090047696195385 0.9084496462086811
0.4130451736599426 0.9084496462086811
0.4170855777003466 0.9084496462086811
0.42112598174075067 0.9084496462086811
0.42516638578115473 0.9084496462086811
0.40092396153873044 0.912490050249085
0.4049643655791345 0.912490050249085
0.4090047696195385 0.912490050249085
0.4130451736599426 0.912490050249085
0.4170855777003466 0.912490050249085
0.39284315345792237 0.9165304542894891
0.39688355749832643 0.9165304542894891
0.40092396153873044 0.9165304542894891
0.4049643655791345 0.9165304542894891
0.4090047696195385 0.9165304542894891
0.3807219413367102 0.920570858329893
0.3847623453771143 0.920570858329893
0.38880274941751836 0.920570858329893
0.39284315345792237 0.920570858329893
0.39688355749832643 0.920570858329893
0.3726411332559022 0.9246112623702971
0.3766815372963062 0.9246112623702971
0.3807219413367102 0.9246112623702971
0.3847623453771143 0.9246112623702971
0.38880274941751836 0.9246112623702971
0.36456032517509407 0.9286516664107012
0.36860072921549814 0.9286516664107012
0.3726411332559022 0.9286516664107012
0.3766815372963062 0.9286516664107012
0.3807219413367102 0.9286516664107012
0.352439113053882 0.9326920704511052
0.35647951709428605 0.9326920704511052
0.36051992113469006 0.9326920704511052
0.36456032517509407 0.9326920704511052
0.36860072921549814 0.9326920704511052
0.34031790093266984 0.9367324744915093
0.3443583049730739 0.9367324744915093
0.3483987090134779 0.9367324744915093
0.352439113053882 0.9367324744915093
0.35647951709428605 0.9367324744915093
0.32819668881145775 0.9407728785319134
0.33223709285186176 0.9407728785319134
0.3362774968922658 0.9407728785319134
0.34031790093266984 0.9407728785319134
0.3443583049730739 0.9407728785319134
0.3483987090134779 0.9407728785319134
0.3160754766902456 0.9448132825723174
0.32011588073064967 0.9448132825723174
0.3241562847710537 0.9448132825723174
0.32819668881145775 0.9448132825723174
0.33223709285186176 0.9448132825723174
0.3362774968922658 0.9448132825723174
0.3039542645690335 0.9488536866127214
0.3079946686094375 0.9488536866127214
0.31203507264984154 0.9488536866127214
0.3160754766902456 0.9488536866127214
0.32011588073064967 0.9488536866127214
0.3241562847710537 0.9488536866127214
0.29991386052862945 0.9528940906531255
0.3039542645690335 0.9528940906531255
0.3079946686094375 0.9528940906531255
0.31203507264984154 0.9528940906531255
0.29991386052862945 0.9569344946935294
