# x y
0.6928083435300381 0.698348636107671
0.6928083435300381 0.702389040148075
0.688767939489634 0.706429444188479
0.6928083435300381 0.706429444188479
0.6847275354492299 0.710469848228883
0.688767939489634 0.710469848228883
0.6928083435300381 0.710469848228883
0.6806871314088259 0.7145102522692871
0.6847275354492299 0.7145102522692871
0.688767939489634 0.7145102522692871
0.6928083435300381 0.7145102522692871
0.6726063233280177 0.7185506563096911
0.6766467273684218 0.7185506563096911
0.6806871314088259 0.7185506563096911
0.6847275354492299 0.7185506563096911
0.688767939489634 0.7185506563096911
0.6928083435300381 0.7185506563096911
0.6685659192876137 0.7225910603500951
0.6726063233280177 0.7225910603500951
0.6766467273684218 0.7225910603500951
0.6806871314088259 0.7225910603500951
0.6847275354492299 0.7225910603500951
0.688767939489634 0.7225910603500951
0.6928083435300381 0.7225910603500951
0.6645255152472097 0.7266314643904992
0.6685659192876137 0.7266314643904992
0.6726063233280177 0.7266314643904992
0.6766467273684218 0.7266314643904992
0.6806871314088259 0.7266314643904992
0.6847275354492299 0.7266314643904992
0.688767939489634 0.7266314643904992
0.6928083435300381 0.7266314643904992
0.6604851112068056 0.7306718684309033
0.6645255152472097 0.7306718684309033
0.6685659192876137 0.7306718684309033
0.6726063233280177 0.7306718684309033
0.6766467273684218 0.7306718684309033
0.6806871314088259 0.7306718684309033
0.6847275354492299 0.7306718684309033
0.688767939489634 0.7306718684309033
0.6928083435300381 0.7306718684309033
0.6524043031259976 0.7347122724713073
0.6564447071664017 0.7347122724713073
0.6604851112068056 0.7347122724713073
0.6645255152472097 0.7347122724713073
0.6685659192876137 0.7347122724713073
0.6726063233280177 0.7347122724713073
0.6766467273684218 0.7347122724713073
0.6806871314088259 0.7347122724713073
0.6847275354492299 0.7347122724713073
0.688767939489634 0.7347122724713073
0.6483638990855936 0.7387526765117113
0.6524043031259976 0.7387526765117113
0.6564447071664017 0.7387526765117113
0.6604851112068056 0.7387526765117113
0.6645255152472097 0.7387526765117113
0.6685659192876137 0.7387526765117113
0.6726063233280177 0.7387526765117113
0.6766467273684218 0.7387526765117113
0.6806871314088259 0.7387526765117113
0.6847275354492299 0.7387526765117113
0.6443234950451895 0.7427930805521153
0.6483638990855936 0.7427930805521153
0.6524043031259976 0.7427930805521153
0.6564447071664017 0.7427930805521153
0.6604851112068056 0.7427930805521153
0.6645255152472097 0.7427930805521153
0.6685659192876137 0.7427930805521153
0.6726063233280177 0.7427930805521153
0.6766467273684218 0.7427930805521153
0.6806871314088259 0.7427930805521153
0.6402830910047854 0.7468334845925194
0.6443234950451895 0.7468334845925194
0.6483638990855936 0.7468334845925194
0.6524043031259976 0.7468334845925194
0.6564447071664017 0.7468334845925194
0.6604851112068056 0.7468334845925194
0.6645255152472097 0.7468334845925194
0.6685659192876137 0.7468334845925194
0.6726063233280177 0.7468334845925194
0.6766467273684218 0.7468334845925194
0.6362426869643814 0.7508738886329235
0.6402830910047854 0.7508738886329235
0.6443234950451895 0.7508738886329235
0.6483638990855936 0.7508738886329235
0.6524043031259976 0.7508738886329235
0.6564447071664017 0.7508738886329235
0.6604851112068056 0.7508738886329235
0.6645255152472097 0.7508738886329235
0.6685659192876137 0.7508738886329235
0.6726063233280177 0.7508738886329235
0.6281618788835733 0.7549142926733274
0.6322022829239774 0.7549142926733274
0.6362426869643814 0.7549142926733274
0.6402830910047854 0.7549142926733274
0.6443234950451895 0.7549142926733274
0.6483638990855936 0.7549142926733274
0.6524043031259976 0.7549142926733274
0.6564447071664017 0.7549142926733274
0.6604851112068056 0.7549142926733274
0.6645255152472097 0.7549142926733274
0.6685659192876137 0.7549142926733274
0.6241214748431694 0.7589546967137315
0.6281618788835733 0.7589546967137315
0.6322022829239774 0.7589546967137315
0.6362426869643814 0.7589546967137315
0.6402830910047854 0.7589546967137315
0.6443234950451895 0.7589546967137315
0.6483638990855936 0.7589546967137315
0.6524043031259976 0.7589546967137315
0.6564447071664017 0.7589546967137315
0.6604851112068056 0.7589546967137315
0.6200810708027653 0.7629951007541356
0.6241214748431694 0.7629951007541356
0.6281618788835733 0.7629951007541356
0.6322022829239774 0.7629951007541356
0.6362426869643814 0.7629951007541356
0.6402830910047854 0.7629951007541356
0.6443234950451895 0.7629951007541356
0.6483638990855936 0.7629951007541356
0.6524043031259976 0.7629951007541356
0.6564447071664017 0.7629951007541356
0.6120002627219572 0.7670355047945396
0.6160406667623612 0.7670355047945396
0.6200810708027653 0.7670355047945396
0.6241214748431694 0.7670355047945396
0.6281618788835733 0.7670355047945396
0.6322022829239774 0.7670355047945396
0.6362426869643814 0.7670355047945396
0.6402830910047854 0.7670355047945396
0.6443234950451895 0.7670355047945396
0.6483638990855936 0.7670355047945396
0.6524043031259976 0.7670355047945396
0.6079598586815531 0.7710759088349436
0.6120002627219572 0.7710759088349436
0.6160406667623612 0.7710759088349436
0.6200810708027653 0.7710759088349436
0.6241214748431694 0.7710759088349436
0.6281618788835733 0.7710759088349436
0.6322022829239774 0.7710759088349436
0.6362426869643814 0.7710759088349436
0.6402830910047854 0.7710759088349436
0.6443234950451895 0.7710759088349436
0.6483638990855936 0.7710759088349436
0.6524043031259976 0.7710759088349436
0.603919454641149 0.7751163128753477
0.6079598586815531 0.7751163128753477
0.6120002627219572 0.7751163128753477
0.6160406667623612 0.7751163128753477
0.6200810708027653 0.7751163128753477
0.6241214748431694 0.7751163128753477
0.6281618788835733 0.7751163128753477
0.6322022829239774 0.7751163128753477
0.6362426869643814 0.7751163128753477
0.6402830910047854 0.7751163128753477
0.6443234950451895 0.7751163128753477
0.595838646560341 0.7791567169157517
0.599879050600745 0.7791567169157517
0.603919454641149 0.7791567169157517
0.6079598586815531 0.7791567169157517
0.6120002627219572 0.7791567169157517
0.6160406667623612 0.7791567169157517
0.6200810708027653 0.7791567169157517
0.6241214748431694 0.7791567169157517
0.6281618788835733 0.7791567169157517
0.6322022829239774 0.7791567169157517
0.6362426869643814 0.7791567169157517
0.6402830910047854 0.7791567169157517
0.587757838479533 0.7831971209561558
0.591798242519937 0.7831971209561558
0.595838646560341 0.7831971209561558
0.599879050600745 0.7831971209561558
0.603919454641149 0.7831971209561558
0.6079598586815531 0.7831971209561558
0.6120002627219572 0.7831971209561558
0.6160406667623612 0.7831971209561558
0.6200810708027653 0.7831971209561558
0.6241214748431694 0.7831971209561558
0.6281618788835733 0.7831971209561558
0.6322022829239774 0.7831971209561558
0.6362426869643814 0.7831971209561558
0.5837174344391289 0.7872375249965597
0.587757838479533 0.7872375249965597
0.591798242519937 0.7872375249965597
0.595838646560341 0.7872375249965597
0.599879050600745 0.7872375249965597
0.603919454641149 0.7872375249965597
0.6079598586815531 0.7872375249965597
0.6120002627219572 0.7872375249965597
0.6160406667623612 0.7872375249965597
0.6200810708027653 0.7872375249965597
0.6241214748431694 0.7872375249965597
0.6281618788835733 0.7872375249965597
0.5796770303987249 0.7912779290369638
0.5837174344391289 0.7912779290369638
0.587757838479533 0.7912779290369638
0.591798242519937 0.7912779290369638
0.595838646560341 0.7912779290369638
0.599879050600745 0.7912779290369638
0.603919454641149 0.7912779290369638
0.6079598586815531 0.7912779290369638
0.6120002627219572 0.7912779290369638
0.6160406667623612 0.7912779290369638
0.6200810708027653 0.7912779290369638
0.6241214748431694 0.7912779290369638
0.5715962223179167 0.7953183330773679
0.5756366263583208 0.7953183330773679
0.5796770303987249 0.7953183330773679
0.5837174344391289 0.7953183330773679
0.587757838479533 0.7953183330773679
0.591798242519937 0.7953183330773679
0.595838646560341 0.7953183330773679
0.599879050600745 0.7953183330773679
0.603919454641149 0.7953183330773679
0.6079598586815531 0.7953183330773679
0.6120002627219572 0.7953183330773679
0.6160406667623612 0.7953183330773679
0.6200810708027653 0.7953183330773679
0.5715962223179167 0.799358737117772
0.5756366263583208 0.799358737117772
0.5796770303987249 0.799358737117772
0.5837174344391289 0.799358737117772
0.587757838479533 0.799358737117772
0.591798242519937 0.799358737117772
0.595838646560341 0.799358737117772
0.599879050600745 0.799358737117772
0.603919454641149 0.799358737117772
0.6079598586815531 0.799358737117772
0.6120002627219572 0.799358737117772
0.6160406667623612 0.799358737117772
0.5635154142371087 0.803399141158176
0.5675558182775127 0.803399141158176
0.5715962223179167 0.803399141158176
0.5756366263583208 0.803399141158176
0.5796770303987249 0.803399141158176
0.5837174344391289 0.803399141158176
0.587757838479533 0.803399141158176
0.591798242519937 0.803399141158176
0.595838646560341 0.803399141158176
0.599879050600745 0.803399141158176
0.603919454641149 0.803399141158176
0.6079598586815531 0.803399141158176
0.5554346061563007 0.80743954519858
0.5594750101967046 0.80743954519858
0.5635154142371087 0.80743954519858
0.5675558182775127 0.80743954519858
0.5715962223179167 0.80743954519858
0.5756366263583208 0.80743954519858
0.5796770303987249 0.80743954519858
0.5837174344391289 0.80743954519858
0.587757838479533 0.80743954519858
0.591798242519937 0.80743954519858
0.595838646560341 0.80743954519858
0.599879050600745 0.80743954519858
0.603919454641149 0.80743954519858
0.5473537980754926 0.811479949238984
0.5513942021158966 0.811479949238984
0.5554346061563007 0.811479949238984
0.5594750101967046 0.811479949238984
0.5635154142371087 0.811479949238984
0.5675558182775127 0.811479949238984
0.5715962223179167 0.811479949238984
0.5756366263583208 0.811479949238984
0.5796770303987249 0.811479949238984
0.5837174344391289 0.811479949238984
0.587757838479533 0.811479949238984
0.591798242519937 0.811479949238984
0.595838646560341 0.811479949238984
0.599879050600745 0.811479949238984
0.5473537980754926 0.8155203532793881
0.5513942021158966 0.8155203532793881
0.5554346061563007 0.8155203532793881
0.5594750101967046 0.8155203532793881
0.5635154142371087 0.8155203532793881
0.5675558182775127 0.8155203532793881
0.5715962223179167 0.8155203532793881
0.5756366263583208 0.8155203532793881
0.5796770303987249 0.8155203532793881
0.5837174344391289 0.8155203532793881
0.587757838479533 0.8155203532793881
0.591798242519937 0.8155203532793881
0.595838646560341 0.8155203532793881
0.5352325859542804 0.819560757319792
0.5392729899946844 0.819560757319792
0.5433133940350885 0.819560757319792
0.5473537980754926 0.819560757319792
0.5513942021158966 0.819560757319792
0.5554346061563007 0.819560757319792
0.5594750101967046 0.819560757319792
0.5635154142371087 0.819560757319792
0.5675558182775127 0.819560757319792
0.5715962223179167 0.819560757319792
0.5756366263583208 0.819560757319792
0.5796770303987249 0.819560757319792
0.5837174344391289 0.819560757319792
0.587757838479533 0.819560757319792
0.5352325859542804 0.8236011613601961
0.5392729899946844 0.8236011613601961
0.5433133940350885 0.8236011613601961
0.5473537980754926 0.8236011613601961
0.5513942021158966 0.8236011613601961
0.5554346061563007 0.8236011613601961
0.5594750101967046 0.8236011613601961
0.5635154142371087 0.8236011613601961
0.5675558182775127 0.8236011613601961
0.5715962223179167 0.8236011613601961
0.5756366263583208 0.8236011613601961
0.5796770303987249 0.8236011613601961
0.5837174344391289 0.8236011613601961
0.5231113738330683 0.8276415654006002
0.5271517778734723 0.8276415654006002
0.5311921819138764 0.8276415654006002
0.5352325859542804 0.8276415654006002
0.5392729899946844 0.8276415654006002
0.5433133940350885 0.8276415654006002
0.5473537980754926 0.8276415654006002
0.5513942021158966 0.8276415654006002
0.5554346061563007 0.8276415654006002
0.5594750101967046 0.8276415654006002
0.5635154142371087 0.8276415654006002
0.5675558182775127 0.8276415654006002
0.5715962223179167 0.8276415654006002
0.5756366263583208 0.8276415654006002
0.5150305657522602 0.8316819694410043
0.5190709697926643 0.8316819694410043
0.5231113738330683 0.8316819694410043
0.5271517778734723 0.8316819694410043
0.5311921819138764 0.8316819694410043
0.5352325859542804 0.8316819694410043
0.5392729899946844 0.8316819694410043
0.5433133940350885 0.8316819694410043
0.5473537980754926 0.8316819694410043
0.5513942021158966 0.8316819694410043
0.5554346061563007 0.8316819694410043
0.5594750101967046 0.8316819694410043
0.5635154142371087 0.8316819694410043
0.5675558182775127 0.8316819694410043
0.5715962223179167 0.8316819694410043
0.5756366263583208 0.8316819694410043
0.5150305657522602 0.8357223734814083
0.5190709697926643 0.8357223734814083
0.5231113738330683 0.8357223734814083
0.5271517778734723 0.8357223734814083
0.5311921819138764 0.8357223734814083
0.5352325859542804 0.8357223734814083
0.5392729899946844 0.8357223734814083
0.5433133940350885 0.8357223734814083
0.5473537980754926 0.8357223734814083
0.5513942021158966 0.8357223734814083
0.5554346061563007 0.8357223734814083
0.5594750101967046 0.8357223734814083
0.5635154142371087 0.8357223734814083
0.5675558182775127 0.8357223734814083
0.502909353631048 0.8397627775218124
0.5069497576714521 0.8397627775218124
0.5109901617118562 0.8397627775218124
0.5150305657522602 0.8397627775218124
0.5190709697926643 0.8397627775218124
0.5231113738330683 0.8397627775218124
0.5271517778734723 0.8397627775218124
0.5311921819138764 0.8397627775218124
0.5352325859542804 0.8397627775218124
0.5392729899946844 0.8397627775218124
0.5433133940350885 0.8397627775218124
0.5473537980754926 0.8397627775218124
0.5513942021158966 0.8397627775218124
0.5554346061563007 0.8397627775218124
0.5594750101967046 0.8397627775218124
0.49482854555024003 0.8438031815622163
0.49886894959064404 0.8438031815622163
0.502909353631048 0.8438031815622163
0.5069497576714521 0.8438031815622163
0.5109901617118562 0.8438031815622163
0.5150305657522602 0.8438031815622163
0.5190709697926643 0.8438031815622163
0.5231113738330683 0.8438031815622163
0.5271517778734723 0.8438031815622163
0.5311921819138764 0.8438031815622163
0.5352325859542804 0.8438031815622163
0.5392729899946844 0.8438031815622163
0.5433133940350885 0.8438031815622163
0.5473537980754926 0.8438031815622163
0.5513942021158966 0.8438031815622163
0.5554346061563007 0.8438031815622163
0.4867477374694319 0.8478435856026204
0.49078814150983596 0.8478435856026204
0.49482854555024003 0.8478435856026204
0.49886894959064404 0.8478435856026204
0.502909353631048 0.8478435856026204
0.5069497576714521 0.8478435856026204
0.5109901617118562 0.8478435856026204
0.5150305657522602 0.8478435856026204
0.5190709697926643 0.8478435856026204
0.5231113738330683 0.8478435856026204
0.5271517778734723 0.8478435856026204
0.5311921819138764 0.8478435856026204
0.5352325859542804 0.8478435856026204
0.5392729899946844 0.8478435856026204
0.5433133940350885 0.8478435856026204
0.5473537980754926 0.8478435856026204
0.4827073334290279 0.8518839896430245
0.4867477374694319 0.8518839896430245
0.49078814150983596 0.8518839896430245
0.49482854555024003 0.8518839896430245
0.49886894959064404 0.8518839896430245
0.502909353631048 0.8518839896430245
0.5069497576714521 0.8518839896430245
0.5109901617118562 0.8518839896430245
0.5150305657522602 0.8518839896430245
0.5190709697926643 0.8518839896430245
0.5231113738330683 0.8518839896430245
0.5271517778734723 0.8518839896430245
0.5311921819138764 0.8518839896430245
0.5352325859542804 0.8518839896430245
0.5392729899946844 0.8518839896430245
0.5433133940350885 0.8518839896430245
0.47058612130781574 0.8559243936834284
0.4746265253482198 0.8559243936834284
0.4786669293886239 0.8559243936834284
0.4827073334290279 0.8559243936834284
0.4867477374694319 0.8559243936834284
0.49078814150983596 0.8559243936834284
0.49482854555024003 0.8559243936834284
0.49886894959064404 0.8559243936834284
0.502909353631048 0.8559243936834284
0.5069497576714521 0.8559243936834284
0.5109901617118562 0.8559243936834284
0.5150305657522602 0.8559243936834284
0.5190709697926643 0.8559243936834284
0.5231113738330683 0.8559243936834284
0.5271517778734723 0.8559243936834284
0.5311921819138764 0.8559243936834284
0.5352325859542804 0.8559243936834284
0.46654571726741173 0.8599647977238325
0.47058612130781574 0.8599647977238325
0.4746265253482198 0.8599647977238325
0.4786669293886239 0.8599647977238325
0.4827073334290279 0.8599647977238325
0.4867477374694319 0.8599647977238325
0.49078814150983596 0.8599647977238325
0.49482854555024003 0.8599647977238325
0.49886894959064404 0.8599647977238325
0.502909353631048 0.8599647977238325
0.5069497576714521 0.8599647977238325
0.5109901617118562 0.8599647977238325
0.5150305657522602 0.8599647977238325
0.5190709697926643 0.8599647977238325
0.5231113738330683 0.8599647977238325
0.5271517778734723 0.8599647977238325
0.5311921819138764 0.8599647977238325
0.45846490918660365 0.8640052017642366
0.4625053132270077 0.8640052017642366
0.46654571726741173 0.8640052017642366
0.47058612130781574 0.8640052017642366
0.4746265253482198 0.8640052017642366
0.4786669293886239 0.8640052017642366
0.4827073334290279 0.8640052017642366
0.4867477374694319 0.8640052017642366
0.49078814150983596 0.8640052017642366
0.49482854555024003 0.8640052017642366
0.49886894959064404 0.8640052017642366
0.502909353631048 0.8640052017642366
0.5069497576714521 0.8640052017642366
0.5109901617118562 0.8640052017642366
0.5150305657522602 0.8640052017642366
0.5190709697926643 0.8640052017642366
0.5231113738330683 0.8640052017642366
0.5271517778734723 0.8640052017642366
0.4503841011057955 0.8680456058046406
0.4544245051461996 0.8680456058046406
0.45846490918660365 0.8680456058046406
0.4625053132270077 0.8680456058046406
0.46654571726741173 0.8680456058046406
0.47058612130781574 0.8680456058046406
0.4746265253482198 0.8680456058046406
0.4786669293886239 0.8680456058046406
0.4827073334290279 0.8680456058046406
0.4867477374694319 0.8680456058046406
0.49078814150983596 0.8680456058046406
0.49482854555024003 0.8680456058046406
0.49886894959064404 0.8680456058046406
0.502909353631048 0.8680456058046406
0.5069497576714521 0.8680456058046406
0.5109901617118562 0.8680456058046406
0.5150305657522602 0.8680456058046406
0.4423032930249875 0.8720860098450447
0.4463436970653915 0.8720860098450447
0.4503841011057955 0.8720860098450447
0.4544245051461996 0.8720860098450447
0.45846490918660365 0.8720860098450447
0.4625053132270077 0.8720860098450447
0.46654571726741173 0.8720860098450447
0.47058612130781574 0.8720860098450447
0.4746265253482198 0.8720860098450447
0.4786669293886239 0.8720860098450447
0.4827073334290279 0.8720860098450447
0.4867477374694319 0.8720860098450447
0.49078814150983596 0.8720860098450447
0.49482854555024003 0.8720860098450447
0.49886894959064404 0.8720860098450447
0.502909353631048 0.8720860098450447
0.5069497576714521 0.8720860098450447
0.5109901617118562 0.8720860098450447
0.43422248494417937 0.8761264138854487
0.43826288898458343 0.8761264138854487
0.4423032930249875 0.8761264138854487
0.4463436970653915 0.8761264138854487
0.4503841011057955 0.8761264138854487
0.4544245051461996 0.8761264138854487
0.45846490918660365 0.8761264138854487
0.4625053132270077 0.8761264138854487
0.46654571726741173 0.8761264138854487
0.47058612130781574 0.8761264138854487
0.4746265253482198 0.8761264138854487
0.4786669293886239 0.8761264138854487
0.4827073334290279 0.8761264138854487
0.4867477374694319 0.8761264138854487
0.49078814150983596 0.8761264138854487
0.49482854555024003 0.8761264138854487
0.49886894959064404 0.8761264138854487
0.502909353631048 0.8761264138854487
0.42614167686337134 0.8801668179258527
0.43018208090377535 0.8801668179258527
0.43422248494417937 0.8801668179258527
0.43826288898458343 0.8801668179258527
0.4423032930249875 0.8801668179258527
0.4463436970653915 0.8801668179258527
0.4503841011057955 0.8801668179258527
0.4544245051461996 0.8801668179258527
0.45846490918660365 0.8801668179258527
0.4625053132270077 0.8801668179258527
0.46654571726741173 0.8801668179258527
0.47058612130781574 0.8801668179258527
0.4746265253482198 0.8801668179258527
0.4786669293886239 0.8801668179258527
0.4827073334290279 0.8801668179258527
0.4867477374694319 0.8801668179258527
0.49078814150983596 0.8801668179258527
0.49482854555024003 0.8801668179258527
0.49886894959064404 0.8801668179258527
0.4180608687825632 0.8842072219662568
0.4221012728229673 0.8842072219662568
0.42614167686337134 0.8842072219662568
0.43018208090377535 0.8842072219662568
0.43422248494417937 0.8842072219662568
0.43826288898458343 0.8842072219662568
0.4423032930249875 0.8842072219662568
0.4463436970653915 0.8842072219662568
0.4503841011057955 0.8842072219662568
0.4544245051461996 0.8842072219662568
0.45846490918660365 0.8842072219662568
0.4625053132270077 0.8842072219662568
0.46654571726741173 0.8842072219662568
0.47058612130781574 0.8842072219662568
0.4746265253482198 0.8842072219662568
0.4786669293886239 0.8842072219662568
0.4827073334290279 0.8842072219662568
0.4867477374694319 0.8842072219662568
0.49078814150983596 0.8842072219662568
0.4059396566613511 0.8882476260066607
0.4140204647421592 0.8882476260066607
0.4180608687825632 0.8882476260066607
0.4221012728229673 0.8882476260066607
0.42614167686337134 0.8882476260066607
0.43018208090377535 0.8882476260066607
0.43422248494417937 0.8882476260066607
0.43826288898458343 0.8882476260066607
0.4423032930249875 0.8882476260066607
0.4463436970653915 0.8882476260066607
0.4503841011057955 0.8882476260066607
0.4544245051461996 0.8882476260066607
0.45846490918660365 0.8882476260066607
0.4625053132270077 0.8882476260066607
0.46654571726741173 0.8882476260066607
0.47058612130781574 0.8882476260066607
0.4746265253482198 0.8882476260066607
0.4786669293886239 0.8882476260066607
0.4827073334290279 0.8882476260066607
0.39785884858054305 0.8922880300470648
0.40189925262094706 0.8922880300470648
0.4059396566613511 0.8922880300470648
0.4099800607017552 0.8922880300470648
0.4140204647421592 0.8922880300470648
0.4180608687825632 0.8922880300470648
0.4221012728229673 0.8922880300470648
0.42614167686337134 0.8922880300470648
0.43018208090377535 0.8922880300470648
0.43422248494417937 0.8922880300470648
0.43826288898458343 0.8922880300470648
0.4423032930249875 0.8922880300470648
0.4463436970653915 0.8922880300470648
0.4503841011057955 0.8922880300470648
0.4544245051461996 0.8922880300470648
0.45846490918660365 0.8922880300470648
0.4625053132270077 0.8922880300470648
0.46654571726741173 0.8922880300470648
0.47058612130781574 0.8922880300470648
0.4746265253482198 0.8922880300470648
0.38977804049973497 0.8963284340874689
0.393818444540139 0.8963284340874689
0.39785884858054305 0.8963284340874689
0.40189925262094706 0.8963284340874689
0.4059396566613511 0.8963284340874689
0.4099800607017552 0.8963284340874689
0.4140204647421592 0.8963284340874689
0.4180608687825632 0.8963284340874689
0.4221012728229673 0.8963284340874689
0.42614167686337134 0.8963284340874689
0.43018208090377535 0.8963284340874689
0.43422248494417937 0.8963284340874689
0.43826288898458343 0.8963284340874689
0.4423032930249875 0.8963284340874689
0.4463436970653915 0.8963284340874689
0.4503841011057955 0.8963284340874689
0.4544245051461996 0.8963284340874689
0.45846490918660365 0.8963284340874689
0.4625053132270077 0.8963284340874689
0.46654571726741173 0.8963284340874689
0.3776568283785228 0.9003688381278729
0.3857376364593309 0.9003688381278729
0.38977804049973497 0.9003688381278729
0.393818444540139 0.9003688381278729
0.39785884858054305 0.9003688381278729
0.40189925262094706 0.9003688381278729
0.4059396566613511 0.9003688381278729
0.4099800607017552 0.9003688381278729
0.4140204647421592 0.9003688381278729
0.4180608687825632 0.9003688381278729
0.4221012728229673 0.9003688381278729
0.42614167686337134 0.9003688381278729
0.43018208090377535 0.9003688381278729
0.43422248494417937 0.9003688381278729
0.43826288898458343 0.9003688381278729
0.4423032930249875 0.9003688381278729
0.4463436970653915 0.9003688381278729
0.4503841011057955 0.9003688381278729
0.4544245051461996 0.9003688381278729
0.45846490918660365 0.9003688381278729
0.4625053132270077 0.9003688381278729
0.36957602029771475 0.904409242168277
0.3736164243381188 0.904409242168277
0.3776568283785228 0.904409242168277
0.3816972324189269 0.904409242168277
0.3857376364593309 0.904409242168277
0.38977804049973497 0.904409242168277
0.393818444540139 0.904409242168277
0.39785884858054305 0.904409242168277
0.40189925262094706 0.904409242168277
0.4059396566613511 0.904409242168277
0.4099800607017552 0.904409242168277
0.4140204647421592 0.904409242168277
0.4180608687825632 0.904409242168277
0.4221012728229673 0.904409242168277
0.42614167686337134 0.904409242168277
0.43018208090377535 0.904409242168277
0.43422248494417937 0.904409242168277
0.43826288898458343 0.904409242168277
0.4423032930249875 0.904409242168277
0.4463436970653915 0.904409242168277
0.4503841011057955 0.904409242168277
0.35745480817650266 0.9084496462086811
0.3655356162573107 0.9084496462086811
0.36957602029771475 0.9084496462086811
0.3736164243381188 0.9084496462086811
0.3776568283785228 0.9084496462086811
0.3816972324189269 0.9084496462086811
0.3857376364593309 0.9084496462086811
0.38977804049973497 0.9084496462086811
0.393818444540139 0.9084496462086811
0.39785884858054305 0.9084496462086811
0.40189925262094706 0.9084496462086811
0.4059396566613511 0.9084496462086811
0.4099800607017552 0.9084496462086811
0.4140204647421592 0.9084496462086811
0.4180608687825632 0.9084496462086811
0.4221012728229673 0.9084496462086811
0.42614167686337134 0.9084496462086811
0.43018208090377535 0.9084496462086811
0.43422248494417937 0.9084496462086811
0.43826288898458343 0.9084496462086811
0.4423032930249875 0.9084496462086811
0.3534144041360986 0.912490050249085
0.35745480817650266 0.912490050249085
0.36149521221690667 0.912490050249085
0.3655356162573107 0.912490050249085
0.36957602029771475 0.912490050249085
0.3736164243381188 0.912490050249085
0.3776568283785228 0.912490050249085
0.3816972324189269 0.912490050249085
0.3857376364593309 0.912490050249085
0.38977804049973497 0.912490050249085
0.393818444540139 0.912490050249085
0.39785884858054305 0.912490050249085
0.40189925262094706 0.912490050249085
0.4059396566613511 0.912490050249085
0.4099800607017552 0.912490050249085
0.4140204647421592 0.912490050249085
0.4180608687825632 0.912490050249085
0.4221012728229673 0.912490050249085
0.42614167686337134 0.912490050249085
0.43018208090377535 0.912490050249085
0.43422248494417937 0.912490050249085
0.33725278797448244 0.9165304542894891
0.3453335960552905 0.9165304542894891
0.3493740000956945 0.9165304542894891
0.3534144041360986 0.9165304542894891
0.35745480817650266 0.9165304542894891
0.36149521221690667 0.9165304542894891
0.3655356162573107 0.9165304542894891
0.36957602029771475 0.9165304542894891
0.3736164243381188 0.9165304542894891
0.3776568283785228 0.9165304542894891
0.3816972324189269 0.9165304542894891
0.3857376364593309 0.9165304542894891
0.38977804049973497 0.9165304542894891
0.393818444540139 0.9165304542894891
0.39785884858054305 0.9165304542894891
0.40189925262094706 0.9165304542894891
0.4059396566613511 0.9165304542894891
0.4099800607017552 0.9165304542894891
0.4140204647421592 0.9165304542894891
0.4180608687825632 0.9165304542894891
0.4221012728229673 0.9165304542894891
0.42614167686337134 0.9165304542894891
0.43018208090377535 0.9165304542894891
0.3251315758532703 0.920570858329893
0.33321238393407837 0.920570858329893
0.33725278797448244 0.920570858329893
0.3412931920148865 0.920570858329893
0.3453335960552905 0.920570858329893
0.3493740000956945 0.920570858329893
0.3534144041360986 0.920570858329893
0.35745480817650266 0.920570858329893
0.36149521221690667 0.920570858329893
0.3655356162573107 0.920570858329893
0.36957602029771475 0.920570858329893
0.3736164243381188 0.920570858329893
0.3776568283785228 0.920570858329893
0.3816972324189269 0.920570858329893
0.3857376364593309 0.920570858329893
0.38977804049973497 0.920570858329893
0.393818444540139 0.920570858329893
0.39785884858054305 0.920570858329893
0.40189925262094706 0.920570858329893
0.4059396566613511 0.920570858329893
0.4099800607017552 0.920570858329893
0.4140204647421592 0.920570858329893
0.4180608687825632 0.920570858329893
0.4221012728229673 0.920570858329893
0.3170507677724622 0.9246112623702971
0.3210911718128663 0.9246112623702971
0.3251315758532703 0.9246112623702971
0.32917197989367436 0.9246112623702971
0.33321238393407837 0.9246112623702971
0.33725278797448244 0.9246112623702971
0.3412931920148865 0.9246112623702971
0.3453335960552905 0.9246112623702971
0.3493740000956945 0.9246112623702971
0.3534144041360986 0.9246112623702971
0.35745480817650266 0.9246112623702971
0.36149521221690667 0.9246112623702971
0.3655356162573107 0.9246112623702971
0.36957602029771475 0.9246112623702971
0.3736164243381188 0.9246112623702971
0.3776568283785228 0.9246112623702971
0.3816972324189269 0.9246112623702971
0.3857376364593309 0.9246112623702971
0.38977804049973497 0.9246112623702971
0.393818444540139 0.9246112623702971
0.39785884858054305 0.9246112623702971
0.40189925262094706 0.9246112623702971
0.4059396566613511 0.9246112623702971
0.4099800607017552 0.9246112623702971
0.4140204647421592 0.9246112623702971
0.30088915161084606 0.9286516664107012
0.30492955565125013 0.9286516664107012
0.30896995969165414 0.9286516664107012
0.31301036373205815 0.9286516664107012
0.3170507677724622 0.9286516664107012
0.3210911718128663 0.9286516664107012
0.3251315758532703 0.9286516664107012
0.32917197989367436 0.9286516664107012
0.33321238393407837 0.9286516664107012
0.33725278797448244 0.9286516664107012
0.3412931920148865 0.9286516664107012
0.3453335960552905 0.9286516664107012
0.3493740000956945 0.9286516664107012
0.3534144041360986 0.9286516664107012
0.35745480817650266 0.9286516664107012
0.36149521221690667 0.9286516664107012
0.3655356162573107 0.9286516664107012
0.36957602029771475 0.9286516664107012
0.3736164243381188 0.9286516664107012
0.3776568283785228 0.9286516664107012
0.3816972324189269 0.9286516664107012
0.3857376364593309 0.9286516664107012
0.38977804049973497 0.9286516664107012
0.393818444540139 0.9286516664107012
0.39785884858054305 0.9286516664107012
0.40189925262094706 0.9286516664107012
0.4059396566613511 0.9286516664107012
0.296848747570442 0.9326920704511052
0.30088915161084606 0.9326920704511052
0.30492955565125013 0.9326920704511052
0.30896995969165414 0.9326920704511052
0.31301036373205815 0.9326920704511052
0.3170507677724622 0.9326920704511052
0.3210911718128663 0.9326920704511052
0.3251315758532703 0.9326920704511052
0.32917197989367436 0.9326920704511052
0.33321238393407837 0.9326920704511052
0.33725278797448244 0.9326920704511052
0.3412931920148865 0.9326920704511052
0.3453335960552905 0.9326920704511052
0.3493740000956945 0.9326920704511052
0.3534144041360986 0.9326920704511052
0.35745480817650266 0.9326920704511052
0.36149521221690667 0.9326920704511052
0.3655356162573107 0.9326920704511052
0.36957602029771475 0.9326920704511052
0.3736164243381188 0.9326920704511052
0.3776568283785228 0.9326920704511052
0.3816972324189269 0.9326920704511052
0.3857376364593309 0.9326920704511052
0.38977804049973497 0.9326920704511052
0.393818444540139 0.9326920704511052
0.292808343530038 0.9367324744915093
0.296848747570442 0.9367324744915093
0.30088915161084606 0.9367324744915093
0.30492955565125013 0.9367324744915093
0.30896995969165414 0.9367324744915093
0.31301036373205815 0.9367324744915093
0.3170507677724622 0.9367324744915093
0.3210911718128663 0.9367324744915093
0.3251315758532703 0.9367324744915093
0.32917197989367436 0.9367324744915093
0.33321238393407837 0.9367324744915093
0.33725278797448244 0.9367324744915093
0.3412931920148865 0.9367324744915093
0.3453335960552905 0.9367324744915093
0.3493740000956945 0.9367324744915093
0.3534144041360986 0.9367324744915093
0.35745480817650266 0.9367324744915093
0.36149521221690667 0.9367324744915093
0.3655356162573107 0.9367324744915093
0.36957602029771475 0.9367324744915093
0.3736164243381188 0.9367324744915093
0.3776568283785228 0.9367324744915093
0.3816972324189269 0.9367324744915093
0.292808343530038 0.9407728785319134
0.296848747570442 0.9407728785319134
0.30088915161084606 0.9407728785319134
0.30492955565125013 0.9407728785319134
0.30896995969165414 0.9407728785319134
0.31301036373205815 0.9407728785319134
0.3170507677724622 0.9407728785319134
0.3210911718128663 0.9407728785319134
0.3251315758532703 0.9407728785319134
0.32917197989367436 0.9407728785319134
0.33321238393407837 0.9407728785319134
0.33725278797448244 0.9407728785319134
0.3412931920148865 0.9407728785319134
0.3453335960552905 0.9407728785319134
0.3493740000956945 0.9407728785319134
0.3534144041360986 0.9407728785319134
0.35745480817650266 0.9407728785319134
0.36149521221690667 0.9407728785319134
0.3655356162573107 0.9407728785319134
0.36957602029771475 0.9407728785319134
0.3736164243381188 0.9407728785319134
0.3776568283785228 0.9407728785319134
0.292808343530038 0.9448132825723174
0.296848747570442 0.9448132825723174
0.30088915161084606 0.9448132825723174
0.30492955565125013 0.9448132825723174
0.30896995969165414 0.9448132825723174
0.31301036373205815 0.9448132825723174
0.3170507677724622 0.9448132825723174
0.3210911718128663 0.9448132825723174
0.3251315758532703 0.9448132825723174
0.32917197989367436 0.9448132825723174
0.33321238393407837 0.9448132825723174
0.33725278797448244 0.9448132825723174
0.3412931920148865 0.9448132825723174
0.3453335960552905 0.9448132825723174
0.3493740000956945 0.9448132825723174
0.3534144041360986 0.9448132825723174
0.35745480817650266 0.9448132825723174
0.36149521221690667 0.9448132825723174
0.292808343530038 0.9488536866127214
0.296848747570442 0.9488536866127214
0.30088915161084606 0.9488536866127214
0.30492955565125013 0.9488536866127214
0.30896995969165414 0.9488536866127214
0.31301036373205815 0.9488536866127214
0.3170507677724622 0.9488536866127214
0.3210911718128663 0.9488536866127214
0.3251315758532703 0.9488536866127214
0.32917197989367436 0.9488536866127214
0.33321238393407837 0.9488536866127214
0.33725278797448244 0.9488536866127214
0.3412931920148865 0.9488536866127214
0.3453335960552905 0.9488536866127214
0.3493740000956945 0.9488536866127214
0.3534144041360986 0.9488536866127214
0.35745480817650266 0.9488536866127214
0.292808343530038 0.9528940906531255
0.296848747570442 0.9528940906531255
0.30088915161084606 0.9528940906531255
0.30492955565125013 0.9528940906531255
0.30896995969165414 0.9528940906531255
0.31301036373205815 0.9528940906531255
0.3170507677724622 0.9528940906531255
0.3210911718128663 0.9528940906531255
0.3251315758532703 0.9528940906531255
0.32917197989367436 0.9528940906531255
0.33321238393407837 0.9528940906531255
0.33725278797448244 0.9528940906531255
0.3412931920148865 0.9528940906531255
0.3453335960552905 0.9528940906531255
0.292808343530038 0.9569344946935294
0.296848747570442 0.9569344946935294
0.30088915161084606 0.9569344946935294
0.30492955565125013 0.9569344946935294
0.30896995969165414 0.9569344946935294
0.31301036373205815 0.9569344946935294
0.3170507677724622 0.9569344946935294
0.3210911718128663 0.9569344946935294
0.3251315758532703 0.9569344946935294
0.32917197989367436 0.9569344946935294
0.33321238393407837 0.9569344946935294
0.33725278797448244 0.9569344946935294
0.292808343530038 0.9609748987339335
0.296848747570442 0.9609748987339335
0.30088915161084606 0.9609748987339335
0.30492955565125013 0.9609748987339335
0.30896995969165414 0.9609748987339335
0.31301036373205815 0.9609748987339335
0.3170507677724622 0.9609748987339335
0.3210911718128663 0.9609748987339335
0.3251315758532703 0.9609748987339335
0.292808343530038 0.9650153027743376
0.296848747570442 0.9650153027743376
0.30088915161084606 0.9650153027743376
0.30492955565125013 0.9650153027743376
0.30896995969165414 0.9650153027743376
0.31301036373205815 0.9650153027743376
0.292808343530038 0.9690557068147416
0.296848747570442 0.9690557068147416
0.30088915161084606 0.9690557068147416
