# x y
0.699965098165482 0.7145102522692871
0.695924694125078 0.7185506563096911
0.691884290084674 0.7225910603500951
0.6838034820038659 0.7266314643904992
0.6878438860442699 0.7266314643904992
0.6797630779634618 0.7306718684309033
0.6838034820038659 0.7306718684309033
0.6757226739230577 0.7347122724713073
0.6797630779634618 0.7347122724713073
0.6716822698826537 0.7387526765117113
0.6757226739230577 0.7387526765117113
0.6676418658422496 0.7427930805521153
0.6716822698826537 0.7427930805521153
0.6636014618018456 0.7468334845925194
0.6676418658422496 0.7468334845925194
0.6595610577614416 0.7508738886329235
0.6636014618018456 0.7508738886329235
0.6555206537210376 0.7549142926733274
0.6514802496806336 0.7589546967137315
0.6433994415998254 0.7629951007541356
0.6474398456402295 0.7629951007541356
0.6393590375594214 0.7670355047945396
0.6433994415998254 0.7670355047945396
0.6353186335190173 0.7710759088349436
0.6393590375594214 0.7710759088349436
0.6312782294786133 0.7751163128753477
0.6353186335190173 0.7751163128753477
0.6231974213978052 0.7791567169157517
0.6272378254382093 0.7791567169157517
0.6191570173574013 0.7831971209561558
0.6231974213978052 0.7831971209561558
0.6151166133169972 0.7872375249965597
0.6191570173574013 0.7872375249965597
0.6110762092765931 0.7912779290369638
0.6151166133169972 0.7912779290369638
0.602995401195785 0.7953183330773679
0.607035805236189 0.7953183330773679
0.5989549971553809 0.799358737117772
0.602995401195785 0.799358737117772
0.594914593114977 0.803399141158176
0.5989549971553809 0.803399141158176
0.5868337850341689 0.80743954519858
0.5908741890745729 0.80743954519858
0.5827933809937649 0.811479949238984
0.5868337850341689 0.811479949238984
0.5747125729129567 0.8155203532793881
0.5787529769533608 0.8155203532793881
0.5827933809937649 0.8155203532793881
0.5706721688725527 0.819560757319792
0.5747125729129567 0.819560757319792
0.5666317648321486 0.8236011613601961
0.5706721688725527 0.8236011613601961
0.5585509567513406 0.8276415654006002
0.5625913607917447 0.8276415654006002
0.5545105527109365 0.8316819694410043
0.5585509567513406 0.8316819694410043
0.5464297446301285 0.8357223734814083
0.5504701486705326 0.8357223734814083
0.5423893405897244 0.8397627775218124
0.5464297446301285 0.8397627775218124
0.5343085325089163 0.8438031815622163
0.5383489365493204 0.8438031815622163
0.5262277244281083 0.8478435856026204
0.5302681284685123 0.8478435856026204
0.5343085325089163 0.8478435856026204
0.5221873203877042 0.8518839896430245
0.5262277244281083 0.8518839896430245
0.5141065123068962 0.8559243936834284
0.5181469163473001 0.8559243936834284
0.5060257042260881 0.8599647977238325
0.5100661082664921 0.8599647977238325
0.5141065123068962 0.8599647977238325
0.501985300185684 0.8640052017642366
0.5060257042260881 0.8640052017642366
0.49390449210487597 0.8680456058046406
0.49794489614528 0.8680456058046406
0.48582368402406784 0.8720860098450447
0.4898640880644719 0.8720860098450447
0.49390449210487597 0.8720860098450447
0.4777428759432598 0.8761264138854487
0.4817832799836638 0.8761264138854487
0.48582368402406784 0.8761264138854487
0.4696620678624517 0.8801668179258527
0.47370247190285575 0.8801668179258527
0.4777428759432598 0.8801668179258527
0.46562166382204767 0.8842072219662568
0.4696620678624517 0.8842072219662568
0.4575408557412396 0.8882476260066607
0.4615812597816436 0.8882476260066607
0.44946004766043146 0.8922880300470648
0.4535004517008355 0.8922880300470648
0.44137923957962344 0.8963284340874689
0.44541964362002745 0.8963284340874689
0.4332984314988153 0.9003688381278729
0.4373388355392194 0.9003688381278729
0.4211772193776032 0.904409242168277
0.4252176234180073 0.904409242168277
0.4292580274584113 0.904409242168277
0.41309641129679514 0.9084496462086811
0.41713681533719915 0.9084496462086811
0.4211772193776032 0.9084496462086811
0.40501560321598706 0.912490050249085
0.4090560072563911 0.912490050249085
0.41309641129679514 0.912490050249085
0.396934795135179 0.9165304542894891
0.400975199175583 0.9165304542894891
0.40501560321598706 0.9165304542894891
0.38481358301396684 0.920570858329893
0.3888539870543709 0.920570858329893
0.3928943910947749 0.920570858329893
0.37673277493315876 0.9246112623702971
0.3807731789735628 0.9246112623702971
0.38481358301396684 0.9246112623702971
0.3646115628119466 0.9286516664107012
0.3686519668523507 0.9286516664107012
0.37269237089275475 0.9286516664107012
0.37673277493315876 0.9286516664107012
0.3565307547311386 0.9326920704511052
0.3605711587715426 0.9326920704511052
0.3646115628119466 0.9326920704511052
0.34440954260992646 0.9367324744915093
0.34844994665033047 0.9367324744915093
0.35249035069073453 0.9367324744915093
0.3565307547311386 0.9367324744915093
0.3322883304887143 0.9407728785319134
0.3363287345291184 0.9407728785319134
0.3403691385695224 0.9407728785319134
0.34440954260992646 0.9407728785319134
0.32420752240790623 0.9448132825723174
0.3282479264483103 0.9448132825723174
0.3322883304887143 0.9448132825723174
0.3120863102866941 0.9488536866127214
0.31612671432709816 0.9488536866127214
0.3201671183675022 0.9488536866127214
0.299965098165482 0.9528940906531255
0.30400550220588607 0.9528940906531255
0.3080459062462901 0.9528940906531255
