# x y
0.6925780591091606 0.698348636107671
0.6966184631495647 0.698348636107671
0.6885376550687565 0.702389040148075
0.6925780591091606 0.702389040148075
0.6966184631495647 0.702389040148075
0.6844972510283525 0.706429444188479
0.6885376550687565 0.706429444188479
0.6925780591091606 0.706429444188479
0.6966184631495647 0.706429444188479
0.6804568469879484 0.710469848228883
0.6844972510283525 0.710469848228883
0.6885376550687565 0.710469848228883
0.6925780591091606 0.710469848228883
0.6966184631495647 0.710469848228883
0.6764164429475444 0.7145102522692871
0.6804568469879484 0.7145102522692871
0.6844972510283525 0.7145102522692871
0.6885376550687565 0.7145102522692871
0.6925780591091606 0.7145102522692871
0.6966184631495647 0.7145102522692871
0.6723760389071404 0.7185506563096911
0.6764164429475444 0.7185506563096911
0.6804568469879484 0.7185506563096911
0.6844972510283525 0.7185506563096911
0.6885376550687565 0.7185506563096911
0.6925780591091606 0.7185506563096911
0.6966184631495647 0.7185506563096911
0.6683356348667364 0.7225910603500951
0.6723760389071404 0.7225910603500951
0.6764164429475444 0.7225910603500951
0.6804568469879484 0.7225910603500951
0.6844972510283525 0.7225910603500951
0.6885376550687565 0.7225910603500951
0.6925780591091606 0.7225910603500951
0.6966184631495647 0.7225910603500951
0.6642952308263324 0.7266314643904992
0.6683356348667364 0.7266314643904992
0.6723760389071404 0.7266314643904992
0.6764164429475444 0.7266314643904992
0.6804568469879484 0.7266314643904992
0.6844972510283525 0.7266314643904992
0.6885376550687565 0.7266314643904992
0.6925780591091606 0.7266314643904992
0.6966184631495647 0.7266314643904992
0.6562144227455242 0.7306718684309033
0.6602548267859283 0.7306718684309033
0.6642952308263324 0.7306718684309033
0.6683356348667364 0.7306718684309033
0.6723760389071404 0.7306718684309033
0.6764164429475444 0.7306718684309033
0.6804568469879484 0.7306718684309033
0.6844972510283525 0.7306718684309033
0.6885376550687565 0.7306718684309033
0.6925780591091606 0.7306718684309033
0.6966184631495647 0.7306718684309033
0.6521740187051202 0.7347122724713073
0.6562144227455242 0.7347122724713073
0.6602548267859283 0.7347122724713073
0.6642952308263324 0.7347122724713073
0.6683356348667364 0.7347122724713073
0.6723760389071404 0.7347122724713073
0.6764164429475444 0.7347122724713073
0.6804568469879484 0.7347122724713073
0.6844972510283525 0.7347122724713073
0.6885376550687565 0.7347122724713073
0.6925780591091606 0.7347122724713073
0.6481336146647161 0.7387526765117113
0.6521740187051202 0.7387526765117113
0.6562144227455242 0.7387526765117113
0.6602548267859283 0.7387526765117113
0.6642952308263324 0.7387526765117113
0.6683356348667364 0.7387526765117113
0.6723760389071404 0.7387526765117113
0.6764164429475444 0.7387526765117113
0.6804568469879484 0.7387526765117113
0.6844972510283525 0.7387526765117113
0.6885376550687565 0.7387526765117113
0.6440932106243121 0.7427930805521153
0.6481336146647161 0.7427930805521153
0.6521740187051202 0.7427930805521153
0.6562144227455242 0.7427930805521153
0.6602548267859283 0.7427930805521153
0.6642952308263324 0.7427930805521153
0.6683356348667364 0.7427930805521153
0.6723760389071404 0.7427930805521153
0.6764164429475444 0.7427930805521153
0.6804568469879484 0.7427930805521153
0.6844972510283525 0.7427930805521153
0.6400528065839081 0.7468334845925194
0.6440932106243121 0.7468334845925194
0.6481336146647161 0.7468334845925194
0.6521740187051202 0.7468334845925194
0.6562144227455242 0.7468334845925194
0.6602548267859283 0.7468334845925194
0.6642952308263324 0.7468334845925194
0.6683356348667364 0.7468334845925194
0.6723760389071404 0.7468334845925194
0.6764164429475444 0.7468334845925194
0.6804568469879484 0.7468334845925194
0.6360124025435041 0.7508738886329235
0.6400528065839081 0.7508738886329235
0.6440932106243121 0.7508738886329235
0.6481336146647161 0.7508738886329235
0.6521740187051202 0.7508738886329235
0.6562144227455242 0.7508738886329235
0.6602548267859283 0.7508738886329235
0.6642952308263324 0.7508738886329235
0.6683356348667364 0.7508738886329235
0.6723760389071404 0.7508738886329235
0.6764164429475444 0.7508738886329235
0.627931594462696 0.7549142926733274
0.6319719985031 0.7549142926733274
0.6360124025435041 0.7549142926733274
0.6400528065839081 0.7549142926733274
0.6440932106243121 0.7549142926733274
0.6481336146647161 0.7549142926733274
0.6521740187051202 0.7549142926733274
0.6562144227455242 0.7549142926733274
0.6602548267859283 0.7549142926733274
0.6642952308263324 0.7549142926733274
0.6683356348667364 0.7549142926733274
0.6723760389071404 0.7549142926733274
0.6238911904222919 0.7589546967137315
0.627931594462696 0.7589546967137315
0.6319719985031 0.7589546967137315
0.6360124025435041 0.7589546967137315
0.6400528065839081 0.7589546967137315
0.6440932106243121 0.7589546967137315
0.6481336146647161 0.7589546967137315
0.6521740187051202 0.7589546967137315
0.6562144227455242 0.7589546967137315
0.6602548267859283 0.7589546967137315
0.6642952308263324 0.7589546967137315
0.6683356348667364 0.7589546967137315
0.6117699783010797 0.7629951007541356
0.6198507863818878 0.7629951007541356
0.6238911904222919 0.7629951007541356
0.627931594462696 0.7629951007541356
0.6319719985031 0.7629951007541356
0.6360124025435041 0.7629951007541356
0.6400528065839081 0.7629951007541356
0.6440932106243121 0.7629951007541356
0.6481336146647161 0.7629951007541356
0.6521740187051202 0.7629951007541356
0.6562144227455242 0.7629951007541356
0.6602548267859283 0.7629951007541356
0.6642952308263324 0.7629951007541356
0.6158103823414838 0.7670355047945396
0.6198507863818878 0.7670355047945396
0.6238911904222919 0.7670355047945396
0.627931594462696 0.7670355047945396
0.6319719985031 0.7670355047945396
0.6360124025435041 0.7670355047945396
0.6400528065839081 0.7670355047945396
0.6440932106243121 0.7670355047945396
0.6481336146647161 0.7670355047945396
0.6521740187051202 0.7670355047945396
0.6562144227455242 0.7670355047945396
0.6602548267859283 0.7670355047945396
0.6077295742606758 0.7710759088349436
0.6117699783010797 0.7710759088349436
0.6158103823414838 0.7710759088349436
0.6198507863818878 0.7710759088349436
0.6238911904222919 0.7710759088349436
0.627931594462696 0.7710759088349436
0.6319719985031 0.7710759088349436
0.6360124025435041 0.7710759088349436
0.6400528065839081 0.7710759088349436
0.6440932106243121 0.7710759088349436
0.6481336146647161 0.7710759088349436
0.6521740187051202 0.7710759088349436
0.6562144227455242 0.7710759088349436
0.6036891702202717 0.7751163128753477
0.6077295742606758 0.7751163128753477
0.6117699783010797 0.7751163128753477
0.6158103823414838 0.7751163128753477
0.6198507863818878 0.7751163128753477
0.6238911904222919 0.7751163128753477
0.627931594462696 0.7751163128753477
0.6319719985031 0.7751163128753477
0.6360124025435041 0.7751163128753477
0.6400528065839081 0.7751163128753477
0.6440932106243121 0.7751163128753477
0.6481336146647161 0.7751163128753477
0.5996487661798677 0.7791567169157517
0.6036891702202717 0.7791567169157517
0.6077295742606758 0.7791567169157517
0.6117699783010797 0.7791567169157517
0.6158103823414838 0.7791567169157517
0.6198507863818878 0.7791567169157517
0.6238911904222919 0.7791567169157517
0.627931594462696 0.7791567169157517
0.6319719985031 0.7791567169157517
0.6360124025435041 0.7791567169157517
0.6400528065839081 0.7791567169157517
0.6440932106243121 0.7791567169157517
0.5915679580990596 0.7831971209561558
0.5956083621394637 0.7831971209561558
0.5996487661798677 0.7831971209561558
0.6036891702202717 0.7831971209561558
0.6077295742606758 0.7831971209561558
0.6117699783010797 0.7831971209561558
0.6158103823414838 0.7831971209561558
0.6198507863818878 0.7831971209561558
0.6238911904222919 0.7831971209561558
0.627931594462696 0.7831971209561558
0.6319719985031 0.7831971209561558
0.6360124025435041 0.7831971209561558
0.6400528065839081 0.7831971209561558
0.5834871500182515 0.7872375249965597
0.5875275540586555 0.7872375249965597
0.5915679580990596 0.7872375249965597
0.5956083621394637 0.7872375249965597
0.5996487661798677 0.7872375249965597
0.6036891702202717 0.7872375249965597
0.6077295742606758 0.7872375249965597
0.6117699783010797 0.7872375249965597
0.6158103823414838 0.7872375249965597
0.6198507863818878 0.7872375249965597
0.6238911904222919 0.7872375249965597
0.627931594462696 0.7872375249965597
0.6319719985031 0.7872375249965597
0.6360124025435041 0.7872375249965597
0.5794467459778474 0.7912779290369638
0.5834871500182515 0.7912779290369638
0.5875275540586555 0.7912779290369638
0.5915679580990596 0.7912779290369638
0.5956083621394637 0.7912779290369638
0.5996487661798677 0.7912779290369638
0.6036891702202717 0.7912779290369638
0.6077295742606758 0.7912779290369638
0.6117699783010797 0.7912779290369638
0.6158103823414838 0.7912779290369638
0.6198507863818878 0.7912779290369638
0.6238911904222919 0.7912779290369638
0.627931594462696 0.7912779290369638
0.6319719985031 0.7912779290369638
0.5754063419374434 0.7953183330773679
0.5794467459778474 0.7953183330773679
0.5834871500182515 0.7953183330773679
0.5875275540586555 0.7953183330773679
0.5915679580990596 0.7953183330773679
0.5956083621394637 0.7953183330773679
0.5996487661798677 0.7953183330773679
0.6036891702202717 0.7953183330773679
0.6077295742606758 0.7953183330773679
0.6117699783010797 0.7953183330773679
0.6158103823414838 0.7953183330773679
0.6198507863818878 0.7953183330773679
0.6238911904222919 0.7953183330773679
0.627931594462696 0.7953183330773679
0.5713659378970394 0.799358737117772
0.5794467459778474 0.799358737117772
0.5834871500182515 0.799358737117772
0.5875275540586555 0.799358737117772
0.5915679580990596 0.799358737117772
0.5956083621394637 0.799358737117772
0.5996487661798677 0.799358737117772
0.6036891702202717 0.799358737117772
0.6077295742606758 0.799358737117772
0.6117699783010797 0.799358737117772
0.6158103823414838 0.799358737117772
0.6198507863818878 0.799358737117772
0.5632851298162314 0.803399141158176
0.5673255338566354 0.803399141158176
0.5713659378970394 0.803399141158176
0.5754063419374434 0.803399141158176
0.5794467459778474 0.803399141158176
0.5834871500182515 0.803399141158176
0.5875275540586555 0.803399141158176
0.5915679580990596 0.803399141158176
0.5956083621394637 0.803399141158176
0.5996487661798677 0.803399141158176
0.6036891702202717 0.803399141158176
0.6077295742606758 0.803399141158176
0.6117699783010797 0.803399141158176
0.6158103823414838 0.803399141158176
0.5592447257758273 0.80743954519858
0.5673255338566354 0.80743954519858
0.5713659378970394 0.80743954519858
0.5754063419374434 0.80743954519858
0.5794467459778474 0.80743954519858
0.5834871500182515 0.80743954519858
0.5875275540586555 0.80743954519858
0.5915679580990596 0.80743954519858
0.5956083621394637 0.80743954519858
0.5996487661798677 0.80743954519858
0.6036891702202717 0.80743954519858
0.6077295742606758 0.80743954519858
0.6117699783010797 0.80743954519858
0.5511639176950192 0.811479949238984
0.5592447257758273 0.811479949238984
0.5632851298162314 0.811479949238984
0.5673255338566354 0.811479949238984
0.5713659378970394 0.811479949238984
0.5754063419374434 0.811479949238984
0.5794467459778474 0.811479949238984
0.5834871500182515 0.811479949238984
0.5875275540586555 0.811479949238984
0.5915679580990596 0.811479949238984
0.5956083621394637 0.811479949238984
0.5996487661798677 0.811479949238984
0.6036891702202717 0.811479949238984
0.6077295742606758 0.811479949238984
0.5471235136546151 0.8155203532793881
0.5511639176950192 0.8155203532793881
0.5552043217354232 0.8155203532793881
0.5592447257758273 0.8155203532793881
0.5632851298162314 0.8155203532793881
0.5673255338566354 0.8155203532793881
0.5713659378970394 0.8155203532793881
0.5754063419374434 0.8155203532793881
0.5794467459778474 0.8155203532793881
0.5834871500182515 0.8155203532793881
0.5875275540586555 0.8155203532793881
0.5915679580990596 0.8155203532793881
0.5956083621394637 0.8155203532793881
0.5996487661798677 0.8155203532793881
0.5390427055738071 0.819560757319792
0.5430831096142111 0.819560757319792
0.5471235136546151 0.819560757319792
0.5511639176950192 0.819560757319792
0.5552043217354232 0.819560757319792
0.5592447257758273 0.819560757319792
0.5632851298162314 0.819560757319792
0.5673255338566354 0.819560757319792
0.5713659378970394 0.819560757319792
0.5754063419374434 0.819560757319792
0.5794467459778474 0.819560757319792
0.5834871500182515 0.819560757319792
0.5875275540586555 0.819560757319792
0.5915679580990596 0.819560757319792
0.5956083621394637 0.819560757319792
0.535002301533403 0.8236011613601961
0.5430831096142111 0.8236011613601961
0.5471235136546151 0.8236011613601961
0.5511639176950192 0.8236011613601961
0.5552043217354232 0.8236011613601961
0.5592447257758273 0.8236011613601961
0.5632851298162314 0.8236011613601961
0.5673255338566354 0.8236011613601961
0.5713659378970394 0.8236011613601961
0.5754063419374434 0.8236011613601961
0.5794467459778474 0.8236011613601961
0.5834871500182515 0.8236011613601961
0.5875275540586555 0.8236011613601961
0.5915679580990596 0.8236011613601961
0.526921493452595 0.8276415654006002
0.535002301533403 0.8276415654006002
0.5390427055738071 0.8276415654006002
0.5430831096142111 0.8276415654006002
0.5471235136546151 0.8276415654006002
0.5511639176950192 0.8276415654006002
0.5552043217354232 0.8276415654006002
0.5592447257758273 0.8276415654006002
0.5632851298162314 0.8276415654006002
0.5673255338566354 0.8276415654006002
0.5713659378970394 0.8276415654006002
0.5754063419374434 0.8276415654006002
0.5794467459778474 0.8276415654006002
0.5834871500182515 0.8276415654006002
0.5188406853717868 0.8316819694410043
0.5228810894121909 0.8316819694410043
0.526921493452595 0.8316819694410043
0.530961897492999 0.8316819694410043
0.535002301533403 0.8316819694410043
0.5390427055738071 0.8316819694410043
0.5430831096142111 0.8316819694410043
0.5471235136546151 0.8316819694410043
0.5511639176950192 0.8316819694410043
0.5552043217354232 0.8316819694410043
0.5592447257758273 0.8316819694410043
0.5632851298162314 0.8316819694410043
0.5673255338566354 0.8316819694410043
0.5713659378970394 0.8316819694410043
0.5754063419374434 0.8316819694410043
0.5794467459778474 0.8316819694410043
0.5228810894121909 0.8357223734814083
0.526921493452595 0.8357223734814083
0.530961897492999 0.8357223734814083
0.535002301533403 0.8357223734814083
0.5390427055738071 0.8357223734814083
0.5430831096142111 0.8357223734814083
0.5471235136546151 0.8357223734814083
0.5511639176950192 0.8357223734814083
0.5552043217354232 0.8357223734814083
0.5592447257758273 0.8357223734814083
0.5632851298162314 0.8357223734814083
0.5673255338566354 0.8357223734814083
0.5713659378970394 0.8357223734814083
0.5754063419374434 0.8357223734814083
0.5148002813313828 0.8397627775218124
0.5188406853717868 0.8397627775218124
0.5228810894121909 0.8397627775218124
0.526921493452595 0.8397627775218124
0.530961897492999 0.8397627775218124
0.535002301533403 0.8397627775218124
0.5390427055738071 0.8397627775218124
0.5430831096142111 0.8397627775218124
0.5471235136546151 0.8397627775218124
0.5511639176950192 0.8397627775218124
0.5552043217354232 0.8397627775218124
0.5592447257758273 0.8397627775218124
0.5632851298162314 0.8397627775218124
0.5673255338566354 0.8397627775218124
0.4986386651697666 0.8438031815622163
0.5026790692101707 0.8438031815622163
0.5067194732505748 0.8438031815622163
0.5107598772909787 0.8438031815622163
0.5148002813313828 0.8438031815622163
0.5188406853717868 0.8438031815622163
0.5228810894121909 0.8438031815622163
0.526921493452595 0.8438031815622163
0.530961897492999 0.8438031815622163
0.535002301533403 0.8438031815622163
0.5390427055738071 0.8438031815622163
0.5430831096142111 0.8438031815622163
0.5471235136546151 0.8438031815622163
0.5511639176950192 0.8438031815622163
0.5552043217354232 0.8438031815622163
0.5592447257758273 0.8438031815622163
0.5632851298162314 0.8438031815622163
0.5026790692101707 0.8478435856026204
0.5067194732505748 0.8478435856026204
0.5107598772909787 0.8478435856026204
0.5148002813313828 0.8478435856026204
0.5188406853717868 0.8478435856026204
0.5228810894121909 0.8478435856026204
0.526921493452595 0.8478435856026204
0.530961897492999 0.8478435856026204
0.535002301533403 0.8478435856026204
0.5390427055738071 0.8478435856026204
0.5430831096142111 0.8478435856026204
0.5471235136546151 0.8478435856026204
0.5511639176950192 0.8478435856026204
0.5552043217354232 0.8478435856026204
0.4905578570889586 0.8518839896430245
0.4945982611293626 0.8518839896430245
0.4986386651697666 0.8518839896430245
0.5026790692101707 0.8518839896430245
0.5067194732505748 0.8518839896430245
0.5107598772909787 0.8518839896430245
0.5148002813313828 0.8518839896430245
0.5188406853717868 0.8518839896430245
0.5228810894121909 0.8518839896430245
0.526921493452595 0.8518839896430245
0.530961897492999 0.8518839896430245
0.535002301533403 0.8518839896430245
0.5390427055738071 0.8518839896430245
0.5430831096142111 0.8518839896430245
0.5471235136546151 0.8518839896430245
0.5511639176950192 0.8518839896430245
0.48651745304855454 0.8559243936834284
0.4905578570889586 0.8559243936834284
0.4945982611293626 0.8559243936834284
0.4986386651697666 0.8559243936834284
0.5026790692101707 0.8559243936834284
0.5067194732505748 0.8559243936834284
0.5107598772909787 0.8559243936834284
0.5148002813313828 0.8559243936834284
0.5188406853717868 0.8559243936834284
0.5228810894121909 0.8559243936834284
0.526921493452595 0.8559243936834284
0.530961897492999 0.8559243936834284
0.535002301533403 0.8559243936834284
0.5390427055738071 0.8559243936834284
0.5430831096142111 0.8559243936834284
0.47439624092734245 0.8599647977238325
0.47843664496774646 0.8599647977238325
0.48247704900815047 0.8599647977238325
0.48651745304855454 0.8599647977238325
0.4905578570889586 0.8599647977238325
0.4945982611293626 0.8599647977238325
0.4986386651697666 0.8599647977238325
0.5026790692101707 0.8599647977238325
0.5067194732505748 0.8599647977238325
0.5107598772909787 0.8599647977238325
0.5148002813313828 0.8599647977238325
0.5188406853717868 0.8599647977238325
0.5228810894121909 0.8599647977238325
0.526921493452595 0.8599647977238325
0.530961897492999 0.8599647977238325
0.535002301533403 0.8599647977238325
0.5390427055738071 0.8599647977238325
0.4622750288061303 0.8640052017642366
0.47439624092734245 0.8640052017642366
0.47843664496774646 0.8640052017642366
0.48247704900815047 0.8640052017642366
0.48651745304855454 0.8640052017642366
0.4905578570889586 0.8640052017642366
0.4945982611293626 0.8640052017642366
0.4986386651697666 0.8640052017642366
0.5026790692101707 0.8640052017642366
0.5067194732505748 0.8640052017642366
0.5107598772909787 0.8640052017642366
0.5148002813313828 0.8640052017642366
0.5188406853717868 0.8640052017642366
0.5228810894121909 0.8640052017642366
0.526921493452595 0.8640052017642366
0.530961897492999 0.8640052017642366
0.4663154328465343 0.8680456058046406
0.4703558368869384 0.8680456058046406
0.47439624092734245 0.8680456058046406
0.47843664496774646 0.8680456058046406
0.48247704900815047 0.8680456058046406
0.48651745304855454 0.8680456058046406
0.4905578570889586 0.8680456058046406
0.4945982611293626 0.8680456058046406
0.4986386651697666 0.8680456058046406
0.5026790692101707 0.8680456058046406
0.5067194732505748 0.8680456058046406
0.5107598772909787 0.8680456058046406
0.5148002813313828 0.8680456058046406
0.5188406853717868 0.8680456058046406
0.5228810894121909 0.8680456058046406
0.526921493452595 0.8680456058046406
0.45419422072532223 0.8720860098450447
0.45823462476572624 0.8720860098450447
0.4622750288061303 0.8720860098450447
0.4663154328465343 0.8720860098450447
0.4703558368869384 0.8720860098450447
0.47439624092734245 0.8720860098450447
0.47843664496774646 0.8720860098450447
0.48247704900815047 0.8720860098450447
0.48651745304855454 0.8720860098450447
0.4905578570889586 0.8720860098450447
0.4945982611293626 0.8720860098450447
0.4986386651697666 0.8720860098450447
0.5026790692101707 0.8720860098450447
0.5067194732505748 0.8720860098450447
0.5107598772909787 0.8720860098450447
0.5148002813313828 0.8720860098450447
0.5188406853717868 0.8720860098450447
0.4461134126445141 0.8761264138854487
0.45015381668491816 0.8761264138854487
0.45419422072532223 0.8761264138854487
0.45823462476572624 0.8761264138854487
0.4622750288061303 0.8761264138854487
0.4663154328465343 0.8761264138854487
0.4703558368869384 0.8761264138854487
0.47439624092734245 0.8761264138854487
0.47843664496774646 0.8761264138854487
0.48247704900815047 0.8761264138854487
0.48651745304855454 0.8761264138854487
0.4905578570889586 0.8761264138854487
0.4945982611293626 0.8761264138854487
0.4986386651697666 0.8761264138854487
0.5026790692101707 0.8761264138854487
0.5067194732505748 0.8761264138854487
0.5107598772909787 0.8761264138854487
0.4420730086041101 0.8801668179258527
0.4461134126445141 0.8801668179258527
0.45015381668491816 0.8801668179258527
0.45419422072532223 0.8801668179258527
0.45823462476572624 0.8801668179258527
0.4622750288061303 0.8801668179258527
0.4663154328465343 0.8801668179258527
0.4703558368869384 0.8801668179258527
0.47439624092734245 0.8801668179258527
0.47843664496774646 0.8801668179258527
0.48247704900815047 0.8801668179258527
0.48651745304855454 0.8801668179258527
0.4905578570889586 0.8801668179258527
0.4945982611293626 0.8801668179258527
0.4986386651697666 0.8801668179258527
0.5026790692101707 0.8801668179258527
0.5067194732505748 0.8801668179258527
0.42995179648289794 0.8842072219662568
0.433992200523302 0.8842072219662568
0.4380326045637061 0.8842072219662568
0.4420730086041101 0.8842072219662568
0.4461134126445141 0.8842072219662568
0.45015381668491816 0.8842072219662568
0.45419422072532223 0.8842072219662568
0.45823462476572624 0.8842072219662568
0.4622750288061303 0.8842072219662568
0.4663154328465343 0.8842072219662568
0.4703558368869384 0.8842072219662568
0.47439624092734245 0.8842072219662568
0.47843664496774646 0.8842072219662568
0.48247704900815047 0.8842072219662568
0.48651745304855454 0.8842072219662568
0.4905578570889586 0.8842072219662568
0.4945982611293626 0.8842072219662568
0.4986386651697666 0.8842072219662568
0.4137901803212818 0.8882476260066607
0.4218709884020899 0.8882476260066607
0.42591139244249393 0.8882476260066607
0.42995179648289794 0.8882476260066607
0.433992200523302 0.8882476260066607
0.4380326045637061 0.8882476260066607
0.4420730086041101 0.8882476260066607
0.4461134126445141 0.8882476260066607
0.45015381668491816 0.8882476260066607
0.45419422072532223 0.8882476260066607
0.45823462476572624 0.8882476260066607
0.4622750288061303 0.8882476260066607
0.4663154328465343 0.8882476260066607
0.4703558368869384 0.8882476260066607
0.47439624092734245 0.8882476260066607
0.47843664496774646 0.8882476260066607
0.48247704900815047 0.8882476260066607
0.48651745304855454 0.8882476260066607
0.4905578570889586 0.8882476260066607
0.41783058436168585 0.8922880300470648
0.4218709884020899 0.8922880300470648
0.42591139244249393 0.8922880300470648
0.42995179648289794 0.8922880300470648
0.433992200523302 0.8922880300470648
0.4380326045637061 0.8922880300470648
0.4420730086041101 0.8922880300470648
0.4461134126445141 0.8922880300470648
0.45015381668491816 0.8922880300470648
0.45419422072532223 0.8922880300470648
0.45823462476572624 0.8922880300470648
0.4622750288061303 0.8922880300470648
0.4663154328465343 0.8922880300470648
0.4703558368869384 0.8922880300470648
0.47439624092734245 0.8922880300470648
0.47843664496774646 0.8922880300470648
0.48247704900815047 0.8922880300470648
0.4016689682000697 0.8963284340874689
0.4057093722404737 0.8963284340874689
0.4097497762808778 0.8963284340874689
0.4137901803212818 0.8963284340874689
0.41783058436168585 0.8963284340874689
0.4218709884020899 0.8963284340874689
0.42591139244249393 0.8963284340874689
0.42995179648289794 0.8963284340874689
0.433992200523302 0.8963284340874689
0.4380326045637061 0.8963284340874689
0.4420730086041101 0.8963284340874689
0.4461134126445141 0.8963284340874689
0.45015381668491816 0.8963284340874689
0.45419422072532223 0.8963284340874689
0.45823462476572624 0.8963284340874689
0.4622750288061303 0.8963284340874689
0.4663154328465343 0.8963284340874689
0.4703558368869384 0.8963284340874689
0.47439624092734245 0.8963284340874689
0.39762856415966563 0.9003688381278729
0.4016689682000697 0.9003688381278729
0.4057093722404737 0.9003688381278729
0.4097497762808778 0.9003688381278729
0.4137901803212818 0.9003688381278729
0.41783058436168585 0.9003688381278729
0.4218709884020899 0.9003688381278729
0.42591139244249393 0.9003688381278729
0.42995179648289794 0.9003688381278729
0.433992200523302 0.9003688381278729
0.4380326045637061 0.9003688381278729
0.4420730086041101 0.9003688381278729
0.4461134126445141 0.9003688381278729
0.45015381668491816 0.9003688381278729
0.45419422072532223 0.9003688381278729
0.45823462476572624 0.9003688381278729
0.4622750288061303 0.9003688381278729
0.4663154328465343 0.9003688381278729
0.4703558368869384 0.9003688381278729
0.38954775607885755 0.904409242168277
0.3935881601192616 0.904409242168277
0.39762856415966563 0.904409242168277
0.4016689682000697 0.904409242168277
0.4057093722404737 0.904409242168277
0.4097497762808778 0.904409242168277
0.4137901803212818 0.904409242168277
0.41783058436168585 0.904409242168277
0.4218709884020899 0.904409242168277
0.42591139244249393 0.904409242168277
0.42995179648289794 0.904409242168277
0.433992200523302 0.904409242168277
0.4380326045637061 0.904409242168277
0.4420730086041101 0.904409242168277
0.4461134126445141 0.904409242168277
0.45015381668491816 0.904409242168277
0.45419422072532223 0.904409242168277
0.45823462476572624 0.904409242168277
0.4622750288061303 0.904409242168277
0.3693457358768374 0.9084496462086811
0.3733861399172414 0.9084496462086811
0.3774265439576454 0.9084496462086811
0.3814669479980495 0.9084496462086811
0.38550735203845354 0.9084496462086811
0.38954775607885755 0.9084496462086811
0.3935881601192616 0.9084496462086811
0.39762856415966563 0.9084496462086811
0.4016689682000697 0.9084496462086811
0.4057093722404737 0.9084496462086811
0.4097497762808778 0.9084496462086811
0.4137901803212818 0.9084496462086811
0.41783058436168585 0.9084496462086811
0.4218709884020899 0.9084496462086811
0.42591139244249393 0.9084496462086811
0.42995179648289794 0.9084496462086811
0.433992200523302 0.9084496462086811
0.4380326045637061 0.9084496462086811
0.4420730086041101 0.9084496462086811
0.4461134126445141 0.9084496462086811
0.45015381668491816 0.9084496462086811
0.45419422072532223 0.9084496462086811
0.35722452375562525 0.912490050249085
0.3653053318364333 0.912490050249085
0.3693457358768374 0.912490050249085
0.3733861399172414 0.912490050249085
0.3774265439576454 0.912490050249085
0.3814669479980495 0.912490050249085
0.38550735203845354 0.912490050249085
0.38954775607885755 0.912490050249085
0.3935881601192616 0.912490050249085
0.39762856415966563 0.912490050249085
0.4016689682000697 0.912490050249085
0.4057093722404737 0.912490050249085
0.4097497762808778 0.912490050249085
0.4137901803212818 0.912490050249085
0.41783058436168585 0.912490050249085
0.4218709884020899 0.912490050249085
0.42591139244249393 0.912490050249085
0.42995179648289794 0.912490050249085
0.433992200523302 0.912490050249085
0.4380326045637061 0.912490050249085
0.4420730086041101 0.912490050249085
0.4461134126445141 0.912490050249085
0.35318411971522123 0.9165304542894891
0.35722452375562525 0.9165304542894891
0.36126492779602926 0.9165304542894891
0.3653053318364333 0.9165304542894891
0.3693457358768374 0.9165304542894891
0.3733861399172414 0.9165304542894891
0.3774265439576454 0.9165304542894891
0.3814669479980495 0.9165304542894891
0.38550735203845354 0.9165304542894891
0.38954775607885755 0.9165304542894891
0.3935881601192616 0.9165304542894891
0.39762856415966563 0.9165304542894891
0.4016689682000697 0.9165304542894891
0.4057093722404737 0.9165304542894891
0.4097497762808778 0.9165304542894891
0.4137901803212818 0.9165304542894891
0.41783058436168585 0.9165304542894891
0.4218709884020899 0.9165304542894891
0.42591139244249393 0.9165304542894891
0.42995179648289794 0.9165304542894891
0.433992200523302 0.9165304542894891
0.34914371567481717 0.920570858329893
0.35722452375562525 0.920570858329893
0.36126492779602926 0.920570858329893
0.3653053318364333 0.920570858329893
0.3693457358768374 0.920570858329893
0.3733861399172414 0.920570858329893
0.3774265439576454 0.920570858329893
0.3814669479980495 0.920570858329893
0.38550735203845354 0.920570858329893
0.38954775607885755 0.920570858329893
0.3935881601192616 0.920570858329893
0.39762856415966563 0.920570858329893
0.4016689682000697 0.920570858329893
0.4057093722404737 0.920570858329893
0.4097497762808778 0.920570858329893
0.4137901803212818 0.920570858329893
0.41783058436168585 0.920570858329893
0.4218709884020899 0.920570858329893
0.337022503553605 0.9246112623702971
0.3410629075940091 0.9246112623702971
0.3451033116344131 0.9246112623702971
0.34914371567481717 0.9246112623702971
0.35318411971522123 0.9246112623702971
0.35722452375562525 0.9246112623702971
0.36126492779602926 0.9246112623702971
0.3653053318364333 0.9246112623702971
0.3693457358768374 0.9246112623702971
0.3733861399172414 0.9246112623702971
0.3774265439576454 0.9246112623702971
0.3814669479980495 0.9246112623702971
0.38550735203845354 0.9246112623702971
0.38954775607885755 0.9246112623702971
0.3935881601192616 0.9246112623702971
0.39762856415966563 0.9246112623702971
0.4016689682000697 0.9246112623702971
0.4057093722404737 0.9246112623702971
0.4097497762808778 0.9246112623702971
0.4137901803212818 0.9246112623702971
0.32490129143239294 0.9286516664107012
0.32894169547279695 0.9286516664107012
0.332982099513201 0.9286516664107012
0.337022503553605 0.9286516664107012
0.3410629075940091 0.9286516664107012
0.3451033116344131 0.9286516664107012
0.34914371567481717 0.9286516664107012
0.35318411971522123 0.9286516664107012
0.35722452375562525 0.9286516664107012
0.36126492779602926 0.9286516664107012
0.3653053318364333 0.9286516664107012
0.3693457358768374 0.9286516664107012
0.3733861399172414 0.9286516664107012
0.3774265439576454 0.9286516664107012
0.3814669479980495 0.9286516664107012
0.38550735203845354 0.9286516664107012
0.38954775607885755 0.9286516664107012
0.3935881601192616 0.9286516664107012
0.39762856415966563 0.9286516664107012
0.4016689682000697 0.9286516664107012
0.4097497762808778 0.9286516664107012
0.4137901803212818 0.9286516664107012
0.3127800793111808 0.9326920704511052
0.31682048335158486 0.9326920704511052
0.32086088739198887 0.9326920704511052
0.32490129143239294 0.9326920704511052
0.32894169547279695 0.9326920704511052
0.332982099513201 0.9326920704511052
0.337022503553605 0.9326920704511052
0.3410629075940091 0.9326920704511052
0.3451033116344131 0.9326920704511052
0.34914371567481717 0.9326920704511052
0.35318411971522123 0.9326920704511052
0.35722452375562525 0.9326920704511052
0.36126492779602926 0.9326920704511052
0.3653053318364333 0.9326920704511052
0.3693457358768374 0.9326920704511052
0.3733861399172414 0.9326920704511052
0.3774265439576454 0.9326920704511052
0.3814669479980495 0.9326920704511052
0.38550735203845354 0.9326920704511052
0.38954775607885755 0.9326920704511052
0.3935881601192616 0.9326920704511052
0.3006588671899687 0.9367324744915093
0.3046992712303727 0.9367324744915093
0.3087396752707767 0.9367324744915093
0.3127800793111808 0.9367324744915093
0.31682048335158486 0.9367324744915093
0.32086088739198887 0.9367324744915093
0.32490129143239294 0.9367324744915093
0.32894169547279695 0.9367324744915093
0.332982099513201 0.9367324744915093
0.337022503553605 0.9367324744915093
0.3410629075940091 0.9367324744915093
0.3451033116344131 0.9367324744915093
0.34914371567481717 0.9367324744915093
0.35318411971522123 0.9367324744915093
0.35722452375562525 0.9367324744915093
0.36126492779602926 0.9367324744915093
0.3653053318364333 0.9367324744915093
0.3693457358768374 0.9367324744915093
0.3733861399172414 0.9367324744915093
0.3774265439576454 0.9367324744915093
0.3814669479980495 0.9367324744915093
0.38550735203845354 0.9367324744915093
0.29661846314956464 0.9407728785319134
0.3006588671899687 0.9407728785319134
0.3046992712303727 0.9407728785319134
0.3087396752707767 0.9407728785319134
0.3127800793111808 0.9407728785319134
0.31682048335158486 0.9407728785319134
0.32086088739198887 0.9407728785319134
0.32490129143239294 0.9407728785319134
0.32894169547279695 0.9407728785319134
0.332982099513201 0.9407728785319134
0.337022503553605 0.9407728785319134
0.3410629075940091 0.9407728785319134
0.3451033116344131 0.9407728785319134
0.34914371567481717 0.9407728785319134
0.35318411971522123 0.9407728785319134
0.35722452375562525 0.9407728785319134
0.36126492779602926 0.9407728785319134
0.3653053318364333 0.9407728785319134
0.3693457358768374 0.9407728785319134
0.29661846314956464 0.9448132825723174
0.3006588671899687 0.9448132825723174
0.3046992712303727 0.9448132825723174
0.3087396752707767 0.9448132825723174
0.3127800793111808 0.9448132825723174
0.31682048335158486 0.9448132825723174
0.32086088739198887 0.9448132825723174
0.32490129143239294 0.9448132825723174
0.32894169547279695 0.9448132825723174
0.332982099513201 0.9448132825723174
0.337022503553605 0.9448132825723174
0.3410629075940091 0.9448132825723174
0.3451033116344131 0.9448132825723174
0.34914371567481717 0.9448132825723174
0.35318411971522123 0.9448132825723174
0.35722452375562525 0.9448132825723174
0.3653053318364333 0.9448132825723174
0.3693457358768374 0.9448132825723174
0.3733861399172414 0.9448132825723174
0.29661846314956464 0.9488536866127214
0.3006588671899687 0.9488536866127214
0.3046992712303727 0.9488536866127214
0.3087396752707767 0.9488536866127214
0.3127800793111808 0.9488536866127214
0.31682048335158486 0.9488536866127214
0.32086088739198887 0.9488536866127214
0.32490129143239294 0.9488536866127214
0.32894169547279695 0.9488536866127214
0.332982099513201 0.9488536866127214
0.337022503553605 0.9488536866127214
0.3410629075940091 0.9488536866127214
0.3451033116344131 0.9488536866127214
0.35722452375562525 0.9488536866127214
0.3693457358768374 0.9488536866127214
0.29661846314956464 0.9528940906531255
0.3006588671899687 0.9528940906531255
0.3046992712303727 0.9528940906531255
0.3087396752707767 0.9528940906531255
0.3127800793111808 0.9528940906531255
0.31682048335158486 0.9528940906531255
0.32086088739198887 0.9528940906531255
0.32490129143239294 0.9528940906531255
0.32894169547279695 0.9528940906531255
0.332982099513201 0.9528940906531255
0.337022503553605 0.9528940906531255
0.3451033116344131 0.9528940906531255
0.29661846314956464 0.9569344946935294
0.3006588671899687 0.9569344946935294
0.3046992712303727 0.9569344946935294
0.3087396752707767 0.9569344946935294
0.3127800793111808 0.9569344946935294
0.31682048335158486 0.9569344946935294
0.32086088739198887 0.9569344946935294
0.32490129143239294 0.9569344946935294
0.32894169547279695 0.9569344946935294
0.35318411971522123 0.9569344946935294
0.29661846314956464 0.9609748987339335
0.3006588671899687 0.9609748987339335
0.3046992712303727 0.9609748987339335
0.3087396752707767 0.9609748987339335
0.3127800793111808 0.9609748987339335
0.29661846314956464 0.9650153027743376
0.3006588671899687 0.9650153027743376
0.3087396752707767 0.9650153027743376
