# x y
0.6635843227717715 0.7629951007541356
0.6353014944889431 0.7872375249965597
0.5948974540849028 0.8316819694410043
0.5787358379232865 0.8438031815622163
0.5302509894384381 0.8761264138854487
0.47368533287278153 0.9084496462086811
0.417119676307125 0.9246112623702971
0.40903886822631685 0.9286516664107012
0.3847964439838926 0.9326920704511052
0.36459442378187246 0.9407728785319134
0.3807560399434886 0.9407728785319134
0.3605540197414684 0.9488536866127214
0.32014997933742795 0.9569344946935294
0.30802876721621586 0.9609748987339335
0.36459442378187246 0.9609748987339335
