# x y
0.6797701076810199 0.7468334845925194
0.6676488955598078 0.7549142926733274
0.6434064713173835 0.7791567169157517
0.6595680874789998 0.7791567169157517
0.6312852591961715 0.803399141158176
0.5989620268729391 0.811479949238984
0.5989620268729391 0.8155203532793881
0.6110832389941512 0.819560757319792
0.5383559662668785 0.8518839896430245
0.5060327339436461 0.8720860098450447
0.5019923299032422 0.8801668179258527
0.4777499056608179 0.8882476260066607
0.4656286935396058 0.9003688381278729
0.48987111778203 0.9003688381278729
0.3605781884891007 0.9488536866127214
