# x y
0.6992427561418677 0.702389040148075
0.6952023521014636 0.706429444188479
0.6992427561418677 0.706429444188479
0.6911619480610596 0.710469848228883
0.6952023521014636 0.710469848228883
0.6992427561418677 0.710469848228883
0.6871215440206555 0.7145102522692871
0.6911619480610596 0.7145102522692871
0.6952023521014636 0.7145102522692871
0.6992427561418677 0.7145102522692871
0.6830811399802514 0.7185506563096911
0.6871215440206555 0.7185506563096911
0.6911619480610596 0.7185506563096911
0.6952023521014636 0.7185506563096911
0.6992427561418677 0.7185506563096911
0.6750003318994433 0.7225910603500951
0.6790407359398474 0.7225910603500951
0.6830811399802514 0.7225910603500951
0.6871215440206555 0.7225910603500951
0.6911619480610596 0.7225910603500951
0.6952023521014636 0.7225910603500951
0.6992427561418677 0.7225910603500951
0.6709599278590394 0.7266314643904992
0.6750003318994433 0.7266314643904992
0.6790407359398474 0.7266314643904992
0.6830811399802514 0.7266314643904992
0.6871215440206555 0.7266314643904992
0.6911619480610596 0.7266314643904992
0.6952023521014636 0.7266314643904992
0.6992427561418677 0.7266314643904992
0.6669195238186353 0.7306718684309033
0.6709599278590394 0.7306718684309033
0.6750003318994433 0.7306718684309033
0.6790407359398474 0.7306718684309033
0.6830811399802514 0.7306718684309033
0.6871215440206555 0.7306718684309033
0.6911619480610596 0.7306718684309033
0.6952023521014636 0.7306718684309033
0.6628791197782313 0.7347122724713073
0.6669195238186353 0.7347122724713073
0.6709599278590394 0.7347122724713073
0.6750003318994433 0.7347122724713073
0.6790407359398474 0.7347122724713073
0.6830811399802514 0.7347122724713073
0.6871215440206555 0.7347122724713073
0.6911619480610596 0.7347122724713073
0.6588387157378273 0.7387526765117113
0.6628791197782313 0.7387526765117113
0.6669195238186353 0.7387526765117113
0.6709599278590394 0.7387526765117113
0.6750003318994433 0.7387526765117113
0.6790407359398474 0.7387526765117113
0.6830811399802514 0.7387526765117113
0.6871215440206555 0.7387526765117113
0.6547983116974232 0.7427930805521153
0.6588387157378273 0.7427930805521153
0.6628791197782313 0.7427930805521153
0.6669195238186353 0.7427930805521153
0.6709599278590394 0.7427930805521153
0.6750003318994433 0.7427930805521153
0.6790407359398474 0.7427930805521153
0.6830811399802514 0.7427930805521153
0.6507579076570191 0.7468334845925194
0.6547983116974232 0.7468334845925194
0.6588387157378273 0.7468334845925194
0.6628791197782313 0.7468334845925194
0.6669195238186353 0.7468334845925194
0.6709599278590394 0.7468334845925194
0.6750003318994433 0.7468334845925194
0.6790407359398474 0.7468334845925194
0.6467175036166151 0.7508738886329235
0.6507579076570191 0.7508738886329235
0.6547983116974232 0.7508738886329235
0.6588387157378273 0.7508738886329235
0.6628791197782313 0.7508738886329235
0.6669195238186353 0.7508738886329235
0.6709599278590394 0.7508738886329235
0.6750003318994433 0.7508738886329235
0.638636695535807 0.7549142926733274
0.642677099576211 0.7549142926733274
0.6467175036166151 0.7549142926733274
0.6507579076570191 0.7549142926733274
0.6547983116974232 0.7549142926733274
0.6588387157378273 0.7549142926733274
0.6628791197782313 0.7549142926733274
0.6669195238186353 0.7549142926733274
0.634596291495403 0.7589546967137315
0.638636695535807 0.7589546967137315
0.642677099576211 0.7589546967137315
0.6467175036166151 0.7589546967137315
0.6507579076570191 0.7589546967137315
0.6547983116974232 0.7589546967137315
0.6588387157378273 0.7589546967137315
0.6628791197782313 0.7589546967137315
0.630555887454999 0.7629951007541356
0.634596291495403 0.7629951007541356
0.638636695535807 0.7629951007541356
0.642677099576211 0.7629951007541356
0.6467175036166151 0.7629951007541356
0.6507579076570191 0.7629951007541356
0.6547983116974232 0.7629951007541356
0.6588387157378273 0.7629951007541356
0.626515483414595 0.7670355047945396
0.630555887454999 0.7670355047945396
0.634596291495403 0.7670355047945396
0.638636695535807 0.7670355047945396
0.642677099576211 0.7670355047945396
0.6467175036166151 0.7670355047945396
0.6507579076570191 0.7670355047945396
0.6547983116974232 0.7670355047945396
0.6184346753337868 0.7710759088349436
0.6224750793741909 0.7710759088349436
0.626515483414595 0.7710759088349436
0.630555887454999 0.7710759088349436
0.634596291495403 0.7710759088349436
0.638636695535807 0.7710759088349436
0.642677099576211 0.7710759088349436
0.6467175036166151 0.7710759088349436
0.6507579076570191 0.7710759088349436
0.6143942712933828 0.7751163128753477
0.6184346753337868 0.7751163128753477
0.6224750793741909 0.7751163128753477
0.626515483414595 0.7751163128753477
0.630555887454999 0.7751163128753477
0.634596291495403 0.7751163128753477
0.638636695535807 0.7751163128753477
0.642677099576211 0.7751163128753477
0.6467175036166151 0.7751163128753477
0.6103538672529787 0.7791567169157517
0.6143942712933828 0.7791567169157517
0.6184346753337868 0.7791567169157517
0.6224750793741909 0.7791567169157517
0.626515483414595 0.7791567169157517
0.630555887454999 0.7791567169157517
0.634596291495403 0.7791567169157517
0.638636695535807 0.7791567169157517
0.642677099576211 0.7791567169157517
0.6063134632125746 0.7831971209561558
0.6103538672529787 0.7831971209561558
0.6143942712933828 0.7831971209561558
0.6184346753337868 0.7831971209561558
0.6224750793741909 0.7831971209561558
0.626515483414595 0.7831971209561558
0.630555887454999 0.7831971209561558
0.634596291495403 0.7831971209561558
0.5982326551317666 0.7872375249965597
0.6022730591721707 0.7872375249965597
0.6063134632125746 0.7872375249965597
0.6103538672529787 0.7872375249965597
0.6143942712933828 0.7872375249965597
0.6184346753337868 0.7872375249965597
0.6224750793741909 0.7872375249965597
0.626515483414595 0.7872375249965597
0.630555887454999 0.7872375249965597
0.5941922510913626 0.7912779290369638
0.5982326551317666 0.7912779290369638
0.6022730591721707 0.7912779290369638
0.6063134632125746 0.7912779290369638
0.6103538672529787 0.7912779290369638
0.6143942712933828 0.7912779290369638
0.6184346753337868 0.7912779290369638
0.6224750793741909 0.7912779290369638
0.626515483414595 0.7912779290369638
0.5901518470509586 0.7953183330773679
0.5941922510913626 0.7953183330773679
0.5982326551317666 0.7953183330773679
0.6022730591721707 0.7953183330773679
0.6063134632125746 0.7953183330773679
0.6103538672529787 0.7953183330773679
0.6143942712933828 0.7953183330773679
0.6184346753337868 0.7953183330773679
0.6224750793741909 0.7953183330773679
0.5820710389701504 0.799358737117772
0.5861114430105545 0.799358737117772
0.5901518470509586 0.799358737117772
0.5941922510913626 0.799358737117772
0.5982326551317666 0.799358737117772
0.6022730591721707 0.799358737117772
0.6063134632125746 0.799358737117772
0.6103538672529787 0.799358737117772
0.6143942712933828 0.799358737117772
0.5780306349297464 0.803399141158176
0.5820710389701504 0.803399141158176
0.5861114430105545 0.803399141158176
0.5901518470509586 0.803399141158176
0.5941922510913626 0.803399141158176
0.5982326551317666 0.803399141158176
0.6022730591721707 0.803399141158176
0.6063134632125746 0.803399141158176
0.6103538672529787 0.803399141158176
0.5699498268489384 0.80743954519858
0.5739902308893423 0.80743954519858
0.5780306349297464 0.80743954519858
0.5820710389701504 0.80743954519858
0.5861114430105545 0.80743954519858
0.5901518470509586 0.80743954519858
0.5941922510913626 0.80743954519858
0.5982326551317666 0.80743954519858
0.6022730591721707 0.80743954519858
0.6063134632125746 0.80743954519858
0.5659094228085343 0.811479949238984
0.5699498268489384 0.811479949238984
0.5739902308893423 0.811479949238984
0.5780306349297464 0.811479949238984
0.5820710389701504 0.811479949238984
0.5861114430105545 0.811479949238984
0.5901518470509586 0.811479949238984
0.5941922510913626 0.811479949238984
0.5982326551317666 0.811479949238984
0.5618690187681303 0.8155203532793881
0.5659094228085343 0.8155203532793881
0.5699498268489384 0.8155203532793881
0.5739902308893423 0.8155203532793881
0.5780306349297464 0.8155203532793881
0.5820710389701504 0.8155203532793881
0.5861114430105545 0.8155203532793881
0.5901518470509586 0.8155203532793881
0.5941922510913626 0.8155203532793881
0.5537882106873222 0.819560757319792
0.5578286147277263 0.819560757319792
0.5618690187681303 0.819560757319792
0.5659094228085343 0.819560757319792
0.5699498268489384 0.819560757319792
0.5739902308893423 0.819560757319792
0.5780306349297464 0.819560757319792
0.5820710389701504 0.819560757319792
0.5861114430105545 0.819560757319792
0.5901518470509586 0.819560757319792
0.5497478066469181 0.8236011613601961
0.5537882106873222 0.8236011613601961
0.5578286147277263 0.8236011613601961
0.5618690187681303 0.8236011613601961
0.5659094228085343 0.8236011613601961
0.5699498268489384 0.8236011613601961
0.5739902308893423 0.8236011613601961
0.5780306349297464 0.8236011613601961
0.5820710389701504 0.8236011613601961
0.54166699856611 0.8276415654006002
0.5457074026065141 0.8276415654006002
0.5497478066469181 0.8276415654006002
0.5537882106873222 0.8276415654006002
0.5578286147277263 0.8276415654006002
0.5618690187681303 0.8276415654006002
0.5659094228085343 0.8276415654006002
0.5699498268489384 0.8276415654006002
0.5739902308893423 0.8276415654006002
0.5780306349297464 0.8276415654006002
0.537626594525706 0.8316819694410043
0.54166699856611 0.8316819694410043
0.5457074026065141 0.8316819694410043
0.5497478066469181 0.8316819694410043
0.5537882106873222 0.8316819694410043
0.5578286147277263 0.8316819694410043
0.5618690187681303 0.8316819694410043
0.5659094228085343 0.8316819694410043
0.5699498268489384 0.8316819694410043
0.5295457864448979 0.8357223734814083
0.533586190485302 0.8357223734814083
0.537626594525706 0.8357223734814083
0.54166699856611 0.8357223734814083
0.5457074026065141 0.8357223734814083
0.5497478066469181 0.8357223734814083
0.5537882106873222 0.8357223734814083
0.5578286147277263 0.8357223734814083
0.5618690187681303 0.8357223734814083
0.5659094228085343 0.8357223734814083
0.525505382404494 0.8397627775218124
0.5295457864448979 0.8397627775218124
0.533586190485302 0.8397627775218124
0.537626594525706 0.8397627775218124
0.54166699856611 0.8397627775218124
0.5457074026065141 0.8397627775218124
0.5497478066469181 0.8397627775218124
0.5537882106873222 0.8397627775218124
0.5578286147277263 0.8397627775218124
0.5618690187681303 0.8397627775218124
0.5174245743236858 0.8438031815622163
0.5214649783640899 0.8438031815622163
0.525505382404494 0.8438031815622163
0.5295457864448979 0.8438031815622163
0.533586190485302 0.8438031815622163
0.537626594525706 0.8438031815622163
0.54166699856611 0.8438031815622163
0.5457074026065141 0.8438031815622163
0.5497478066469181 0.8438031815622163
0.5537882106873222 0.8438031815622163
0.5093437662428777 0.8478435856026204
0.5133841702832818 0.8478435856026204
0.5174245743236858 0.8478435856026204
0.5214649783640899 0.8478435856026204
0.525505382404494 0.8478435856026204
0.5295457864448979 0.8478435856026204
0.533586190485302 0.8478435856026204
0.537626594525706 0.8478435856026204
0.54166699856611 0.8478435856026204
0.5457074026065141 0.8478435856026204
0.5497478066469181 0.8478435856026204
0.5012629581620697 0.8518839896430245
0.5053033622024736 0.8518839896430245
0.5093437662428777 0.8518839896430245
0.5133841702832818 0.8518839896430245
0.5174245743236858 0.8518839896430245
0.5214649783640899 0.8518839896430245
0.525505382404494 0.8518839896430245
0.5295457864448979 0.8518839896430245
0.533586190485302 0.8518839896430245
0.537626594525706 0.8518839896430245
0.54166699856611 0.8518839896430245
0.4972225541216656 0.8559243936834284
0.5012629581620697 0.8559243936834284
0.5053033622024736 0.8559243936834284
0.5093437662428777 0.8559243936834284
0.5133841702832818 0.8559243936834284
0.5174245743236858 0.8559243936834284
0.5214649783640899 0.8559243936834284
0.525505382404494 0.8559243936834284
0.5295457864448979 0.8559243936834284
0.533586190485302 0.8559243936834284
0.48914174604085753 0.8599647977238325
0.49318215008126154 0.8599647977238325
0.4972225541216656 0.8599647977238325
0.5012629581620697 0.8599647977238325
0.5053033622024736 0.8599647977238325
0.5093437662428777 0.8599647977238325
0.5133841702832818 0.8599647977238325
0.5174245743236858 0.8599647977238325
0.5214649783640899 0.8599647977238325
0.525505382404494 0.8599647977238325
0.5295457864448979 0.8599647977238325
0.48106093796004945 0.8640052017642366
0.4851013420004535 0.8640052017642366
0.48914174604085753 0.8640052017642366
0.49318215008126154 0.8640052017642366
0.4972225541216656 0.8640052017642366
0.5012629581620697 0.8640052017642366
0.5053033622024736 0.8640052017642366
0.5093437662428777 0.8640052017642366
0.5133841702832818 0.8640052017642366
0.5174245743236858 0.8640052017642366
0.5214649783640899 0.8640052017642366
0.4729801298792414 0.8680456058046406
0.4770205339196454 0.8680456058046406
0.48106093796004945 0.8680456058046406
0.4851013420004535 0.8680456058046406
0.48914174604085753 0.8680456058046406
0.49318215008126154 0.8680456058046406
0.4972225541216656 0.8680456058046406
0.5012629581620697 0.8680456058046406
0.5053033622024736 0.8680456058046406
0.5093437662428777 0.8680456058046406
0.5133841702832818 0.8680456058046406
0.5174245743236858 0.8680456058046406
0.46893972583883736 0.8720860098450447
0.4729801298792414 0.8720860098450447
0.4770205339196454 0.8720860098450447
0.48106093796004945 0.8720860098450447
0.4851013420004535 0.8720860098450447
0.48914174604085753 0.8720860098450447
0.49318215008126154 0.8720860098450447
0.4972225541216656 0.8720860098450447
0.5012629581620697 0.8720860098450447
0.5053033622024736 0.8720860098450447
0.5093437662428777 0.8720860098450447
0.46085891775802923 0.8761264138854487
0.4648993217984333 0.8761264138854487
0.46893972583883736 0.8761264138854487
0.4729801298792414 0.8761264138854487
0.4770205339196454 0.8761264138854487
0.48106093796004945 0.8761264138854487
0.4851013420004535 0.8761264138854487
0.48914174604085753 0.8761264138854487
0.49318215008126154 0.8761264138854487
0.4972225541216656 0.8761264138854487
0.5012629581620697 0.8761264138854487
0.45277810967722115 0.8801668179258527
0.45681851371762516 0.8801668179258527
0.46085891775802923 0.8801668179258527
0.4648993217984333 0.8801668179258527
0.46893972583883736 0.8801668179258527
0.4729801298792414 0.8801668179258527
0.4770205339196454 0.8801668179258527
0.48106093796004945 0.8801668179258527
0.4851013420004535 0.8801668179258527
0.48914174604085753 0.8801668179258527
0.49318215008126154 0.8801668179258527
0.4446973015964131 0.8842072219662568
0.44873770563681714 0.8842072219662568
0.45277810967722115 0.8842072219662568
0.45681851371762516 0.8842072219662568
0.46085891775802923 0.8842072219662568
0.4648993217984333 0.8842072219662568
0.46893972583883736 0.8842072219662568
0.4729801298792414 0.8842072219662568
0.4770205339196454 0.8842072219662568
0.48106093796004945 0.8842072219662568
0.4851013420004535 0.8842072219662568
0.48914174604085753 0.8842072219662568
0.436616493515605 0.8882476260066607
0.440656897556009 0.8882476260066607
0.4446973015964131 0.8882476260066607
0.44873770563681714 0.8882476260066607
0.45277810967722115 0.8882476260066607
0.45681851371762516 0.8882476260066607
0.46085891775802923 0.8882476260066607
0.4648993217984333 0.8882476260066607
0.46893972583883736 0.8882476260066607
0.4729801298792414 0.8882476260066607
0.4770205339196454 0.8882476260066607
0.48106093796004945 0.8882476260066607
0.4285356854347969 0.8922880300470648
0.432576089475201 0.8922880300470648
0.436616493515605 0.8922880300470648
0.440656897556009 0.8922880300470648
0.4446973015964131 0.8922880300470648
0.44873770563681714 0.8922880300470648
0.45277810967722115 0.8922880300470648
0.45681851371762516 0.8922880300470648
0.46085891775802923 0.8922880300470648
0.4648993217984333 0.8922880300470648
0.46893972583883736 0.8922880300470648
0.4729801298792414 0.8922880300470648
0.42045487735398884 0.8963284340874689
0.42449528139439285 0.8963284340874689
0.4285356854347969 0.8963284340874689
0.432576089475201 0.8963284340874689
0.436616493515605 0.8963284340874689
0.440656897556009 0.8963284340874689
0.4446973015964131 0.8963284340874689
0.44873770563681714 0.8963284340874689
0.45277810967722115 0.8963284340874689
0.45681851371762516 0.8963284340874689
0.46085891775802923 0.8963284340874689
0.4648993217984333 0.8963284340874689
0.4083336652327767 0.9003688381278729
0.41237406927318077 0.9003688381278729
0.41641447331358483 0.9003688381278729
0.42045487735398884 0.9003688381278729
0.42449528139439285 0.9003688381278729
0.4285356854347969 0.9003688381278729
0.432576089475201 0.9003688381278729
0.436616493515605 0.9003688381278729
0.440656897556009 0.9003688381278729
0.4446973015964131 0.9003688381278729
0.44873770563681714 0.9003688381278729
0.45277810967722115 0.9003688381278729
0.45681851371762516 0.9003688381278729
0.4002528571519686 0.904409242168277
0.4042932611923727 0.904409242168277
0.4083336652327767 0.904409242168277
0.41237406927318077 0.904409242168277
0.41641447331358483 0.904409242168277
0.42045487735398884 0.904409242168277
0.42449528139439285 0.904409242168277
0.4285356854347969 0.904409242168277
0.432576089475201 0.904409242168277
0.436616493515605 0.904409242168277
0.440656897556009 0.904409242168277
0.4446973015964131 0.904409242168277
0.44873770563681714 0.904409242168277
0.39217204907116054 0.9084496462086811
0.3962124531115646 0.9084496462086811
0.4002528571519686 0.9084496462086811
0.4042932611923727 0.9084496462086811
0.4083336652327767 0.9084496462086811
0.41237406927318077 0.9084496462086811
0.41641447331358483 0.9084496462086811
0.42045487735398884 0.9084496462086811
0.42449528139439285 0.9084496462086811
0.4285356854347969 0.9084496462086811
0.432576089475201 0.9084496462086811
0.436616493515605 0.9084496462086811
0.440656897556009 0.9084496462086811
0.38005083694994846 0.912490050249085
0.38409124099035247 0.912490050249085
0.38813164503075653 0.912490050249085
0.39217204907116054 0.912490050249085
0.3962124531115646 0.912490050249085
0.4002528571519686 0.912490050249085
0.4042932611923727 0.912490050249085
0.4083336652327767 0.912490050249085
0.41237406927318077 0.912490050249085
0.41641447331358483 0.912490050249085
0.42045487735398884 0.912490050249085
0.42449528139439285 0.912490050249085
0.4285356854347969 0.912490050249085
0.432576089475201 0.912490050249085
0.3719700288691403 0.9165304542894891
0.3760104329095444 0.9165304542894891
0.38005083694994846 0.9165304542894891
0.38409124099035247 0.9165304542894891
0.38813164503075653 0.9165304542894891
0.39217204907116054 0.9165304542894891
0.3962124531115646 0.9165304542894891
0.4002528571519686 0.9165304542894891
0.4042932611923727 0.9165304542894891
0.4083336652327767 0.9165304542894891
0.41237406927318077 0.9165304542894891
0.41641447331358483 0.9165304542894891
0.42045487735398884 0.9165304542894891
0.42449528139439285 0.9165304542894891
0.3638892207883323 0.920570858329893
0.3679296248287363 0.920570858329893
0.3719700288691403 0.920570858329893
0.3760104329095444 0.920570858329893
0.38005083694994846 0.920570858329893
0.38409124099035247 0.920570858329893
0.38813164503075653 0.920570858329893
0.39217204907116054 0.920570858329893
0.3962124531115646 0.920570858329893
0.4002528571519686 0.920570858329893
0.4042932611923727 0.920570858329893
0.4083336652327767 0.920570858329893
0.41237406927318077 0.920570858329893
0.41641447331358483 0.920570858329893
0.35176800866712016 0.9246112623702971
0.35580841270752417 0.9246112623702971
0.35984881674792824 0.9246112623702971
0.3638892207883323 0.9246112623702971
0.3679296248287363 0.9246112623702971
0.3719700288691403 0.9246112623702971
0.3760104329095444 0.9246112623702971
0.38005083694994846 0.9246112623702971
0.38409124099035247 0.9246112623702971
0.38813164503075653 0.9246112623702971
0.39217204907116054 0.9246112623702971
0.3962124531115646 0.9246112623702971
0.4002528571519686 0.9246112623702971
0.4042932611923727 0.9246112623702971
0.339646796545908 0.9286516664107012
0.3436872005863121 0.9286516664107012
0.34772760462671615 0.9286516664107012
0.35176800866712016 0.9286516664107012
0.35580841270752417 0.9286516664107012
0.35984881674792824 0.9286516664107012
0.3638892207883323 0.9286516664107012
0.3679296248287363 0.9286516664107012
0.3719700288691403 0.9286516664107012
0.3760104329095444 0.9286516664107012
0.38005083694994846 0.9286516664107012
0.38409124099035247 0.9286516664107012
0.38813164503075653 0.9286516664107012
0.39217204907116054 0.9286516664107012
0.3962124531115646 0.9286516664107012
0.33156598846509994 0.9326920704511052
0.335606392505504 0.9326920704511052
0.339646796545908 0.9326920704511052
0.3436872005863121 0.9326920704511052
0.34772760462671615 0.9326920704511052
0.35176800866712016 0.9326920704511052
0.35580841270752417 0.9326920704511052
0.35984881674792824 0.9326920704511052
0.3638892207883323 0.9326920704511052
0.3679296248287363 0.9326920704511052
0.3719700288691403 0.9326920704511052
0.3760104329095444 0.9326920704511052
0.38005083694994846 0.9326920704511052
0.38409124099035247 0.9326920704511052
0.38813164503075653 0.9326920704511052
0.3194447763438878 0.9367324744915093
0.32348518038429186 0.9367324744915093
0.3275255844246959 0.9367324744915093
0.33156598846509994 0.9367324744915093
0.335606392505504 0.9367324744915093
0.339646796545908 0.9367324744915093
0.3436872005863121 0.9367324744915093
0.34772760462671615 0.9367324744915093
0.35176800866712016 0.9367324744915093
0.35580841270752417 0.9367324744915093
0.35984881674792824 0.9367324744915093
0.3638892207883323 0.9367324744915093
0.3679296248287363 0.9367324744915093
0.3719700288691403 0.9367324744915093
0.3760104329095444 0.9367324744915093
0.3073235642226757 0.9407728785319134
0.31136396826307977 0.9407728785319134
0.3154043723034838 0.9407728785319134
0.3194447763438878 0.9407728785319134
0.32348518038429186 0.9407728785319134
0.3275255844246959 0.9407728785319134
0.33156598846509994 0.9407728785319134
0.335606392505504 0.9407728785319134
0.339646796545908 0.9407728785319134
0.3436872005863121 0.9407728785319134
0.34772760462671615 0.9407728785319134
0.35176800866712016 0.9407728785319134
0.35580841270752417 0.9407728785319134
0.35984881674792824 0.9407728785319134
0.3638892207883323 0.9407728785319134
0.3679296248287363 0.9407728785319134
0.2992427561418676 0.9448132825723174
0.30328316018227164 0.9448132825723174
0.3073235642226757 0.9448132825723174
0.31136396826307977 0.9448132825723174
0.3154043723034838 0.9448132825723174
0.3194447763438878 0.9448132825723174
0.32348518038429186 0.9448132825723174
0.3275255844246959 0.9448132825723174
0.33156598846509994 0.9448132825723174
0.335606392505504 0.9448132825723174
0.339646796545908 0.9448132825723174
0.3436872005863121 0.9448132825723174
0.34772760462671615 0.9448132825723174
0.35176800866712016 0.9448132825723174
0.35580841270752417 0.9448132825723174
0.2992427561418676 0.9488536866127214
0.30328316018227164 0.9488536866127214
0.3073235642226757 0.9488536866127214
0.31136396826307977 0.9488536866127214
0.3154043723034838 0.9488536866127214
0.3194447763438878 0.9488536866127214
0.32348518038429186 0.9488536866127214
0.3275255844246959 0.9488536866127214
0.33156598846509994 0.9488536866127214
0.335606392505504 0.9488536866127214
0.339646796545908 0.9488536866127214
0.3436872005863121 0.9488536866127214
0.2992427561418676 0.9528940906531255
0.30328316018227164 0.9528940906531255
0.3073235642226757 0.9528940906531255
0.31136396826307977 0.9528940906531255
0.3154043723034838 0.9528940906531255
0.3194447763438878 0.9528940906531255
0.32348518038429186 0.9528940906531255
0.3275255844246959 0.9528940906531255
0.33156598846509994 0.9528940906531255
0.2992427561418676 0.9569344946935294
0.30328316018227164 0.9569344946935294
0.3073235642226757 0.9569344946935294
0.31136396826307977 0.9569344946935294
0.3154043723034838 0.9569344946935294
0.3194447763438878 0.9569344946935294
0.32348518038429186 0.9569344946935294
0.2992427561418676 0.9609748987339335
0.30328316018227164 0.9609748987339335
0.3073235642226757 0.9609748987339335
0.31136396826307977 0.9609748987339335
