# x y
0.6999483230387314 0.710469848228883
0.6959079189983274 0.7145102522692871
0.6999483230387314 0.7145102522692871
0.6918675149579234 0.7185506563096911
0.6959079189983274 0.7185506563096911
0.6878271109175194 0.7225910603500951
0.6918675149579234 0.7225910603500951
0.6837867068771153 0.7266314643904992
0.6878271109175194 0.7266314643904992
0.6797463028367112 0.7306718684309033
0.6837867068771153 0.7306718684309033
0.6757058987963072 0.7347122724713073
0.6797463028367112 0.7347122724713073
0.6716654947559031 0.7387526765117113
0.6757058987963072 0.7387526765117113
0.667625090715499 0.7427930805521153
0.6716654947559031 0.7427930805521153
0.6635846866750951 0.7468334845925194
0.667625090715499 0.7468334845925194
0.659544282634691 0.7508738886329235
0.6635846866750951 0.7508738886329235
0.651463474553883 0.7549142926733274
0.655503878594287 0.7549142926733274
0.659544282634691 0.7549142926733274
0.6474230705134789 0.7589546967137315
0.651463474553883 0.7589546967137315
0.6433826664730748 0.7629951007541356
0.6474230705134789 0.7629951007541356
0.6393422624326708 0.7670355047945396
0.6433826664730748 0.7670355047945396
0.6353018583922667 0.7710759088349436
0.6393422624326708 0.7710759088349436
0.6272210503114587 0.7751163128753477
0.6312614543518628 0.7751163128753477
0.6353018583922667 0.7751163128753477
0.6231806462710546 0.7791567169157517
0.6272210503114587 0.7791567169157517
0.6312614543518628 0.7791567169157517
0.6191402422306507 0.7831971209561558
0.6231806462710546 0.7831971209561558
0.6150998381902466 0.7872375249965597
0.6191402422306507 0.7872375249965597
0.6070190301094385 0.7912779290369638
0.6110594341498425 0.7912779290369638
0.6150998381902466 0.7912779290369638
0.6029786260690344 0.7953183330773679
0.6070190301094385 0.7953183330773679
0.5989382220286303 0.799358737117772
0.6029786260690344 0.799358737117772
0.5908574139478223 0.803399141158176
0.5948978179882264 0.803399141158176
0.5989382220286303 0.803399141158176
0.5868170099074184 0.80743954519858
0.5908574139478223 0.80743954519858
0.5827766058670143 0.811479949238984
0.5868170099074184 0.811479949238984
0.5746957977862062 0.8155203532793881
0.5787362018266102 0.8155203532793881
0.5827766058670143 0.8155203532793881
0.5706553937458021 0.819560757319792
0.5746957977862062 0.819560757319792
0.5625745856649941 0.8236011613601961
0.566614989705398 0.8236011613601961
0.5706553937458021 0.8236011613601961
0.55853418162459 0.8276415654006002
0.5625745856649941 0.8276415654006002
0.550453373543782 0.8316819694410043
0.5544937775841859 0.8316819694410043
0.55853418162459 0.8316819694410043
0.5464129695033779 0.8357223734814083
0.550453373543782 0.8357223734814083
0.5383321614225698 0.8397627775218124
0.5423725654629739 0.8397627775218124
0.5464129695033779 0.8397627775218124
0.5342917573821657 0.8438031815622163
0.5383321614225698 0.8438031815622163
0.5262109493013577 0.8478435856026204
0.5302513533417618 0.8478435856026204
0.5342917573821657 0.8478435856026204
0.5181301412205496 0.8518839896430245
0.5221705452609536 0.8518839896430245
0.5262109493013577 0.8518839896430245
0.5140897371801456 0.8559243936834284
0.5181301412205496 0.8559243936834284
0.5221705452609536 0.8559243936834284
0.5060089290993375 0.8599647977238325
0.5100493331397415 0.8599647977238325
0.5140897371801456 0.8599647977238325
0.4979281210185294 0.8640052017642366
0.5019685250589334 0.8640052017642366
0.5060089290993375 0.8640052017642366
0.4938877169781254 0.8680456058046406
0.4979281210185294 0.8680456058046406
0.5019685250589334 0.8680456058046406
0.48580690889731726 0.8720860098450447
0.4898473129377213 0.8720860098450447
0.4938877169781254 0.8720860098450447
0.47772610081650924 0.8761264138854487
0.48176650485691325 0.8761264138854487
0.48580690889731726 0.8761264138854487
0.4696452927357011 0.8801668179258527
0.47368569677610517 0.8801668179258527
0.47772610081650924 0.8801668179258527
0.461564484654893 0.8842072219662568
0.4656048886952971 0.8842072219662568
0.4696452927357011 0.8842072219662568
0.45348367657408495 0.8882476260066607
0.457524080614489 0.8882476260066607
0.461564484654893 0.8882476260066607
0.4656048886952971 0.8882476260066607
0.44540286849327687 0.8922880300470648
0.4494432725336809 0.8922880300470648
0.45348367657408495 0.8922880300470648
0.457524080614489 0.8922880300470648
0.4373220604124688 0.8963284340874689
0.44136246445287286 0.8963284340874689
0.44540286849327687 0.8963284340874689
0.4494432725336809 0.8963284340874689
0.4292412523316607 0.9003688381278729
0.4332816563720647 0.9003688381278729
0.4373220604124688 0.9003688381278729
0.44136246445287286 0.9003688381278729
0.42116044425085264 0.904409242168277
0.4252008482912567 0.904409242168277
0.4292412523316607 0.904409242168277
0.4332816563720647 0.904409242168277
0.41307963617004456 0.9084496462086811
0.4171200402104486 0.9084496462086811
0.42116044425085264 0.9084496462086811
0.4049988280892365 0.912490050249085
0.4090392321296405 0.912490050249085
0.41307963617004456 0.912490050249085
0.39287761596802434 0.9165304542894891
0.3969180200084284 0.9165304542894891
0.4009584240488324 0.9165304542894891
0.4049988280892365 0.9165304542894891
0.38479680788721626 0.920570858329893
0.38883721192762033 0.920570858329893
0.39287761596802434 0.920570858329893
0.3969180200084284 0.920570858329893
0.3767159998064082 0.9246112623702971
0.3807564038468122 0.9246112623702971
0.38479680788721626 0.9246112623702971
0.36459478768519604 0.9286516664107012
0.3686351917256001 0.9286516664107012
0.3726755957660042 0.9286516664107012
0.3767159998064082 0.9286516664107012
0.35247357556398395 0.9326920704511052
0.356513979604388 0.9326920704511052
0.36055438364479203 0.9326920704511052
0.36459478768519604 0.9326920704511052
0.3443927674831759 0.9367324744915093
0.3484331715235799 0.9367324744915093
0.35247357556398395 0.9367324744915093
0.356513979604388 0.9367324744915093
0.33227155536196373 0.9407728785319134
0.3363119594023678 0.9407728785319134
0.3403523634427718 0.9407728785319134
0.3443927674831759 0.9407728785319134
0.32015034324075164 0.9448132825723174
0.32419074728115566 0.9448132825723174
0.3282311513215597 0.9448132825723174
0.33227155536196373 0.9448132825723174
0.3080291311195395 0.9488536866127214
0.3120695351599435 0.9488536866127214
0.3161099392003476 0.9488536866127214
0.32015034324075164 0.9488536866127214
0.32419074728115566 0.9488536866127214
0.2999483230387314 0.9528940906531255
0.3039887270791355 0.9528940906531255
0.3080291311195395 0.9528940906531255
0.3120695351599435 0.9528940906531255
