# x y
0.6999854456532855 0.7145102522692871
0.6959450416128814 0.7185506563096911
0.6919046375724774 0.7225910603500951
0.6878642335320734 0.7266314643904992
0.6838238294916693 0.7306718684309033
0.6797834254512654 0.7347122724713073
0.6717026173704572 0.7387526765117113
0.6757430214108613 0.7387526765117113
0.6676622133300532 0.7427930805521153
0.6717026173704572 0.7427930805521153
0.6636218092896491 0.7468334845925194
0.659581405249245 0.7508738886329235
0.6555410012088411 0.7549142926733274
0.651500597168437 0.7589546967137315
0.647460193128033 0.7629951007541356
0.6393793850472249 0.7670355047945396
0.643419789087629 0.7670355047945396
0.6353389810068208 0.7710759088349436
0.6312985769664168 0.7751163128753477
0.6272581729260127 0.7791567169157517
0.6232177688856086 0.7831971209561558
0.6151369608048006 0.7872375249965597
0.6191773648452047 0.7872375249965597
0.6110965567643967 0.7912779290369638
0.6070561527239926 0.7953183330773679
0.5989753446431845 0.799358737117772
0.6030157486835885 0.799358737117772
0.5949349406027804 0.803399141158176
0.5908945365623763 0.80743954519858
0.5828137284815683 0.811479949238984
0.5868541325219724 0.811479949238984
0.5787733244411644 0.8155203532793881
0.5706925163603562 0.819560757319792
0.5747329204007603 0.819560757319792
0.5666521123199522 0.8236011613601961
0.558571304239144 0.8276415654006002
0.5626117082795481 0.8276415654006002
0.55453090019874 0.8316819694410043
0.5464500921179319 0.8357223734814083
0.550490496158336 0.8357223734814083
0.542409688077528 0.8397627775218124
0.5343288799967199 0.8438031815622163
0.5383692840371239 0.8438031815622163
0.5302884759563158 0.8478435856026204
0.5222076678755077 0.8518839896430245
0.5262480719159117 0.8518839896430245
0.5141268597946996 0.8559243936834284
0.5181672638351037 0.8559243936834284
0.5100864557542956 0.8599647977238325
0.5020056476734875 0.8640052017642366
0.5060460517138916 0.8640052017642366
0.4939248395926794 0.8680456058046406
0.4979652436330835 0.8680456058046406
0.4898844355522754 0.8720860098450447
0.4818036274714673 0.8761264138854487
0.47372281939065924 0.8801668179258527
0.47776322343106326 0.8801668179258527
0.46564201130985117 0.8842072219662568
0.46968241535025523 0.8842072219662568
0.45756120322904303 0.8882476260066607
0.4616016072694471 0.8882476260066607
0.449480395148235 0.8922880300470648
0.453520799188639 0.8922880300470648
0.4413995870674269 0.8963284340874689
0.44543999110783095 0.8963284340874689
0.43331877898661886 0.9003688381278729
0.43735918302702287 0.9003688381278729
0.4252379709058107 0.904409242168277
0.4292783749462148 0.904409242168277
0.4171571628250027 0.9084496462086811
0.4211975668654067 0.9084496462086811
0.40907635474419457 0.912490050249085
0.41311675878459864 0.912490050249085
0.3969551426229825 0.9165304542894891
0.4009955466633865 0.9165304542894891
0.3888743345421744 0.920570858329893
0.3929147385825784 0.920570858329893
0.3807935264613663 0.9246112623702971
0.38483393050177034 0.9246112623702971
0.3686723143401542 0.9286516664107012
0.3727127183805582 0.9286516664107012
0.35655110221894204 0.9326920704511052
0.3605915062593461 0.9326920704511052
0.3646319102997502 0.9326920704511052
0.348470294138134 0.9367324744915093
0.35251069817853803 0.9367324744915093
0.3363490820169219 0.9407728785319134
0.3403894860573259 0.9407728785319134
0.32422786989570973 0.9448132825723174
0.3282682739361138 0.9448132825723174
0.3323086779765178 0.9448132825723174
0.31210665777449764 0.9488536866127214
0.31614706181490165 0.9488536866127214
0.32018746585530566 0.9488536866127214
0.2999854456532855 0.9528940906531255
0.3040258496936895 0.9528940906531255
0.3080662537340936 0.9528940906531255
