# x y
0.6999854456532855 0.7225910603500951
0.6959450416128814 0.7266314643904992
0.6717026173704572 0.7508738886329235
0.6191773648452047 0.7953183330773679
0.6353389810068208 0.799358737117772
0.5989753446431845 0.8155203532793881
0.5949349406027804 0.8316819694410043
0.558571304239144 0.8397627775218124
0.5464500921179319 0.8478435856026204
0.5464500921179319 0.8518839896430245
0.5222076678755077 0.8599647977238325
0.55453090019874 0.8599647977238325
0.542409688077528 0.8680456058046406
0.46564201130985117 0.8922880300470648
0.46564201130985117 0.9003688381278729
0.3969551426229825 0.9286516664107012
0.31614706181490165 0.9650153027743376
0.3040258496936895 0.9690557068147416
