# x y
0.69998431110569 0.7225910603500951
0.695943907065286 0.7266314643904992
0.691903503024882 0.7306718684309033
0.687863098984478 0.7347122724713073
0.6393782504996295 0.7791567169157517
0.6191762302976093 0.7953183330773679
0.6353378464592254 0.799358737117772
0.598974210095589 0.8155203532793881
0.594933806055185 0.8316819694410043
0.5585701696915486 0.8397627775218124
0.5464489575703365 0.8478435856026204
0.5020045131258921 0.8720860098450447
0.5302873414087204 0.8761264138854487
0.39695400807538705 0.9286516664107012
0.33634794746932645 0.9488536866127214
0.3161459272673062 0.9650153027743376
0.3040247151460941 0.9690557068147416
