# x y
0.6434089110228762 0.7791567169157517
0.6595705271844924 0.7791567169157517
0.6312876989016641 0.803399141158176
0.5989644665784317 0.8155203532793881
0.5626008302147955 0.8357223734814083
0.522196789810755 0.8680456058046406
0.4898735574875227 0.8801668179258527
0.5019947696087348 0.8801668179258527
0.46563113324509847 0.9003688381278729
0.4898735574875227 0.9003688381278729
0.4009846685986338 0.9246112623702971
0.37270184031580555 0.9367324744915093
0.3646210322349974 0.9609748987339335
0.31613618375014896 0.9650153027743376
0.30401497162893687 0.9690557068147416
0.3322977999117651 0.9730961108551457
