# x y
0.6942956787936843 0.698348636107671
0.6983360828340883 0.698348636107671
0.6942956787936843 0.702389040148075
0.6983360828340883 0.702389040148075
0.6862148707128761 0.706429444188479
0.6902552747532802 0.706429444188479
0.6942956787936843 0.706429444188479
0.6983360828340883 0.706429444188479
0.6821744666724721 0.710469848228883
0.6862148707128761 0.710469848228883
0.6902552747532802 0.710469848228883
0.6942956787936843 0.710469848228883
0.6983360828340883 0.710469848228883
0.6821744666724721 0.7145102522692871
0.6862148707128761 0.7145102522692871
0.6902552747532802 0.7145102522692871
0.6942956787936843 0.7145102522692871
0.6983360828340883 0.7145102522692871
0.678134062632068 0.7185506563096911
0.6821744666724721 0.7185506563096911
0.6862148707128761 0.7185506563096911
0.6902552747532802 0.7185506563096911
0.6942956787936843 0.7185506563096911
0.6983360828340883 0.7185506563096911
0.67005325455126 0.7225910603500951
0.6740936585916639 0.7225910603500951
0.678134062632068 0.7225910603500951
0.6821744666724721 0.7225910603500951
0.6862148707128761 0.7225910603500951
0.6902552747532802 0.7225910603500951
0.6942956787936843 0.7225910603500951
0.6983360828340883 0.7225910603500951
0.6660128505108559 0.7266314643904992
0.67005325455126 0.7266314643904992
0.6740936585916639 0.7266314643904992
0.678134062632068 0.7266314643904992
0.6821744666724721 0.7266314643904992
0.6862148707128761 0.7266314643904992
0.6902552747532802 0.7266314643904992
0.6942956787936843 0.7266314643904992
0.6983360828340883 0.7266314643904992
0.661972446470452 0.7306718684309033
0.6660128505108559 0.7306718684309033
0.67005325455126 0.7306718684309033
0.6740936585916639 0.7306718684309033
0.678134062632068 0.7306718684309033
0.6821744666724721 0.7306718684309033
0.6862148707128761 0.7306718684309033
0.6902552747532802 0.7306718684309033
0.6942956787936843 0.7306718684309033
0.6983360828340883 0.7306718684309033
0.6579320424300479 0.7347122724713073
0.661972446470452 0.7347122724713073
0.6660128505108559 0.7347122724713073
0.67005325455126 0.7347122724713073
0.6740936585916639 0.7347122724713073
0.678134062632068 0.7347122724713073
0.6821744666724721 0.7347122724713073
0.6862148707128761 0.7347122724713073
0.6902552747532802 0.7347122724713073
0.6942956787936843 0.7347122724713073
0.6538916383896438 0.7387526765117113
0.6579320424300479 0.7387526765117113
0.661972446470452 0.7387526765117113
0.6660128505108559 0.7387526765117113
0.67005325455126 0.7387526765117113
0.6740936585916639 0.7387526765117113
0.678134062632068 0.7387526765117113
0.6821744666724721 0.7387526765117113
0.6862148707128761 0.7387526765117113
0.6902552747532802 0.7387526765117113
0.6458108303088357 0.7427930805521153
0.6498512343492397 0.7427930805521153
0.6538916383896438 0.7427930805521153
0.6579320424300479 0.7427930805521153
0.661972446470452 0.7427930805521153
0.6660128505108559 0.7427930805521153
0.67005325455126 0.7427930805521153
0.6740936585916639 0.7427930805521153
0.678134062632068 0.7427930805521153
0.6821744666724721 0.7427930805521153
0.6862148707128761 0.7427930805521153
0.6458108303088357 0.7468334845925194
0.6498512343492397 0.7468334845925194
0.6538916383896438 0.7468334845925194
0.6579320424300479 0.7468334845925194
0.661972446470452 0.7468334845925194
0.6660128505108559 0.7468334845925194
0.67005325455126 0.7468334845925194
0.6740936585916639 0.7468334845925194
0.678134062632068 0.7468334845925194
0.6821744666724721 0.7468334845925194
0.6377300222280277 0.7508738886329235
0.6417704262684316 0.7508738886329235
0.6458108303088357 0.7508738886329235
0.6498512343492397 0.7508738886329235
0.6538916383896438 0.7508738886329235
0.6579320424300479 0.7508738886329235
0.661972446470452 0.7508738886329235
0.6660128505108559 0.7508738886329235
0.67005325455126 0.7508738886329235
0.6740936585916639 0.7508738886329235
0.678134062632068 0.7508738886329235
0.6336896181876236 0.7549142926733274
0.6377300222280277 0.7549142926733274
0.6417704262684316 0.7549142926733274
0.6458108303088357 0.7549142926733274
0.6498512343492397 0.7549142926733274
0.6538916383896438 0.7549142926733274
0.6579320424300479 0.7549142926733274
0.661972446470452 0.7549142926733274
0.6660128505108559 0.7549142926733274
0.67005325455126 0.7549142926733274
0.6740936585916639 0.7549142926733274
0.6296492141472196 0.7589546967137315
0.6336896181876236 0.7589546967137315
0.6377300222280277 0.7589546967137315
0.6417704262684316 0.7589546967137315
0.6458108303088357 0.7589546967137315
0.6498512343492397 0.7589546967137315
0.6538916383896438 0.7589546967137315
0.6579320424300479 0.7589546967137315
0.661972446470452 0.7589546967137315
0.6660128505108559 0.7589546967137315
0.6215684060664115 0.7629951007541356
0.6256088101068156 0.7629951007541356
0.6296492141472196 0.7629951007541356
0.6336896181876236 0.7629951007541356
0.6377300222280277 0.7629951007541356
0.6417704262684316 0.7629951007541356
0.6458108303088357 0.7629951007541356
0.6498512343492397 0.7629951007541356
0.6538916383896438 0.7629951007541356
0.6579320424300479 0.7629951007541356
0.661972446470452 0.7629951007541356
0.6660128505108559 0.7629951007541356
0.6215684060664115 0.7670355047945396
0.6256088101068156 0.7670355047945396
0.6296492141472196 0.7670355047945396
0.6336896181876236 0.7670355047945396
0.6377300222280277 0.7670355047945396
0.6417704262684316 0.7670355047945396
0.6458108303088357 0.7670355047945396
0.6498512343492397 0.7670355047945396
0.6538916383896438 0.7670355047945396
0.6579320424300479 0.7670355047945396
0.6134875979856034 0.7710759088349436
0.6175280020260074 0.7710759088349436
0.6215684060664115 0.7710759088349436
0.6256088101068156 0.7710759088349436
0.6296492141472196 0.7710759088349436
0.6336896181876236 0.7710759088349436
0.6377300222280277 0.7710759088349436
0.6417704262684316 0.7710759088349436
0.6458108303088357 0.7710759088349436
0.6498512343492397 0.7710759088349436
0.6538916383896438 0.7710759088349436
0.6579320424300479 0.7710759088349436
0.6054067899047952 0.7751163128753477
0.6094471939451993 0.7751163128753477
0.6134875979856034 0.7751163128753477
0.6175280020260074 0.7751163128753477
0.6215684060664115 0.7751163128753477
0.6256088101068156 0.7751163128753477
0.6296492141472196 0.7751163128753477
0.6336896181876236 0.7751163128753477
0.6377300222280277 0.7751163128753477
0.6417704262684316 0.7751163128753477
0.6458108303088357 0.7751163128753477
0.6498512343492397 0.7751163128753477
0.6054067899047952 0.7791567169157517
0.6094471939451993 0.7791567169157517
0.6134875979856034 0.7791567169157517
0.6175280020260074 0.7791567169157517
0.6215684060664115 0.7791567169157517
0.6256088101068156 0.7791567169157517
0.6296492141472196 0.7791567169157517
0.6336896181876236 0.7791567169157517
0.6377300222280277 0.7791567169157517
0.6417704262684316 0.7791567169157517
0.6458108303088357 0.7791567169157517
0.6498512343492397 0.7791567169157517
0.5973259818239872 0.7831971209561558
0.6013663858643913 0.7831971209561558
0.6054067899047952 0.7831971209561558
0.6094471939451993 0.7831971209561558
0.6134875979856034 0.7831971209561558
0.6175280020260074 0.7831971209561558
0.6215684060664115 0.7831971209561558
0.6256088101068156 0.7831971209561558
0.6296492141472196 0.7831971209561558
0.6336896181876236 0.7831971209561558
0.6377300222280277 0.7831971209561558
0.6417704262684316 0.7831971209561558
0.5892451737431792 0.7872375249965597
0.5932855777835833 0.7872375249965597
0.5973259818239872 0.7872375249965597
0.6013663858643913 0.7872375249965597
0.6054067899047952 0.7872375249965597
0.6094471939451993 0.7872375249965597
0.6134875979856034 0.7872375249965597
0.6175280020260074 0.7872375249965597
0.6215684060664115 0.7872375249965597
0.6256088101068156 0.7872375249965597
0.6296492141472196 0.7872375249965597
0.6336896181876236 0.7872375249965597
0.5892451737431792 0.7912779290369638
0.5932855777835833 0.7912779290369638
0.5973259818239872 0.7912779290369638
0.6013663858643913 0.7912779290369638
0.6054067899047952 0.7912779290369638
0.6094471939451993 0.7912779290369638
0.6134875979856034 0.7912779290369638
0.6175280020260074 0.7912779290369638
0.6215684060664115 0.7912779290369638
0.6256088101068156 0.7912779290369638
0.6296492141472196 0.7912779290369638
0.6336896181876236 0.7912779290369638
0.5811643656623711 0.7953183330773679
0.5852047697027751 0.7953183330773679
0.5892451737431792 0.7953183330773679
0.5932855777835833 0.7953183330773679
0.5973259818239872 0.7953183330773679
0.6013663858643913 0.7953183330773679
0.6054067899047952 0.7953183330773679
0.6094471939451993 0.7953183330773679
0.6134875979856034 0.7953183330773679
0.6175280020260074 0.7953183330773679
0.6215684060664115 0.7953183330773679
0.6256088101068156 0.7953183330773679
0.577123961621967 0.799358737117772
0.5811643656623711 0.799358737117772
0.5852047697027751 0.799358737117772
0.5892451737431792 0.799358737117772
0.5932855777835833 0.799358737117772
0.5973259818239872 0.799358737117772
0.6013663858643913 0.799358737117772
0.6054067899047952 0.799358737117772
0.6094471939451993 0.799358737117772
0.6134875979856034 0.799358737117772
0.6175280020260074 0.799358737117772
0.6256088101068156 0.799358737117772
0.569043153541159 0.803399141158176
0.5730835575815629 0.803399141158176
0.577123961621967 0.803399141158176
0.5811643656623711 0.803399141158176
0.5852047697027751 0.803399141158176
0.5892451737431792 0.803399141158176
0.5932855777835833 0.803399141158176
0.5973259818239872 0.803399141158176
0.6013663858643913 0.803399141158176
0.6054067899047952 0.803399141158176
0.6094471939451993 0.803399141158176
0.6134875979856034 0.803399141158176
0.5650027495007549 0.80743954519858
0.569043153541159 0.80743954519858
0.5730835575815629 0.80743954519858
0.577123961621967 0.80743954519858
0.5811643656623711 0.80743954519858
0.5852047697027751 0.80743954519858
0.5892451737431792 0.80743954519858
0.5932855777835833 0.80743954519858
0.5973259818239872 0.80743954519858
0.6013663858643913 0.80743954519858
0.6054067899047952 0.80743954519858
0.6094471939451993 0.80743954519858
0.6134875979856034 0.80743954519858
0.560962345460351 0.811479949238984
0.5650027495007549 0.811479949238984
0.569043153541159 0.811479949238984
0.5730835575815629 0.811479949238984
0.577123961621967 0.811479949238984
0.5811643656623711 0.811479949238984
0.5852047697027751 0.811479949238984
0.5892451737431792 0.811479949238984
0.5932855777835833 0.811479949238984
0.5973259818239872 0.811479949238984
0.6013663858643913 0.811479949238984
0.5569219414199469 0.8155203532793881
0.560962345460351 0.8155203532793881
0.5650027495007549 0.8155203532793881
0.569043153541159 0.8155203532793881
0.5730835575815629 0.8155203532793881
0.577123961621967 0.8155203532793881
0.5811643656623711 0.8155203532793881
0.5852047697027751 0.8155203532793881
0.5892451737431792 0.8155203532793881
0.5932855777835833 0.8155203532793881
0.5973259818239872 0.8155203532793881
0.6013663858643913 0.8155203532793881
0.5448007292987347 0.819560757319792
0.5488411333391388 0.819560757319792
0.5528815373795428 0.819560757319792
0.5569219414199469 0.819560757319792
0.560962345460351 0.819560757319792
0.5650027495007549 0.819560757319792
0.569043153541159 0.819560757319792
0.5730835575815629 0.819560757319792
0.577123961621967 0.819560757319792
0.5811643656623711 0.819560757319792
0.5852047697027751 0.819560757319792
0.5892451737431792 0.819560757319792
0.5932855777835833 0.819560757319792
0.5407603252583306 0.8236011613601961
0.5448007292987347 0.8236011613601961
0.5488411333391388 0.8236011613601961
0.5528815373795428 0.8236011613601961
0.5569219414199469 0.8236011613601961
0.560962345460351 0.8236011613601961
0.5650027495007549 0.8236011613601961
0.569043153541159 0.8236011613601961
0.5730835575815629 0.8236011613601961
0.577123961621967 0.8236011613601961
0.5811643656623711 0.8236011613601961
0.5852047697027751 0.8236011613601961
0.5892451737431792 0.8236011613601961
0.5326795171775226 0.8276415654006002
0.5367199212179267 0.8276415654006002
0.5407603252583306 0.8276415654006002
0.5448007292987347 0.8276415654006002
0.5488411333391388 0.8276415654006002
0.5528815373795428 0.8276415654006002
0.5569219414199469 0.8276415654006002
0.560962345460351 0.8276415654006002
0.5650027495007549 0.8276415654006002
0.569043153541159 0.8276415654006002
0.5730835575815629 0.8276415654006002
0.577123961621967 0.8276415654006002
0.5811643656623711 0.8276415654006002
0.5245987090967146 0.8316819694410043
0.5286391131371185 0.8316819694410043
0.5326795171775226 0.8316819694410043
0.5367199212179267 0.8316819694410043
0.5407603252583306 0.8316819694410043
0.5448007292987347 0.8316819694410043
0.5488411333391388 0.8316819694410043
0.5528815373795428 0.8316819694410043
0.5569219414199469 0.8316819694410043
0.560962345460351 0.8316819694410043
0.5650027495007549 0.8316819694410043
0.569043153541159 0.8316819694410043
0.5730835575815629 0.8316819694410043
0.5811643656623711 0.8316819694410043
0.5165179010159064 0.8357223734814083
0.5245987090967146 0.8357223734814083
0.5286391131371185 0.8357223734814083
0.5326795171775226 0.8357223734814083
0.5367199212179267 0.8357223734814083
0.5407603252583306 0.8357223734814083
0.5448007292987347 0.8357223734814083
0.5488411333391388 0.8357223734814083
0.5528815373795428 0.8357223734814083
0.5569219414199469 0.8357223734814083
0.560962345460351 0.8357223734814083
0.5650027495007549 0.8357223734814083
0.569043153541159 0.8357223734814083
0.5730835575815629 0.8357223734814083
0.5124774969755024 0.8397627775218124
0.5165179010159064 0.8397627775218124
0.5205583050563105 0.8397627775218124
0.5245987090967146 0.8397627775218124
0.5286391131371185 0.8397627775218124
0.5326795171775226 0.8397627775218124
0.5367199212179267 0.8397627775218124
0.5407603252583306 0.8397627775218124
0.5448007292987347 0.8397627775218124
0.5488411333391388 0.8397627775218124
0.5528815373795428 0.8397627775218124
0.5569219414199469 0.8397627775218124
0.560962345460351 0.8397627775218124
0.5650027495007549 0.8397627775218124
0.569043153541159 0.8397627775218124
0.5084370929350983 0.8438031815622163
0.5124774969755024 0.8438031815622163
0.5165179010159064 0.8438031815622163
0.5205583050563105 0.8438031815622163
0.5245987090967146 0.8438031815622163
0.5286391131371185 0.8438031815622163
0.5326795171775226 0.8438031815622163
0.5367199212179267 0.8438031815622163
0.5407603252583306 0.8438031815622163
0.5448007292987347 0.8438031815622163
0.5488411333391388 0.8438031815622163
0.5528815373795428 0.8438031815622163
0.5569219414199469 0.8438031815622163
0.5003562848542903 0.8478435856026204
0.5043966888946942 0.8478435856026204
0.5084370929350983 0.8478435856026204
0.5124774969755024 0.8478435856026204
0.5165179010159064 0.8478435856026204
0.5205583050563105 0.8478435856026204
0.5245987090967146 0.8478435856026204
0.5286391131371185 0.8478435856026204
0.5326795171775226 0.8478435856026204
0.5367199212179267 0.8478435856026204
0.5407603252583306 0.8478435856026204
0.5448007292987347 0.8478435856026204
0.5488411333391388 0.8478435856026204
0.5528815373795428 0.8478435856026204
0.5569219414199469 0.8478435856026204
0.4963158808138862 0.8518839896430245
0.5003562848542903 0.8518839896430245
0.5043966888946942 0.8518839896430245
0.5084370929350983 0.8518839896430245
0.5124774969755024 0.8518839896430245
0.5165179010159064 0.8518839896430245
0.5205583050563105 0.8518839896430245
0.5245987090967146 0.8518839896430245
0.5286391131371185 0.8518839896430245
0.5326795171775226 0.8518839896430245
0.5367199212179267 0.8518839896430245
0.5407603252583306 0.8518839896430245
0.5448007292987347 0.8518839896430245
0.5488411333391388 0.8518839896430245
0.48823507273307815 0.8559243936834284
0.49227547677348216 0.8559243936834284
0.4963158808138862 0.8559243936834284
0.5003562848542903 0.8559243936834284
0.5043966888946942 0.8559243936834284
0.5084370929350983 0.8559243936834284
0.5124774969755024 0.8559243936834284
0.5165179010159064 0.8559243936834284
0.5205583050563105 0.8559243936834284
0.5245987090967146 0.8559243936834284
0.5286391131371185 0.8559243936834284
0.5326795171775226 0.8559243936834284
0.5367199212179267 0.8559243936834284
0.5407603252583306 0.8559243936834284
0.48015426465227007 0.8599647977238325
0.48419466869267414 0.8599647977238325
0.48823507273307815 0.8599647977238325
0.49227547677348216 0.8599647977238325
0.4963158808138862 0.8599647977238325
0.5003562848542903 0.8599647977238325
0.5043966888946942 0.8599647977238325
0.5084370929350983 0.8599647977238325
0.5124774969755024 0.8599647977238325
0.5165179010159064 0.8599647977238325
0.5205583050563105 0.8599647977238325
0.5245987090967146 0.8599647977238325
0.5286391131371185 0.8599647977238325
0.5326795171775226 0.8599647977238325
0.5367199212179267 0.8599647977238325
0.472073456571462 0.8640052017642366
0.476113860611866 0.8640052017642366
0.48015426465227007 0.8640052017642366
0.48419466869267414 0.8640052017642366
0.48823507273307815 0.8640052017642366
0.49227547677348216 0.8640052017642366
0.4963158808138862 0.8640052017642366
0.5003562848542903 0.8640052017642366
0.5043966888946942 0.8640052017642366
0.5084370929350983 0.8640052017642366
0.5124774969755024 0.8640052017642366
0.5165179010159064 0.8640052017642366
0.5205583050563105 0.8640052017642366
0.5245987090967146 0.8640052017642366
0.4639926484906539 0.8680456058046406
0.468033052531058 0.8680456058046406
0.472073456571462 0.8680456058046406
0.476113860611866 0.8680456058046406
0.48015426465227007 0.8680456058046406
0.48419466869267414 0.8680456058046406
0.48823507273307815 0.8680456058046406
0.49227547677348216 0.8680456058046406
0.4963158808138862 0.8680456058046406
0.5003562848542903 0.8680456058046406
0.5043966888946942 0.8680456058046406
0.5084370929350983 0.8680456058046406
0.5124774969755024 0.8680456058046406
0.5165179010159064 0.8680456058046406
0.5205583050563105 0.8680456058046406
0.45995224445024985 0.8720860098450447
0.4639926484906539 0.8720860098450447
0.468033052531058 0.8720860098450447
0.472073456571462 0.8720860098450447
0.476113860611866 0.8720860098450447
0.48015426465227007 0.8720860098450447
0.48419466869267414 0.8720860098450447
0.48823507273307815 0.8720860098450447
0.49227547677348216 0.8720860098450447
0.4963158808138862 0.8720860098450447
0.5003562848542903 0.8720860098450447
0.5043966888946942 0.8720860098450447
0.5084370929350983 0.8720860098450447
0.5124774969755024 0.8720860098450447
0.45187143636944177 0.8761264138854487
0.4559118404098458 0.8761264138854487
0.45995224445024985 0.8761264138854487
0.4639926484906539 0.8761264138854487
0.468033052531058 0.8761264138854487
0.472073456571462 0.8761264138854487
0.476113860611866 0.8761264138854487
0.48015426465227007 0.8761264138854487
0.48419466869267414 0.8761264138854487
0.48823507273307815 0.8761264138854487
0.49227547677348216 0.8761264138854487
0.4963158808138862 0.8761264138854487
0.5003562848542903 0.8761264138854487
0.5043966888946942 0.8761264138854487
0.4437906282886337 0.8801668179258527
0.44783103232903776 0.8801668179258527
0.45187143636944177 0.8801668179258527
0.4559118404098458 0.8801668179258527
0.45995224445024985 0.8801668179258527
0.4639926484906539 0.8801668179258527
0.468033052531058 0.8801668179258527
0.472073456571462 0.8801668179258527
0.476113860611866 0.8801668179258527
0.48015426465227007 0.8801668179258527
0.48419466869267414 0.8801668179258527
0.48823507273307815 0.8801668179258527
0.49227547677348216 0.8801668179258527
0.4963158808138862 0.8801668179258527
0.4357098202078256 0.8842072219662568
0.4397502242482296 0.8842072219662568
0.4437906282886337 0.8842072219662568
0.44783103232903776 0.8842072219662568
0.45187143636944177 0.8842072219662568
0.4559118404098458 0.8842072219662568
0.45995224445024985 0.8842072219662568
0.4639926484906539 0.8842072219662568
0.468033052531058 0.8842072219662568
0.472073456571462 0.8842072219662568
0.476113860611866 0.8842072219662568
0.48015426465227007 0.8842072219662568
0.48419466869267414 0.8842072219662568
0.48823507273307815 0.8842072219662568
0.49227547677348216 0.8842072219662568
0.42762901212701754 0.8882476260066607
0.4316694161674216 0.8882476260066607
0.4357098202078256 0.8882476260066607
0.4397502242482296 0.8882476260066607
0.4437906282886337 0.8882476260066607
0.44783103232903776 0.8882476260066607
0.45187143636944177 0.8882476260066607
0.4559118404098458 0.8882476260066607
0.45995224445024985 0.8882476260066607
0.4639926484906539 0.8882476260066607
0.468033052531058 0.8882476260066607
0.472073456571462 0.8882476260066607
0.476113860611866 0.8882476260066607
0.48015426465227007 0.8882476260066607
0.48419466869267414 0.8882476260066607
0.41954820404620946 0.8922880300470648
0.42358860808661347 0.8922880300470648
0.42762901212701754 0.8922880300470648
0.4316694161674216 0.8922880300470648
0.4357098202078256 0.8922880300470648
0.4397502242482296 0.8922880300470648
0.4437906282886337 0.8922880300470648
0.44783103232903776 0.8922880300470648
0.45187143636944177 0.8922880300470648
0.4559118404098458 0.8922880300470648
0.45995224445024985 0.8922880300470648
0.4639926484906539 0.8922880300470648
0.468033052531058 0.8922880300470648
0.472073456571462 0.8922880300470648
0.476113860611866 0.8922880300470648
0.4074269919249973 0.8963284340874689
0.4114673959654014 0.8963284340874689
0.41550780000580545 0.8963284340874689
0.41954820404620946 0.8963284340874689
0.42358860808661347 0.8963284340874689
0.42762901212701754 0.8963284340874689
0.4316694161674216 0.8963284340874689
0.4357098202078256 0.8963284340874689
0.4397502242482296 0.8963284340874689
0.4437906282886337 0.8963284340874689
0.44783103232903776 0.8963284340874689
0.45187143636944177 0.8963284340874689
0.4559118404098458 0.8963284340874689
0.45995224445024985 0.8963284340874689
0.4639926484906539 0.8963284340874689
0.468033052531058 0.8963284340874689
0.472073456571462 0.8963284340874689
0.39530577980378523 0.9003688381278729
0.4033865878845933 0.9003688381278729
0.4074269919249973 0.9003688381278729
0.4114673959654014 0.9003688381278729
0.41550780000580545 0.9003688381278729
0.41954820404620946 0.9003688381278729
0.42358860808661347 0.9003688381278729
0.42762901212701754 0.9003688381278729
0.4316694161674216 0.9003688381278729
0.4357098202078256 0.9003688381278729
0.4397502242482296 0.9003688381278729
0.4437906282886337 0.9003688381278729
0.44783103232903776 0.9003688381278729
0.45187143636944177 0.9003688381278729
0.4559118404098458 0.9003688381278729
0.45995224445024985 0.9003688381278729
0.4639926484906539 0.9003688381278729
0.38722497172297715 0.904409242168277
0.39126537576338116 0.904409242168277
0.39530577980378523 0.904409242168277
0.39934618384418924 0.904409242168277
0.4033865878845933 0.904409242168277
0.4074269919249973 0.904409242168277
0.4114673959654014 0.904409242168277
0.41550780000580545 0.904409242168277
0.41954820404620946 0.904409242168277
0.42358860808661347 0.904409242168277
0.42762901212701754 0.904409242168277
0.4316694161674216 0.904409242168277
0.4357098202078256 0.904409242168277
0.4397502242482296 0.904409242168277
0.4437906282886337 0.904409242168277
0.44783103232903776 0.904409242168277
0.45187143636944177 0.904409242168277
0.3791441636421691 0.9084496462086811
0.3831845676825731 0.9084496462086811
0.38722497172297715 0.9084496462086811
0.39126537576338116 0.9084496462086811
0.39530577980378523 0.9084496462086811
0.39934618384418924 0.9084496462086811
0.4033865878845933 0.9084496462086811
0.4074269919249973 0.9084496462086811
0.4114673959654014 0.9084496462086811
0.41550780000580545 0.9084496462086811
0.41954820404620946 0.9084496462086811
0.42358860808661347 0.9084496462086811
0.42762901212701754 0.9084496462086811
0.4316694161674216 0.9084496462086811
0.4357098202078256 0.9084496462086811
0.4397502242482296 0.9084496462086811
0.4437906282886337 0.9084496462086811
0.44783103232903776 0.9084496462086811
0.37106335556136094 0.912490050249085
0.375103759601765 0.912490050249085
0.3791441636421691 0.912490050249085
0.3831845676825731 0.912490050249085
0.38722497172297715 0.912490050249085
0.39126537576338116 0.912490050249085
0.39530577980378523 0.912490050249085
0.39934618384418924 0.912490050249085
0.4033865878845933 0.912490050249085
0.4074269919249973 0.912490050249085
0.4114673959654014 0.912490050249085
0.41550780000580545 0.912490050249085
0.41954820404620946 0.912490050249085
0.42358860808661347 0.912490050249085
0.42762901212701754 0.912490050249085
0.4316694161674216 0.912490050249085
0.4357098202078256 0.912490050249085
0.35894214344014885 0.9165304542894891
0.3629825474805529 0.9165304542894891
0.36702295152095693 0.9165304542894891
0.37106335556136094 0.9165304542894891
0.375103759601765 0.9165304542894891
0.3791441636421691 0.9165304542894891
0.3831845676825731 0.9165304542894891
0.38722497172297715 0.9165304542894891
0.39126537576338116 0.9165304542894891
0.39530577980378523 0.9165304542894891
0.39934618384418924 0.9165304542894891
0.4033865878845933 0.9165304542894891
0.4074269919249973 0.9165304542894891
0.4114673959654014 0.9165304542894891
0.41550780000580545 0.9165304542894891
0.41954820404620946 0.9165304542894891
0.42358860808661347 0.9165304542894891
0.42762901212701754 0.9165304542894891
0.3508613353593408 0.920570858329893
0.3549017393997448 0.920570858329893
0.35894214344014885 0.920570858329893
0.3629825474805529 0.920570858329893
0.36702295152095693 0.920570858329893
0.37106335556136094 0.920570858329893
0.375103759601765 0.920570858329893
0.3791441636421691 0.920570858329893
0.3831845676825731 0.920570858329893
0.38722497172297715 0.920570858329893
0.39126537576338116 0.920570858329893
0.39530577980378523 0.920570858329893
0.39934618384418924 0.920570858329893
0.4033865878845933 0.920570858329893
0.4074269919249973 0.920570858329893
0.4114673959654014 0.920570858329893
0.41550780000580545 0.920570858329893
0.41954820404620946 0.920570858329893
0.33874012323812863 0.9246112623702971
0.3427805272785327 0.9246112623702971
0.34682093131893676 0.9246112623702971
0.3508613353593408 0.9246112623702971
0.3549017393997448 0.9246112623702971
0.35894214344014885 0.9246112623702971
0.3629825474805529 0.9246112623702971
0.36702295152095693 0.9246112623702971
0.37106335556136094 0.9246112623702971
0.375103759601765 0.9246112623702971
0.3791441636421691 0.9246112623702971
0.3831845676825731 0.9246112623702971
0.38722497172297715 0.9246112623702971
0.39126537576338116 0.9246112623702971
0.39530577980378523 0.9246112623702971
0.39934618384418924 0.9246112623702971
0.4033865878845933 0.9246112623702971
0.4074269919249973 0.9246112623702971
0.4114673959654014 0.9246112623702971
0.32661891111691654 0.9286516664107012
0.33065931515732055 0.9286516664107012
0.3346997191977246 0.9286516664107012
0.33874012323812863 0.9286516664107012
0.3427805272785327 0.9286516664107012
0.34682093131893676 0.9286516664107012
0.3508613353593408 0.9286516664107012
0.3549017393997448 0.9286516664107012
0.35894214344014885 0.9286516664107012
0.3629825474805529 0.9286516664107012
0.36702295152095693 0.9286516664107012
0.37106335556136094 0.9286516664107012
0.375103759601765 0.9286516664107012
0.3791441636421691 0.9286516664107012
0.3831845676825731 0.9286516664107012
0.38722497172297715 0.9286516664107012
0.39126537576338116 0.9286516664107012
0.39530577980378523 0.9286516664107012
0.39934618384418924 0.9286516664107012
0.3185381030361084 0.9326920704511052
0.3225785070765125 0.9326920704511052
0.32661891111691654 0.9326920704511052
0.33065931515732055 0.9326920704511052
0.3346997191977246 0.9326920704511052
0.33874012323812863 0.9326920704511052
0.3427805272785327 0.9326920704511052
0.34682093131893676 0.9326920704511052
0.3508613353593408 0.9326920704511052
0.3549017393997448 0.9326920704511052
0.35894214344014885 0.9326920704511052
0.3629825474805529 0.9326920704511052
0.36702295152095693 0.9326920704511052
0.37106335556136094 0.9326920704511052
0.375103759601765 0.9326920704511052
0.3791441636421691 0.9326920704511052
0.3831845676825731 0.9326920704511052
0.38722497172297715 0.9326920704511052
0.39126537576338116 0.9326920704511052
0.29833608283408825 0.9367324744915093
0.3064168909148963 0.9367324744915093
0.3104572949553004 0.9367324744915093
0.3144976989957044 0.9367324744915093
0.3185381030361084 0.9367324744915093
0.3225785070765125 0.9367324744915093
0.32661891111691654 0.9367324744915093
0.33065931515732055 0.9367324744915093
0.3346997191977246 0.9367324744915093
0.33874012323812863 0.9367324744915093
0.3427805272785327 0.9367324744915093
0.34682093131893676 0.9367324744915093
0.3508613353593408 0.9367324744915093
0.3549017393997448 0.9367324744915093
0.35894214344014885 0.9367324744915093
0.3629825474805529 0.9367324744915093
0.36702295152095693 0.9367324744915093
0.37106335556136094 0.9367324744915093
0.375103759601765 0.9367324744915093
0.3791441636421691 0.9367324744915093
0.3831845676825731 0.9367324744915093
0.29833608283408825 0.9407728785319134
0.30237648687449226 0.9407728785319134
0.3064168909148963 0.9407728785319134
0.3104572949553004 0.9407728785319134
0.3144976989957044 0.9407728785319134
0.3185381030361084 0.9407728785319134
0.3225785070765125 0.9407728785319134
0.32661891111691654 0.9407728785319134
0.33065931515732055 0.9407728785319134
0.3346997191977246 0.9407728785319134
0.33874012323812863 0.9407728785319134
0.3427805272785327 0.9407728785319134
0.34682093131893676 0.9407728785319134
0.3508613353593408 0.9407728785319134
0.3549017393997448 0.9407728785319134
0.35894214344014885 0.9407728785319134
0.3629825474805529 0.9407728785319134
0.36702295152095693 0.9407728785319134
0.37106335556136094 0.9407728785319134
0.375103759601765 0.9407728785319134
0.29833608283408825 0.9448132825723174
0.30237648687449226 0.9448132825723174
0.3064168909148963 0.9448132825723174
0.3104572949553004 0.9448132825723174
0.3144976989957044 0.9448132825723174
0.3185381030361084 0.9448132825723174
0.3225785070765125 0.9448132825723174
0.32661891111691654 0.9448132825723174
0.33065931515732055 0.9448132825723174
0.3346997191977246 0.9448132825723174
0.33874012323812863 0.9448132825723174
0.3427805272785327 0.9448132825723174
0.34682093131893676 0.9448132825723174
0.3508613353593408 0.9448132825723174
0.3549017393997448 0.9448132825723174
0.35894214344014885 0.9448132825723174
0.3629825474805529 0.9448132825723174
0.29833608283408825 0.9488536866127214
0.30237648687449226 0.9488536866127214
0.3064168909148963 0.9488536866127214
0.3104572949553004 0.9488536866127214
0.3144976989957044 0.9488536866127214
0.3185381030361084 0.9488536866127214
0.3225785070765125 0.9488536866127214
0.32661891111691654 0.9488536866127214
0.33065931515732055 0.9488536866127214
0.3346997191977246 0.9488536866127214
0.33874012323812863 0.9488536866127214
0.3427805272785327 0.9488536866127214
0.34682093131893676 0.9488536866127214
0.3508613353593408 0.9488536866127214
0.29833608283408825 0.9528940906531255
0.30237648687449226 0.9528940906531255
0.3064168909148963 0.9528940906531255
0.3104572949553004 0.9528940906531255
0.3144976989957044 0.9528940906531255
0.3185381030361084 0.9528940906531255
0.3225785070765125 0.9528940906531255
0.32661891111691654 0.9528940906531255
0.33065931515732055 0.9528940906531255
0.3346997191977246 0.9528940906531255
0.33874012323812863 0.9528940906531255
0.29833608283408825 0.9569344946935294
0.30237648687449226 0.9569344946935294
0.3064168909148963 0.9569344946935294
0.3104572949553004 0.9569344946935294
0.3144976989957044 0.9569344946935294
0.3185381030361084 0.9569344946935294
0.3225785070765125 0.9569344946935294
0.32661891111691654 0.9569344946935294
0.29833608283408825 0.9609748987339335
0.30237648687449226 0.9609748987339335
0.3064168909148963 0.9609748987339335
0.3104572949553004 0.9609748987339335
0.3144976989957044 0.9609748987339335
0.3185381030361084 0.9609748987339335
0.29833608283408825 0.9650153027743376
0.30237648687449226 0.9650153027743376
