# x y
0.6999865754789787 0.7145102522692871
0.6959461714385746 0.7185506563096911
0.6919057673981707 0.7225910603500951
0.6878653633577666 0.7266314643904992
0.6838249593173625 0.7306718684309033
0.6797845552769586 0.7347122724713073
0.6757441512365545 0.7387526765117113
0.6676633431557464 0.7427930805521153
0.6717037471961504 0.7427930805521153
0.6636229391153423 0.7468334845925194
0.6595825350749382 0.7508738886329235
0.6555421310345343 0.7549142926733274
0.6515017269941302 0.7589546967137315
0.6474613229537263 0.7629951007541356
0.6393805148729181 0.7670355047945396
0.6434209189133222 0.7670355047945396
0.6353401108325141 0.7710759088349436
0.63129970679211 0.7751163128753477
0.6272593027517059 0.7791567169157517
0.6232188987113019 0.7831971209561558
0.6151380906304939 0.7872375249965597
0.6191784946708979 0.7872375249965597
0.6110976865900899 0.7912779290369638
0.6070572825496858 0.7953183330773679
0.5989764744688777 0.799358737117772
0.6030168785092818 0.799358737117772
0.5949360704284736 0.803399141158176
0.5908956663880696 0.80743954519858
0.5828148583072615 0.811479949238984
0.5868552623476656 0.811479949238984
0.5787744542668576 0.8155203532793881
0.5706936461860495 0.819560757319792
0.5747340502264535 0.819560757319792
0.5666532421456454 0.8236011613601961
0.5585724340648373 0.8276415654006002
0.5626128381052413 0.8276415654006002
0.5545320300244332 0.8316819694410043
0.5464512219436252 0.8357223734814083
0.5504916259840292 0.8357223734814083
0.5424108179032212 0.8397627775218124
0.5343300098224131 0.8438031815622163
0.5383704138628171 0.8438031815622163
0.530289605782009 0.8478435856026204
0.5222087977012009 0.8518839896430245
0.5262492017416049 0.8518839896430245
0.5181683936607969 0.8559243936834284
0.5100875855799888 0.8599647977238325
0.5020067774991808 0.8640052017642366
0.5060471815395848 0.8640052017642366
0.49392596941837263 0.8680456058046406
0.4979663734587767 0.8680456058046406
0.4898855653779686 0.8720860098450447
0.48180475729716055 0.8761264138854487
0.47372394921635247 0.8801668179258527
0.4777643532567565 0.8801668179258527
0.4656431411355444 0.8842072219662568
0.46968354517594846 0.8842072219662568
0.45756233305473626 0.8882476260066607
0.4616027370951403 0.8882476260066607
0.44948152497392824 0.8922880300470648
0.45352192901433225 0.8922880300470648
0.4414007168931201 0.8963284340874689
0.44544112093352417 0.8963284340874689
0.4333199088123121 0.9003688381278729
0.4373603128527161 0.9003688381278729
0.42523910073150395 0.904409242168277
0.429279504771908 0.904409242168277
0.4171582926506959 0.9084496462086811
0.42119869669109994 0.9084496462086811
0.4090774845698878 0.912490050249085
0.41311788861029186 0.912490050249085
0.3969562724486757 0.9165304542894891
0.4009966764890797 0.9165304542894891
0.38887546436786763 0.920570858329893
0.39291586840827164 0.920570858329893
0.38079465628705955 0.9246112623702971
0.38483506032746356 0.9246112623702971
0.3686734441658474 0.9286516664107012
0.3727138482062514 0.9286516664107012
0.35655223204463526 0.9326920704511052
0.36059263608503933 0.9326920704511052
0.3646330401254434 0.9326920704511052
0.34847142396382724 0.9367324744915093
0.35251182800423125 0.9367324744915093
0.3363502118426151 0.9407728785319134
0.3403906158830191 0.9407728785319134
0.32422899972140296 0.9448132825723174
0.328269403761807 0.9448132825723174
0.33230980780221103 0.9448132825723174
0.31210778760019087 0.9488536866127214
0.3161481916405949 0.9488536866127214
0.3201885956809989 0.9488536866127214
0.2999865754789787 0.9528940906531255
0.30402697951938273 0.9528940906531255
0.3080673835597868 0.9528940906531255
