# x y
0.6999176118039598 0.710469848228883
0.6958772077635558 0.7145102522692871
0.6999176118039598 0.7145102522692871
0.6918368037231517 0.7185506563096911
0.6958772077635558 0.7185506563096911
0.6999176118039598 0.7185506563096911
0.6877963996827476 0.7225910603500951
0.6918368037231517 0.7225910603500951
0.6958772077635558 0.7225910603500951
0.6837559956423436 0.7266314643904992
0.6877963996827476 0.7266314643904992
0.6918368037231517 0.7266314643904992
0.6797155916019396 0.7306718684309033
0.6837559956423436 0.7306718684309033
0.6877963996827476 0.7306718684309033
0.6756751875615356 0.7347122724713073
0.6797155916019396 0.7347122724713073
0.6716347835211316 0.7387526765117113
0.6756751875615356 0.7387526765117113
0.6675943794807275 0.7427930805521153
0.6716347835211316 0.7427930805521153
0.6595135713999194 0.7468334845925194
0.6635539754403235 0.7468334845925194
0.6675943794807275 0.7468334845925194
0.6554731673595153 0.7508738886329235
0.6595135713999194 0.7508738886329235
0.6635539754403235 0.7508738886329235
0.6514327633191113 0.7549142926733274
0.6554731673595153 0.7549142926733274
0.6595135713999194 0.7549142926733274
0.6473923592787073 0.7589546967137315
0.6514327633191113 0.7589546967137315
0.6554731673595153 0.7589546967137315
0.6433519552383032 0.7629951007541356
0.6473923592787073 0.7629951007541356
0.6514327633191113 0.7629951007541356
0.6393115511978993 0.7670355047945396
0.6433519552383032 0.7670355047945396
0.6312307431170912 0.7710759088349436
0.6352711471574952 0.7710759088349436
0.6393115511978993 0.7710759088349436
0.6271903390766871 0.7751163128753477
0.6312307431170912 0.7751163128753477
0.6352711471574952 0.7751163128753477
0.623149935036283 0.7791567169157517
0.6271903390766871 0.7791567169157517
0.6312307431170912 0.7791567169157517
0.619109530995879 0.7831971209561558
0.623149935036283 0.7831971209561558
0.6271903390766871 0.7831971209561558
0.6110287229150709 0.7872375249965597
0.6150691269554749 0.7872375249965597
0.619109530995879 0.7872375249965597
0.6069883188746669 0.7912779290369638
0.6110287229150709 0.7912779290369638
0.6150691269554749 0.7912779290369638
0.6029479148342629 0.7953183330773679
0.6069883188746669 0.7953183330773679
0.6110287229150709 0.7953183330773679
0.5948671067534548 0.799358737117772
0.5989075107938588 0.799358737117772
0.6029479148342629 0.799358737117772
0.5908267027130507 0.803399141158176
0.5948671067534548 0.803399141158176
0.5989075107938588 0.803399141158176
0.5867862986726466 0.80743954519858
0.5908267027130507 0.80743954519858
0.5948671067534548 0.80743954519858
0.5787054905918386 0.811479949238984
0.5827458946322426 0.811479949238984
0.5867862986726466 0.811479949238984
0.5746650865514346 0.8155203532793881
0.5787054905918386 0.8155203532793881
0.5827458946322426 0.8155203532793881
0.5665842784706265 0.819560757319792
0.5706246825110306 0.819560757319792
0.5746650865514346 0.819560757319792
0.5787054905918386 0.819560757319792
0.5625438744302225 0.8236011613601961
0.5665842784706265 0.8236011613601961
0.5706246825110306 0.8236011613601961
0.5585034703898184 0.8276415654006002
0.5625438744302225 0.8276415654006002
0.5665842784706265 0.8276415654006002
0.5504226623090103 0.8316819694410043
0.5544630663494143 0.8316819694410043
0.5585034703898184 0.8316819694410043
0.5423418542282022 0.8357223734814083
0.5463822582686063 0.8357223734814083
0.5504226623090103 0.8357223734814083
0.5544630663494143 0.8357223734814083
0.5383014501877982 0.8397627775218124
0.5423418542282022 0.8397627775218124
0.5463822582686063 0.8397627775218124
0.5302206421069902 0.8438031815622163
0.5342610461473942 0.8438031815622163
0.5383014501877982 0.8438031815622163
0.5423418542282022 0.8438031815622163
0.5261802380665861 0.8478435856026204
0.5302206421069902 0.8478435856026204
0.5342610461473942 0.8478435856026204
0.518099429985778 0.8518839896430245
0.522139834026182 0.8518839896430245
0.5261802380665861 0.8518839896430245
0.5302206421069902 0.8518839896430245
0.5100186219049699 0.8559243936834284
0.5140590259453739 0.8559243936834284
0.518099429985778 0.8559243936834284
0.522139834026182 0.8559243936834284
0.5059782178645659 0.8599647977238325
0.5100186219049699 0.8599647977238325
0.5140590259453739 0.8599647977238325
0.4978974097837578 0.8640052017642366
0.5019378138241618 0.8640052017642366
0.5059782178645659 0.8640052017642366
0.5100186219049699 0.8640052017642366
0.4898166017029497 0.8680456058046406
0.4938570057433538 0.8680456058046406
0.4978974097837578 0.8680456058046406
0.5019378138241618 0.8680456058046406
0.48173579362214164 0.8720860098450447
0.48577619766254565 0.8720860098450447
0.4898166017029497 0.8720860098450447
0.4938570057433538 0.8720860098450447
0.47769538958173763 0.8761264138854487
0.48173579362214164 0.8761264138854487
0.48577619766254565 0.8761264138854487
0.4696145815009295 0.8801668179258527
0.47365498554133356 0.8801668179258527
0.47769538958173763 0.8801668179258527
0.48173579362214164 0.8801668179258527
0.4615337734201214 0.8842072219662568
0.4655741774605255 0.8842072219662568
0.4696145815009295 0.8842072219662568
0.47365498554133356 0.8842072219662568
0.45345296533931334 0.8882476260066607
0.4574933693797174 0.8882476260066607
0.4615337734201214 0.8882476260066607
0.4655741774605255 0.8882476260066607
0.44537215725850526 0.8922880300470648
0.4494125612989093 0.8922880300470648
0.45345296533931334 0.8922880300470648
0.4574933693797174 0.8922880300470648
0.4372913491776972 0.8963284340874689
0.44133175321810125 0.8963284340874689
0.44537215725850526 0.8963284340874689
0.4494125612989093 0.8963284340874689
0.4292105410968891 0.9003688381278729
0.4332509451372931 0.9003688381278729
0.4372913491776972 0.9003688381278729
0.44133175321810125 0.9003688381278729
0.42112973301608103 0.904409242168277
0.4251701370564851 0.904409242168277
0.4292105410968891 0.904409242168277
0.4332509451372931 0.904409242168277
0.4090085208948689 0.9084496462086811
0.41304892493527295 0.9084496462086811
0.41708932897567697 0.9084496462086811
0.42112973301608103 0.9084496462086811
0.4251701370564851 0.9084496462086811
0.4009277128140608 0.912490050249085
0.4049681168544649 0.912490050249085
0.4090085208948689 0.912490050249085
0.41304892493527295 0.912490050249085
0.41708932897567697 0.912490050249085
0.39284690473325273 0.9165304542894891
0.3968873087736568 0.9165304542894891
0.4009277128140608 0.9165304542894891
0.4049681168544649 0.9165304542894891
0.38476609665244466 0.920570858329893
0.3888065006928487 0.920570858329893
0.39284690473325273 0.920570858329893
0.3968873087736568 0.920570858329893
0.37264488453123257 0.9246112623702971
0.3766852885716366 0.9246112623702971
0.3807256926120406 0.9246112623702971
0.38476609665244466 0.9246112623702971
0.3888065006928487 0.9246112623702971
0.36456407645042443 0.9286516664107012
0.3686044804908285 0.9286516664107012
0.37264488453123257 0.9286516664107012
0.3766852885716366 0.9286516664107012
0.35244286432921235 0.9326920704511052
0.3564832683696164 0.9326920704511052
0.3605236724100204 0.9326920704511052
0.36456407645042443 0.9326920704511052
0.3686044804908285 0.9326920704511052
0.3403216522080002 0.9367324744915093
0.34436205624840427 0.9367324744915093
0.3484024602888083 0.9367324744915093
0.35244286432921235 0.9367324744915093
0.3564832683696164 0.9367324744915093
0.3282004400867881 0.9407728785319134
0.3322408441271921 0.9407728785319134
0.3362812481675962 0.9407728785319134
0.3403216522080002 0.9407728785319134
0.34436205624840427 0.9407728785319134
0.3484024602888083 0.9407728785319134
0.32011963200598004 0.9448132825723174
0.32416003604638405 0.9448132825723174
0.3282004400867881 0.9448132825723174
0.3322408441271921 0.9448132825723174
0.3362812481675962 0.9448132825723174
0.3039580158443639 0.9488536866127214
0.3079984198847679 0.9488536866127214
0.3120388239251719 0.9488536866127214
0.31607922796557597 0.9488536866127214
0.32011963200598004 0.9488536866127214
0.32416003604638405 0.9488536866127214
0.2999176118039598 0.9528940906531255
0.3039580158443639 0.9528940906531255
0.3079984198847679 0.9528940906531255
0.3120388239251719 0.9528940906531255
0.2999176118039598 0.9569344946935294
