# x y
0.6797702950473492 0.7468334845925194
0.667649082926137 0.7549142926733274
0.6434066586837128 0.7791567169157517
0.6595682748453289 0.7791567169157517
0.6312854465625006 0.803399141158176
0.5989622142392683 0.811479949238984
0.5989622142392683 0.8155203532793881
0.6110834263604805 0.819560757319792
0.5383561536332078 0.8518839896430245
0.5060329213099755 0.8720860098450447
0.5141137293907835 0.8720860098450447
0.5019925172695714 0.8801668179258527
0.4777500930271471 0.8882476260066607
0.465628880905935 0.9003688381278729
0.48987130514835925 0.9003688381278729
0.36057837585542996 0.9488536866127214
