# x y
0.6999643900576182 0.7145102522692871
0.6959239860172142 0.7185506563096911
0.6918835819768101 0.7225910603500951
0.683802773896002 0.7266314643904992
0.687843177936406 0.7266314643904992
0.679762369855598 0.7306718684309033
0.683802773896002 0.7306718684309033
0.675721965815194 0.7347122724713073
0.679762369855598 0.7347122724713073
0.67168156177479 0.7387526765117113
0.675721965815194 0.7387526765117113
0.6676411577343859 0.7427930805521153
0.67168156177479 0.7427930805521153
0.6636007536939819 0.7468334845925194
0.6676411577343859 0.7468334845925194
0.6595603496535778 0.7508738886329235
0.6636007536939819 0.7508738886329235
0.6555199456131737 0.7549142926733274
0.6474391375323657 0.7589546967137315
0.6514795415727697 0.7589546967137315
0.6433987334919616 0.7629951007541356
0.6474391375323657 0.7629951007541356
0.6393583294515577 0.7670355047945396
0.6433987334919616 0.7670355047945396
0.6353179254111536 0.7710759088349436
0.6393583294515577 0.7710759088349436
0.6312775213707496 0.7751163128753477
0.6353179254111536 0.7751163128753477
0.6231967132899414 0.7791567169157517
0.6272371173303455 0.7791567169157517
0.6191563092495374 0.7831971209561558
0.6231967132899414 0.7831971209561558
0.6151159052091333 0.7872375249965597
0.6191563092495374 0.7872375249965597
0.6110755011687293 0.7912779290369638
0.6151159052091333 0.7912779290369638
0.6029946930879213 0.7953183330773679
0.6070350971283253 0.7953183330773679
0.5989542890475172 0.799358737117772
0.6029946930879213 0.799358737117772
0.5949138850071132 0.803399141158176
0.5989542890475172 0.803399141158176
0.586833076926305 0.80743954519858
0.5908734809667091 0.80743954519858
0.582792672885901 0.811479949238984
0.586833076926305 0.811479949238984
0.574711864805093 0.8155203532793881
0.578752268845497 0.8155203532793881
0.582792672885901 0.8155203532793881
0.570671460764689 0.819560757319792
0.574711864805093 0.819560757319792
0.5666310567242849 0.8236011613601961
0.570671460764689 0.8236011613601961
0.5585502486434768 0.8276415654006002
0.5625906526838809 0.8276415654006002
0.5545098446030727 0.8316819694410043
0.5585502486434768 0.8316819694410043
0.5464290365222647 0.8357223734814083
0.5504694405626687 0.8357223734814083
0.5423886324818606 0.8397627775218124
0.5464290365222647 0.8397627775218124
0.5343078244010526 0.8438031815622163
0.5383482284414566 0.8438031815622163
0.5262270163202445 0.8478435856026204
0.5302674203606486 0.8478435856026204
0.5343078244010526 0.8478435856026204
0.5221866122798404 0.8518839896430245
0.5262270163202445 0.8518839896430245
0.5141058041990323 0.8559243936834284
0.5181462082394364 0.8559243936834284
0.5060249961182243 0.8599647977238325
0.5100654001586283 0.8599647977238325
0.5141058041990323 0.8599647977238325
0.5019845920778202 0.8640052017642366
0.5060249961182243 0.8640052017642366
0.4939037839970122 0.8680456058046406
0.4979441880374162 0.8680456058046406
0.48582297591620405 0.8720860098450447
0.4898633799566081 0.8720860098450447
0.4939037839970122 0.8720860098450447
0.477742167835396 0.8761264138854487
0.48178257187580004 0.8761264138854487
0.48582297591620405 0.8761264138854487
0.4696613597545879 0.8801668179258527
0.47370176379499196 0.8801668179258527
0.477742167835396 0.8801668179258527
0.4656209557141839 0.8842072219662568
0.4696613597545879 0.8842072219662568
0.4575401476333758 0.8882476260066607
0.4615805516737798 0.8882476260066607
0.44945933955256767 0.8922880300470648
0.45349974359297174 0.8922880300470648
0.44137853147175965 0.8963284340874689
0.44541893551216366 0.8963284340874689
0.4332977233909515 0.9003688381278729
0.4373381274313556 0.9003688381278729
0.42117651126973943 0.904409242168277
0.4252169153101435 0.904409242168277
0.4292573193505475 0.904409242168277
0.41309570318893135 0.9084496462086811
0.41713610722933536 0.9084496462086811
0.42117651126973943 0.9084496462086811
0.4050148951081233 0.912490050249085
0.4090552991485273 0.912490050249085
0.41309570318893135 0.912490050249085
0.3969340870273152 0.9165304542894891
0.4009744910677192 0.9165304542894891
0.4050148951081233 0.9165304542894891
0.38481287490610305 0.920570858329893
0.3888532789465071 0.920570858329893
0.39289368298691113 0.920570858329893
0.376732066825295 0.9246112623702971
0.380772470865699 0.9246112623702971
0.38481287490610305 0.9246112623702971
0.36461085470408283 0.9286516664107012
0.3686512587444869 0.9286516664107012
0.37269166278489096 0.9286516664107012
0.376732066825295 0.9286516664107012
0.3565300466232748 0.9326920704511052
0.3605704506636788 0.9326920704511052
0.36461085470408283 0.9326920704511052
0.34440883450206267 0.9367324744915093
0.3484492385424667 0.9367324744915093
0.35248964258287074 0.9367324744915093
0.3565300466232748 0.9367324744915093
0.3322876223808505 0.9407728785319134
0.3363280264212546 0.9407728785319134
0.3403684304616586 0.9407728785319134
0.34440883450206267 0.9407728785319134
0.32420681430004245 0.9448132825723174
0.3282472183404465 0.9448132825723174
0.3322876223808505 0.9448132825723174
0.3080451981384263 0.9488536866127214
0.3120856021788303 0.9488536866127214
0.31612600621923437 0.9488536866127214
0.32016641025963843 0.9488536866127214
0.2999643900576182 0.9528940906531255
0.3040047940980223 0.9528940906531255
0.3080451981384263 0.9528940906531255
