# x y
0.6595589925110923 0.7629951007541356
0.6716802046323045 0.7670355047945396
0.6353165682686681 0.7872375249965597
0.6151145480666478 0.803399141158176
0.631276164228264 0.803399141158176
0.5989529319050317 0.811479949238984
0.6110741440262438 0.819560757319792
0.5949125278646277 0.8316819694410043
0.5019832349353347 0.8801668179258527
0.41713475008684986 0.9246112623702971
0.3928923258444256 0.9286516664107012
0.37269030564240546 0.9367324744915093
0.3686499016020014 0.9407728785319134
0.3605690935211933 0.9488536866127214
0.36460949756159733 0.9609748987339335
