# x y
0.6635828128950212 0.7629951007541356
0.6352999846121928 0.7872375249965597
0.5948959442081525 0.8155203532793881
0.5948959442081525 0.8316819694410043
0.5302494795616878 0.8761264138854487
0.5221686714808798 0.8801668179258527
0.43327978259199085 0.912490050249085
0.4171181664303747 0.9246112623702971
0.36459291390512216 0.9407728785319134
0.3807545300667383 0.9407728785319134
0.3605525098647181 0.9488536866127214
0.32014846946067765 0.9569344946935294
0.30802725733946557 0.9609748987339335
0.36459291390512216 0.9609748987339335
