# x y
0.6999692630937155 0.7145102522692871
0.6959288590533115 0.7185506563096911
0.6918884550129074 0.7225910603500951
0.6878480509725033 0.7266314643904992
0.6797672428916952 0.7306718684309033
0.6838076469320993 0.7306718684309033
0.6757268388512911 0.7347122724713073
0.6797672428916952 0.7347122724713073
0.6716864348108872 0.7387526765117113
0.6757268388512911 0.7387526765117113
0.6676460307704831 0.7427930805521153
0.6716864348108872 0.7427930805521153
0.6636056267300792 0.7468334845925194
0.6676460307704831 0.7468334845925194
0.6595652226896751 0.7508738886329235
0.6636056267300792 0.7508738886329235
0.655524818649271 0.7549142926733274
0.651484414608867 0.7589546967137315
0.6434036065280588 0.7629951007541356
0.6474440105684629 0.7629951007541356
0.6393632024876549 0.7670355047945396
0.6434036065280588 0.7670355047945396
0.6353227984472508 0.7710759088349436
0.6393632024876549 0.7710759088349436
0.6312823944068469 0.7751163128753477
0.6272419903664428 0.7791567169157517
0.6191611822856347 0.7831971209561558
0.6232015863260387 0.7831971209561558
0.6151207782452306 0.7872375249965597
0.6191611822856347 0.7872375249965597
0.6110803742048265 0.7912779290369638
0.6029995661240185 0.7953183330773679
0.6070399701644225 0.7953183330773679
0.5989591620836144 0.799358737117772
0.6029995661240185 0.799358737117772
0.5949187580432105 0.803399141158176
0.5989591620836144 0.803399141158176
0.5868379499624023 0.80743954519858
0.5908783540028064 0.80743954519858
0.5827975459219983 0.811479949238984
0.5868379499624023 0.811479949238984
0.5787571418815942 0.8155203532793881
0.5706763338007862 0.819560757319792
0.5747167378411902 0.819560757319792
0.5666359297603821 0.8236011613601961
0.5706763338007862 0.8236011613601961
0.5585551216795741 0.8276415654006002
0.5625955257199782 0.8276415654006002
0.55451471763917 0.8316819694410043
0.5585551216795741 0.8316819694410043
0.5464339095583619 0.8357223734814083
0.550474313598766 0.8357223734814083
0.5423935055179578 0.8397627775218124
0.5464339095583619 0.8397627775218124
0.5343126974371498 0.8438031815622163
0.5383531014775539 0.8438031815622163
0.5262318893563418 0.8478435856026204
0.5302722933967458 0.8478435856026204
0.5343126974371498 0.8478435856026204
0.5221914853159377 0.8518839896430245
0.5262318893563418 0.8518839896430245
0.5141106772351296 0.8559243936834284
0.5181510812755337 0.8559243936834284
0.5060298691543215 0.8599647977238325
0.5100702731947255 0.8599647977238325
0.5141106772351296 0.8599647977238325
0.5019894651139175 0.8640052017642366
0.5060298691543215 0.8640052017642366
0.4939086570331094 0.8680456058046406
0.49794906107351344 0.8680456058046406
0.48582784895230136 0.8720860098450447
0.48986825299270537 0.8720860098450447
0.4939086570331094 0.8720860098450447
0.4777470408714932 0.8761264138854487
0.4817874449118973 0.8761264138854487
0.48582784895230136 0.8761264138854487
0.4737066368310892 0.8801668179258527
0.4777470408714932 0.8801668179258527
0.46562582875028113 0.8842072219662568
0.4696662327906852 0.8842072219662568
0.457545020669473 0.8882476260066607
0.46158542470987707 0.8882476260066607
0.449464212588665 0.8922880300470648
0.453504616629069 0.8922880300470648
0.44138340450785685 0.8963284340874689
0.4454238085482609 0.8963284340874689
0.4333025964270488 0.9003688381278729
0.43734300046745284 0.9003688381278729
0.4252217883462407 0.904409242168277
0.42926219238664476 0.904409242168277
0.4131005762250286 0.9084496462086811
0.41714098026543267 0.9084496462086811
0.4211813843058367 0.9084496462086811
0.4050197681442205 0.912490050249085
0.40906017218462454 0.912490050249085
0.4131005762250286 0.912490050249085
0.39693896006341245 0.9165304542894891
0.40097936410381646 0.9165304542894891
0.4050197681442205 0.9165304542894891
0.3848177479422003 0.920570858329893
0.38885815198260437 0.920570858329893
0.3928985560230084 0.920570858329893
0.37673693986139223 0.9246112623702971
0.3807773439017963 0.9246112623702971
0.3848177479422003 0.9246112623702971
0.36865613178058415 0.9286516664107012
0.37269653582098816 0.9286516664107012
0.37673693986139223 0.9286516664107012
0.356534919659372 0.9326920704511052
0.3605753236997761 0.9326920704511052
0.36461572774018014 0.9326920704511052
0.3444137075381599 0.9367324744915093
0.348454111578564 0.9367324744915093
0.352494515618968 0.9367324744915093
0.33633289945735184 0.9407728785319134
0.34037330349775585 0.9407728785319134
0.3444137075381599 0.9407728785319134
0.3242116873361397 0.9448132825723174
0.32825209137654376 0.9448132825723174
0.3322924954169478 0.9448132825723174
0.3120904752149276 0.9488536866127214
0.3161308792553316 0.9488536866127214
0.32017128329573563 0.9488536866127214
0.29996926309371547 0.9528940906531255
0.3040096671341195 0.9528940906531255
0.30805007117452354 0.9528940906531255
