# x y
0.6999901623523248 0.7145102522692871
0.6959497583119207 0.7185506563096911
0.6919093542715167 0.7225910603500951
0.6878689502311126 0.7266314643904992
0.6838285461907085 0.7306718684309033
0.6797881421503046 0.7347122724713073
0.6757477381099005 0.7387526765117113
0.6676669300290925 0.7427930805521153
0.6717073340694966 0.7427930805521153
0.6636265259886884 0.7468334845925194
0.6595861219482844 0.7508738886329235
0.6555457179078803 0.7549142926733274
0.6515053138674762 0.7589546967137315
0.6474649098270723 0.7629951007541356
0.6434245057866682 0.7670355047945396
0.6353436977058602 0.7710759088349436
0.6313032936654561 0.7751163128753477
0.6272628896250521 0.7791567169157517
0.623222485584648 0.7831971209561558
0.6151416775038399 0.7872375249965597
0.6111012734634359 0.7912779290369638
0.6070608694230318 0.7953183330773679
0.5989800613422238 0.799358737117772
0.6030204653826279 0.799358737117772
0.5949396573018197 0.803399141158176
0.5908992532614157 0.80743954519858
0.5828184451806075 0.811479949238984
0.5868588492210116 0.811479949238984
0.5787780411402036 0.8155203532793881
0.5706972330593956 0.819560757319792
0.5747376370997995 0.819560757319792
0.5666568290189915 0.8236011613601961
0.5626164249785874 0.8276415654006002
0.5545356168977793 0.8316819694410043
0.5504952128573752 0.8357223734814083
0.5424144047765672 0.8397627775218124
0.5343335966957592 0.8438031815622163
0.5383740007361631 0.8438031815622163
0.5302931926553551 0.8478435856026204
0.522212384574547 0.8518839896430245
0.5262527886149511 0.8518839896430245
0.5181719805341429 0.8559243936834284
0.5100911724533349 0.8599647977238325
0.5020103643725268 0.8640052017642366
0.5060507684129308 0.8640052017642366
0.49392955629171875 0.8680456058046406
0.49796996033212276 0.8680456058046406
0.4898891522513147 0.8720860098450447
0.4818083441705066 0.8761264138854487
0.47372753608969853 0.8801668179258527
0.4777679401301026 0.8801668179258527
0.46564672800889045 0.8842072219662568
0.46968713204929446 0.8842072219662568
0.4575659199280824 0.8882476260066607
0.4616063239684864 0.8882476260066607
0.44948511184727424 0.8922880300470648
0.4535255158876783 0.8922880300470648
0.4414043037664662 0.8963284340874689
0.44544470780687023 0.8963284340874689
0.4333234956856581 0.9003688381278729
0.43736389972606216 0.9003688381278729
0.42524268760485007 0.904409242168277
0.4292830916452541 0.904409242168277
0.41716187952404193 0.9084496462086811
0.421202283564446 0.9084496462086811
0.40908107144323386 0.912490050249085
0.39695985932202177 0.9165304542894891
0.4010002633624258 0.9165304542894891
0.3888790512412137 0.920570858329893
0.3929194552816177 0.920570858329893
0.38079824316040556 0.9246112623702971
0.3848386472008096 0.9246112623702971
0.36867703103919347 0.9286516664107012
0.37271743507959754 0.9286516664107012
0.3605962229583854 0.9326920704511052
0.3646366269987894 0.9326920704511052
0.34847501083717325 0.9367324744915093
0.3525154148775773 0.9367324744915093
0.33635379871596116 0.9407728785319134
0.34039420275636517 0.9407728785319134
0.324232586594749 0.9448132825723174
0.3282729906351531 0.9448132825723174
0.3323133946755571 0.9448132825723174
0.3121113744735369 0.9488536866127214
0.31615177851394094 0.9488536866127214
0.320192182554345 0.9488536866127214
0.2999901623523248 0.9528940906531255
0.30403056639272885 0.9528940906531255
0.30807097043313286 0.9528940906531255
