# x y
0.699966419165379 0.7145102522692871
0.695926015124975 0.7185506563096911
0.691885611084571 0.7225910603500951
0.6838048030037629 0.7266314643904992
0.687845207044167 0.7266314643904992
0.6797643989633588 0.7306718684309033
0.6838048030037629 0.7306718684309033
0.6757239949229548 0.7347122724713073
0.6797643989633588 0.7347122724713073
0.6716835908825507 0.7387526765117113
0.6757239949229548 0.7387526765117113
0.6676431868421466 0.7427930805521153
0.6716835908825507 0.7427930805521153
0.6636027828017427 0.7468334845925194
0.6676431868421466 0.7468334845925194
0.6595623787613386 0.7508738886329235
0.6636027828017427 0.7508738886329235
0.6555219747209347 0.7549142926733274
0.6514815706805306 0.7589546967137315
0.6434007625997225 0.7629951007541356
0.6474411666401265 0.7629951007541356
0.6393603585593184 0.7670355047945396
0.6434007625997225 0.7670355047945396
0.6353199545189143 0.7710759088349436
0.6393603585593184 0.7710759088349436
0.6312795504785104 0.7751163128753477
0.6353199545189143 0.7751163128753477
0.6231987423977022 0.7791567169157517
0.6272391464381063 0.7791567169157517
0.6191583383572983 0.7831971209561558
0.6231987423977022 0.7831971209561558
0.6151179343168942 0.7872375249965597
0.6191583383572983 0.7872375249965597
0.6110775302764901 0.7912779290369638
0.6151179343168942 0.7912779290369638
0.602996722195682 0.7953183330773679
0.6070371262360861 0.7953183330773679
0.598956318155278 0.799358737117772
0.602996722195682 0.799358737117772
0.594915914114874 0.803399141158176
0.598956318155278 0.803399141158176
0.586835106034066 0.80743954519858
0.5908755100744699 0.80743954519858
0.5827947019936619 0.811479949238984
0.586835106034066 0.811479949238984
0.5747138939128538 0.8155203532793881
0.5787542979532578 0.8155203532793881
0.5706734898724497 0.819560757319792
0.5747138939128538 0.819560757319792
0.5666330858320456 0.8236011613601961
0.5706734898724497 0.8236011613601961
0.5585522777512376 0.8276415654006002
0.5625926817916417 0.8276415654006002
0.5545118737108335 0.8316819694410043
0.5585522777512376 0.8316819694410043
0.5464310656300255 0.8357223734814083
0.5504714696704296 0.8357223734814083
0.5423906615896215 0.8397627775218124
0.5464310656300255 0.8397627775218124
0.5343098535088133 0.8438031815622163
0.5383502575492174 0.8438031815622163
0.5262290454280053 0.8478435856026204
0.5302694494684094 0.8478435856026204
0.5343098535088133 0.8478435856026204
0.5221886413876012 0.8518839896430245
0.5262290454280053 0.8518839896430245
0.5141078333067932 0.8559243936834284
0.5181482373471972 0.8559243936834284
0.5060270252259851 0.8599647977238325
0.5100674292663891 0.8599647977238325
0.5141078333067932 0.8599647977238325
0.501986621185581 0.8640052017642366
0.5060270252259851 0.8640052017642366
0.493905813104773 0.8680456058046406
0.497946217145177 0.8680456058046406
0.48582500502396486 0.8720860098450447
0.48986540906436893 0.8720860098450447
0.493905813104773 0.8720860098450447
0.47774419694315684 0.8761264138854487
0.48178460098356085 0.8761264138854487
0.48582500502396486 0.8761264138854487
0.4696633888623487 0.8801668179258527
0.4737037929027528 0.8801668179258527
0.47774419694315684 0.8801668179258527
0.4656229848219447 0.8842072219662568
0.4696633888623487 0.8842072219662568
0.4575421767411366 0.8882476260066607
0.46158258078154063 0.8882476260066607
0.4494613686603285 0.8922880300470648
0.45350177270073255 0.8922880300470648
0.44138056057952046 0.8963284340874689
0.4454209646199245 0.8963284340874689
0.43329975249871233 0.9003688381278729
0.4373401565391164 0.9003688381278729
0.42117854037750024 0.904409242168277
0.4252189444179043 0.904409242168277
0.4292593484583083 0.904409242168277
0.41309773229669217 0.9084496462086811
0.4171381363370962 0.9084496462086811
0.42117854037750024 0.9084496462086811
0.4050169242158841 0.912490050249085
0.4090573282562881 0.912490050249085
0.41309773229669217 0.912490050249085
0.396936116135076 0.9165304542894891
0.40097652017548 0.9165304542894891
0.4050169242158841 0.9165304542894891
0.38481490401386387 0.920570858329893
0.38885530805426793 0.920570858329893
0.39289571209467195 0.920570858329893
0.3767340959330558 0.9246112623702971
0.3807744999734598 0.9246112623702971
0.38481490401386387 0.9246112623702971
0.36461288381184365 0.9286516664107012
0.3686532878522477 0.9286516664107012
0.3726936918926518 0.9286516664107012
0.3767340959330558 0.9286516664107012
0.3565320757310356 0.9326920704511052
0.36057247977143964 0.9326920704511052
0.36461288381184365 0.9326920704511052
0.3444108636098235 0.9367324744915093
0.3484512676502275 0.9367324744915093
0.35249167169063156 0.9367324744915093
0.3565320757310356 0.9367324744915093
0.33228965148861134 0.9407728785319134
0.3363300555290154 0.9407728785319134
0.3403704595694194 0.9407728785319134
0.3444108636098235 0.9407728785319134
0.32420884340780326 0.9448132825723174
0.3282492474482073 0.9448132825723174
0.33228965148861134 0.9448132825723174
0.3120876312865911 0.9488536866127214
0.3161280353269952 0.9488536866127214
0.32016843936739925 0.9488536866127214
0.29996641916537903 0.9528940906531255
0.3040068232057831 0.9528940906531255
0.3080472272461871 0.9528940906531255
