# x y
0.6999599130982479 0.7266314643904992
0.6959195090578438 0.7306718684309033
0.6918791050174398 0.7347122724713073
0.6474346605729953 0.7751163128753477
0.6353134484517832 0.7872375249965597
0.615111428249763 0.803399141158176
0.5989498120881468 0.811479949238984
0.6110710242093589 0.819560757319792
0.5949094080477428 0.8316819694410043
0.5019801151184499 0.8801668179258527
0.45349526663360135 0.9003688381278729
0.44541445855279327 0.904409242168277
0.417131630269965 0.9246112623702971
0.39288920602754074 0.9286516664107012
0.3686467817851165 0.9407728785319134
0.3646063777447125 0.9609748987339335
0.320161933300268 0.9771365148955498
