# x y
0.6838272446361724 0.7387526765117113
0.6757464365553643 0.7508738886329235
0.6555444163533442 0.7629951007541356
0.6595848203937482 0.7791567169157517
0.6151403759493037 0.7953183330773679
0.6191807799897078 0.7953183330773679
0.6110999719088996 0.799358737117772
0.5989787597876876 0.8155203532793881
0.5949383557472836 0.8316819694410043
0.5585747193836472 0.8397627775218124
0.546453507262435 0.8478435856026204
0.5343322951412229 0.8518839896430245
0.5302918911008189 0.8559243936834284
0.5100898708987986 0.8680456058046406
0.5141302749392027 0.8680456058046406
0.4737262345351623 0.8882476260066607
0.4131201739291017 0.9165304542894891
0.4252413860503138 0.920570858329893
0.39695855776748556 0.9246112623702971
0.34039290120182897 0.9488536866127214
0.33635249716142496 0.9528940906531255
0.2999888607977886 0.9609748987339335
0.31615047695940474 0.9650153027743376
0.3040292648381926 0.9690557068147416
