# x y
0.6999881335880083 0.7145102522692871
0.6959477295476042 0.7185506563096911
0.6919073255072001 0.7225910603500951
0.6878669214667961 0.7266314643904992
0.683826517426392 0.7306718684309033
0.679786113385988 0.7347122724713073
0.675745709345584 0.7387526765117113
0.667664901264776 0.7427930805521153
0.67170530530518 0.7427930805521153
0.6636244972243719 0.7468334845925194
0.6595840931839678 0.7508738886329235
0.6555436891435638 0.7549142926733274
0.6515032851031597 0.7589546967137315
0.6474628810627557 0.7629951007541356
0.6434224770223517 0.7670355047945396
0.6353416689415436 0.7710759088349436
0.6313012649011396 0.7751163128753477
0.6272608608607355 0.7791567169157517
0.6232204568203314 0.7831971209561558
0.6151396487395233 0.7872375249965597
0.6110992446991194 0.7912779290369638
0.6070588406587153 0.7953183330773679
0.5989780325779073 0.799358737117772
0.6030184366183113 0.799358737117772
0.5949376285375032 0.803399141158176
0.5908972244970991 0.80743954519858
0.582816416416291 0.811479949238984
0.5868568204566951 0.811479949238984
0.578776012375887 0.8155203532793881
0.570695204295079 0.819560757319792
0.574735608335483 0.819560757319792
0.566654800254675 0.8236011613601961
0.5626143962142709 0.8276415654006002
0.5545335881334628 0.8316819694410043
0.5504931840930587 0.8357223734814083
0.5424123760122507 0.8397627775218124
0.5343315679314427 0.8438031815622163
0.5383719719718466 0.8438031815622163
0.5302911638910386 0.8478435856026204
0.5222103558102305 0.8518839896430245
0.5262507598506345 0.8518839896430245
0.5181699517698264 0.8559243936834284
0.5100891436890184 0.8599647977238325
0.5020083356082102 0.8640052017642366
0.5060487396486143 0.8640052017642366
0.4939275275274022 0.8680456058046406
0.4979679315678062 0.8680456058046406
0.48988712348699814 0.8720860098450447
0.48180631540619007 0.8761264138854487
0.473725507325382 0.8801668179258527
0.47776591136578606 0.8801668179258527
0.4656446992445739 0.8842072219662568
0.4696851032849779 0.8842072219662568
0.45756389116376583 0.8882476260066607
0.46160429520416985 0.8882476260066607
0.4494830830829577 0.8922880300470648
0.45352348712336177 0.8922880300470648
0.4414022750021497 0.8963284340874689
0.4454426790425537 0.8963284340874689
0.43332146692134155 0.9003688381278729
0.4373618709617456 0.9003688381278729
0.4252406588405335 0.904409242168277
0.42928106288093754 0.904409242168277
0.4171598507597254 0.9084496462086811
0.42120025480012946 0.9084496462086811
0.4090790426789173 0.912490050249085
0.3969578305577052 0.9165304542894891
0.40099823459810924 0.9165304542894891
0.38887702247689715 0.920570858329893
0.39291742651730116 0.920570858329893
0.380796214396089 0.9246112623702971
0.3848366184364931 0.9246112623702971
0.36867500227487693 0.9286516664107012
0.372715406315281 0.9286516664107012
0.36059419419406885 0.9326920704511052
0.36463459823447286 0.9326920704511052
0.3484729820728567 0.9367324744915093
0.3525133861132608 0.9367324744915093
0.3363517699516446 0.9407728785319134
0.34039217399204863 0.9407728785319134
0.3242305578304325 0.9448132825723174
0.32827096187083654 0.9448132825723174
0.33231136591124055 0.9448132825723174
0.31210934570922033 0.9488536866127214
0.3161497497496244 0.9488536866127214
0.32019015379002846 0.9488536866127214
0.29998813358800824 0.9528940906531255
0.3040285376284123 0.9528940906531255
0.3080689416688163 0.9528940906531255
