# x y
0.6999855864893851 0.7145102522692871
0.6959451824489811 0.7185506563096911
0.6919047784085771 0.7225910603500951
0.687864374368173 0.7266314643904992
0.683823970327769 0.7306718684309033
0.679783566287365 0.7347122724713073
0.6717027582065569 0.7387526765117113
0.675743162246961 0.7387526765117113
0.6676623541661528 0.7427930805521153
0.6717027582065569 0.7427930805521153
0.6636219501257488 0.7468334845925194
0.6595815460853447 0.7508738886329235
0.6555411420449407 0.7549142926733274
0.6515007380045367 0.7589546967137315
0.6474603339641327 0.7629951007541356
0.6393795258833246 0.7670355047945396
0.6434199299237287 0.7670355047945396
0.6353391218429205 0.7710759088349436
0.6312987178025165 0.7751163128753477
0.6272583137621124 0.7791567169157517
0.6232179097217083 0.7831971209561558
0.6151371016409003 0.7872375249965597
0.6191775056813044 0.7872375249965597
0.6110966976004963 0.7912779290369638
0.6070562935600923 0.7953183330773679
0.5989754854792841 0.799358737117772
0.6030158895196882 0.799358737117772
0.5949350814388801 0.803399141158176
0.590894677398476 0.80743954519858
0.582813869317668 0.811479949238984
0.586854273358072 0.811479949238984
0.578773465277264 0.8155203532793881
0.5706926571964559 0.819560757319792
0.57473306123686 0.819560757319792
0.5666522531560518 0.8236011613601961
0.5585714450752437 0.8276415654006002
0.5626118491156478 0.8276415654006002
0.5545310410348396 0.8316819694410043
0.5464502329540316 0.8357223734814083
0.5504906369944357 0.8357223734814083
0.5424098289136277 0.8397627775218124
0.5343290208328195 0.8438031815622163
0.5383694248732236 0.8438031815622163
0.5302886167924155 0.8478435856026204
0.5222078087116073 0.8518839896430245
0.5262482127520114 0.8518839896430245
0.5141270006307993 0.8559243936834284
0.5181674046712034 0.8559243936834284
0.5100865965903952 0.8599647977238325
0.5020057885095872 0.8640052017642366
0.5060461925499913 0.8640052017642366
0.4939249804287791 0.8680456058046406
0.49796538446918315 0.8680456058046406
0.48988457638837507 0.8720860098450447
0.481803768307567 0.8761264138854487
0.4737229602267589 0.8801668179258527
0.4777633642671629 0.8801668179258527
0.46564215214595084 0.8842072219662568
0.4696825561863549 0.8842072219662568
0.4575613440651427 0.8882476260066607
0.46160174810554677 0.8882476260066607
0.4494805359843347 0.8922880300470648
0.4535209400247387 0.8922880300470648
0.44139972790352655 0.8963284340874689
0.4454401319439306 0.8963284340874689
0.43331891982271853 0.9003688381278729
0.43735932386312254 0.9003688381278729
0.4252381117419104 0.904409242168277
0.42927851578231446 0.904409242168277
0.4171573036611024 0.9084496462086811
0.4211977077015064 0.9084496462086811
0.40907649558029424 0.912490050249085
0.4131168996206983 0.912490050249085
0.39695528345908215 0.9165304542894891
0.40099568749948616 0.9165304542894891
0.3888744753782741 0.920570858329893
0.3929148794186781 0.920570858329893
0.380793667297466 0.9246112623702971
0.38483407133787 0.9246112623702971
0.36867245517625385 0.9286516664107012
0.37271285921665787 0.9286516664107012
0.3565512430550417 0.9326920704511052
0.3605916470954458 0.9326920704511052
0.36463205113584984 0.9326920704511052
0.3484704349742337 0.9367324744915093
0.3525108390146377 0.9367324744915093
0.33634922285302155 0.9407728785319134
0.34038962689342556 0.9407728785319134
0.3242280107318094 0.9448132825723174
0.32826841477221347 0.9448132825723174
0.3323088188126175 0.9448132825723174
0.3121067986105973 0.9488536866127214
0.3161472026510013 0.9488536866127214
0.32018760669140534 0.9488536866127214
0.29998558648938517 0.9528940906531255
0.3040259905297892 0.9528940906531255
0.30806639457019325 0.9528940906531255
