# x y
0.6998648686138553 0.710469848228883
0.6958244645734513 0.7145102522692871
0.6998648686138553 0.7145102522692871
0.6917840605330472 0.7185506563096911
0.6958244645734513 0.7185506563096911
0.6998648686138553 0.7185506563096911
0.6877436564926431 0.7225910603500951
0.6917840605330472 0.7225910603500951
0.6958244645734513 0.7225910603500951
0.6837032524522391 0.7266314643904992
0.6877436564926431 0.7266314643904992
0.6917840605330472 0.7266314643904992
0.679662848411835 0.7306718684309033
0.6837032524522391 0.7306718684309033
0.6877436564926431 0.7306718684309033
0.671582040331027 0.7347122724713073
0.6756224443714309 0.7347122724713073
0.679662848411835 0.7347122724713073
0.6837032524522391 0.7347122724713073
0.6675416362906229 0.7387526765117113
0.671582040331027 0.7387526765117113
0.6756224443714309 0.7387526765117113
0.679662848411835 0.7387526765117113
0.663501232250219 0.7427930805521153
0.6675416362906229 0.7427930805521153
0.671582040331027 0.7427930805521153
0.6756224443714309 0.7427930805521153
0.6594608282098149 0.7468334845925194
0.663501232250219 0.7468334845925194
0.6675416362906229 0.7468334845925194
0.671582040331027 0.7468334845925194
0.6554204241694108 0.7508738886329235
0.6594608282098149 0.7508738886329235
0.663501232250219 0.7508738886329235
0.6513800201290068 0.7549142926733274
0.6554204241694108 0.7549142926733274
0.6594608282098149 0.7549142926733274
0.6473396160886027 0.7589546967137315
0.6513800201290068 0.7589546967137315
0.6554204241694108 0.7589546967137315
0.6392588080077947 0.7629951007541356
0.6432992120481986 0.7629951007541356
0.6473396160886027 0.7629951007541356
0.6513800201290068 0.7629951007541356
0.6352184039673906 0.7670355047945396
0.6392588080077947 0.7670355047945396
0.6432992120481986 0.7670355047945396
0.6473396160886027 0.7670355047945396
0.6311779999269866 0.7710759088349436
0.6352184039673906 0.7710759088349436
0.6392588080077947 0.7710759088349436
0.6432992120481986 0.7710759088349436
0.6271375958865826 0.7751163128753477
0.6311779999269866 0.7751163128753477
0.6352184039673906 0.7751163128753477
0.6230971918461785 0.7791567169157517
0.6271375958865826 0.7791567169157517
0.6311779999269866 0.7791567169157517
0.6150163837653704 0.7831971209561558
0.6190567878057744 0.7831971209561558
0.6230971918461785 0.7831971209561558
0.6271375958865826 0.7831971209561558
0.6109759797249663 0.7872375249965597
0.6150163837653704 0.7872375249965597
0.6190567878057744 0.7872375249965597
0.6230971918461785 0.7872375249965597
0.6069355756845622 0.7912779290369638
0.6109759797249663 0.7912779290369638
0.6150163837653704 0.7912779290369638
0.5988547676037542 0.7953183330773679
0.6028951716441583 0.7953183330773679
0.6069355756845622 0.7953183330773679
0.6109759797249663 0.7953183330773679
0.5948143635633503 0.799358737117772
0.5988547676037542 0.799358737117772
0.6028951716441583 0.799358737117772
0.6069355756845622 0.799358737117772
0.5907739595229462 0.803399141158176
0.5948143635633503 0.803399141158176
0.5988547676037542 0.803399141158176
0.6028951716441583 0.803399141158176
0.5826931514421381 0.80743954519858
0.5867335554825421 0.80743954519858
0.5907739595229462 0.80743954519858
0.5948143635633503 0.80743954519858
0.578652747401734 0.811479949238984
0.5826931514421381 0.811479949238984
0.5867335554825421 0.811479949238984
0.5907739595229462 0.811479949238984
0.570571939320926 0.8155203532793881
0.5746123433613299 0.8155203532793881
0.578652747401734 0.8155203532793881
0.5826931514421381 0.8155203532793881
0.5665315352805219 0.819560757319792
0.570571939320926 0.819560757319792
0.5746123433613299 0.819560757319792
0.578652747401734 0.819560757319792
0.562491131240118 0.8236011613601961
0.5665315352805219 0.8236011613601961
0.570571939320926 0.8236011613601961
0.5746123433613299 0.8236011613601961
0.5544103231593098 0.8276415654006002
0.5584507271997139 0.8276415654006002
0.562491131240118 0.8276415654006002
0.5665315352805219 0.8276415654006002
0.5503699191189058 0.8316819694410043
0.5544103231593098 0.8316819694410043
0.5584507271997139 0.8316819694410043
0.562491131240118 0.8316819694410043
0.5422891110380976 0.8357223734814083
0.5463295150785017 0.8357223734814083
0.5503699191189058 0.8357223734814083
0.5544103231593098 0.8357223734814083
0.5342083029572896 0.8397627775218124
0.5382487069976937 0.8397627775218124
0.5422891110380976 0.8397627775218124
0.5463295150785017 0.8397627775218124
0.5503699191189058 0.8397627775218124
0.5301678989168855 0.8438031815622163
0.5342083029572896 0.8438031815622163
0.5382487069976937 0.8438031815622163
0.5422891110380976 0.8438031815622163
0.5220870908360775 0.8478435856026204
0.5261274948764816 0.8478435856026204
0.5301678989168855 0.8478435856026204
0.5342083029572896 0.8478435856026204
0.5382487069976937 0.8478435856026204
0.5180466867956735 0.8518839896430245
0.5220870908360775 0.8518839896430245
0.5261274948764816 0.8518839896430245
0.5301678989168855 0.8518839896430245
0.5099658787148653 0.8559243936834284
0.5140062827552694 0.8559243936834284
0.5180466867956735 0.8559243936834284
0.5220870908360775 0.8559243936834284
0.5018850706340573 0.8599647977238325
0.5059254746744613 0.8599647977238325
0.5099658787148653 0.8599647977238325
0.5140062827552694 0.8599647977238325
0.5180466867956735 0.8599647977238325
0.49380426255324916 0.8640052017642366
0.49784466659365323 0.8640052017642366
0.5018850706340573 0.8640052017642366
0.5059254746744613 0.8640052017642366
0.5099658787148653 0.8640052017642366
0.48976385851284515 0.8680456058046406
0.49380426255324916 0.8680456058046406
0.49784466659365323 0.8680456058046406
0.5018850706340573 0.8680456058046406
0.4816830504320371 0.8720860098450447
0.48572345447244114 0.8720860098450447
0.48976385851284515 0.8720860098450447
0.49380426255324916 0.8720860098450447
0.49784466659365323 0.8720860098450447
0.473602242351229 0.8761264138854487
0.477642646391633 0.8761264138854487
0.4816830504320371 0.8761264138854487
0.48572345447244114 0.8761264138854487
0.48976385851284515 0.8761264138854487
0.4655214342704209 0.8801668179258527
0.469561838310825 0.8801668179258527
0.473602242351229 0.8801668179258527
0.477642646391633 0.8801668179258527
0.4816830504320371 0.8801668179258527
0.4574406261896128 0.8842072219662568
0.46148103023001685 0.8842072219662568
0.4655214342704209 0.8842072219662568
0.469561838310825 0.8842072219662568
0.473602242351229 0.8842072219662568
0.44935981810880476 0.8882476260066607
0.4534002221492088 0.8882476260066607
0.4574406261896128 0.8882476260066607
0.46148103023001685 0.8882476260066607
0.4655214342704209 0.8882476260066607
0.44127901002799663 0.8922880300470648
0.4453194140684007 0.8922880300470648
0.44935981810880476 0.8922880300470648
0.4534002221492088 0.8922880300470648
0.4574406261896128 0.8922880300470648
0.46148103023001685 0.8922880300470648
0.4331982019471886 0.8963284340874689
0.4372386059875926 0.8963284340874689
0.44127901002799663 0.8963284340874689
0.4453194140684007 0.8963284340874689
0.44935981810880476 0.8963284340874689
0.4534002221492088 0.8963284340874689
0.4251173938663805 0.9003688381278729
0.42915779790678454 0.9003688381278729
0.4331982019471886 0.9003688381278729
0.4372386059875926 0.9003688381278729
0.44127901002799663 0.9003688381278729
0.4453194140684007 0.9003688381278729
0.41703658578557246 0.904409242168277
0.42107698982597647 0.904409242168277
0.4251173938663805 0.904409242168277
0.42915779790678454 0.904409242168277
0.4331982019471886 0.904409242168277
0.4372386059875926 0.904409242168277
0.4089557777047643 0.9084496462086811
0.4129961817451684 0.9084496462086811
0.41703658578557246 0.9084496462086811
0.42107698982597647 0.9084496462086811
0.4251173938663805 0.9084496462086811
0.40087496962395625 0.912490050249085
0.4049153736643603 0.912490050249085
0.4089557777047643 0.912490050249085
0.4129961817451684 0.912490050249085
0.41703658578557246 0.912490050249085
0.38875375750274416 0.9165304542894891
0.39279416154314817 0.9165304542894891
0.39683456558355223 0.9165304542894891
0.40087496962395625 0.9165304542894891
0.4049153736643603 0.9165304542894891
0.4089557777047643 0.9165304542894891
0.3806729494219361 0.920570858329893
0.3847133534623401 0.920570858329893
0.38875375750274416 0.920570858329893
0.39279416154314817 0.920570858329893
0.39683456558355223 0.920570858329893
0.40087496962395625 0.920570858329893
0.36855173730072394 0.9246112623702971
0.37259214134112795 0.9246112623702971
0.376632545381532 0.9246112623702971
0.3806729494219361 0.9246112623702971
0.3847133534623401 0.9246112623702971
0.38875375750274416 0.9246112623702971
0.39279416154314817 0.9246112623702971
0.36047092921991586 0.9286516664107012
0.3645113332603199 0.9286516664107012
0.36855173730072394 0.9286516664107012
0.37259214134112795 0.9286516664107012
0.376632545381532 0.9286516664107012
0.3806729494219361 0.9286516664107012
0.34834971709870377 0.9326920704511052
0.3523901211391078 0.9326920704511052
0.3564305251795118 0.9326920704511052
0.36047092921991586 0.9326920704511052
0.3645113332603199 0.9326920704511052
0.36855173730072394 0.9326920704511052
0.37259214134112795 0.9326920704511052
0.3362285049774916 0.9367324744915093
0.34026890901789564 0.9367324744915093
0.3443093130582997 0.9367324744915093
0.34834971709870377 0.9367324744915093
0.3523901211391078 0.9367324744915093
0.3564305251795118 0.9367324744915093
0.36047092921991586 0.9367324744915093
0.32814769689668355 0.9407728785319134
0.33218810093708756 0.9407728785319134
0.3362285049774916 0.9407728785319134
0.34026890901789564 0.9407728785319134
0.3443093130582997 0.9407728785319134
0.34834971709870377 0.9407728785319134
0.3160264847754714 0.9448132825723174
0.3200668888158754 0.9448132825723174
0.3241072928562795 0.9448132825723174
0.32814769689668355 0.9448132825723174
0.33218810093708756 0.9448132825723174
0.3362285049774916 0.9448132825723174
0.34026890901789564 0.9448132825723174
0.30390527265425926 0.9488536866127214
0.30794567669466333 0.9488536866127214
0.3119860807350674 0.9488536866127214
0.3160264847754714 0.9488536866127214
0.3200668888158754 0.9488536866127214
0.3241072928562795 0.9488536866127214
0.32814769689668355 0.9488536866127214
0.29986486861385525 0.9528940906531255
0.30390527265425926 0.9528940906531255
0.30794567669466333 0.9528940906531255
0.3119860807350674 0.9528940906531255
0.3160264847754714 0.9528940906531255
0.29986486861385525 0.9569344946935294
0.30390527265425926 0.9569344946935294
