# x y
0.6999788665793816 0.7145102522692871
0.6959384625389775 0.7185506563096911
0.6918980584985734 0.7225910603500951
0.6878576544581694 0.7266314643904992
0.6838172504177653 0.7306718684309033
0.6757364423369572 0.7347122724713073
0.6797768463773612 0.7347122724713073
0.6716960382965532 0.7387526765117113
0.6757364423369572 0.7387526765117113
0.6676556342561492 0.7427930805521153
0.6716960382965532 0.7427930805521153
0.6636152302157452 0.7468334845925194
0.6676556342561492 0.7468334845925194
0.6595748261753411 0.7508738886329235
0.6555344221349371 0.7549142926733274
0.651494018094533 0.7589546967137315
0.6474536140541289 0.7629951007541356
0.6393728059733209 0.7670355047945396
0.6434132100137249 0.7670355047945396
0.6353324019329168 0.7710759088349436
0.6393728059733209 0.7710759088349436
0.6312919978925129 0.7751163128753477
0.6272515938521088 0.7791567169157517
0.6191707857713007 0.7831971209561558
0.6232111898117048 0.7831971209561558
0.6151303817308966 0.7872375249965597
0.6191707857713007 0.7872375249965597
0.6110899776904926 0.7912779290369638
0.6070495736500885 0.7953183330773679
0.5989687655692805 0.799358737117772
0.6030091696096845 0.799358737117772
0.5949283615288765 0.803399141158176
0.5868475534480684 0.80743954519858
0.5908879574884724 0.80743954519858
0.5828071494076643 0.811479949238984
0.5868475534480684 0.811479949238984
0.5787667453672602 0.8155203532793881
0.5706859372864522 0.819560757319792
0.5747263413268562 0.819560757319792
0.5666455332460482 0.8236011613601961
0.5585647251652401 0.8276415654006002
0.5626051292056442 0.8276415654006002
0.5545243211248361 0.8316819694410043
0.5585647251652401 0.8316819694410043
0.5464435130440279 0.8357223734814083
0.550483917084432 0.8357223734814083
0.5424031090036239 0.8397627775218124
0.5464435130440279 0.8397627775218124
0.5343223009228159 0.8438031815622163
0.5383627049632199 0.8438031815622163
0.5302818968824118 0.8478435856026204
0.5222010888016038 0.8518839896430245
0.5262414928420078 0.8518839896430245
0.5141202807207956 0.8559243936834284
0.5181606847611997 0.8559243936834284
0.5100798766803916 0.8599647977238325
0.5019990685995835 0.8640052017642366
0.5060394726399875 0.8640052017642366
0.4939182605187754 0.8680456058046406
0.4979586645591795 0.8680456058046406
0.4858374524379674 0.8720860098450447
0.4898778564783714 0.8720860098450447
0.4817970483975633 0.8761264138854487
0.4858374524379674 0.8761264138854487
0.47371624031675524 0.8801668179258527
0.47775664435715925 0.8801668179258527
0.46563543223594717 0.8842072219662568
0.46967583627635123 0.8842072219662568
0.45755462415513903 0.8882476260066607
0.4615950281955431 0.8882476260066607
0.449473816074331 0.8922880300470648
0.453514220114735 0.8922880300470648
0.4413930079935229 0.8963284340874689
0.44543341203392695 0.8963284340874689
0.43331219991271486 0.9003688381278729
0.43735260395311887 0.9003688381278729
0.4252313918319067 0.904409242168277
0.4292717958723108 0.904409242168277
0.4171505837510987 0.9084496462086811
0.4211909877915027 0.9084496462086811
0.40502937162988656 0.912490050249085
0.40906977567029057 0.912490050249085
0.41311017971069464 0.912490050249085
0.3969485635490785 0.9165304542894891
0.4009889675894825 0.9165304542894891
0.3888677554682704 0.920570858329893
0.3929081595086744 0.920570858329893
0.37674654334705826 0.9246112623702971
0.3807869473874623 0.9246112623702971
0.38482735142786634 0.9246112623702971
0.3686657352662502 0.9286516664107012
0.3727061393066542 0.9286516664107012
0.35654452314503804 0.9326920704511052
0.3605849271854421 0.9326920704511052
0.36462533122584617 0.9326920704511052
0.34846371506423 0.9367324744915093
0.35250411910463403 0.9367324744915093
0.3363425029430179 0.9407728785319134
0.3403829069834219 0.9407728785319134
0.34442331102382595 0.9407728785319134
0.32422129082180573 0.9448132825723174
0.3282616948622098 0.9448132825723174
0.3323020989026138 0.9448132825723174
0.31210007870059364 0.9488536866127214
0.31614048274099765 0.9488536866127214
0.32018088678140166 0.9488536866127214
0.2999788665793815 0.9528940906531255
0.3040192706197855 0.9528940906531255
0.3080596746601896 0.9528940906531255
