# x y
0.6999583518904408 0.7266314643904992
0.6959179478500367 0.7306718684309033
0.6918775438096327 0.7347122724713073
0.635311887243976 0.7872375249965597
0.6151098670419559 0.803399141158176
0.6110694630015518 0.819560757319792
0.5949078468399357 0.8316819694410043
0.5221805741126629 0.8640052017642366
0.5019785539106427 0.8801668179258527
0.46157451350660234 0.8963284340874689
0.45349370542579426 0.9003688381278729
0.4454128973449862 0.904409242168277
0.4373320892641781 0.9084496462086811
0.4171300690621579 0.9246112623702971
0.39288764481973365 0.9286516664107012
0.3686452205773094 0.9407728785319134
0.3807664326985215 0.9407728785319134
0.3686452205773094 0.9448132825723174
0.3484432003752892 0.9488536866127214
0.36460481653690535 0.9609748987339335
0.3080391599712488 0.9811769189359537
