# x y
0.6676688741737415 0.7508738886329235
0.6676688741737415 0.7589546967137315
0.6353456418505092 0.7791567169157517
0.6313052378101052 0.7831971209561558
0.6191840256888931 0.7953183330773679
0.5949416014464688 0.811479949238984
0.5706991772040446 0.8276415654006002
0.5666587731636406 0.8316819694410043
0.47776988427475164 0.8842072219662568
0.46564867215353956 0.9003688381278729
0.4494870559919234 0.9084496462086811
0.44140624791111527 0.912490050249085
0.40504261154747895 0.920570858329893
0.4252446317494991 0.920570858329893
0.39696180346667087 0.9246112623702971
0.39696180346667087 0.9286516664107012
0.37675978326465065 0.9326920704511052
0.35655776306263043 0.9407728785319134
0.3242345307393981 0.9528940906531255
0.31211331861818603 0.9569344946935294
