# x y
0.6970814045461657 0.698348636107671
0.6890005964653577 0.702389040148075
0.6930410005057617 0.702389040148075
0.6970814045461657 0.702389040148075
0.6849601924249537 0.706429444188479
0.6890005964653577 0.706429444188479
0.6930410005057617 0.706429444188479
0.6970814045461657 0.706429444188479
0.6809197883845496 0.710469848228883
0.6849601924249537 0.710469848228883
0.6890005964653577 0.710469848228883
0.6930410005057617 0.710469848228883
0.6970814045461657 0.710469848228883
0.6728389803037416 0.7145102522692871
0.6809197883845496 0.7145102522692871
0.6849601924249537 0.7145102522692871
0.6890005964653577 0.7145102522692871
0.6930410005057617 0.7145102522692871
0.6970814045461657 0.7145102522692871
0.6768793843441456 0.7185506563096911
0.6809197883845496 0.7185506563096911
0.6849601924249537 0.7185506563096911
0.6890005964653577 0.7185506563096911
0.6930410005057617 0.7185506563096911
0.6970814045461657 0.7185506563096911
0.6687985762633375 0.7225910603500951
0.6728389803037416 0.7225910603500951
0.6768793843441456 0.7225910603500951
0.6809197883845496 0.7225910603500951
0.6849601924249537 0.7225910603500951
0.6890005964653577 0.7225910603500951
0.6930410005057617 0.7225910603500951
0.6970814045461657 0.7225910603500951
0.6566773641421253 0.7266314643904992
0.6687985762633375 0.7266314643904992
0.6728389803037416 0.7266314643904992
0.6768793843441456 0.7266314643904992
0.6809197883845496 0.7266314643904992
0.6849601924249537 0.7266314643904992
0.6890005964653577 0.7266314643904992
0.6930410005057617 0.7266314643904992
0.6970814045461657 0.7266314643904992
0.6566773641421253 0.7306718684309033
0.6607177681825294 0.7306718684309033
0.6647581722229334 0.7306718684309033
0.6687985762633375 0.7306718684309033
0.6728389803037416 0.7306718684309033
0.6768793843441456 0.7306718684309033
0.6809197883845496 0.7306718684309033
0.6849601924249537 0.7306718684309033
0.6890005964653577 0.7306718684309033
0.6930410005057617 0.7306718684309033
0.6970814045461657 0.7306718684309033
0.6526369601017213 0.7347122724713073
0.6566773641421253 0.7347122724713073
0.6607177681825294 0.7347122724713073
0.6647581722229334 0.7347122724713073
0.6687985762633375 0.7347122724713073
0.6728389803037416 0.7347122724713073
0.6768793843441456 0.7347122724713073
0.6809197883845496 0.7347122724713073
0.6849601924249537 0.7347122724713073
0.6890005964653577 0.7347122724713073
0.6930410005057617 0.7347122724713073
0.6526369601017213 0.7387526765117113
0.6566773641421253 0.7387526765117113
0.6607177681825294 0.7387526765117113
0.6647581722229334 0.7387526765117113
0.6687985762633375 0.7387526765117113
0.6728389803037416 0.7387526765117113
0.6768793843441456 0.7387526765117113
0.6809197883845496 0.7387526765117113
0.6849601924249537 0.7387526765117113
0.6890005964653577 0.7387526765117113
0.6485965560613173 0.7427930805521153
0.6526369601017213 0.7427930805521153
0.6566773641421253 0.7427930805521153
0.6607177681825294 0.7427930805521153
0.6647581722229334 0.7427930805521153
0.6687985762633375 0.7427930805521153
0.6728389803037416 0.7427930805521153
0.6768793843441456 0.7427930805521153
0.6809197883845496 0.7427930805521153
0.6849601924249537 0.7427930805521153
0.6445561520209133 0.7468334845925194
0.6485965560613173 0.7468334845925194
0.6526369601017213 0.7468334845925194
0.6566773641421253 0.7468334845925194
0.6607177681825294 0.7468334845925194
0.6647581722229334 0.7468334845925194
0.6687985762633375 0.7468334845925194
0.6728389803037416 0.7468334845925194
0.6768793843441456 0.7468334845925194
0.6809197883845496 0.7468334845925194
0.628394535859297 0.7508738886329235
0.6324349398997011 0.7508738886329235
0.6364753439401052 0.7508738886329235
0.6405157479805093 0.7508738886329235
0.6445561520209133 0.7508738886329235
0.6485965560613173 0.7508738886329235
0.6526369601017213 0.7508738886329235
0.6566773641421253 0.7508738886329235
0.6607177681825294 0.7508738886329235
0.6647581722229334 0.7508738886329235
0.6687985762633375 0.7508738886329235
0.6728389803037416 0.7508738886329235
0.6768793843441456 0.7508738886329235
0.628394535859297 0.7549142926733274
0.6324349398997011 0.7549142926733274
0.6364753439401052 0.7549142926733274
0.6405157479805093 0.7549142926733274
0.6445561520209133 0.7549142926733274
0.6485965560613173 0.7549142926733274
0.6526369601017213 0.7549142926733274
0.6566773641421253 0.7549142926733274
0.6607177681825294 0.7549142926733274
0.6647581722229334 0.7549142926733274
0.6687985762633375 0.7549142926733274
0.6728389803037416 0.7549142926733274
0.624354131818893 0.7589546967137315
0.628394535859297 0.7589546967137315
0.6324349398997011 0.7589546967137315
0.6364753439401052 0.7589546967137315
0.6405157479805093 0.7589546967137315
0.6445561520209133 0.7589546967137315
0.6485965560613173 0.7589546967137315
0.6526369601017213 0.7589546967137315
0.6566773641421253 0.7589546967137315
0.6607177681825294 0.7589546967137315
0.6647581722229334 0.7589546967137315
0.616273323738085 0.7629951007541356
0.624354131818893 0.7629951007541356
0.628394535859297 0.7629951007541356
0.6324349398997011 0.7629951007541356
0.6364753439401052 0.7629951007541356
0.6405157479805093 0.7629951007541356
0.6445561520209133 0.7629951007541356
0.6485965560613173 0.7629951007541356
0.6526369601017213 0.7629951007541356
0.6566773641421253 0.7629951007541356
0.6607177681825294 0.7629951007541356
0.6081925156572769 0.7670355047945396
0.6122329196976809 0.7670355047945396
0.616273323738085 0.7670355047945396
0.6203137277784889 0.7670355047945396
0.624354131818893 0.7670355047945396
0.628394535859297 0.7670355047945396
0.6324349398997011 0.7670355047945396
0.6364753439401052 0.7670355047945396
0.6405157479805093 0.7670355047945396
0.6445561520209133 0.7670355047945396
0.6485965560613173 0.7670355047945396
0.6526369601017213 0.7670355047945396
0.6566773641421253 0.7670355047945396
0.6122329196976809 0.7710759088349436
0.616273323738085 0.7710759088349436
0.6203137277784889 0.7710759088349436
0.624354131818893 0.7710759088349436
0.628394535859297 0.7710759088349436
0.6324349398997011 0.7710759088349436
0.6364753439401052 0.7710759088349436
0.6405157479805093 0.7710759088349436
0.6445561520209133 0.7710759088349436
0.6485965560613173 0.7710759088349436
0.6526369601017213 0.7710759088349436
0.6001117075764688 0.7751163128753477
0.6041521116168729 0.7751163128753477
0.6081925156572769 0.7751163128753477
0.6122329196976809 0.7751163128753477
0.616273323738085 0.7751163128753477
0.6203137277784889 0.7751163128753477
0.624354131818893 0.7751163128753477
0.628394535859297 0.7751163128753477
0.6324349398997011 0.7751163128753477
0.6364753439401052 0.7751163128753477
0.6405157479805093 0.7751163128753477
0.6445561520209133 0.7751163128753477
0.6485965560613173 0.7751163128753477
0.6526369601017213 0.7751163128753477
0.5960713035360647 0.7791567169157517
0.6041521116168729 0.7791567169157517
0.6081925156572769 0.7791567169157517
0.6122329196976809 0.7791567169157517
0.616273323738085 0.7791567169157517
0.6203137277784889 0.7791567169157517
0.624354131818893 0.7791567169157517
0.628394535859297 0.7791567169157517
0.6324349398997011 0.7791567169157517
0.6364753439401052 0.7791567169157517
0.6405157479805093 0.7791567169157517
0.6445561520209133 0.7791567169157517
0.6485965560613173 0.7791567169157517
0.5960713035360647 0.7831971209561558
0.6001117075764688 0.7831971209561558
0.6041521116168729 0.7831971209561558
0.6081925156572769 0.7831971209561558
0.6122329196976809 0.7831971209561558
0.616273323738085 0.7831971209561558
0.6203137277784889 0.7831971209561558
0.624354131818893 0.7831971209561558
0.628394535859297 0.7831971209561558
0.6324349398997011 0.7831971209561558
0.6364753439401052 0.7831971209561558
0.5839500914148527 0.7872375249965597
0.5879904954552566 0.7872375249965597
0.5920308994956607 0.7872375249965597
0.5960713035360647 0.7872375249965597
0.6001117075764688 0.7872375249965597
0.6041521116168729 0.7872375249965597
0.6081925156572769 0.7872375249965597
0.6122329196976809 0.7872375249965597
0.616273323738085 0.7872375249965597
0.6203137277784889 0.7872375249965597
0.624354131818893 0.7872375249965597
0.628394535859297 0.7872375249965597
0.6324349398997011 0.7872375249965597
0.5758692833340446 0.7912779290369638
0.5839500914148527 0.7912779290369638
0.5879904954552566 0.7912779290369638
0.5920308994956607 0.7912779290369638
0.5960713035360647 0.7912779290369638
0.6001117075764688 0.7912779290369638
0.6041521116168729 0.7912779290369638
0.6081925156572769 0.7912779290369638
0.6122329196976809 0.7912779290369638
0.616273323738085 0.7912779290369638
0.6203137277784889 0.7912779290369638
0.624354131818893 0.7912779290369638
0.628394535859297 0.7912779290369638
0.6324349398997011 0.7912779290369638
0.6364753439401052 0.7912779290369638
0.5799096873744486 0.7953183330773679
0.5839500914148527 0.7953183330773679
0.5879904954552566 0.7953183330773679
0.5920308994956607 0.7953183330773679
0.5960713035360647 0.7953183330773679
0.6001117075764688 0.7953183330773679
0.6041521116168729 0.7953183330773679
0.6081925156572769 0.7953183330773679
0.6122329196976809 0.7953183330773679
0.616273323738085 0.7953183330773679
0.6203137277784889 0.7953183330773679
0.624354131818893 0.7953183330773679
0.628394535859297 0.7953183330773679
0.5758692833340446 0.799358737117772
0.5799096873744486 0.799358737117772
0.5839500914148527 0.799358737117772
0.5879904954552566 0.799358737117772
0.5920308994956607 0.799358737117772
0.5960713035360647 0.799358737117772
0.6001117075764688 0.799358737117772
0.6041521116168729 0.799358737117772
0.6081925156572769 0.799358737117772
0.6122329196976809 0.799358737117772
0.616273323738085 0.799358737117772
0.6203137277784889 0.799358737117772
0.5677884752532365 0.803399141158176
0.5718288792936406 0.803399141158176
0.5758692833340446 0.803399141158176
0.5799096873744486 0.803399141158176
0.5839500914148527 0.803399141158176
0.5879904954552566 0.803399141158176
0.5920308994956607 0.803399141158176
0.5960713035360647 0.803399141158176
0.6001117075764688 0.803399141158176
0.6041521116168729 0.803399141158176
0.6081925156572769 0.803399141158176
0.6122329196976809 0.803399141158176
0.616273323738085 0.803399141158176
0.5637480712128324 0.80743954519858
0.5677884752532365 0.80743954519858
0.5718288792936406 0.80743954519858
0.5758692833340446 0.80743954519858
0.5799096873744486 0.80743954519858
0.5839500914148527 0.80743954519858
0.5879904954552566 0.80743954519858
0.5920308994956607 0.80743954519858
0.5960713035360647 0.80743954519858
0.6001117075764688 0.80743954519858
0.6041521116168729 0.80743954519858
0.6081925156572769 0.80743954519858
0.5556672631320243 0.811479949238984
0.5597076671724284 0.811479949238984
0.5637480712128324 0.811479949238984
0.5677884752532365 0.811479949238984
0.5718288792936406 0.811479949238984
0.5758692833340446 0.811479949238984
0.5799096873744486 0.811479949238984
0.5839500914148527 0.811479949238984
0.5879904954552566 0.811479949238984
0.5920308994956607 0.811479949238984
0.5960713035360647 0.811479949238984
0.6001117075764688 0.811479949238984
0.6041521116168729 0.811479949238984
0.6081925156572769 0.811479949238984
0.5435460510108122 0.8155203532793881
0.5516268590916202 0.8155203532793881
0.5556672631320243 0.8155203532793881
0.5597076671724284 0.8155203532793881
0.5637480712128324 0.8155203532793881
0.5677884752532365 0.8155203532793881
0.5718288792936406 0.8155203532793881
0.5758692833340446 0.8155203532793881
0.5799096873744486 0.8155203532793881
0.5839500914148527 0.8155203532793881
0.5879904954552566 0.8155203532793881
0.5920308994956607 0.8155203532793881
0.5960713035360647 0.8155203532793881
0.6001117075764688 0.8155203532793881
0.5435460510108122 0.819560757319792
0.5475864550512163 0.819560757319792
0.5516268590916202 0.819560757319792
0.5556672631320243 0.819560757319792
0.5597076671724284 0.819560757319792
0.5637480712128324 0.819560757319792
0.5677884752532365 0.819560757319792
0.5718288792936406 0.819560757319792
0.5758692833340446 0.819560757319792
0.5799096873744486 0.819560757319792
0.5839500914148527 0.819560757319792
0.5879904954552566 0.819560757319792
0.5920308994956607 0.819560757319792
0.5395056469704083 0.8236011613601961
0.5435460510108122 0.8236011613601961
0.5475864550512163 0.8236011613601961
0.5516268590916202 0.8236011613601961
0.5556672631320243 0.8236011613601961
0.5597076671724284 0.8236011613601961
0.5637480712128324 0.8236011613601961
0.5677884752532365 0.8236011613601961
0.5718288792936406 0.8236011613601961
0.5758692833340446 0.8236011613601961
0.5799096873744486 0.8236011613601961
0.5839500914148527 0.8236011613601961
0.5879904954552566 0.8236011613601961
0.5920308994956607 0.8236011613601961
0.5314248388896001 0.8276415654006002
0.5354652429300042 0.8276415654006002
0.5395056469704083 0.8276415654006002
0.5435460510108122 0.8276415654006002
0.5475864550512163 0.8276415654006002
0.5516268590916202 0.8276415654006002
0.5556672631320243 0.8276415654006002
0.5597076671724284 0.8276415654006002
0.5637480712128324 0.8276415654006002
0.5677884752532365 0.8276415654006002
0.5718288792936406 0.8276415654006002
0.5758692833340446 0.8276415654006002
0.5799096873744486 0.8276415654006002
0.5193036267683879 0.8316819694410043
0.5273844348491961 0.8316819694410043
0.5314248388896001 0.8316819694410043
0.5354652429300042 0.8316819694410043
0.5395056469704083 0.8316819694410043
0.5435460510108122 0.8316819694410043
0.5475864550512163 0.8316819694410043
0.5516268590916202 0.8316819694410043
0.5556672631320243 0.8316819694410043
0.5597076671724284 0.8316819694410043
0.5637480712128324 0.8316819694410043
0.5677884752532365 0.8316819694410043
0.5718288792936406 0.8316819694410043
0.5758692833340446 0.8316819694410043
0.5193036267683879 0.8357223734814083
0.523344030808792 0.8357223734814083
0.5273844348491961 0.8357223734814083
0.5314248388896001 0.8357223734814083
0.5354652429300042 0.8357223734814083
0.5395056469704083 0.8357223734814083
0.5435460510108122 0.8357223734814083
0.5475864550512163 0.8357223734814083
0.5516268590916202 0.8357223734814083
0.5556672631320243 0.8357223734814083
0.5597076671724284 0.8357223734814083
0.5637480712128324 0.8357223734814083
0.5677884752532365 0.8357223734814083
0.5718288792936406 0.8357223734814083
0.5758692833340446 0.8357223734814083
0.5112228186875799 0.8397627775218124
0.515263222727984 0.8397627775218124
0.5193036267683879 0.8397627775218124
0.523344030808792 0.8397627775218124
0.5273844348491961 0.8397627775218124
0.5314248388896001 0.8397627775218124
0.5354652429300042 0.8397627775218124
0.5395056469704083 0.8397627775218124
0.5435460510108122 0.8397627775218124
0.5475864550512163 0.8397627775218124
0.5516268590916202 0.8397627775218124
0.5556672631320243 0.8397627775218124
0.5597076671724284 0.8397627775218124
0.5637480712128324 0.8397627775218124
0.4991016065663678 0.8438031815622163
0.5071824146471758 0.8438031815622163
0.5112228186875799 0.8438031815622163
0.515263222727984 0.8438031815622163
0.5193036267683879 0.8438031815622163
0.523344030808792 0.8438031815622163
0.5273844348491961 0.8438031815622163
0.5314248388896001 0.8438031815622163
0.5354652429300042 0.8438031815622163
0.5395056469704083 0.8438031815622163
0.5435460510108122 0.8438031815622163
0.5475864550512163 0.8438031815622163
0.5516268590916202 0.8438031815622163
0.5556672631320243 0.8438031815622163
0.5597076671724284 0.8438031815622163
0.5637480712128324 0.8438031815622163
0.4910207984855597 0.8478435856026204
0.4991016065663678 0.8478435856026204
0.5031420106067719 0.8478435856026204
0.5071824146471758 0.8478435856026204
0.5112228186875799 0.8478435856026204
0.515263222727984 0.8478435856026204
0.5193036267683879 0.8478435856026204
0.523344030808792 0.8478435856026204
0.5273844348491961 0.8478435856026204
0.5314248388896001 0.8478435856026204
0.5354652429300042 0.8478435856026204
0.5395056469704083 0.8478435856026204
0.5435460510108122 0.8478435856026204
0.5475864550512163 0.8478435856026204
0.5516268590916202 0.8478435856026204
0.5556672631320243 0.8478435856026204
0.4788995863643476 0.8518839896430245
0.4910207984855597 0.8518839896430245
0.49506120252596375 0.8518839896430245
0.4991016065663678 0.8518839896430245
0.5031420106067719 0.8518839896430245
0.5071824146471758 0.8518839896430245
0.5112228186875799 0.8518839896430245
0.515263222727984 0.8518839896430245
0.5193036267683879 0.8518839896430245
0.523344030808792 0.8518839896430245
0.5273844348491961 0.8518839896430245
0.5314248388896001 0.8518839896430245
0.5354652429300042 0.8518839896430245
0.5395056469704083 0.8518839896430245
0.5435460510108122 0.8518839896430245
0.5475864550512163 0.8518839896430245
0.5516268590916202 0.8518839896430245
0.48293999040475166 0.8559243936834284
0.4869803944451557 0.8559243936834284
0.4910207984855597 0.8559243936834284
0.49506120252596375 0.8559243936834284
0.4991016065663678 0.8559243936834284
0.5031420106067719 0.8559243936834284
0.5071824146471758 0.8559243936834284
0.5112228186875799 0.8559243936834284
0.515263222727984 0.8559243936834284
0.5193036267683879 0.8559243936834284
0.523344030808792 0.8559243936834284
0.5273844348491961 0.8559243936834284
0.5314248388896001 0.8559243936834284
0.5354652429300042 0.8559243936834284
0.5395056469704083 0.8559243936834284
0.5435460510108122 0.8559243936834284
0.47485918232394353 0.8599647977238325
0.4788995863643476 0.8599647977238325
0.48293999040475166 0.8599647977238325
0.4869803944451557 0.8599647977238325
0.4910207984855597 0.8599647977238325
0.49506120252596375 0.8599647977238325
0.4991016065663678 0.8599647977238325
0.5031420106067719 0.8599647977238325
0.5071824146471758 0.8599647977238325
0.5112228186875799 0.8599647977238325
0.515263222727984 0.8599647977238325
0.5193036267683879 0.8599647977238325
0.523344030808792 0.8599647977238325
0.5273844348491961 0.8599647977238325
0.5314248388896001 0.8599647977238325
0.5354652429300042 0.8599647977238325
0.5395056469704083 0.8599647977238325
0.4708187782835395 0.8640052017642366
0.47485918232394353 0.8640052017642366
0.4788995863643476 0.8640052017642366
0.48293999040475166 0.8640052017642366
0.4869803944451557 0.8640052017642366
0.4910207984855597 0.8640052017642366
0.49506120252596375 0.8640052017642366
0.4991016065663678 0.8640052017642366
0.5031420106067719 0.8640052017642366
0.5071824146471758 0.8640052017642366
0.5112228186875799 0.8640052017642366
0.515263222727984 0.8640052017642366
0.5193036267683879 0.8640052017642366
0.523344030808792 0.8640052017642366
0.5273844348491961 0.8640052017642366
0.5354652429300042 0.8640052017642366
0.4586975661623274 0.8680456058046406
0.46273797020273144 0.8680456058046406
0.4667783742431355 0.8680456058046406
0.4708187782835395 0.8680456058046406
0.47485918232394353 0.8680456058046406
0.4788995863643476 0.8680456058046406
0.48293999040475166 0.8680456058046406
0.4869803944451557 0.8680456058046406
0.4910207984855597 0.8680456058046406
0.49506120252596375 0.8680456058046406
0.4991016065663678 0.8680456058046406
0.5031420106067719 0.8680456058046406
0.5071824146471758 0.8680456058046406
0.5112228186875799 0.8680456058046406
0.515263222727984 0.8680456058046406
0.5193036267683879 0.8680456058046406
0.5273844348491961 0.8680456058046406
0.4425359500007112 0.8720860098450447
0.4546571621219233 0.8720860098450447
0.4586975661623274 0.8720860098450447
0.46273797020273144 0.8720860098450447
0.4667783742431355 0.8720860098450447
0.4708187782835395 0.8720860098450447
0.47485918232394353 0.8720860098450447
0.4788995863643476 0.8720860098450447
0.48293999040475166 0.8720860098450447
0.4869803944451557 0.8720860098450447
0.4910207984855597 0.8720860098450447
0.49506120252596375 0.8720860098450447
0.4991016065663678 0.8720860098450447
0.5031420106067719 0.8720860098450447
0.5071824146471758 0.8720860098450447
0.5112228186875799 0.8720860098450447
0.515263222727984 0.8720860098450447
0.5193036267683879 0.8720860098450447
0.43849554596030715 0.8761264138854487
0.4465763540411153 0.8761264138854487
0.4506167580815193 0.8761264138854487
0.4546571621219233 0.8761264138854487
0.4586975661623274 0.8761264138854487
0.46273797020273144 0.8761264138854487
0.4667783742431355 0.8761264138854487
0.4708187782835395 0.8761264138854487
0.47485918232394353 0.8761264138854487
0.4788995863643476 0.8761264138854487
0.48293999040475166 0.8761264138854487
0.4869803944451557 0.8761264138854487
0.4910207984855597 0.8761264138854487
0.49506120252596375 0.8761264138854487
0.4991016065663678 0.8761264138854487
0.5031420106067719 0.8761264138854487
0.5071824146471758 0.8761264138854487
0.43849554596030715 0.8801668179258527
0.4425359500007112 0.8801668179258527
0.4465763540411153 0.8801668179258527
0.4506167580815193 0.8801668179258527
0.4546571621219233 0.8801668179258527
0.4586975661623274 0.8801668179258527
0.46273797020273144 0.8801668179258527
0.4667783742431355 0.8801668179258527
0.4708187782835395 0.8801668179258527
0.47485918232394353 0.8801668179258527
0.4788995863643476 0.8801668179258527
0.48293999040475166 0.8801668179258527
0.4869803944451557 0.8801668179258527
0.4910207984855597 0.8801668179258527
0.49506120252596375 0.8801668179258527
0.4991016065663678 0.8801668179258527
0.5031420106067719 0.8801668179258527
0.5071824146471758 0.8801668179258527
0.42637433383909507 0.8842072219662568
0.43445514191990314 0.8842072219662568
0.43849554596030715 0.8842072219662568
0.4425359500007112 0.8842072219662568
0.4465763540411153 0.8842072219662568
0.4506167580815193 0.8842072219662568
0.4546571621219233 0.8842072219662568
0.4586975661623274 0.8842072219662568
0.46273797020273144 0.8842072219662568
0.4667783742431355 0.8842072219662568
0.4708187782835395 0.8842072219662568
0.47485918232394353 0.8842072219662568
0.4788995863643476 0.8842072219662568
0.48293999040475166 0.8842072219662568
0.4869803944451557 0.8842072219662568
0.4910207984855597 0.8842072219662568
0.49506120252596375 0.8842072219662568
0.418293525758287 0.8882476260066607
0.42637433383909507 0.8882476260066607
0.43041473787949913 0.8882476260066607
0.43445514191990314 0.8882476260066607
0.43849554596030715 0.8882476260066607
0.4425359500007112 0.8882476260066607
0.4465763540411153 0.8882476260066607
0.4506167580815193 0.8882476260066607
0.4546571621219233 0.8882476260066607
0.4586975661623274 0.8882476260066607
0.46273797020273144 0.8882476260066607
0.4667783742431355 0.8882476260066607
0.4708187782835395 0.8882476260066607
0.47485918232394353 0.8882476260066607
0.4788995863643476 0.8882476260066607
0.48293999040475166 0.8882476260066607
0.4869803944451557 0.8882476260066607
0.4102127176774789 0.8922880300470648
0.418293525758287 0.8922880300470648
0.422333929798691 0.8922880300470648
0.42637433383909507 0.8922880300470648
0.43041473787949913 0.8922880300470648
0.43445514191990314 0.8922880300470648
0.43849554596030715 0.8922880300470648
0.4425359500007112 0.8922880300470648
0.4465763540411153 0.8922880300470648
0.4506167580815193 0.8922880300470648
0.4546571621219233 0.8922880300470648
0.4586975661623274 0.8922880300470648
0.46273797020273144 0.8922880300470648
0.4667783742431355 0.8922880300470648
0.4708187782835395 0.8922880300470648
0.47485918232394353 0.8922880300470648
0.4788995863643476 0.8922880300470648
0.48293999040475166 0.8922880300470648
0.4869803944451557 0.8922880300470648
0.40617231363707484 0.8963284340874689
0.4102127176774789 0.8963284340874689
0.414253121717883 0.8963284340874689
0.418293525758287 0.8963284340874689
0.422333929798691 0.8963284340874689
0.42637433383909507 0.8963284340874689
0.43041473787949913 0.8963284340874689
0.43445514191990314 0.8963284340874689
0.43849554596030715 0.8963284340874689
0.4425359500007112 0.8963284340874689
0.4465763540411153 0.8963284340874689
0.4506167580815193 0.8963284340874689
0.4546571621219233 0.8963284340874689
0.4586975661623274 0.8963284340874689
0.46273797020273144 0.8963284340874689
0.4667783742431355 0.8963284340874689
0.4708187782835395 0.8963284340874689
0.47485918232394353 0.8963284340874689
0.3859702934350547 0.9003688381278729
0.39405110151586276 0.9003688381278729
0.39809150555626677 0.9003688381278729
0.40213190959667083 0.9003688381278729
0.40617231363707484 0.9003688381278729
0.4102127176774789 0.9003688381278729
0.414253121717883 0.9003688381278729
0.418293525758287 0.9003688381278729
0.422333929798691 0.9003688381278729
0.42637433383909507 0.9003688381278729
0.43041473787949913 0.9003688381278729
0.43445514191990314 0.9003688381278729
0.43849554596030715 0.9003688381278729
0.4425359500007112 0.9003688381278729
0.4465763540411153 0.9003688381278729
0.4506167580815193 0.9003688381278729
0.4546571621219233 0.9003688381278729
0.4586975661623274 0.9003688381278729
0.46273797020273144 0.9003688381278729
0.3859702934350547 0.904409242168277
0.3900106974754587 0.904409242168277
0.39405110151586276 0.904409242168277
0.39809150555626677 0.904409242168277
0.40213190959667083 0.904409242168277
0.40617231363707484 0.904409242168277
0.4102127176774789 0.904409242168277
0.414253121717883 0.904409242168277
0.418293525758287 0.904409242168277
0.422333929798691 0.904409242168277
0.42637433383909507 0.904409242168277
0.43041473787949913 0.904409242168277
0.43445514191990314 0.904409242168277
0.43849554596030715 0.904409242168277
0.4425359500007112 0.904409242168277
0.4465763540411153 0.904409242168277
0.4506167580815193 0.904409242168277
0.4546571621219233 0.904409242168277
0.46273797020273144 0.904409242168277
0.4667783742431355 0.904409242168277
0.37384908131384254 0.9084496462086811
0.3778894853542466 0.9084496462086811
0.3819298893946506 0.9084496462086811
0.3859702934350547 0.9084496462086811
0.3900106974754587 0.9084496462086811
0.39405110151586276 0.9084496462086811
0.39809150555626677 0.9084496462086811
0.40213190959667083 0.9084496462086811
0.40617231363707484 0.9084496462086811
0.4102127176774789 0.9084496462086811
0.414253121717883 0.9084496462086811
0.418293525758287 0.9084496462086811
0.422333929798691 0.9084496462086811
0.42637433383909507 0.9084496462086811
0.43041473787949913 0.9084496462086811
0.43445514191990314 0.9084496462086811
0.43849554596030715 0.9084496462086811
0.4425359500007112 0.9084496462086811
0.4465763540411153 0.9084496462086811
0.4586975661623274 0.9084496462086811
0.3576874651522264 0.912490050249085
0.36980867727343847 0.912490050249085
0.37384908131384254 0.912490050249085
0.3778894853542466 0.912490050249085
0.3819298893946506 0.912490050249085
0.3859702934350547 0.912490050249085
0.3900106974754587 0.912490050249085
0.39405110151586276 0.912490050249085
0.39809150555626677 0.912490050249085
0.40213190959667083 0.912490050249085
0.40617231363707484 0.912490050249085
0.4102127176774789 0.912490050249085
0.414253121717883 0.912490050249085
0.418293525758287 0.912490050249085
0.422333929798691 0.912490050249085
0.42637433383909507 0.912490050249085
0.43041473787949913 0.912490050249085
0.43445514191990314 0.912490050249085
0.43849554596030715 0.912490050249085
0.4506167580815193 0.912490050249085
0.3536470611118223 0.9165304542894891
0.36172786919263045 0.9165304542894891
0.36576827323303446 0.9165304542894891
0.36980867727343847 0.9165304542894891
0.37384908131384254 0.9165304542894891
0.3778894853542466 0.9165304542894891
0.3819298893946506 0.9165304542894891
0.3859702934350547 0.9165304542894891
0.3900106974754587 0.9165304542894891
0.39405110151586276 0.9165304542894891
0.39809150555626677 0.9165304542894891
0.40213190959667083 0.9165304542894891
0.40617231363707484 0.9165304542894891
0.4102127176774789 0.9165304542894891
0.414253121717883 0.9165304542894891
0.418293525758287 0.9165304542894891
0.422333929798691 0.9165304542894891
0.42637433383909507 0.9165304542894891
0.43041473787949913 0.9165304542894891
0.43445514191990314 0.9165304542894891
0.3455662530310143 0.920570858329893
0.3496066570714183 0.920570858329893
0.3536470611118223 0.920570858329893
0.3576874651522264 0.920570858329893
0.36172786919263045 0.920570858329893
0.36576827323303446 0.920570858329893
0.36980867727343847 0.920570858329893
0.37384908131384254 0.920570858329893
0.3778894853542466 0.920570858329893
0.3819298893946506 0.920570858329893
0.3859702934350547 0.920570858329893
0.3900106974754587 0.920570858329893
0.39405110151586276 0.920570858329893
0.39809150555626677 0.920570858329893
0.40213190959667083 0.920570858329893
0.40617231363707484 0.920570858329893
0.4102127176774789 0.920570858329893
0.414253121717883 0.920570858329893
0.418293525758287 0.920570858329893
0.422333929798691 0.920570858329893
0.43041473787949913 0.920570858329893
0.33748544495020616 0.9246112623702971
0.3415258489906102 0.9246112623702971
0.3455662530310143 0.9246112623702971
0.3496066570714183 0.9246112623702971
0.3536470611118223 0.9246112623702971
0.3576874651522264 0.9246112623702971
0.36172786919263045 0.9246112623702971
0.36576827323303446 0.9246112623702971
0.36980867727343847 0.9246112623702971
0.37384908131384254 0.9246112623702971
0.3778894853542466 0.9246112623702971
0.3819298893946506 0.9246112623702971
0.3859702934350547 0.9246112623702971
0.3900106974754587 0.9246112623702971
0.39405110151586276 0.9246112623702971
0.39809150555626677 0.9246112623702971
0.40213190959667083 0.9246112623702971
0.40617231363707484 0.9246112623702971
0.4102127176774789 0.9246112623702971
0.414253121717883 0.9246112623702971
0.422333929798691 0.9246112623702971
0.3294046368693981 0.9286516664107012
0.33344504090980215 0.9286516664107012
0.33748544495020616 0.9286516664107012
0.3415258489906102 0.9286516664107012
0.3455662530310143 0.9286516664107012
0.3496066570714183 0.9286516664107012
0.3536470611118223 0.9286516664107012
0.3576874651522264 0.9286516664107012
0.36172786919263045 0.9286516664107012
0.36576827323303446 0.9286516664107012
0.36980867727343847 0.9286516664107012
0.37384908131384254 0.9286516664107012
0.3778894853542466 0.9286516664107012
0.3819298893946506 0.9286516664107012
0.3859702934350547 0.9286516664107012
0.3900106974754587 0.9286516664107012
0.39405110151586276 0.9286516664107012
0.39809150555626677 0.9286516664107012
0.40213190959667083 0.9286516664107012
0.40617231363707484 0.9286516664107012
0.4102127176774789 0.9286516664107012
0.414253121717883 0.9286516664107012
0.418293525758287 0.9286516664107012
0.3092026166673779 0.9326920704511052
0.3132430207077819 0.9326920704511052
0.31728342474818594 0.9326920704511052
0.32132382878859 0.9326920704511052
0.32536423282899407 0.9326920704511052
0.3294046368693981 0.9326920704511052
0.33344504090980215 0.9326920704511052
0.33748544495020616 0.9326920704511052
0.3415258489906102 0.9326920704511052
0.3455662530310143 0.9326920704511052
0.3496066570714183 0.9326920704511052
0.3536470611118223 0.9326920704511052
0.3576874651522264 0.9326920704511052
0.36172786919263045 0.9326920704511052
0.36576827323303446 0.9326920704511052
0.36980867727343847 0.9326920704511052
0.37384908131384254 0.9326920704511052
0.3778894853542466 0.9326920704511052
0.3819298893946506 0.9326920704511052
0.3859702934350547 0.9326920704511052
0.3900106974754587 0.9326920704511052
0.39405110151586276 0.9326920704511052
0.39809150555626677 0.9326920704511052
0.40213190959667083 0.9326920704511052
0.3011218085865698 0.9367324744915093
0.30516221262697385 0.9367324744915093
0.3092026166673779 0.9367324744915093
0.3132430207077819 0.9367324744915093
0.31728342474818594 0.9367324744915093
0.32132382878859 0.9367324744915093
0.32536423282899407 0.9367324744915093
0.3294046368693981 0.9367324744915093
0.33344504090980215 0.9367324744915093
0.33748544495020616 0.9367324744915093
0.3415258489906102 0.9367324744915093
0.3455662530310143 0.9367324744915093
0.3496066570714183 0.9367324744915093
0.3536470611118223 0.9367324744915093
0.3576874651522264 0.9367324744915093
0.36172786919263045 0.9367324744915093
0.36576827323303446 0.9367324744915093
0.36980867727343847 0.9367324744915093
0.37384908131384254 0.9367324744915093
0.3778894853542466 0.9367324744915093
0.3819298893946506 0.9367324744915093
0.3859702934350547 0.9367324744915093
0.39809150555626677 0.9367324744915093
0.2970814045461658 0.9407728785319134
0.3011218085865698 0.9407728785319134
0.30516221262697385 0.9407728785319134
0.3092026166673779 0.9407728785319134
0.3132430207077819 0.9407728785319134
0.31728342474818594 0.9407728785319134
0.32132382878859 0.9407728785319134
0.32536423282899407 0.9407728785319134
0.3294046368693981 0.9407728785319134
0.33344504090980215 0.9407728785319134
0.33748544495020616 0.9407728785319134
0.3415258489906102 0.9407728785319134
0.3455662530310143 0.9407728785319134
0.3496066570714183 0.9407728785319134
0.3536470611118223 0.9407728785319134
0.3576874651522264 0.9407728785319134
0.36172786919263045 0.9407728785319134
0.36576827323303446 0.9407728785319134
0.36980867727343847 0.9407728785319134
0.37384908131384254 0.9407728785319134
0.3859702934350547 0.9407728785319134
0.39405110151586276 0.9407728785319134
0.2970814045461658 0.9448132825723174
0.3011218085865698 0.9448132825723174
0.30516221262697385 0.9448132825723174
0.3092026166673779 0.9448132825723174
0.3132430207077819 0.9448132825723174
0.31728342474818594 0.9448132825723174
0.32132382878859 0.9448132825723174
0.32536423282899407 0.9448132825723174
0.3294046368693981 0.9448132825723174
0.33344504090980215 0.9448132825723174
0.33748544495020616 0.9448132825723174
0.3415258489906102 0.9448132825723174
0.3455662530310143 0.9448132825723174
0.3496066570714183 0.9448132825723174
0.3536470611118223 0.9448132825723174
0.3576874651522264 0.9448132825723174
0.36172786919263045 0.9448132825723174
0.2970814045461658 0.9488536866127214
0.3011218085865698 0.9488536866127214
0.30516221262697385 0.9488536866127214
0.3092026166673779 0.9488536866127214
0.3132430207077819 0.9488536866127214
0.31728342474818594 0.9488536866127214
0.32132382878859 0.9488536866127214
0.32536423282899407 0.9488536866127214
0.3294046368693981 0.9488536866127214
0.33344504090980215 0.9488536866127214
0.33748544495020616 0.9488536866127214
0.3415258489906102 0.9488536866127214
0.3455662530310143 0.9488536866127214
0.3496066570714183 0.9488536866127214
0.3536470611118223 0.9488536866127214
0.36980867727343847 0.9488536866127214
0.2970814045461658 0.9528940906531255
0.3011218085865698 0.9528940906531255
0.30516221262697385 0.9528940906531255
0.3092026166673779 0.9528940906531255
0.3132430207077819 0.9528940906531255
0.31728342474818594 0.9528940906531255
0.32132382878859 0.9528940906531255
0.32536423282899407 0.9528940906531255
0.3294046368693981 0.9528940906531255
0.33344504090980215 0.9528940906531255
0.33748544495020616 0.9528940906531255
0.3415258489906102 0.9528940906531255
0.2970814045461658 0.9569344946935294
0.3011218085865698 0.9569344946935294
0.30516221262697385 0.9569344946935294
0.3092026166673779 0.9569344946935294
0.3132430207077819 0.9569344946935294
0.31728342474818594 0.9569344946935294
0.32132382878859 0.9569344946935294
0.32536423282899407 0.9569344946935294
0.3294046368693981 0.9569344946935294
0.2970814045461658 0.9609748987339335
0.3011218085865698 0.9609748987339335
0.30516221262697385 0.9609748987339335
0.3092026166673779 0.9609748987339335
0.3132430207077819 0.9609748987339335
0.31728342474818594 0.9609748987339335
0.32536423282899407 0.9609748987339335
0.3294046368693981 0.9609748987339335
0.2970814045461658 0.9650153027743376
0.3011218085865698 0.9650153027743376
0.30516221262697385 0.9650153027743376
0.33344504090980215 0.9650153027743376
0.3011218085865698 0.9690557068147416
0.3011218085865698 0.9730961108551457
