# x y
0.6948548366475669 0.698348636107671
0.6908144326071628 0.702389040148075
0.6948548366475669 0.702389040148075
0.6867740285667588 0.706429444188479
0.6908144326071628 0.706429444188479
0.6948548366475669 0.706429444188479
0.6827336245263548 0.710469848228883
0.6867740285667588 0.710469848228883
0.6908144326071628 0.710469848228883
0.6948548366475669 0.710469848228883
0.6786932204859507 0.7145102522692871
0.6827336245263548 0.7145102522692871
0.6867740285667588 0.7145102522692871
0.6908144326071628 0.7145102522692871
0.6948548366475669 0.7145102522692871
0.6746528164455468 0.7185506563096911
0.6786932204859507 0.7185506563096911
0.6827336245263548 0.7185506563096911
0.6867740285667588 0.7185506563096911
0.6908144326071628 0.7185506563096911
0.6948548366475669 0.7185506563096911
0.6665720083647386 0.7225910603500951
0.6706124124051427 0.7225910603500951
0.6746528164455468 0.7225910603500951
0.6786932204859507 0.7225910603500951
0.6827336245263548 0.7225910603500951
0.6867740285667588 0.7225910603500951
0.6908144326071628 0.7225910603500951
0.6948548366475669 0.7225910603500951
0.6625316043243346 0.7266314643904992
0.6665720083647386 0.7266314643904992
0.6706124124051427 0.7266314643904992
0.6746528164455468 0.7266314643904992
0.6786932204859507 0.7266314643904992
0.6827336245263548 0.7266314643904992
0.6867740285667588 0.7266314643904992
0.6908144326071628 0.7266314643904992
0.6948548366475669 0.7266314643904992
0.6584912002839305 0.7306718684309033
0.6625316043243346 0.7306718684309033
0.6665720083647386 0.7306718684309033
0.6706124124051427 0.7306718684309033
0.6746528164455468 0.7306718684309033
0.6786932204859507 0.7306718684309033
0.6827336245263548 0.7306718684309033
0.6867740285667588 0.7306718684309033
0.6908144326071628 0.7306718684309033
0.6948548366475669 0.7306718684309033
0.6544507962435264 0.7347122724713073
0.6584912002839305 0.7347122724713073
0.6625316043243346 0.7347122724713073
0.6665720083647386 0.7347122724713073
0.6706124124051427 0.7347122724713073
0.6746528164455468 0.7347122724713073
0.6786932204859507 0.7347122724713073
0.6827336245263548 0.7347122724713073
0.6867740285667588 0.7347122724713073
0.6908144326071628 0.7347122724713073
0.6504103922031225 0.7387526765117113
0.6544507962435264 0.7387526765117113
0.6584912002839305 0.7387526765117113
0.6625316043243346 0.7387526765117113
0.6665720083647386 0.7387526765117113
0.6706124124051427 0.7387526765117113
0.6746528164455468 0.7387526765117113
0.6786932204859507 0.7387526765117113
0.6827336245263548 0.7387526765117113
0.6867740285667588 0.7387526765117113
0.6423295841223144 0.7427930805521153
0.6463699881627184 0.7427930805521153
0.6504103922031225 0.7427930805521153
0.6544507962435264 0.7427930805521153
0.6584912002839305 0.7427930805521153
0.6625316043243346 0.7427930805521153
0.6665720083647386 0.7427930805521153
0.6706124124051427 0.7427930805521153
0.6746528164455468 0.7427930805521153
0.6786932204859507 0.7427930805521153
0.6827336245263548 0.7427930805521153
0.6382891800819104 0.7468334845925194
0.6423295841223144 0.7468334845925194
0.6463699881627184 0.7468334845925194
0.6504103922031225 0.7468334845925194
0.6544507962435264 0.7468334845925194
0.6584912002839305 0.7468334845925194
0.6625316043243346 0.7468334845925194
0.6665720083647386 0.7468334845925194
0.6706124124051427 0.7468334845925194
0.6746528164455468 0.7468334845925194
0.6786932204859507 0.7468334845925194
0.6342487760415063 0.7508738886329235
0.6382891800819104 0.7508738886329235
0.6423295841223144 0.7508738886329235
0.6463699881627184 0.7508738886329235
0.6504103922031225 0.7508738886329235
0.6544507962435264 0.7508738886329235
0.6584912002839305 0.7508738886329235
0.6625316043243346 0.7508738886329235
0.6665720083647386 0.7508738886329235
0.6706124124051427 0.7508738886329235
0.6746528164455468 0.7508738886329235
0.6302083720011022 0.7549142926733274
0.6342487760415063 0.7549142926733274
0.6382891800819104 0.7549142926733274
0.6423295841223144 0.7549142926733274
0.6463699881627184 0.7549142926733274
0.6504103922031225 0.7549142926733274
0.6544507962435264 0.7549142926733274
0.6584912002839305 0.7549142926733274
0.6625316043243346 0.7549142926733274
0.6665720083647386 0.7549142926733274
0.6706124124051427 0.7549142926733274
0.6221275639202941 0.7589546967137315
0.6261679679606982 0.7589546967137315
0.6302083720011022 0.7589546967137315
0.6342487760415063 0.7589546967137315
0.6382891800819104 0.7589546967137315
0.6423295841223144 0.7589546967137315
0.6463699881627184 0.7589546967137315
0.6504103922031225 0.7589546967137315
0.6544507962435264 0.7589546967137315
0.6584912002839305 0.7589546967137315
0.6625316043243346 0.7589546967137315
0.6665720083647386 0.7589546967137315
0.61808715987989 0.7629951007541356
0.6221275639202941 0.7629951007541356
0.6261679679606982 0.7629951007541356
0.6302083720011022 0.7629951007541356
0.6342487760415063 0.7629951007541356
0.6382891800819104 0.7629951007541356
0.6423295841223144 0.7629951007541356
0.6463699881627184 0.7629951007541356
0.6504103922031225 0.7629951007541356
0.6544507962435264 0.7629951007541356
0.6584912002839305 0.7629951007541356
0.6140467558394861 0.7670355047945396
0.61808715987989 0.7670355047945396
0.6221275639202941 0.7670355047945396
0.6261679679606982 0.7670355047945396
0.6302083720011022 0.7670355047945396
0.6342487760415063 0.7670355047945396
0.6382891800819104 0.7670355047945396
0.6423295841223144 0.7670355047945396
0.6463699881627184 0.7670355047945396
0.6504103922031225 0.7670355047945396
0.6544507962435264 0.7670355047945396
0.6584912002839305 0.7670355047945396
0.610006351799082 0.7710759088349436
0.6140467558394861 0.7710759088349436
0.61808715987989 0.7710759088349436
0.6221275639202941 0.7710759088349436
0.6261679679606982 0.7710759088349436
0.6302083720011022 0.7710759088349436
0.6342487760415063 0.7710759088349436
0.6382891800819104 0.7710759088349436
0.6423295841223144 0.7710759088349436
0.6463699881627184 0.7710759088349436
0.6504103922031225 0.7710759088349436
0.601925543718274 0.7751163128753477
0.6059659477586781 0.7751163128753477
0.610006351799082 0.7751163128753477
0.6140467558394861 0.7751163128753477
0.61808715987989 0.7751163128753477
0.6221275639202941 0.7751163128753477
0.6261679679606982 0.7751163128753477
0.6302083720011022 0.7751163128753477
0.6342487760415063 0.7751163128753477
0.6382891800819104 0.7751163128753477
0.6423295841223144 0.7751163128753477
0.6463699881627184 0.7751163128753477
0.5978851396778699 0.7791567169157517
0.601925543718274 0.7791567169157517
0.6059659477586781 0.7791567169157517
0.610006351799082 0.7791567169157517
0.6140467558394861 0.7791567169157517
0.61808715987989 0.7791567169157517
0.6221275639202941 0.7791567169157517
0.6261679679606982 0.7791567169157517
0.6302083720011022 0.7791567169157517
0.6342487760415063 0.7791567169157517
0.6382891800819104 0.7791567169157517
0.6423295841223144 0.7791567169157517
0.5898043315970618 0.7831971209561558
0.5938447356374659 0.7831971209561558
0.5978851396778699 0.7831971209561558
0.601925543718274 0.7831971209561558
0.6059659477586781 0.7831971209561558
0.610006351799082 0.7831971209561558
0.6140467558394861 0.7831971209561558
0.61808715987989 0.7831971209561558
0.6221275639202941 0.7831971209561558
0.6261679679606982 0.7831971209561558
0.6302083720011022 0.7831971209561558
0.6342487760415063 0.7831971209561558
0.6382891800819104 0.7831971209561558
0.5857639275566577 0.7872375249965597
0.5898043315970618 0.7872375249965597
0.5938447356374659 0.7872375249965597
0.5978851396778699 0.7872375249965597
0.601925543718274 0.7872375249965597
0.6059659477586781 0.7872375249965597
0.610006351799082 0.7872375249965597
0.6140467558394861 0.7872375249965597
0.61808715987989 0.7872375249965597
0.6221275639202941 0.7872375249965597
0.6261679679606982 0.7872375249965597
0.6302083720011022 0.7872375249965597
0.6342487760415063 0.7872375249965597
0.5776831194758497 0.7912779290369638
0.5817235235162538 0.7912779290369638
0.5857639275566577 0.7912779290369638
0.5898043315970618 0.7912779290369638
0.5938447356374659 0.7912779290369638
0.5978851396778699 0.7912779290369638
0.601925543718274 0.7912779290369638
0.6059659477586781 0.7912779290369638
0.610006351799082 0.7912779290369638
0.6140467558394861 0.7912779290369638
0.61808715987989 0.7912779290369638
0.6221275639202941 0.7912779290369638
0.6261679679606982 0.7912779290369638
0.6302083720011022 0.7912779290369638
0.5736427154354458 0.7953183330773679
0.5776831194758497 0.7953183330773679
0.5817235235162538 0.7953183330773679
0.5857639275566577 0.7953183330773679
0.5898043315970618 0.7953183330773679
0.5938447356374659 0.7953183330773679
0.5978851396778699 0.7953183330773679
0.601925543718274 0.7953183330773679
0.6059659477586781 0.7953183330773679
0.610006351799082 0.7953183330773679
0.6140467558394861 0.7953183330773679
0.61808715987989 0.7953183330773679
0.6221275639202941 0.7953183330773679
0.5696023113950417 0.799358737117772
0.5736427154354458 0.799358737117772
0.5776831194758497 0.799358737117772
0.5817235235162538 0.799358737117772
0.5857639275566577 0.799358737117772
0.5898043315970618 0.799358737117772
0.5938447356374659 0.799358737117772
0.5978851396778699 0.799358737117772
0.601925543718274 0.799358737117772
0.6059659477586781 0.799358737117772
0.610006351799082 0.799358737117772
0.6140467558394861 0.799358737117772
0.61808715987989 0.799358737117772
0.5615215033142336 0.803399141158176
0.5655619073546376 0.803399141158176
0.5696023113950417 0.803399141158176
0.5736427154354458 0.803399141158176
0.5776831194758497 0.803399141158176
0.5817235235162538 0.803399141158176
0.5857639275566577 0.803399141158176
0.5898043315970618 0.803399141158176
0.5938447356374659 0.803399141158176
0.5978851396778699 0.803399141158176
0.601925543718274 0.803399141158176
0.6059659477586781 0.803399141158176
0.610006351799082 0.803399141158176
0.6140467558394861 0.803399141158176
0.5574810992738295 0.80743954519858
0.5615215033142336 0.80743954519858
0.5655619073546376 0.80743954519858
0.5696023113950417 0.80743954519858
0.5736427154354458 0.80743954519858
0.5776831194758497 0.80743954519858
0.5817235235162538 0.80743954519858
0.5857639275566577 0.80743954519858
0.5898043315970618 0.80743954519858
0.5938447356374659 0.80743954519858
0.5978851396778699 0.80743954519858
0.601925543718274 0.80743954519858
0.6059659477586781 0.80743954519858
0.610006351799082 0.80743954519858
0.5494002911930214 0.811479949238984
0.5534406952334254 0.811479949238984
0.5574810992738295 0.811479949238984
0.5615215033142336 0.811479949238984
0.5655619073546376 0.811479949238984
0.5696023113950417 0.811479949238984
0.5736427154354458 0.811479949238984
0.5776831194758497 0.811479949238984
0.5817235235162538 0.811479949238984
0.5857639275566577 0.811479949238984
0.5898043315970618 0.811479949238984
0.5938447356374659 0.811479949238984
0.5978851396778699 0.811479949238984
0.601925543718274 0.811479949238984
0.5453598871526174 0.8155203532793881
0.5494002911930214 0.8155203532793881
0.5534406952334254 0.8155203532793881
0.5574810992738295 0.8155203532793881
0.5615215033142336 0.8155203532793881
0.5655619073546376 0.8155203532793881
0.5696023113950417 0.8155203532793881
0.5736427154354458 0.8155203532793881
0.5776831194758497 0.8155203532793881
0.5817235235162538 0.8155203532793881
0.5857639275566577 0.8155203532793881
0.5898043315970618 0.8155203532793881
0.5938447356374659 0.8155203532793881
0.5978851396778699 0.8155203532793881
0.5372790790718094 0.819560757319792
0.5413194831122133 0.819560757319792
0.5453598871526174 0.819560757319792
0.5494002911930214 0.819560757319792
0.5534406952334254 0.819560757319792
0.5574810992738295 0.819560757319792
0.5615215033142336 0.819560757319792
0.5655619073546376 0.819560757319792
0.5696023113950417 0.819560757319792
0.5736427154354458 0.819560757319792
0.5776831194758497 0.819560757319792
0.5817235235162538 0.819560757319792
0.5857639275566577 0.819560757319792
0.5898043315970618 0.819560757319792
0.5938447356374659 0.819560757319792
0.5332386750314053 0.8236011613601961
0.5372790790718094 0.8236011613601961
0.5413194831122133 0.8236011613601961
0.5453598871526174 0.8236011613601961
0.5494002911930214 0.8236011613601961
0.5534406952334254 0.8236011613601961
0.5574810992738295 0.8236011613601961
0.5615215033142336 0.8236011613601961
0.5655619073546376 0.8236011613601961
0.5696023113950417 0.8236011613601961
0.5736427154354458 0.8236011613601961
0.5776831194758497 0.8236011613601961
0.5817235235162538 0.8236011613601961
0.5857639275566577 0.8236011613601961
0.5251578669505972 0.8276415654006002
0.5291982709910013 0.8276415654006002
0.5332386750314053 0.8276415654006002
0.5372790790718094 0.8276415654006002
0.5413194831122133 0.8276415654006002
0.5453598871526174 0.8276415654006002
0.5494002911930214 0.8276415654006002
0.5534406952334254 0.8276415654006002
0.5574810992738295 0.8276415654006002
0.5615215033142336 0.8276415654006002
0.5655619073546376 0.8276415654006002
0.5696023113950417 0.8276415654006002
0.5736427154354458 0.8276415654006002
0.5776831194758497 0.8276415654006002
0.5817235235162538 0.8276415654006002
0.517077058869789 0.8316819694410043
0.5211174629101931 0.8316819694410043
0.5251578669505972 0.8316819694410043
0.5291982709910013 0.8316819694410043
0.5332386750314053 0.8316819694410043
0.5372790790718094 0.8316819694410043
0.5413194831122133 0.8316819694410043
0.5453598871526174 0.8316819694410043
0.5494002911930214 0.8316819694410043
0.5534406952334254 0.8316819694410043
0.5574810992738295 0.8316819694410043
0.5615215033142336 0.8316819694410043
0.5655619073546376 0.8316819694410043
0.5696023113950417 0.8316819694410043
0.5736427154354458 0.8316819694410043
0.5776831194758497 0.8316819694410043
0.5130366548293851 0.8357223734814083
0.517077058869789 0.8357223734814083
0.5211174629101931 0.8357223734814083
0.5251578669505972 0.8357223734814083
0.5291982709910013 0.8357223734814083
0.5332386750314053 0.8357223734814083
0.5372790790718094 0.8357223734814083
0.5413194831122133 0.8357223734814083
0.5453598871526174 0.8357223734814083
0.5494002911930214 0.8357223734814083
0.5534406952334254 0.8357223734814083
0.5574810992738295 0.8357223734814083
0.5615215033142336 0.8357223734814083
0.5655619073546376 0.8357223734814083
0.5696023113950417 0.8357223734814083
0.504955846748577 0.8397627775218124
0.508996250788981 0.8397627775218124
0.5130366548293851 0.8397627775218124
0.517077058869789 0.8397627775218124
0.5211174629101931 0.8397627775218124
0.5251578669505972 0.8397627775218124
0.5291982709910013 0.8397627775218124
0.5332386750314053 0.8397627775218124
0.5372790790718094 0.8397627775218124
0.5413194831122133 0.8397627775218124
0.5453598871526174 0.8397627775218124
0.5494002911930214 0.8397627775218124
0.5534406952334254 0.8397627775218124
0.5574810992738295 0.8397627775218124
0.5615215033142336 0.8397627775218124
0.5655619073546376 0.8397627775218124
0.49687503866776894 0.8438031815622163
0.500915442708173 0.8438031815622163
0.504955846748577 0.8438031815622163
0.508996250788981 0.8438031815622163
0.5130366548293851 0.8438031815622163
0.517077058869789 0.8438031815622163
0.5211174629101931 0.8438031815622163
0.5251578669505972 0.8438031815622163
0.5291982709910013 0.8438031815622163
0.5332386750314053 0.8438031815622163
0.5372790790718094 0.8438031815622163
0.5413194831122133 0.8438031815622163
0.5453598871526174 0.8438031815622163
0.5494002911930214 0.8438031815622163
0.5534406952334254 0.8438031815622163
0.5574810992738295 0.8438031815622163
0.4887942305869608 0.8478435856026204
0.4928346346273649 0.8478435856026204
0.49687503866776894 0.8478435856026204
0.500915442708173 0.8478435856026204
0.504955846748577 0.8478435856026204
0.508996250788981 0.8478435856026204
0.5130366548293851 0.8478435856026204
0.517077058869789 0.8478435856026204
0.5211174629101931 0.8478435856026204
0.5251578669505972 0.8478435856026204
0.5291982709910013 0.8478435856026204
0.5332386750314053 0.8478435856026204
0.5372790790718094 0.8478435856026204
0.5413194831122133 0.8478435856026204
0.5453598871526174 0.8478435856026204
0.5494002911930214 0.8478435856026204
0.5534406952334254 0.8478435856026204
0.4847538265465568 0.8518839896430245
0.4887942305869608 0.8518839896430245
0.4928346346273649 0.8518839896430245
0.49687503866776894 0.8518839896430245
0.500915442708173 0.8518839896430245
0.504955846748577 0.8518839896430245
0.508996250788981 0.8518839896430245
0.5130366548293851 0.8518839896430245
0.517077058869789 0.8518839896430245
0.5211174629101931 0.8518839896430245
0.5251578669505972 0.8518839896430245
0.5291982709910013 0.8518839896430245
0.5332386750314053 0.8518839896430245
0.5372790790718094 0.8518839896430245
0.5413194831122133 0.8518839896430245
0.5453598871526174 0.8518839896430245
0.4766730184657487 0.8559243936834284
0.4807134225061528 0.8559243936834284
0.4847538265465568 0.8559243936834284
0.4887942305869608 0.8559243936834284
0.4928346346273649 0.8559243936834284
0.49687503866776894 0.8559243936834284
0.500915442708173 0.8559243936834284
0.504955846748577 0.8559243936834284
0.508996250788981 0.8559243936834284
0.5130366548293851 0.8559243936834284
0.517077058869789 0.8559243936834284
0.5211174629101931 0.8559243936834284
0.5251578669505972 0.8559243936834284
0.5291982709910013 0.8559243936834284
0.5332386750314053 0.8559243936834284
0.5372790790718094 0.8559243936834284
0.5413194831122133 0.8559243936834284
0.46859221038494064 0.8599647977238325
0.47263261442534465 0.8599647977238325
0.4766730184657487 0.8599647977238325
0.4807134225061528 0.8599647977238325
0.4847538265465568 0.8599647977238325
0.4887942305869608 0.8599647977238325
0.4928346346273649 0.8599647977238325
0.49687503866776894 0.8599647977238325
0.500915442708173 0.8599647977238325
0.504955846748577 0.8599647977238325
0.508996250788981 0.8599647977238325
0.5130366548293851 0.8599647977238325
0.517077058869789 0.8599647977238325
0.5211174629101931 0.8599647977238325
0.5251578669505972 0.8599647977238325
0.5291982709910013 0.8599647977238325
0.5332386750314053 0.8599647977238325
0.46051140230413257 0.8640052017642366
0.46455180634453663 0.8640052017642366
0.46859221038494064 0.8640052017642366
0.47263261442534465 0.8640052017642366
0.4766730184657487 0.8640052017642366
0.4807134225061528 0.8640052017642366
0.4847538265465568 0.8640052017642366
0.4887942305869608 0.8640052017642366
0.4928346346273649 0.8640052017642366
0.49687503866776894 0.8640052017642366
0.500915442708173 0.8640052017642366
0.504955846748577 0.8640052017642366
0.508996250788981 0.8640052017642366
0.5130366548293851 0.8640052017642366
0.517077058869789 0.8640052017642366
0.5211174629101931 0.8640052017642366
0.5251578669505972 0.8640052017642366
0.5291982709910013 0.8640052017642366
0.45243059422332443 0.8680456058046406
0.4564709982637285 0.8680456058046406
0.46051140230413257 0.8680456058046406
0.46455180634453663 0.8680456058046406
0.46859221038494064 0.8680456058046406
0.47263261442534465 0.8680456058046406
0.4766730184657487 0.8680456058046406
0.4807134225061528 0.8680456058046406
0.4847538265465568 0.8680456058046406
0.4887942305869608 0.8680456058046406
0.4928346346273649 0.8680456058046406
0.49687503866776894 0.8680456058046406
0.500915442708173 0.8680456058046406
0.504955846748577 0.8680456058046406
0.508996250788981 0.8680456058046406
0.5130366548293851 0.8680456058046406
0.517077058869789 0.8680456058046406
0.5211174629101931 0.8680456058046406
0.4483901901829204 0.8720860098450447
0.45243059422332443 0.8720860098450447
0.4564709982637285 0.8720860098450447
0.46051140230413257 0.8720860098450447
0.46455180634453663 0.8720860098450447
0.46859221038494064 0.8720860098450447
0.47263261442534465 0.8720860098450447
0.4766730184657487 0.8720860098450447
0.4807134225061528 0.8720860098450447
0.4847538265465568 0.8720860098450447
0.4887942305869608 0.8720860098450447
0.4928346346273649 0.8720860098450447
0.49687503866776894 0.8720860098450447
0.500915442708173 0.8720860098450447
0.504955846748577 0.8720860098450447
0.508996250788981 0.8720860098450447
0.5130366548293851 0.8720860098450447
0.4362689780617083 0.8761264138854487
0.44030938210211235 0.8761264138854487
0.4443497861425164 0.8761264138854487
0.4483901901829204 0.8761264138854487
0.45243059422332443 0.8761264138854487
0.4564709982637285 0.8761264138854487
0.46051140230413257 0.8761264138854487
0.46455180634453663 0.8761264138854487
0.46859221038494064 0.8761264138854487
0.47263261442534465 0.8761264138854487
0.4766730184657487 0.8761264138854487
0.4807134225061528 0.8761264138854487
0.4847538265465568 0.8761264138854487
0.4887942305869608 0.8761264138854487
0.4928346346273649 0.8761264138854487
0.49687503866776894 0.8761264138854487
0.500915442708173 0.8761264138854487
0.504955846748577 0.8761264138854487
0.508996250788981 0.8761264138854487
0.43222857402130427 0.8801668179258527
0.4362689780617083 0.8801668179258527
0.44030938210211235 0.8801668179258527
0.4443497861425164 0.8801668179258527
0.4483901901829204 0.8801668179258527
0.45243059422332443 0.8801668179258527
0.4564709982637285 0.8801668179258527
0.46051140230413257 0.8801668179258527
0.46455180634453663 0.8801668179258527
0.46859221038494064 0.8801668179258527
0.47263261442534465 0.8801668179258527
0.4766730184657487 0.8801668179258527
0.4807134225061528 0.8801668179258527
0.4847538265465568 0.8801668179258527
0.4887942305869608 0.8801668179258527
0.4928346346273649 0.8801668179258527
0.49687503866776894 0.8801668179258527
0.500915442708173 0.8801668179258527
0.4241477659404962 0.8842072219662568
0.42818816998090026 0.8842072219662568
0.43222857402130427 0.8842072219662568
0.4362689780617083 0.8842072219662568
0.44030938210211235 0.8842072219662568
0.4443497861425164 0.8842072219662568
0.4483901901829204 0.8842072219662568
0.45243059422332443 0.8842072219662568
0.4564709982637285 0.8842072219662568
0.46051140230413257 0.8842072219662568
0.46455180634453663 0.8842072219662568
0.46859221038494064 0.8842072219662568
0.47263261442534465 0.8842072219662568
0.4766730184657487 0.8842072219662568
0.4807134225061528 0.8842072219662568
0.4847538265465568 0.8842072219662568
0.4887942305869608 0.8842072219662568
0.4928346346273649 0.8842072219662568
0.49687503866776894 0.8842072219662568
0.4120265538192841 0.8882476260066607
0.4160669578596881 0.8882476260066607
0.4201073619000921 0.8882476260066607
0.4241477659404962 0.8882476260066607
0.42818816998090026 0.8882476260066607
0.43222857402130427 0.8882476260066607
0.4362689780617083 0.8882476260066607
0.44030938210211235 0.8882476260066607
0.4443497861425164 0.8882476260066607
0.4483901901829204 0.8882476260066607
0.45243059422332443 0.8882476260066607
0.4564709982637285 0.8882476260066607
0.46051140230413257 0.8882476260066607
0.46455180634453663 0.8882476260066607
0.46859221038494064 0.8882476260066607
0.47263261442534465 0.8882476260066607
0.4766730184657487 0.8882476260066607
0.4807134225061528 0.8882476260066607
0.4847538265465568 0.8882476260066607
0.4887942305869608 0.8882476260066607
0.40394574573847597 0.8922880300470648
0.40798614977888004 0.8922880300470648
0.4120265538192841 0.8922880300470648
0.4160669578596881 0.8922880300470648
0.4201073619000921 0.8922880300470648
0.4241477659404962 0.8922880300470648
0.42818816998090026 0.8922880300470648
0.43222857402130427 0.8922880300470648
0.4362689780617083 0.8922880300470648
0.44030938210211235 0.8922880300470648
0.4443497861425164 0.8922880300470648
0.4483901901829204 0.8922880300470648
0.45243059422332443 0.8922880300470648
0.4564709982637285 0.8922880300470648
0.46051140230413257 0.8922880300470648
0.46455180634453663 0.8922880300470648
0.46859221038494064 0.8922880300470648
0.47263261442534465 0.8922880300470648
0.4766730184657487 0.8922880300470648
0.4807134225061528 0.8922880300470648
0.3918245336172639 0.8963284340874689
0.3958649376576679 0.8963284340874689
0.39990534169807196 0.8963284340874689
0.40394574573847597 0.8963284340874689
0.40798614977888004 0.8963284340874689
0.4120265538192841 0.8963284340874689
0.4160669578596881 0.8963284340874689
0.4201073619000921 0.8963284340874689
0.4241477659404962 0.8963284340874689
0.42818816998090026 0.8963284340874689
0.43222857402130427 0.8963284340874689
0.4362689780617083 0.8963284340874689
0.44030938210211235 0.8963284340874689
0.4443497861425164 0.8963284340874689
0.4483901901829204 0.8963284340874689
0.45243059422332443 0.8963284340874689
0.4564709982637285 0.8963284340874689
0.46051140230413257 0.8963284340874689
0.46455180634453663 0.8963284340874689
0.46859221038494064 0.8963284340874689
0.47263261442534465 0.8963284340874689
0.3877841295768598 0.9003688381278729
0.3918245336172639 0.9003688381278729
0.3958649376576679 0.9003688381278729
0.39990534169807196 0.9003688381278729
0.40394574573847597 0.9003688381278729
0.40798614977888004 0.9003688381278729
0.4120265538192841 0.9003688381278729
0.4160669578596881 0.9003688381278729
0.4201073619000921 0.9003688381278729
0.4241477659404962 0.9003688381278729
0.42818816998090026 0.9003688381278729
0.43222857402130427 0.9003688381278729
0.4362689780617083 0.9003688381278729
0.44030938210211235 0.9003688381278729
0.4443497861425164 0.9003688381278729
0.4483901901829204 0.9003688381278729
0.45243059422332443 0.9003688381278729
0.4564709982637285 0.9003688381278729
0.46051140230413257 0.9003688381278729
0.46455180634453663 0.9003688381278729
0.3756629174556477 0.904409242168277
0.37970332149605174 0.904409242168277
0.3837437255364558 0.904409242168277
0.3877841295768598 0.904409242168277
0.3918245336172639 0.904409242168277
0.3958649376576679 0.904409242168277
0.39990534169807196 0.904409242168277
0.40394574573847597 0.904409242168277
0.40798614977888004 0.904409242168277
0.4120265538192841 0.904409242168277
0.4160669578596881 0.904409242168277
0.4201073619000921 0.904409242168277
0.4241477659404962 0.904409242168277
0.42818816998090026 0.904409242168277
0.43222857402130427 0.904409242168277
0.4362689780617083 0.904409242168277
0.44030938210211235 0.904409242168277
0.4443497861425164 0.904409242168277
0.4483901901829204 0.904409242168277
0.45243059422332443 0.904409242168277
0.4564709982637285 0.904409242168277
0.3675821093748396 0.9084496462086811
0.37162251341524366 0.9084496462086811
0.3756629174556477 0.9084496462086811
0.37970332149605174 0.9084496462086811
0.3837437255364558 0.9084496462086811
0.3877841295768598 0.9084496462086811
0.3918245336172639 0.9084496462086811
0.3958649376576679 0.9084496462086811
0.39990534169807196 0.9084496462086811
0.40394574573847597 0.9084496462086811
0.40798614977888004 0.9084496462086811
0.4120265538192841 0.9084496462086811
0.4160669578596881 0.9084496462086811
0.4201073619000921 0.9084496462086811
0.4241477659404962 0.9084496462086811
0.42818816998090026 0.9084496462086811
0.43222857402130427 0.9084496462086811
0.4362689780617083 0.9084496462086811
0.44030938210211235 0.9084496462086811
0.4443497861425164 0.9084496462086811
0.4483901901829204 0.9084496462086811
0.35142049321322344 0.912490050249085
0.3554608972536275 0.912490050249085
0.35950130129403157 0.912490050249085
0.3635417053344356 0.912490050249085
0.3675821093748396 0.912490050249085
0.37162251341524366 0.912490050249085
0.3756629174556477 0.912490050249085
0.37970332149605174 0.912490050249085
0.3837437255364558 0.912490050249085
0.3877841295768598 0.912490050249085
0.3918245336172639 0.912490050249085
0.3958649376576679 0.912490050249085
0.39990534169807196 0.912490050249085
0.40394574573847597 0.912490050249085
0.40798614977888004 0.912490050249085
0.4120265538192841 0.912490050249085
0.4160669578596881 0.912490050249085
0.4201073619000921 0.912490050249085
0.4241477659404962 0.912490050249085
0.42818816998090026 0.912490050249085
0.43222857402130427 0.912490050249085
0.4362689780617083 0.912490050249085
0.44030938210211235 0.912490050249085
0.34738008917281943 0.9165304542894891
0.35142049321322344 0.9165304542894891
0.3554608972536275 0.9165304542894891
0.35950130129403157 0.9165304542894891
0.3635417053344356 0.9165304542894891
0.3675821093748396 0.9165304542894891
0.37162251341524366 0.9165304542894891
0.3756629174556477 0.9165304542894891
0.37970332149605174 0.9165304542894891
0.3837437255364558 0.9165304542894891
0.3877841295768598 0.9165304542894891
0.3918245336172639 0.9165304542894891
0.3958649376576679 0.9165304542894891
0.39990534169807196 0.9165304542894891
0.40394574573847597 0.9165304542894891
0.40798614977888004 0.9165304542894891
0.4120265538192841 0.9165304542894891
0.4160669578596881 0.9165304542894891
0.4201073619000921 0.9165304542894891
0.4241477659404962 0.9165304542894891
0.42818816998090026 0.9165304542894891
0.43222857402130427 0.9165304542894891
0.3352588770516073 0.920570858329893
0.33929928109201135 0.920570858329893
0.3433396851324154 0.920570858329893
0.34738008917281943 0.920570858329893
0.35142049321322344 0.920570858329893
0.3554608972536275 0.920570858329893
0.35950130129403157 0.920570858329893
0.3635417053344356 0.920570858329893
0.3675821093748396 0.920570858329893
0.37162251341524366 0.920570858329893
0.3756629174556477 0.920570858329893
0.37970332149605174 0.920570858329893
0.3837437255364558 0.920570858329893
0.3877841295768598 0.920570858329893
0.3918245336172639 0.920570858329893
0.3958649376576679 0.920570858329893
0.39990534169807196 0.920570858329893
0.40394574573847597 0.920570858329893
0.40798614977888004 0.920570858329893
0.4120265538192841 0.920570858329893
0.4160669578596881 0.920570858329893
0.4201073619000921 0.920570858329893
0.4241477659404962 0.920570858329893
0.42818816998090026 0.920570858329893
0.3231376649303952 0.9246112623702971
0.3271780689707992 0.9246112623702971
0.3312184730112033 0.9246112623702971
0.3352588770516073 0.9246112623702971
0.33929928109201135 0.9246112623702971
0.3433396851324154 0.9246112623702971
0.34738008917281943 0.9246112623702971
0.35142049321322344 0.9246112623702971
0.3554608972536275 0.9246112623702971
0.35950130129403157 0.9246112623702971
0.3635417053344356 0.9246112623702971
0.3675821093748396 0.9246112623702971
0.37162251341524366 0.9246112623702971
0.3756629174556477 0.9246112623702971
0.37970332149605174 0.9246112623702971
0.3837437255364558 0.9246112623702971
0.3877841295768598 0.9246112623702971
0.3918245336172639 0.9246112623702971
0.3958649376576679 0.9246112623702971
0.39990534169807196 0.9246112623702971
0.40394574573847597 0.9246112623702971
0.40798614977888004 0.9246112623702971
0.4120265538192841 0.9246112623702971
0.4160669578596881 0.9246112623702971
0.30697604876877904 0.9286516664107012
0.31101645280918305 0.9286516664107012
0.31505685684958706 0.9286516664107012
0.31909726088999113 0.9286516664107012
0.3231376649303952 0.9286516664107012
0.3271780689707992 0.9286516664107012
0.3312184730112033 0.9286516664107012
0.3352588770516073 0.9286516664107012
0.33929928109201135 0.9286516664107012
0.3433396851324154 0.9286516664107012
0.34738008917281943 0.9286516664107012
0.35142049321322344 0.9286516664107012
0.3554608972536275 0.9286516664107012
0.35950130129403157 0.9286516664107012
0.3635417053344356 0.9286516664107012
0.3675821093748396 0.9286516664107012
0.37162251341524366 0.9286516664107012
0.3756629174556477 0.9286516664107012
0.37970332149605174 0.9286516664107012
0.3837437255364558 0.9286516664107012
0.3877841295768598 0.9286516664107012
0.3918245336172639 0.9286516664107012
0.3958649376576679 0.9286516664107012
0.39990534169807196 0.9286516664107012
0.40394574573847597 0.9286516664107012
0.40798614977888004 0.9286516664107012
0.2988952406879709 0.9326920704511052
0.302935644728375 0.9326920704511052
0.30697604876877904 0.9326920704511052
0.31101645280918305 0.9326920704511052
0.31505685684958706 0.9326920704511052
0.31909726088999113 0.9326920704511052
0.3231376649303952 0.9326920704511052
0.3271780689707992 0.9326920704511052
0.3312184730112033 0.9326920704511052
0.3352588770516073 0.9326920704511052
0.33929928109201135 0.9326920704511052
0.3433396851324154 0.9326920704511052
0.34738008917281943 0.9326920704511052
0.35142049321322344 0.9326920704511052
0.3554608972536275 0.9326920704511052
0.35950130129403157 0.9326920704511052
0.3635417053344356 0.9326920704511052
0.3675821093748396 0.9326920704511052
0.37162251341524366 0.9326920704511052
0.3756629174556477 0.9326920704511052
0.37970332149605174 0.9326920704511052
0.3837437255364558 0.9326920704511052
0.3877841295768598 0.9326920704511052
0.3918245336172639 0.9326920704511052
0.3958649376576679 0.9326920704511052
0.39990534169807196 0.9326920704511052
0.2948548366475669 0.9367324744915093
0.2988952406879709 0.9367324744915093
0.302935644728375 0.9367324744915093
0.30697604876877904 0.9367324744915093
0.31101645280918305 0.9367324744915093
0.31505685684958706 0.9367324744915093
0.31909726088999113 0.9367324744915093
0.3231376649303952 0.9367324744915093
0.3271780689707992 0.9367324744915093
0.3312184730112033 0.9367324744915093
0.3352588770516073 0.9367324744915093
0.33929928109201135 0.9367324744915093
0.3433396851324154 0.9367324744915093
0.34738008917281943 0.9367324744915093
0.35142049321322344 0.9367324744915093
0.3554608972536275 0.9367324744915093
0.35950130129403157 0.9367324744915093
0.3635417053344356 0.9367324744915093
0.3675821093748396 0.9367324744915093
0.37162251341524366 0.9367324744915093
0.3756629174556477 0.9367324744915093
0.37970332149605174 0.9367324744915093
0.3837437255364558 0.9367324744915093
0.3877841295768598 0.9367324744915093
0.3918245336172639 0.9367324744915093
0.2948548366475669 0.9407728785319134
0.2988952406879709 0.9407728785319134
0.302935644728375 0.9407728785319134
0.30697604876877904 0.9407728785319134
0.31101645280918305 0.9407728785319134
0.31505685684958706 0.9407728785319134
0.31909726088999113 0.9407728785319134
0.3231376649303952 0.9407728785319134
0.3271780689707992 0.9407728785319134
0.3312184730112033 0.9407728785319134
0.3352588770516073 0.9407728785319134
0.33929928109201135 0.9407728785319134
0.3433396851324154 0.9407728785319134
0.34738008917281943 0.9407728785319134
0.35142049321322344 0.9407728785319134
0.3554608972536275 0.9407728785319134
0.35950130129403157 0.9407728785319134
0.3635417053344356 0.9407728785319134
0.3675821093748396 0.9407728785319134
0.37162251341524366 0.9407728785319134
0.3756629174556477 0.9407728785319134
0.37970332149605174 0.9407728785319134
0.2948548366475669 0.9448132825723174
0.2988952406879709 0.9448132825723174
0.302935644728375 0.9448132825723174
0.30697604876877904 0.9448132825723174
0.31101645280918305 0.9448132825723174
0.31505685684958706 0.9448132825723174
0.31909726088999113 0.9448132825723174
0.3231376649303952 0.9448132825723174
0.3271780689707992 0.9448132825723174
0.3312184730112033 0.9448132825723174
0.3352588770516073 0.9448132825723174
0.33929928109201135 0.9448132825723174
0.3433396851324154 0.9448132825723174
0.34738008917281943 0.9448132825723174
0.35142049321322344 0.9448132825723174
0.3554608972536275 0.9448132825723174
0.35950130129403157 0.9448132825723174
0.3635417053344356 0.9448132825723174
0.3675821093748396 0.9448132825723174
0.37162251341524366 0.9448132825723174
0.2948548366475669 0.9488536866127214
0.2988952406879709 0.9488536866127214
0.302935644728375 0.9488536866127214
0.30697604876877904 0.9488536866127214
0.31101645280918305 0.9488536866127214
0.31505685684958706 0.9488536866127214
0.31909726088999113 0.9488536866127214
0.3231376649303952 0.9488536866127214
0.3271780689707992 0.9488536866127214
0.3312184730112033 0.9488536866127214
0.3352588770516073 0.9488536866127214
0.33929928109201135 0.9488536866127214
0.3433396851324154 0.9488536866127214
0.34738008917281943 0.9488536866127214
0.35142049321322344 0.9488536866127214
0.3554608972536275 0.9488536866127214
0.35950130129403157 0.9488536866127214
0.2948548366475669 0.9528940906531255
0.2988952406879709 0.9528940906531255
0.302935644728375 0.9528940906531255
0.30697604876877904 0.9528940906531255
0.31101645280918305 0.9528940906531255
0.31505685684958706 0.9528940906531255
0.31909726088999113 0.9528940906531255
0.3231376649303952 0.9528940906531255
0.3271780689707992 0.9528940906531255
0.3312184730112033 0.9528940906531255
0.3352588770516073 0.9528940906531255
0.33929928109201135 0.9528940906531255
0.3433396851324154 0.9528940906531255
0.34738008917281943 0.9528940906531255
0.2948548366475669 0.9569344946935294
0.2988952406879709 0.9569344946935294
0.302935644728375 0.9569344946935294
0.30697604876877904 0.9569344946935294
0.31101645280918305 0.9569344946935294
0.31505685684958706 0.9569344946935294
0.31909726088999113 0.9569344946935294
0.3231376649303952 0.9569344946935294
0.3271780689707992 0.9569344946935294
0.3312184730112033 0.9569344946935294
0.3352588770516073 0.9569344946935294
0.33929928109201135 0.9569344946935294
0.2948548366475669 0.9609748987339335
0.2988952406879709 0.9609748987339335
0.302935644728375 0.9609748987339335
0.30697604876877904 0.9609748987339335
0.31101645280918305 0.9609748987339335
0.31505685684958706 0.9609748987339335
0.31909726088999113 0.9609748987339335
0.3231376649303952 0.9609748987339335
0.3271780689707992 0.9609748987339335
0.2948548366475669 0.9650153027743376
0.2988952406879709 0.9650153027743376
0.302935644728375 0.9650153027743376
0.30697604876877904 0.9650153027743376
0.31101645280918305 0.9650153027743376
0.31505685684958706 0.9650153027743376
0.31909726088999113 0.9650153027743376
0.2948548366475669 0.9690557068147416
0.2988952406879709 0.9690557068147416
