# x y
0.6595700809290472 0.7791567169157517
0.631287252646219 0.803399141158176
0.5989640203229867 0.8155203532793881
0.5626003839593503 0.8357223734814083
0.5221963435553099 0.8680456058046406
0.4898731112320776 0.8801668179258527
0.5019943233532898 0.8801668179258527
0.4656306869896534 0.9003688381278729
0.4898731112320776 0.9003688381278729
0.4009842223431887 0.9246112623702971
0.3727013940603604 0.9367324744915093
0.3484589698179362 0.9448132825723174
0.3646205859795524 0.9609748987339335
0.3040145253734917 0.9690557068147416
0.33229735365632 0.9730961108551457
