# x y
0.6997579809101944 0.706429444188479
0.6957175768697903 0.710469848228883
0.6997579809101944 0.710469848228883
0.6916771728293862 0.7145102522692871
0.6957175768697903 0.7145102522692871
0.6997579809101944 0.7145102522692871
0.6876367687889822 0.7185506563096911
0.6916771728293862 0.7185506563096911
0.6957175768697903 0.7185506563096911
0.6997579809101944 0.7185506563096911
0.6835963647485781 0.7225910603500951
0.6876367687889822 0.7225910603500951
0.6916771728293862 0.7225910603500951
0.6957175768697903 0.7225910603500951
0.6795559607081741 0.7266314643904992
0.6835963647485781 0.7266314643904992
0.6876367687889822 0.7266314643904992
0.6916771728293862 0.7266314643904992
0.6755155566677701 0.7306718684309033
0.6795559607081741 0.7306718684309033
0.6835963647485781 0.7306718684309033
0.6876367687889822 0.7306718684309033
0.6714751526273661 0.7347122724713073
0.6755155566677701 0.7347122724713073
0.6795559607081741 0.7347122724713073
0.6835963647485781 0.7347122724713073
0.6674347485869621 0.7387526765117113
0.6714751526273661 0.7387526765117113
0.6755155566677701 0.7387526765117113
0.6795559607081741 0.7387526765117113
0.663394344546558 0.7427930805521153
0.6674347485869621 0.7427930805521153
0.6714751526273661 0.7427930805521153
0.6755155566677701 0.7427930805521153
0.6593539405061539 0.7468334845925194
0.663394344546558 0.7468334845925194
0.6674347485869621 0.7468334845925194
0.6714751526273661 0.7468334845925194
0.6512731324253458 0.7508738886329235
0.6553135364657499 0.7508738886329235
0.6593539405061539 0.7508738886329235
0.663394344546558 0.7508738886329235
0.6674347485869621 0.7508738886329235
0.6472327283849418 0.7549142926733274
0.6512731324253458 0.7549142926733274
0.6553135364657499 0.7549142926733274
0.6593539405061539 0.7549142926733274
0.663394344546558 0.7549142926733274
0.6431923243445378 0.7589546967137315
0.6472327283849418 0.7589546967137315
0.6512731324253458 0.7589546967137315
0.6553135364657499 0.7589546967137315
0.6593539405061539 0.7589546967137315
0.6391519203041338 0.7629951007541356
0.6431923243445378 0.7629951007541356
0.6472327283849418 0.7629951007541356
0.6512731324253458 0.7629951007541356
0.6553135364657499 0.7629951007541356
0.6351115162637297 0.7670355047945396
0.6391519203041338 0.7670355047945396
0.6431923243445378 0.7670355047945396
0.6472327283849418 0.7670355047945396
0.6270307081829216 0.7710759088349436
0.6310711122233257 0.7710759088349436
0.6351115162637297 0.7710759088349436
0.6391519203041338 0.7710759088349436
0.6431923243445378 0.7710759088349436
0.6229903041425175 0.7751163128753477
0.6270307081829216 0.7751163128753477
0.6310711122233257 0.7751163128753477
0.6351115162637297 0.7751163128753477
0.6391519203041338 0.7751163128753477
0.6189499001021135 0.7791567169157517
0.6229903041425175 0.7791567169157517
0.6270307081829216 0.7791567169157517
0.6310711122233257 0.7791567169157517
0.6351115162637297 0.7791567169157517
0.6149094960617094 0.7831971209561558
0.6189499001021135 0.7831971209561558
0.6229903041425175 0.7831971209561558
0.6270307081829216 0.7831971209561558
0.6310711122233257 0.7831971209561558
0.6068286879809014 0.7872375249965597
0.6108690920213055 0.7872375249965597
0.6149094960617094 0.7872375249965597
0.6189499001021135 0.7872375249965597
0.6229903041425175 0.7872375249965597
0.6027882839404974 0.7912779290369638
0.6068286879809014 0.7912779290369638
0.6108690920213055 0.7912779290369638
0.6149094960617094 0.7912779290369638
0.6189499001021135 0.7912779290369638
0.5987478799000934 0.7953183330773679
0.6027882839404974 0.7953183330773679
0.6068286879809014 0.7953183330773679
0.6108690920213055 0.7953183330773679
0.6149094960617094 0.7953183330773679
0.5906670718192852 0.799358737117772
0.5947074758596893 0.799358737117772
0.5987478799000934 0.799358737117772
0.6027882839404974 0.799358737117772
0.6068286879809014 0.799358737117772
0.6108690920213055 0.799358737117772
0.5866266677788812 0.803399141158176
0.5906670718192852 0.803399141158176
0.5947074758596893 0.803399141158176
0.5987478799000934 0.803399141158176
0.6027882839404974 0.803399141158176
0.5825862637384771 0.80743954519858
0.5866266677788812 0.80743954519858
0.5906670718192852 0.80743954519858
0.5947074758596893 0.80743954519858
0.5987478799000934 0.80743954519858
0.5745054556576691 0.811479949238984
0.5785458596980732 0.811479949238984
0.5825862637384771 0.811479949238984
0.5866266677788812 0.811479949238984
0.5906670718192852 0.811479949238984
0.5947074758596893 0.811479949238984
0.5704650516172651 0.8155203532793881
0.5745054556576691 0.8155203532793881
0.5785458596980732 0.8155203532793881
0.5825862637384771 0.8155203532793881
0.5866266677788812 0.8155203532793881
0.562384243536457 0.819560757319792
0.5664246475768611 0.819560757319792
0.5704650516172651 0.819560757319792
0.5745054556576691 0.819560757319792
0.5785458596980732 0.819560757319792
0.5825862637384771 0.819560757319792
0.5583438394960529 0.8236011613601961
0.562384243536457 0.8236011613601961
0.5664246475768611 0.8236011613601961
0.5704650516172651 0.8236011613601961
0.5745054556576691 0.8236011613601961
0.5502630314152448 0.8276415654006002
0.5543034354556489 0.8276415654006002
0.5583438394960529 0.8276415654006002
0.562384243536457 0.8276415654006002
0.5664246475768611 0.8276415654006002
0.5704650516172651 0.8276415654006002
0.5462226273748408 0.8316819694410043
0.5502630314152448 0.8316819694410043
0.5543034354556489 0.8316819694410043
0.5583438394960529 0.8316819694410043
0.562384243536457 0.8316819694410043
0.5381418192940327 0.8357223734814083
0.5421822233344368 0.8357223734814083
0.5462226273748408 0.8357223734814083
0.5502630314152448 0.8357223734814083
0.5543034354556489 0.8357223734814083
0.5583438394960529 0.8357223734814083
0.5341014152536288 0.8397627775218124
0.5381418192940327 0.8397627775218124
0.5421822233344368 0.8397627775218124
0.5462226273748408 0.8397627775218124
0.5502630314152448 0.8397627775218124
0.5260206071728206 0.8438031815622163
0.5300610112132247 0.8438031815622163
0.5341014152536288 0.8438031815622163
0.5381418192940327 0.8438031815622163
0.5421822233344368 0.8438031815622163
0.5462226273748408 0.8438031815622163
0.5179397990920125 0.8478435856026204
0.5219802031324166 0.8478435856026204
0.5260206071728206 0.8478435856026204
0.5300610112132247 0.8478435856026204
0.5341014152536288 0.8478435856026204
0.5381418192940327 0.8478435856026204
0.5138993950516084 0.8518839896430245
0.5179397990920125 0.8518839896430245
0.5219802031324166 0.8518839896430245
0.5260206071728206 0.8518839896430245
0.5300610112132247 0.8518839896430245
0.5341014152536288 0.8518839896430245
0.5058185869708004 0.8559243936834284
0.5098589910112045 0.8559243936834284
0.5138993950516084 0.8559243936834284
0.5179397990920125 0.8559243936834284
0.5219802031324166 0.8559243936834284
0.5260206071728206 0.8559243936834284
0.4977377788899923 0.8599647977238325
0.5017781829303963 0.8599647977238325
0.5058185869708004 0.8599647977238325
0.5098589910112045 0.8599647977238325
0.5138993950516084 0.8599647977238325
0.5179397990920125 0.8599647977238325
0.5219802031324166 0.8599647977238325
0.4936973748495883 0.8640052017642366
0.4977377788899923 0.8640052017642366
0.5017781829303963 0.8640052017642366
0.5058185869708004 0.8640052017642366
0.5098589910112045 0.8640052017642366
0.5138993950516084 0.8640052017642366
0.4856165667687802 0.8680456058046406
0.48965697080918424 0.8680456058046406
0.4936973748495883 0.8680456058046406
0.4977377788899923 0.8680456058046406
0.5017781829303963 0.8680456058046406
0.5058185869708004 0.8680456058046406
0.47753575868797216 0.8720860098450447
0.48157616272837617 0.8720860098450447
0.4856165667687802 0.8720860098450447
0.48965697080918424 0.8720860098450447
0.4936973748495883 0.8720860098450447
0.4977377788899923 0.8720860098450447
0.5017781829303963 0.8720860098450447
0.469454950607164 0.8761264138854487
0.4734953546475681 0.8761264138854487
0.47753575868797216 0.8761264138854487
0.48157616272837617 0.8761264138854487
0.4856165667687802 0.8761264138854487
0.48965697080918424 0.8761264138854487
0.4936973748495883 0.8761264138854487
0.46137414252635595 0.8801668179258527
0.46541454656676 0.8801668179258527
0.469454950607164 0.8801668179258527
0.4734953546475681 0.8801668179258527
0.47753575868797216 0.8801668179258527
0.48157616272837617 0.8801668179258527
0.4856165667687802 0.8801668179258527
0.45329333444554787 0.8842072219662568
0.45733373848595194 0.8842072219662568
0.46137414252635595 0.8842072219662568
0.46541454656676 0.8842072219662568
0.469454950607164 0.8842072219662568
0.4734953546475681 0.8842072219662568
0.47753575868797216 0.8842072219662568
0.4452125263647398 0.8882476260066607
0.4492529304051438 0.8882476260066607
0.45329333444554787 0.8882476260066607
0.45733373848595194 0.8882476260066607
0.46137414252635595 0.8882476260066607
0.46541454656676 0.8882476260066607
0.469454950607164 0.8882476260066607
0.4371317182839317 0.8922880300470648
0.4411721223243358 0.8922880300470648
0.4452125263647398 0.8922880300470648
0.4492529304051438 0.8922880300470648
0.45329333444554787 0.8922880300470648
0.45733373848595194 0.8922880300470648
0.46137414252635595 0.8922880300470648
0.42905091020312364 0.8963284340874689
0.43309131424352765 0.8963284340874689
0.4371317182839317 0.8963284340874689
0.4411721223243358 0.8963284340874689
0.4452125263647398 0.8963284340874689
0.4492529304051438 0.8963284340874689
0.45329333444554787 0.8963284340874689
0.42097010212231556 0.9003688381278729
0.4250105061627196 0.9003688381278729
0.42905091020312364 0.9003688381278729
0.43309131424352765 0.9003688381278729
0.4371317182839317 0.9003688381278729
0.4411721223243358 0.9003688381278729
0.4452125263647398 0.9003688381278729
0.4128892940415075 0.904409242168277
0.4169296980819115 0.904409242168277
0.42097010212231556 0.904409242168277
0.4250105061627196 0.904409242168277
0.42905091020312364 0.904409242168277
0.43309131424352765 0.904409242168277
0.4371317182839317 0.904409242168277
0.4048084859606994 0.9084496462086811
0.4088488900011034 0.9084496462086811
0.4128892940415075 0.9084496462086811
0.4169296980819115 0.9084496462086811
0.42097010212231556 0.9084496462086811
0.4250105061627196 0.9084496462086811
0.42905091020312364 0.9084496462086811
0.3967276778798913 0.912490050249085
0.40076808192029534 0.912490050249085
0.4048084859606994 0.912490050249085
0.4088488900011034 0.912490050249085
0.4128892940415075 0.912490050249085
0.4169296980819115 0.912490050249085
0.42097010212231556 0.912490050249085
0.3846064657586792 0.9165304542894891
0.38864686979908325 0.9165304542894891
0.39268727383948726 0.9165304542894891
0.3967276778798913 0.9165304542894891
0.40076808192029534 0.9165304542894891
0.4048084859606994 0.9165304542894891
0.4088488900011034 0.9165304542894891
0.4128892940415075 0.9165304542894891
0.3765256576778711 0.920570858329893
0.3805660617182751 0.920570858329893
0.3846064657586792 0.920570858329893
0.38864686979908325 0.920570858329893
0.39268727383948726 0.920570858329893
0.3967276778798913 0.920570858329893
0.40076808192029534 0.920570858329893
0.4048084859606994 0.920570858329893
0.36440444555665896 0.9246112623702971
0.36844484959706303 0.9246112623702971
0.3724852536374671 0.9246112623702971
0.3765256576778711 0.9246112623702971
0.3805660617182751 0.9246112623702971
0.3846064657586792 0.9246112623702971
0.38864686979908325 0.9246112623702971
0.39268727383948726 0.9246112623702971
0.3967276778798913 0.9246112623702971
0.35632363747585094 0.9286516664107012
0.36036404151625495 0.9286516664107012
0.36440444555665896 0.9286516664107012
0.36844484959706303 0.9286516664107012
0.3724852536374671 0.9286516664107012
0.3765256576778711 0.9286516664107012
0.3805660617182751 0.9286516664107012
0.3846064657586792 0.9286516664107012
0.3442024253546388 0.9326920704511052
0.3482428293950428 0.9326920704511052
0.3522832334354469 0.9326920704511052
0.35632363747585094 0.9326920704511052
0.36036404151625495 0.9326920704511052
0.36440444555665896 0.9326920704511052
0.36844484959706303 0.9326920704511052
0.3724852536374671 0.9326920704511052
0.3765256576778711 0.9326920704511052
0.33208121323342665 0.9367324744915093
0.3361216172738307 0.9367324744915093
0.34016202131423473 0.9367324744915093
0.3442024253546388 0.9367324744915093
0.3482428293950428 0.9367324744915093
0.3522832334354469 0.9367324744915093
0.35632363747585094 0.9367324744915093
0.36036404151625495 0.9367324744915093
0.36440444555665896 0.9367324744915093
0.31996000111221456 0.9407728785319134
0.3240004051526186 0.9407728785319134
0.32804080919302264 0.9407728785319134
0.33208121323342665 0.9407728785319134
0.3361216172738307 0.9407728785319134
0.34016202131423473 0.9407728785319134
0.3442024253546388 0.9407728785319134
0.3482428293950428 0.9407728785319134
0.3522832334354469 0.9407728785319134
0.35632363747585094 0.9407728785319134
0.3078387889910024 0.9448132825723174
0.31187919303140643 0.9448132825723174
0.3159195970718105 0.9448132825723174
0.31996000111221456 0.9448132825723174
0.3240004051526186 0.9448132825723174
0.32804080919302264 0.9448132825723174
0.33208121323342665 0.9448132825723174
0.3361216172738307 0.9448132825723174
0.34016202131423473 0.9448132825723174
0.3442024253546388 0.9448132825723174
0.29975798091019434 0.9488536866127214
0.3037983849505984 0.9488536866127214
0.3078387889910024 0.9488536866127214
0.31187919303140643 0.9488536866127214
0.3159195970718105 0.9488536866127214
0.31996000111221456 0.9488536866127214
0.3240004051526186 0.9488536866127214
0.32804080919302264 0.9488536866127214
0.33208121323342665 0.9488536866127214
0.29975798091019434 0.9528940906531255
0.3037983849505984 0.9528940906531255
0.3078387889910024 0.9528940906531255
0.31187919303140643 0.9528940906531255
0.3159195970718105 0.9528940906531255
0.31996000111221456 0.9528940906531255
0.29975798091019434 0.9569344946935294
0.3037983849505984 0.9569344946935294
0.3078387889910024 0.9569344946935294
