# x y
0.6999182850314067 0.710469848228883
0.6958778809910027 0.7145102522692871
0.6999182850314067 0.7145102522692871
0.6918374769505987 0.7185506563096911
0.6958778809910027 0.7185506563096911
0.6999182850314067 0.7185506563096911
0.6877970729101947 0.7225910603500951
0.6918374769505987 0.7225910603500951
0.6958778809910027 0.7225910603500951
0.6837566688697906 0.7266314643904992
0.6877970729101947 0.7266314643904992
0.6918374769505987 0.7266314643904992
0.6797162648293866 0.7306718684309033
0.6837566688697906 0.7306718684309033
0.6877970729101947 0.7306718684309033
0.6756758607889826 0.7347122724713073
0.6797162648293866 0.7347122724713073
0.6716354567485785 0.7387526765117113
0.6756758607889826 0.7387526765117113
0.6675950527081744 0.7427930805521153
0.6716354567485785 0.7427930805521153
0.6595142446273663 0.7468334845925194
0.6635546486677704 0.7468334845925194
0.6675950527081744 0.7468334845925194
0.6554738405869623 0.7508738886329235
0.6595142446273663 0.7508738886329235
0.6635546486677704 0.7508738886329235
0.6514334365465583 0.7549142926733274
0.6554738405869623 0.7549142926733274
0.6595142446273663 0.7549142926733274
0.6473930325061543 0.7589546967137315
0.6514334365465583 0.7589546967137315
0.6554738405869623 0.7589546967137315
0.6433526284657503 0.7629951007541356
0.6473930325061543 0.7629951007541356
0.6514334365465583 0.7629951007541356
0.6393122244253462 0.7670355047945396
0.6433526284657503 0.7670355047945396
0.631231416344538 0.7710759088349436
0.6352718203849421 0.7710759088349436
0.6393122244253462 0.7710759088349436
0.627191012304134 0.7751163128753477
0.631231416344538 0.7751163128753477
0.6352718203849421 0.7751163128753477
0.6231506082637299 0.7791567169157517
0.627191012304134 0.7791567169157517
0.631231416344538 0.7791567169157517
0.619110204223326 0.7831971209561558
0.6231506082637299 0.7831971209561558
0.627191012304134 0.7831971209561558
0.6110293961425179 0.7872375249965597
0.6150698001829219 0.7872375249965597
0.619110204223326 0.7872375249965597
0.6069889921021139 0.7912779290369638
0.6110293961425179 0.7912779290369638
0.6150698001829219 0.7912779290369638
0.6029485880617098 0.7953183330773679
0.6069889921021139 0.7953183330773679
0.6110293961425179 0.7953183330773679
0.5948677799809017 0.799358737117772
0.5989081840213057 0.799358737117772
0.6029485880617098 0.799358737117772
0.5908273759404976 0.803399141158176
0.5948677799809017 0.803399141158176
0.5989081840213057 0.803399141158176
0.5867869719000937 0.80743954519858
0.5908273759404976 0.80743954519858
0.5948677799809017 0.80743954519858
0.5787061638192856 0.811479949238984
0.5827465678596896 0.811479949238984
0.5867869719000937 0.811479949238984
0.5746657597788816 0.8155203532793881
0.5787061638192856 0.8155203532793881
0.5827465678596896 0.8155203532793881
0.5665849516980734 0.819560757319792
0.5706253557384775 0.819560757319792
0.5746657597788816 0.819560757319792
0.5787061638192856 0.819560757319792
0.5625445476576694 0.8236011613601961
0.5665849516980734 0.8236011613601961
0.5706253557384775 0.8236011613601961
0.5585041436172653 0.8276415654006002
0.5625445476576694 0.8276415654006002
0.5665849516980734 0.8276415654006002
0.5504233355364573 0.8316819694410043
0.5544637395768612 0.8316819694410043
0.5585041436172653 0.8316819694410043
0.5423425274556493 0.8357223734814083
0.5463829314960532 0.8357223734814083
0.5504233355364573 0.8357223734814083
0.5544637395768612 0.8357223734814083
0.5383021234152452 0.8397627775218124
0.5423425274556493 0.8397627775218124
0.5463829314960532 0.8397627775218124
0.5302213153344371 0.8438031815622163
0.5342617193748411 0.8438031815622163
0.5383021234152452 0.8438031815622163
0.5423425274556493 0.8438031815622163
0.526180911294033 0.8478435856026204
0.5302213153344371 0.8478435856026204
0.5342617193748411 0.8478435856026204
0.518100103213225 0.8518839896430245
0.5221405072536289 0.8518839896430245
0.526180911294033 0.8518839896430245
0.5302213153344371 0.8518839896430245
0.5100192951324168 0.8559243936834284
0.5140596991728209 0.8559243936834284
0.518100103213225 0.8559243936834284
0.5221405072536289 0.8559243936834284
0.5059788910920129 0.8599647977238325
0.5100192951324168 0.8599647977238325
0.5140596991728209 0.8599647977238325
0.49789808301120475 0.8640052017642366
0.5019384870516088 0.8640052017642366
0.5059788910920129 0.8640052017642366
0.5100192951324168 0.8640052017642366
0.4898172749303967 0.8680456058046406
0.4938576789708007 0.8680456058046406
0.49789808301120475 0.8680456058046406
0.5019384870516088 0.8680456058046406
0.4817364668495886 0.8720860098450447
0.48577687088999266 0.8720860098450447
0.4898172749303967 0.8720860098450447
0.4938576789708007 0.8720860098450447
0.47769606280918453 0.8761264138854487
0.4817364668495886 0.8761264138854487
0.48577687088999266 0.8761264138854487
0.4696152547283765 0.8801668179258527
0.4736556587687805 0.8801668179258527
0.47769606280918453 0.8801668179258527
0.4817364668495886 0.8801668179258527
0.4615344466475684 0.8842072219662568
0.46557485068797244 0.8842072219662568
0.4696152547283765 0.8842072219662568
0.4736556587687805 0.8842072219662568
0.4534536385667603 0.8882476260066607
0.4574940426071643 0.8882476260066607
0.4615344466475684 0.8882476260066607
0.46557485068797244 0.8882476260066607
0.4453728304859522 0.8922880300470648
0.4494132345263563 0.8922880300470648
0.4534536385667603 0.8922880300470648
0.4574940426071643 0.8922880300470648
0.43729202240514414 0.8963284340874689
0.44133242644554815 0.8963284340874689
0.4453728304859522 0.8963284340874689
0.4494132345263563 0.8963284340874689
0.42921121432433607 0.9003688381278729
0.43325161836474013 0.9003688381278729
0.43729202240514414 0.9003688381278729
0.44133242644554815 0.9003688381278729
0.421130406243528 0.904409242168277
0.425170810283932 0.904409242168277
0.42921121432433607 0.904409242168277
0.43325161836474013 0.904409242168277
0.40900919412231584 0.9084496462086811
0.4130495981627199 0.9084496462086811
0.417090002203124 0.9084496462086811
0.421130406243528 0.9084496462086811
0.425170810283932 0.9084496462086811
0.40092838604150777 0.912490050249085
0.40496879008191183 0.912490050249085
0.40900919412231584 0.912490050249085
0.4130495981627199 0.912490050249085
0.417090002203124 0.912490050249085
0.3928475779606997 0.9165304542894891
0.39688798200110376 0.9165304542894891
0.40092838604150777 0.9165304542894891
0.40496879008191183 0.9165304542894891
0.3847667698798916 0.920570858329893
0.3888071739202957 0.920570858329893
0.3928475779606997 0.920570858329893
0.39688798200110376 0.920570858329893
0.37264555775867947 0.9246112623702971
0.37668596179908354 0.9246112623702971
0.3807263658394876 0.9246112623702971
0.3847667698798916 0.9246112623702971
0.3888071739202957 0.9246112623702971
0.36456474967787145 0.9286516664107012
0.36860515371827546 0.9286516664107012
0.37264555775867947 0.9286516664107012
0.37668596179908354 0.9286516664107012
0.3524435375566593 0.9326920704511052
0.3564839415970633 0.9326920704511052
0.3605243456374674 0.9326920704511052
0.36456474967787145 0.9326920704511052
0.36860515371827546 0.9326920704511052
0.34032232543544716 0.9367324744915093
0.3443627294758512 0.9367324744915093
0.3484031335162553 0.9367324744915093
0.3524435375566593 0.9367324744915093
0.3564839415970633 0.9367324744915093
0.32820111331423507 0.9407728785319134
0.3322415173546391 0.9407728785319134
0.33628192139504315 0.9407728785319134
0.34032232543544716 0.9407728785319134
0.3443627294758512 0.9407728785319134
0.3484031335162553 0.9407728785319134
0.32012030523342694 0.9448132825723174
0.324160709273831 0.9448132825723174
0.32820111331423507 0.9448132825723174
0.3322415173546391 0.9448132825723174
0.33628192139504315 0.9448132825723174
0.3039586890718108 0.9488536866127214
0.30799909311221485 0.9488536866127214
0.3120394971526189 0.9488536866127214
0.3160799011930229 0.9488536866127214
0.32012030523342694 0.9488536866127214
0.324160709273831 0.9488536866127214
0.2999182850314068 0.9528940906531255
0.3039586890718108 0.9528940906531255
0.30799909311221485 0.9528940906531255
0.3120394971526189 0.9528940906531255
0.2999182850314068 0.9569344946935294
