# x y
0.698644757848477 0.698348636107671
0.694604353808073 0.702389040148075
0.698644757848477 0.702389040148075
0.6865235457272649 0.706429444188479
0.690563949767669 0.706429444188479
0.694604353808073 0.706429444188479
0.698644757848477 0.706429444188479
0.6865235457272649 0.710469848228883
0.690563949767669 0.710469848228883
0.694604353808073 0.710469848228883
0.698644757848477 0.710469848228883
0.6784427376464568 0.7145102522692871
0.6824831416868609 0.7145102522692871
0.6865235457272649 0.7145102522692871
0.690563949767669 0.7145102522692871
0.694604353808073 0.7145102522692871
0.698644757848477 0.7145102522692871
0.6784427376464568 0.7185506563096911
0.6824831416868609 0.7185506563096911
0.6865235457272649 0.7185506563096911
0.690563949767669 0.7185506563096911
0.694604353808073 0.7185506563096911
0.698644757848477 0.7185506563096911
0.6703619295656487 0.7225910603500951
0.6744023336060527 0.7225910603500951
0.6784427376464568 0.7225910603500951
0.6824831416868609 0.7225910603500951
0.6865235457272649 0.7225910603500951
0.690563949767669 0.7225910603500951
0.694604353808073 0.7225910603500951
0.698644757848477 0.7225910603500951
0.6663215255252446 0.7266314643904992
0.6703619295656487 0.7266314643904992
0.6744023336060527 0.7266314643904992
0.6784427376464568 0.7266314643904992
0.6824831416868609 0.7266314643904992
0.6865235457272649 0.7266314643904992
0.690563949767669 0.7266314643904992
0.694604353808073 0.7266314643904992
0.698644757848477 0.7266314643904992
0.6622811214848406 0.7306718684309033
0.6663215255252446 0.7306718684309033
0.6703619295656487 0.7306718684309033
0.6744023336060527 0.7306718684309033
0.6784427376464568 0.7306718684309033
0.6824831416868609 0.7306718684309033
0.6865235457272649 0.7306718684309033
0.690563949767669 0.7306718684309033
0.694604353808073 0.7306718684309033
0.698644757848477 0.7306718684309033
0.6582407174444366 0.7347122724713073
0.6622811214848406 0.7347122724713073
0.6663215255252446 0.7347122724713073
0.6703619295656487 0.7347122724713073
0.6744023336060527 0.7347122724713073
0.6784427376464568 0.7347122724713073
0.6824831416868609 0.7347122724713073
0.6865235457272649 0.7347122724713073
0.690563949767669 0.7347122724713073
0.694604353808073 0.7347122724713073
0.6542003134040326 0.7387526765117113
0.6582407174444366 0.7387526765117113
0.6622811214848406 0.7387526765117113
0.6663215255252446 0.7387526765117113
0.6703619295656487 0.7387526765117113
0.6744023336060527 0.7387526765117113
0.6784427376464568 0.7387526765117113
0.6824831416868609 0.7387526765117113
0.6865235457272649 0.7387526765117113
0.690563949767669 0.7387526765117113
0.6501599093636286 0.7427930805521153
0.6542003134040326 0.7427930805521153
0.6582407174444366 0.7427930805521153
0.6622811214848406 0.7427930805521153
0.6663215255252446 0.7427930805521153
0.6703619295656487 0.7427930805521153
0.6744023336060527 0.7427930805521153
0.6784427376464568 0.7427930805521153
0.6824831416868609 0.7427930805521153
0.6865235457272649 0.7427930805521153
0.6461195053232245 0.7468334845925194
0.6501599093636286 0.7468334845925194
0.6542003134040326 0.7468334845925194
0.6582407174444366 0.7468334845925194
0.6622811214848406 0.7468334845925194
0.6663215255252446 0.7468334845925194
0.6703619295656487 0.7468334845925194
0.6744023336060527 0.7468334845925194
0.6784427376464568 0.7468334845925194
0.6824831416868609 0.7468334845925194
0.6420791012828204 0.7508738886329235
0.6461195053232245 0.7508738886329235
0.6501599093636286 0.7508738886329235
0.6542003134040326 0.7508738886329235
0.6582407174444366 0.7508738886329235
0.6622811214848406 0.7508738886329235
0.6663215255252446 0.7508738886329235
0.6703619295656487 0.7508738886329235
0.6744023336060527 0.7508738886329235
0.6784427376464568 0.7508738886329235
0.6339982932020123 0.7549142926733274
0.6380386972424164 0.7549142926733274
0.6420791012828204 0.7549142926733274
0.6461195053232245 0.7549142926733274
0.6501599093636286 0.7549142926733274
0.6542003134040326 0.7549142926733274
0.6582407174444366 0.7549142926733274
0.6622811214848406 0.7549142926733274
0.6663215255252446 0.7549142926733274
0.6703619295656487 0.7549142926733274
0.6744023336060527 0.7549142926733274
0.6299578891616083 0.7589546967137315
0.6339982932020123 0.7589546967137315
0.6380386972424164 0.7589546967137315
0.6420791012828204 0.7589546967137315
0.6461195053232245 0.7589546967137315
0.6501599093636286 0.7589546967137315
0.6542003134040326 0.7589546967137315
0.6582407174444366 0.7589546967137315
0.6622811214848406 0.7589546967137315
0.6663215255252446 0.7589546967137315
0.6703619295656487 0.7589546967137315
0.6259174851212043 0.7629951007541356
0.6299578891616083 0.7629951007541356
0.6339982932020123 0.7629951007541356
0.6380386972424164 0.7629951007541356
0.6420791012828204 0.7629951007541356
0.6461195053232245 0.7629951007541356
0.6501599093636286 0.7629951007541356
0.6542003134040326 0.7629951007541356
0.6582407174444366 0.7629951007541356
0.6622811214848406 0.7629951007541356
0.6663215255252446 0.7629951007541356
0.6218770810808002 0.7670355047945396
0.6259174851212043 0.7670355047945396
0.6299578891616083 0.7670355047945396
0.6339982932020123 0.7670355047945396
0.6380386972424164 0.7670355047945396
0.6420791012828204 0.7670355047945396
0.6461195053232245 0.7670355047945396
0.6501599093636286 0.7670355047945396
0.6542003134040326 0.7670355047945396
0.6582407174444366 0.7670355047945396
0.6622811214848406 0.7670355047945396
0.6178366770403962 0.7710759088349436
0.6218770810808002 0.7710759088349436
0.6259174851212043 0.7710759088349436
0.6299578891616083 0.7710759088349436
0.6339982932020123 0.7710759088349436
0.6380386972424164 0.7710759088349436
0.6420791012828204 0.7710759088349436
0.6461195053232245 0.7710759088349436
0.6501599093636286 0.7710759088349436
0.6542003134040326 0.7710759088349436
0.6582407174444366 0.7710759088349436
0.6097558689595881 0.7751163128753477
0.6137962729999922 0.7751163128753477
0.6178366770403962 0.7751163128753477
0.6218770810808002 0.7751163128753477
0.6259174851212043 0.7751163128753477
0.6299578891616083 0.7751163128753477
0.6339982932020123 0.7751163128753477
0.6380386972424164 0.7751163128753477
0.6420791012828204 0.7751163128753477
0.6461195053232245 0.7751163128753477
0.6501599093636286 0.7751163128753477
0.60167506087878 0.7791567169157517
0.605715464919184 0.7791567169157517
0.6097558689595881 0.7791567169157517
0.6137962729999922 0.7791567169157517
0.6178366770403962 0.7791567169157517
0.6218770810808002 0.7791567169157517
0.6259174851212043 0.7791567169157517
0.6299578891616083 0.7791567169157517
0.6339982932020123 0.7791567169157517
0.6380386972424164 0.7791567169157517
0.6420791012828204 0.7791567169157517
0.6461195053232245 0.7791567169157517
0.60167506087878 0.7831971209561558
0.605715464919184 0.7831971209561558
0.6097558689595881 0.7831971209561558
0.6137962729999922 0.7831971209561558
0.6178366770403962 0.7831971209561558
0.6218770810808002 0.7831971209561558
0.6259174851212043 0.7831971209561558
0.6299578891616083 0.7831971209561558
0.6339982932020123 0.7831971209561558
0.6380386972424164 0.7831971209561558
0.593594252797972 0.7872375249965597
0.5976346568383759 0.7872375249965597
0.60167506087878 0.7872375249965597
0.605715464919184 0.7872375249965597
0.6097558689595881 0.7872375249965597
0.6137962729999922 0.7872375249965597
0.6178366770403962 0.7872375249965597
0.6218770810808002 0.7872375249965597
0.6259174851212043 0.7872375249965597
0.6299578891616083 0.7872375249965597
0.6339982932020123 0.7872375249965597
0.5895538487575679 0.7912779290369638
0.593594252797972 0.7912779290369638
0.5976346568383759 0.7912779290369638
0.60167506087878 0.7912779290369638
0.605715464919184 0.7912779290369638
0.6097558689595881 0.7912779290369638
0.6137962729999922 0.7912779290369638
0.6178366770403962 0.7912779290369638
0.6218770810808002 0.7912779290369638
0.6259174851212043 0.7912779290369638
0.6299578891616083 0.7912779290369638
0.5855134447171639 0.7953183330773679
0.5895538487575679 0.7953183330773679
0.593594252797972 0.7953183330773679
0.5976346568383759 0.7953183330773679
0.60167506087878 0.7953183330773679
0.605715464919184 0.7953183330773679
0.6097558689595881 0.7953183330773679
0.6137962729999922 0.7953183330773679
0.6178366770403962 0.7953183330773679
0.6218770810808002 0.7953183330773679
0.6259174851212043 0.7953183330773679
0.6299578891616083 0.7953183330773679
0.5774326366363558 0.799358737117772
0.5814730406767599 0.799358737117772
0.5855134447171639 0.799358737117772
0.5895538487575679 0.799358737117772
0.593594252797972 0.799358737117772
0.5976346568383759 0.799358737117772
0.60167506087878 0.799358737117772
0.605715464919184 0.799358737117772
0.6097558689595881 0.799358737117772
0.6137962729999922 0.799358737117772
0.6178366770403962 0.799358737117772
0.6218770810808002 0.799358737117772
0.5733922325959517 0.803399141158176
0.5774326366363558 0.803399141158176
0.5814730406767599 0.803399141158176
0.5855134447171639 0.803399141158176
0.5895538487575679 0.803399141158176
0.593594252797972 0.803399141158176
0.5976346568383759 0.803399141158176
0.60167506087878 0.803399141158176
0.605715464919184 0.803399141158176
0.6097558689595881 0.803399141158176
0.6137962729999922 0.803399141158176
0.5653114245151436 0.80743954519858
0.5693518285555477 0.80743954519858
0.5733922325959517 0.80743954519858
0.5774326366363558 0.80743954519858
0.5814730406767599 0.80743954519858
0.5855134447171639 0.80743954519858
0.5895538487575679 0.80743954519858
0.593594252797972 0.80743954519858
0.5976346568383759 0.80743954519858
0.60167506087878 0.80743954519858
0.605715464919184 0.80743954519858
0.6097558689595881 0.80743954519858
0.5612710204747396 0.811479949238984
0.5653114245151436 0.811479949238984
0.5693518285555477 0.811479949238984
0.5733922325959517 0.811479949238984
0.5774326366363558 0.811479949238984
0.5814730406767599 0.811479949238984
0.5855134447171639 0.811479949238984
0.5895538487575679 0.811479949238984
0.593594252797972 0.811479949238984
0.5976346568383759 0.811479949238984
0.60167506087878 0.811479949238984
0.605715464919184 0.811479949238984
0.5531902123939315 0.8155203532793881
0.5572306164343356 0.8155203532793881
0.5612710204747396 0.8155203532793881
0.5653114245151436 0.8155203532793881
0.5693518285555477 0.8155203532793881
0.5733922325959517 0.8155203532793881
0.5774326366363558 0.8155203532793881
0.5814730406767599 0.8155203532793881
0.5855134447171639 0.8155203532793881
0.5895538487575679 0.8155203532793881
0.593594252797972 0.8155203532793881
0.5976346568383759 0.8155203532793881
0.60167506087878 0.8155203532793881
0.5491498083535276 0.819560757319792
0.5531902123939315 0.819560757319792
0.5572306164343356 0.819560757319792
0.5612710204747396 0.819560757319792
0.5653114245151436 0.819560757319792
0.5693518285555477 0.819560757319792
0.5733922325959517 0.819560757319792
0.5774326366363558 0.819560757319792
0.5814730406767599 0.819560757319792
0.5855134447171639 0.819560757319792
0.5895538487575679 0.819560757319792
0.593594252797972 0.819560757319792
0.5410690002727194 0.8236011613601961
0.5451094043131235 0.8236011613601961
0.5491498083535276 0.8236011613601961
0.5531902123939315 0.8236011613601961
0.5572306164343356 0.8236011613601961
0.5612710204747396 0.8236011613601961
0.5653114245151436 0.8236011613601961
0.5693518285555477 0.8236011613601961
0.5733922325959517 0.8236011613601961
0.5774326366363558 0.8236011613601961
0.5814730406767599 0.8236011613601961
0.5855134447171639 0.8236011613601961
0.5895538487575679 0.8236011613601961
0.5370285962323154 0.8276415654006002
0.5410690002727194 0.8276415654006002
0.5451094043131235 0.8276415654006002
0.5491498083535276 0.8276415654006002
0.5531902123939315 0.8276415654006002
0.5572306164343356 0.8276415654006002
0.5612710204747396 0.8276415654006002
0.5653114245151436 0.8276415654006002
0.5693518285555477 0.8276415654006002
0.5733922325959517 0.8276415654006002
0.5774326366363558 0.8276415654006002
0.5814730406767599 0.8276415654006002
0.5855134447171639 0.8276415654006002
0.5289477881515073 0.8316819694410043
0.5329881921919113 0.8316819694410043
0.5370285962323154 0.8316819694410043
0.5410690002727194 0.8316819694410043
0.5451094043131235 0.8316819694410043
0.5491498083535276 0.8316819694410043
0.5531902123939315 0.8316819694410043
0.5572306164343356 0.8316819694410043
0.5612710204747396 0.8316819694410043
0.5653114245151436 0.8316819694410043
0.5693518285555477 0.8316819694410043
0.5733922325959517 0.8316819694410043
0.5774326366363558 0.8316819694410043
0.5208669800706992 0.8357223734814083
0.5249073841111033 0.8357223734814083
0.5289477881515073 0.8357223734814083
0.5329881921919113 0.8357223734814083
0.5370285962323154 0.8357223734814083
0.5410690002727194 0.8357223734814083
0.5451094043131235 0.8357223734814083
0.5491498083535276 0.8357223734814083
0.5531902123939315 0.8357223734814083
0.5572306164343356 0.8357223734814083
0.5612710204747396 0.8357223734814083
0.5653114245151436 0.8357223734814083
0.5693518285555477 0.8357223734814083
0.5168265760302951 0.8397627775218124
0.5208669800706992 0.8397627775218124
0.5249073841111033 0.8397627775218124
0.5289477881515073 0.8397627775218124
0.5329881921919113 0.8397627775218124
0.5370285962323154 0.8397627775218124
0.5410690002727194 0.8397627775218124
0.5451094043131235 0.8397627775218124
0.5491498083535276 0.8397627775218124
0.5531902123939315 0.8397627775218124
0.5572306164343356 0.8397627775218124
0.5612710204747396 0.8397627775218124
0.5087457679494871 0.8438031815622163
0.5127861719898912 0.8438031815622163
0.5168265760302951 0.8438031815622163
0.5208669800706992 0.8438031815622163
0.5249073841111033 0.8438031815622163
0.5289477881515073 0.8438031815622163
0.5329881921919113 0.8438031815622163
0.5370285962323154 0.8438031815622163
0.5410690002727194 0.8438031815622163
0.5451094043131235 0.8438031815622163
0.5491498083535276 0.8438031815622163
0.5531902123939315 0.8438031815622163
0.5572306164343356 0.8438031815622163
0.504705363909083 0.8478435856026204
0.5087457679494871 0.8478435856026204
0.5127861719898912 0.8478435856026204
0.5168265760302951 0.8478435856026204
0.5208669800706992 0.8478435856026204
0.5249073841111033 0.8478435856026204
0.5289477881515073 0.8478435856026204
0.5329881921919113 0.8478435856026204
0.5370285962323154 0.8478435856026204
0.5410690002727194 0.8478435856026204
0.5451094043131235 0.8478435856026204
0.5491498083535276 0.8478435856026204
0.5531902123939315 0.8478435856026204
0.49662455582827497 0.8518839896430245
0.500664959868679 0.8518839896430245
0.504705363909083 0.8518839896430245
0.5087457679494871 0.8518839896430245
0.5127861719898912 0.8518839896430245
0.5168265760302951 0.8518839896430245
0.5208669800706992 0.8518839896430245
0.5249073841111033 0.8518839896430245
0.5289477881515073 0.8518839896430245
0.5329881921919113 0.8518839896430245
0.5370285962323154 0.8518839896430245
0.5410690002727194 0.8518839896430245
0.5451094043131235 0.8518839896430245
0.4885437477474669 0.8559243936834284
0.49258415178787096 0.8559243936834284
0.49662455582827497 0.8559243936834284
0.500664959868679 0.8559243936834284
0.504705363909083 0.8559243936834284
0.5087457679494871 0.8559243936834284
0.5127861719898912 0.8559243936834284
0.5168265760302951 0.8559243936834284
0.5208669800706992 0.8559243936834284
0.5249073841111033 0.8559243936834284
0.5289477881515073 0.8559243936834284
0.5329881921919113 0.8559243936834284
0.5370285962323154 0.8559243936834284
0.5410690002727194 0.8559243936834284
0.4804629396666588 0.8599647977238325
0.48450334370706283 0.8599647977238325
0.4885437477474669 0.8599647977238325
0.49258415178787096 0.8599647977238325
0.49662455582827497 0.8599647977238325
0.500664959868679 0.8599647977238325
0.504705363909083 0.8599647977238325
0.5087457679494871 0.8599647977238325
0.5127861719898912 0.8599647977238325
0.5168265760302951 0.8599647977238325
0.5208669800706992 0.8599647977238325
0.5249073841111033 0.8599647977238325
0.5289477881515073 0.8599647977238325
0.5329881921919113 0.8599647977238325
0.4764225356262548 0.8640052017642366
0.4804629396666588 0.8640052017642366
0.48450334370706283 0.8640052017642366
0.4885437477474669 0.8640052017642366
0.49258415178787096 0.8640052017642366
0.49662455582827497 0.8640052017642366
0.500664959868679 0.8640052017642366
0.504705363909083 0.8640052017642366
0.5087457679494871 0.8640052017642366
0.5127861719898912 0.8640052017642366
0.5168265760302951 0.8640052017642366
0.5208669800706992 0.8640052017642366
0.5249073841111033 0.8640052017642366
0.5289477881515073 0.8640052017642366
0.46430132350504266 0.8680456058046406
0.4683417275454467 0.8680456058046406
0.47238213158585074 0.8680456058046406
0.4764225356262548 0.8680456058046406
0.4804629396666588 0.8680456058046406
0.48450334370706283 0.8680456058046406
0.4885437477474669 0.8680456058046406
0.49258415178787096 0.8680456058046406
0.49662455582827497 0.8680456058046406
0.500664959868679 0.8680456058046406
0.504705363909083 0.8680456058046406
0.5087457679494871 0.8680456058046406
0.5127861719898912 0.8680456058046406
0.5168265760302951 0.8680456058046406
0.5208669800706992 0.8680456058046406
0.4602609194646386 0.8720860098450447
0.46430132350504266 0.8720860098450447
0.4683417275454467 0.8720860098450447
0.47238213158585074 0.8720860098450447
0.4764225356262548 0.8720860098450447
0.4804629396666588 0.8720860098450447
0.48450334370706283 0.8720860098450447
0.4885437477474669 0.8720860098450447
0.49258415178787096 0.8720860098450447
0.49662455582827497 0.8720860098450447
0.500664959868679 0.8720860098450447
0.504705363909083 0.8720860098450447
0.5087457679494871 0.8720860098450447
0.5127861719898912 0.8720860098450447
0.4521801113838305 0.8761264138854487
0.4562205154242346 0.8761264138854487
0.4602609194646386 0.8761264138854487
0.46430132350504266 0.8761264138854487
0.4683417275454467 0.8761264138854487
0.47238213158585074 0.8761264138854487
0.4764225356262548 0.8761264138854487
0.4804629396666588 0.8761264138854487
0.48450334370706283 0.8761264138854487
0.4885437477474669 0.8761264138854487
0.49258415178787096 0.8761264138854487
0.49662455582827497 0.8761264138854487
0.500664959868679 0.8761264138854487
0.504705363909083 0.8761264138854487
0.44409930330302244 0.8801668179258527
0.44813970734342645 0.8801668179258527
0.4521801113838305 0.8801668179258527
0.4562205154242346 0.8801668179258527
0.4602609194646386 0.8801668179258527
0.46430132350504266 0.8801668179258527
0.4683417275454467 0.8801668179258527
0.47238213158585074 0.8801668179258527
0.4764225356262548 0.8801668179258527
0.4804629396666588 0.8801668179258527
0.48450334370706283 0.8801668179258527
0.4885437477474669 0.8801668179258527
0.49258415178787096 0.8801668179258527
0.49662455582827497 0.8801668179258527
0.43601849522221436 0.8842072219662568
0.44005889926261843 0.8842072219662568
0.44409930330302244 0.8842072219662568
0.44813970734342645 0.8842072219662568
0.4521801113838305 0.8842072219662568
0.4562205154242346 0.8842072219662568
0.4602609194646386 0.8842072219662568
0.46430132350504266 0.8842072219662568
0.4683417275454467 0.8842072219662568
0.47238213158585074 0.8842072219662568
0.4764225356262548 0.8842072219662568
0.4804629396666588 0.8842072219662568
0.48450334370706283 0.8842072219662568
0.4885437477474669 0.8842072219662568
0.4279376871414063 0.8882476260066607
0.4319780911818103 0.8882476260066607
0.43601849522221436 0.8882476260066607
0.44005889926261843 0.8882476260066607
0.44409930330302244 0.8882476260066607
0.44813970734342645 0.8882476260066607
0.4521801113838305 0.8882476260066607
0.4562205154242346 0.8882476260066607
0.4602609194646386 0.8882476260066607
0.46430132350504266 0.8882476260066607
0.4683417275454467 0.8882476260066607
0.47238213158585074 0.8882476260066607
0.4764225356262548 0.8882476260066607
0.4804629396666588 0.8882476260066607
0.48450334370706283 0.8882476260066607
0.4198568790605982 0.8922880300470648
0.4238972831010023 0.8922880300470648
0.4279376871414063 0.8922880300470648
0.4319780911818103 0.8922880300470648
0.43601849522221436 0.8922880300470648
0.44005889926261843 0.8922880300470648
0.44409930330302244 0.8922880300470648
0.44813970734342645 0.8922880300470648
0.4521801113838305 0.8922880300470648
0.4562205154242346 0.8922880300470648
0.4602609194646386 0.8922880300470648
0.46430132350504266 0.8922880300470648
0.4683417275454467 0.8922880300470648
0.47238213158585074 0.8922880300470648
0.4764225356262548 0.8922880300470648
0.41177607097979013 0.8963284340874689
0.41581647502019414 0.8963284340874689
0.4198568790605982 0.8963284340874689
0.4238972831010023 0.8963284340874689
0.4279376871414063 0.8963284340874689
0.4319780911818103 0.8963284340874689
0.43601849522221436 0.8963284340874689
0.44005889926261843 0.8963284340874689
0.44409930330302244 0.8963284340874689
0.44813970734342645 0.8963284340874689
0.4521801113838305 0.8963284340874689
0.4562205154242346 0.8963284340874689
0.4602609194646386 0.8963284340874689
0.46430132350504266 0.8963284340874689
0.4683417275454467 0.8963284340874689
0.399654858858578 0.9003688381278729
0.40369526289898205 0.9003688381278729
0.40773566693938607 0.9003688381278729
0.41177607097979013 0.9003688381278729
0.41581647502019414 0.9003688381278729
0.4198568790605982 0.9003688381278729
0.4238972831010023 0.9003688381278729
0.4279376871414063 0.9003688381278729
0.4319780911818103 0.9003688381278729
0.43601849522221436 0.9003688381278729
0.44005889926261843 0.9003688381278729
0.44409930330302244 0.9003688381278729
0.44813970734342645 0.9003688381278729
0.4521801113838305 0.9003688381278729
0.4562205154242346 0.9003688381278729
0.4602609194646386 0.9003688381278729
0.3915740507777699 0.904409242168277
0.395614454818174 0.904409242168277
0.399654858858578 0.904409242168277
0.40369526289898205 0.904409242168277
0.40773566693938607 0.904409242168277
0.41177607097979013 0.904409242168277
0.41581647502019414 0.904409242168277
0.4198568790605982 0.904409242168277
0.4238972831010023 0.904409242168277
0.4279376871414063 0.904409242168277
0.4319780911818103 0.904409242168277
0.43601849522221436 0.904409242168277
0.44005889926261843 0.904409242168277
0.44409930330302244 0.904409242168277
0.44813970734342645 0.904409242168277
0.4521801113838305 0.904409242168277
0.4562205154242346 0.904409242168277
0.38349324269696183 0.9084496462086811
0.3875336467373659 0.9084496462086811
0.3915740507777699 0.9084496462086811
0.395614454818174 0.9084496462086811
0.399654858858578 0.9084496462086811
0.40369526289898205 0.9084496462086811
0.40773566693938607 0.9084496462086811
0.41177607097979013 0.9084496462086811
0.41581647502019414 0.9084496462086811
0.4198568790605982 0.9084496462086811
0.4238972831010023 0.9084496462086811
0.4279376871414063 0.9084496462086811
0.4319780911818103 0.9084496462086811
0.43601849522221436 0.9084496462086811
0.44005889926261843 0.9084496462086811
0.44409930330302244 0.9084496462086811
0.37137203057574975 0.912490050249085
0.37541243461615376 0.912490050249085
0.37945283865655777 0.912490050249085
0.38349324269696183 0.912490050249085
0.3875336467373659 0.912490050249085
0.3915740507777699 0.912490050249085
0.395614454818174 0.912490050249085
0.399654858858578 0.912490050249085
0.40369526289898205 0.912490050249085
0.40773566693938607 0.912490050249085
0.41177607097979013 0.912490050249085
0.41581647502019414 0.912490050249085
0.4198568790605982 0.912490050249085
0.4238972831010023 0.912490050249085
0.4279376871414063 0.912490050249085
0.4319780911818103 0.912490050249085
0.43601849522221436 0.912490050249085
0.3673316265353457 0.9165304542894891
0.37137203057574975 0.9165304542894891
0.37541243461615376 0.9165304542894891
0.37945283865655777 0.9165304542894891
0.38349324269696183 0.9165304542894891
0.3875336467373659 0.9165304542894891
0.3915740507777699 0.9165304542894891
0.395614454818174 0.9165304542894891
0.399654858858578 0.9165304542894891
0.40369526289898205 0.9165304542894891
0.40773566693938607 0.9165304542894891
0.41177607097979013 0.9165304542894891
0.41581647502019414 0.9165304542894891
0.4198568790605982 0.9165304542894891
0.4238972831010023 0.9165304542894891
0.4279376871414063 0.9165304542894891
0.3511700103737295 0.920570858329893
0.3552104144141336 0.920570858329893
0.3592508184545376 0.920570858329893
0.3632912224949416 0.920570858329893
0.3673316265353457 0.920570858329893
0.37137203057574975 0.920570858329893
0.37541243461615376 0.920570858329893
0.37945283865655777 0.920570858329893
0.38349324269696183 0.920570858329893
0.3875336467373659 0.920570858329893
0.3915740507777699 0.920570858329893
0.395614454818174 0.920570858329893
0.399654858858578 0.920570858329893
0.40369526289898205 0.920570858329893
0.40773566693938607 0.920570858329893
0.41177607097979013 0.920570858329893
0.41581647502019414 0.920570858329893
0.4198568790605982 0.920570858329893
0.34308920229292145 0.9246112623702971
0.34712960633332546 0.9246112623702971
0.3511700103737295 0.9246112623702971
0.3552104144141336 0.9246112623702971
0.3592508184545376 0.9246112623702971
0.3632912224949416 0.9246112623702971
0.3673316265353457 0.9246112623702971
0.37137203057574975 0.9246112623702971
0.37541243461615376 0.9246112623702971
0.37945283865655777 0.9246112623702971
0.38349324269696183 0.9246112623702971
0.3875336467373659 0.9246112623702971
0.3915740507777699 0.9246112623702971
0.395614454818174 0.9246112623702971
0.399654858858578 0.9246112623702971
0.40369526289898205 0.9246112623702971
0.40773566693938607 0.9246112623702971
0.3269275861313053 0.9286516664107012
0.3309679901717093 0.9286516664107012
0.33500839421211337 0.9286516664107012
0.3390487982525174 0.9286516664107012
0.34308920229292145 0.9286516664107012
0.34712960633332546 0.9286516664107012
0.3511700103737295 0.9286516664107012
0.3552104144141336 0.9286516664107012
0.3592508184545376 0.9286516664107012
0.3632912224949416 0.9286516664107012
0.3673316265353457 0.9286516664107012
0.37137203057574975 0.9286516664107012
0.37541243461615376 0.9286516664107012
0.37945283865655777 0.9286516664107012
0.38349324269696183 0.9286516664107012
0.3875336467373659 0.9286516664107012
0.3915740507777699 0.9286516664107012
0.395614454818174 0.9286516664107012
0.399654858858578 0.9286516664107012
0.40369526289898205 0.9286516664107012
0.3188467780504972 0.9326920704511052
0.3228871820909012 0.9326920704511052
0.3269275861313053 0.9326920704511052
0.3309679901717093 0.9326920704511052
0.33500839421211337 0.9326920704511052
0.3390487982525174 0.9326920704511052
0.34308920229292145 0.9326920704511052
0.34712960633332546 0.9326920704511052
0.3511700103737295 0.9326920704511052
0.3552104144141336 0.9326920704511052
0.3592508184545376 0.9326920704511052
0.3632912224949416 0.9326920704511052
0.3673316265353457 0.9326920704511052
0.37137203057574975 0.9326920704511052
0.37541243461615376 0.9326920704511052
0.37945283865655777 0.9326920704511052
0.38349324269696183 0.9326920704511052
0.3875336467373659 0.9326920704511052
0.3915740507777699 0.9326920704511052
0.30672556592928507 0.9367324744915093
0.3107659699696891 0.9367324744915093
0.31480637401009315 0.9367324744915093
0.3188467780504972 0.9367324744915093
0.3228871820909012 0.9367324744915093
0.3269275861313053 0.9367324744915093
0.3309679901717093 0.9367324744915093
0.33500839421211337 0.9367324744915093
0.3390487982525174 0.9367324744915093
0.34308920229292145 0.9367324744915093
0.34712960633332546 0.9367324744915093
0.3511700103737295 0.9367324744915093
0.3552104144141336 0.9367324744915093
0.3592508184545376 0.9367324744915093
0.3632912224949416 0.9367324744915093
0.3673316265353457 0.9367324744915093
0.37137203057574975 0.9367324744915093
0.37541243461615376 0.9367324744915093
0.37945283865655777 0.9367324744915093
0.38349324269696183 0.9367324744915093
0.298644757848477 0.9407728785319134
0.30268516188888106 0.9407728785319134
0.30672556592928507 0.9407728785319134
0.3107659699696891 0.9407728785319134
0.31480637401009315 0.9407728785319134
0.3188467780504972 0.9407728785319134
0.3228871820909012 0.9407728785319134
0.3269275861313053 0.9407728785319134
0.3309679901717093 0.9407728785319134
0.33500839421211337 0.9407728785319134
0.3390487982525174 0.9407728785319134
0.34308920229292145 0.9407728785319134
0.34712960633332546 0.9407728785319134
0.3511700103737295 0.9407728785319134
0.3552104144141336 0.9407728785319134
0.3592508184545376 0.9407728785319134
0.3632912224949416 0.9407728785319134
0.3673316265353457 0.9407728785319134
0.37137203057574975 0.9407728785319134
0.298644757848477 0.9448132825723174
0.30268516188888106 0.9448132825723174
0.30672556592928507 0.9448132825723174
0.3107659699696891 0.9448132825723174
0.31480637401009315 0.9448132825723174
0.3188467780504972 0.9448132825723174
0.3228871820909012 0.9448132825723174
0.3269275861313053 0.9448132825723174
0.3309679901717093 0.9448132825723174
0.33500839421211337 0.9448132825723174
0.3390487982525174 0.9448132825723174
0.34308920229292145 0.9448132825723174
0.34712960633332546 0.9448132825723174
0.3511700103737295 0.9448132825723174
0.3552104144141336 0.9448132825723174
0.3592508184545376 0.9448132825723174
0.298644757848477 0.9488536866127214
0.30268516188888106 0.9488536866127214
0.30672556592928507 0.9488536866127214
0.3107659699696891 0.9488536866127214
0.31480637401009315 0.9488536866127214
0.3188467780504972 0.9488536866127214
0.3228871820909012 0.9488536866127214
0.3269275861313053 0.9488536866127214
0.3309679901717093 0.9488536866127214
0.33500839421211337 0.9488536866127214
0.3390487982525174 0.9488536866127214
0.34308920229292145 0.9488536866127214
0.34712960633332546 0.9488536866127214
0.3511700103737295 0.9488536866127214
0.298644757848477 0.9528940906531255
0.30268516188888106 0.9528940906531255
0.30672556592928507 0.9528940906531255
0.3107659699696891 0.9528940906531255
0.31480637401009315 0.9528940906531255
0.3188467780504972 0.9528940906531255
0.3228871820909012 0.9528940906531255
0.3269275861313053 0.9528940906531255
0.3309679901717093 0.9528940906531255
0.33500839421211337 0.9528940906531255
0.3390487982525174 0.9528940906531255
0.34308920229292145 0.9528940906531255
0.298644757848477 0.9569344946935294
0.30268516188888106 0.9569344946935294
0.30672556592928507 0.9569344946935294
0.3107659699696891 0.9569344946935294
0.31480637401009315 0.9569344946935294
0.3188467780504972 0.9569344946935294
0.3228871820909012 0.9569344946935294
0.3269275861313053 0.9569344946935294
0.3309679901717093 0.9569344946935294
0.298644757848477 0.9609748987339335
0.30268516188888106 0.9609748987339335
0.30672556592928507 0.9609748987339335
0.3107659699696891 0.9609748987339335
0.31480637401009315 0.9609748987339335
0.3188467780504972 0.9609748987339335
0.298644757848477 0.9650153027743376
0.30268516188888106 0.9650153027743376
0.30672556592928507 0.9650153027743376
