# x y
0.6999758507120923 0.7145102522692871
0.6959354466716883 0.7185506563096911
0.6918950426312843 0.7225910603500951
0.6878546385908803 0.7266314643904992
0.6838142345504762 0.7306718684309033
0.6757334264696682 0.7347122724713073
0.6797738305100722 0.7347122724713073
0.6716930224292641 0.7387526765117113
0.6757334264696682 0.7387526765117113
0.66765261838886 0.7427930805521153
0.6716930224292641 0.7427930805521153
0.663612214348456 0.7468334845925194
0.66765261838886 0.7468334845925194
0.6595718103080519 0.7508738886329235
0.6555314062676479 0.7549142926733274
0.6514910022272439 0.7589546967137315
0.6434101941464359 0.7629951007541356
0.6474505981868399 0.7629951007541356
0.6393697901060318 0.7670355047945396
0.6434101941464359 0.7670355047945396
0.6353293860656277 0.7710759088349436
0.6393697901060318 0.7710759088349436
0.6312889820252237 0.7751163128753477
0.6272485779848196 0.7791567169157517
0.6191677699040116 0.7831971209561558
0.6232081739444155 0.7831971209561558
0.6151273658636075 0.7872375249965597
0.6191677699040116 0.7872375249965597
0.6110869618232035 0.7912779290369638
0.6030061537423954 0.7953183330773679
0.6070465577827995 0.7953183330773679
0.5989657497019913 0.799358737117772
0.6030061537423954 0.799358737117772
0.5949253456615873 0.803399141158176
0.5868445375807793 0.80743954519858
0.5908849416211832 0.80743954519858
0.5828041335403752 0.811479949238984
0.5868445375807793 0.811479949238984
0.5787637294999712 0.8155203532793881
0.5706829214191631 0.819560757319792
0.5747233254595672 0.819560757319792
0.566642517378759 0.8236011613601961
0.5706829214191631 0.8236011613601961
0.5585617092979509 0.8276415654006002
0.562602113338355 0.8276415654006002
0.5545213052575468 0.8316819694410043
0.5585617092979509 0.8316819694410043
0.5464404971767388 0.8357223734814083
0.5504809012171429 0.8357223734814083
0.5424000931363349 0.8397627775218124
0.5464404971767388 0.8397627775218124
0.5343192850555267 0.8438031815622163
0.5383596890959308 0.8438031815622163
0.5302788810151227 0.8478435856026204
0.5221980729343145 0.8518839896430245
0.5262384769747186 0.8518839896430245
0.5141172648535065 0.8559243936834284
0.5181576688939106 0.8559243936834284
0.5100768608131024 0.8599647977238325
0.5141172648535065 0.8599647977238325
0.5019960527322944 0.8640052017642366
0.5060364567726985 0.8640052017642366
0.4939152446514863 0.8680456058046406
0.49795564869189035 0.8680456058046406
0.48583443657067826 0.8720860098450447
0.4898748406110823 0.8720860098450447
0.4817940325302742 0.8761264138854487
0.48583443657067826 0.8761264138854487
0.4737132244494661 0.8801668179258527
0.47775362848987013 0.8801668179258527
0.46563241636865804 0.8842072219662568
0.4696728204090621 0.8842072219662568
0.4575516082878499 0.8882476260066607
0.461592012328254 0.8882476260066607
0.4494708002070419 0.8922880300470648
0.4535112042474459 0.8922880300470648
0.44138999212623375 0.8963284340874689
0.4454303961666378 0.8963284340874689
0.43330918404542573 0.9003688381278729
0.43734958808582974 0.9003688381278729
0.4252283759646176 0.904409242168277
0.42926878000502167 0.904409242168277
0.4171475678838096 0.9084496462086811
0.4211879719242136 0.9084496462086811
0.40502635576259743 0.912490050249085
0.40906675980300145 0.912490050249085
0.4131071638434055 0.912490050249085
0.39694554768178936 0.9165304542894891
0.40098595172219337 0.9165304542894891
0.3888647396009813 0.920570858329893
0.3929051436413853 0.920570858329893
0.37674352747976914 0.9246112623702971
0.3807839315201732 0.9246112623702971
0.3848243355605772 0.9246112623702971
0.36866271939896106 0.9286516664107012
0.37270312343936507 0.9286516664107012
0.3565415072777489 0.9326920704511052
0.360581911318153 0.9326920704511052
0.36462231535855705 0.9326920704511052
0.3444202951565368 0.9367324744915093
0.3484606991969409 0.9367324744915093
0.3525011032373449 0.9367324744915093
0.33633948707572875 0.9407728785319134
0.34037989111613276 0.9407728785319134
0.3444202951565368 0.9407728785319134
0.3242182749545166 0.9448132825723174
0.32825867899492067 0.9448132825723174
0.3322990830353247 0.9448132825723174
0.3120970628333045 0.9488536866127214
0.31613746687370853 0.9488536866127214
0.32017787091411254 0.9488536866127214
0.2999758507120924 0.9528940906531255
0.3040162547524964 0.9528940906531255
0.30805665879290045 0.9528940906531255
