# x y
0.6595718103080519 0.7791567169157517
0.5989657497019913 0.8155203532793881
0.5747233254595672 0.8276415654006002
0.562602113338355 0.8357223734814083
0.5181576688939106 0.8640052017642366
0.5221980729343145 0.8680456058046406
0.5019960527322944 0.8801668179258527
0.46563241636865804 0.9003688381278729
0.40098595172219337 0.9246112623702971
0.3888647396009813 0.9286516664107012
0.37270312343936507 0.9367324744915093
0.3929051436413853 0.9488536866127214
0.3484606991969409 0.9528940906531255
0.36462231535855705 0.9609748987339335
0.31613746687370853 0.9650153027743376
0.3040162547524964 0.9690557068147416
0.3322990830353247 0.9730961108551457
