# x y
0.6974093409250608 0.6943082320672669
0.6974093409250608 0.698348636107671
0.6933689368846567 0.702389040148075
0.6974093409250608 0.702389040148075
0.6852881288038486 0.706429444188479
0.6893285328442527 0.706429444188479
0.6933689368846567 0.706429444188479
0.6974093409250608 0.706429444188479
0.6812477247634445 0.710469848228883
0.6852881288038486 0.710469848228883
0.6893285328442527 0.710469848228883
0.6933689368846567 0.710469848228883
0.6974093409250608 0.710469848228883
0.6691265126422326 0.7145102522692871
0.6731669166826365 0.7145102522692871
0.6772073207230406 0.7145102522692871
0.6812477247634445 0.7145102522692871
0.6852881288038486 0.7145102522692871
0.6893285328442527 0.7145102522692871
0.6933689368846567 0.7145102522692871
0.6974093409250608 0.7145102522692871
0.6731669166826365 0.7185506563096911
0.6772073207230406 0.7185506563096911
0.6812477247634445 0.7185506563096911
0.6852881288038486 0.7185506563096911
0.6893285328442527 0.7185506563096911
0.6933689368846567 0.7185506563096911
0.6974093409250608 0.7185506563096911
0.6691265126422326 0.7225910603500951
0.6731669166826365 0.7225910603500951
0.6772073207230406 0.7225910603500951
0.6812477247634445 0.7225910603500951
0.6852881288038486 0.7225910603500951
0.6893285328442527 0.7225910603500951
0.6933689368846567 0.7225910603500951
0.6974093409250608 0.7225910603500951
0.6650861086018285 0.7266314643904992
0.6691265126422326 0.7266314643904992
0.6731669166826365 0.7266314643904992
0.6772073207230406 0.7266314643904992
0.6812477247634445 0.7266314643904992
0.6852881288038486 0.7266314643904992
0.6893285328442527 0.7266314643904992
0.6933689368846567 0.7266314643904992
0.6974093409250608 0.7266314643904992
0.6610457045614244 0.7306718684309033
0.6650861086018285 0.7306718684309033
0.6691265126422326 0.7306718684309033
0.6731669166826365 0.7306718684309033
0.6772073207230406 0.7306718684309033
0.6812477247634445 0.7306718684309033
0.6852881288038486 0.7306718684309033
0.6893285328442527 0.7306718684309033
0.6933689368846567 0.7306718684309033
0.6974093409250608 0.7306718684309033
0.6489244924402122 0.7347122724713073
0.6570053005210204 0.7347122724713073
0.6610457045614244 0.7347122724713073
0.6650861086018285 0.7347122724713073
0.6691265126422326 0.7347122724713073
0.6731669166826365 0.7347122724713073
0.6772073207230406 0.7347122724713073
0.6812477247634445 0.7347122724713073
0.6852881288038486 0.7347122724713073
0.6893285328442527 0.7347122724713073
0.6933689368846567 0.7347122724713073
0.6529648964806163 0.7387526765117113
0.6570053005210204 0.7387526765117113
0.6610457045614244 0.7387526765117113
0.6650861086018285 0.7387526765117113
0.6691265126422326 0.7387526765117113
0.6731669166826365 0.7387526765117113
0.6772073207230406 0.7387526765117113
0.6812477247634445 0.7387526765117113
0.6852881288038486 0.7387526765117113
0.6893285328442527 0.7387526765117113
0.6933689368846567 0.7387526765117113
0.6489244924402122 0.7427930805521153
0.6529648964806163 0.7427930805521153
0.6570053005210204 0.7427930805521153
0.6610457045614244 0.7427930805521153
0.6650861086018285 0.7427930805521153
0.6691265126422326 0.7427930805521153
0.6731669166826365 0.7427930805521153
0.6772073207230406 0.7427930805521153
0.6812477247634445 0.7427930805521153
0.6852881288038486 0.7427930805521153
0.6408436843594042 0.7468334845925194
0.6448840883998083 0.7468334845925194
0.6489244924402122 0.7468334845925194
0.6529648964806163 0.7468334845925194
0.6570053005210204 0.7468334845925194
0.6610457045614244 0.7468334845925194
0.6650861086018285 0.7468334845925194
0.6691265126422326 0.7468334845925194
0.6731669166826365 0.7468334845925194
0.6772073207230406 0.7468334845925194
0.6812477247634445 0.7468334845925194
0.6368032803190002 0.7508738886329235
0.6408436843594042 0.7508738886329235
0.6448840883998083 0.7508738886329235
0.6489244924402122 0.7508738886329235
0.6529648964806163 0.7508738886329235
0.6570053005210204 0.7508738886329235
0.6610457045614244 0.7508738886329235
0.6650861086018285 0.7508738886329235
0.6691265126422326 0.7508738886329235
0.6731669166826365 0.7508738886329235
0.6772073207230406 0.7508738886329235
0.624682068197788 0.7549142926733274
0.6327628762785962 0.7549142926733274
0.6368032803190002 0.7549142926733274
0.6408436843594042 0.7549142926733274
0.6448840883998083 0.7549142926733274
0.6489244924402122 0.7549142926733274
0.6529648964806163 0.7549142926733274
0.6570053005210204 0.7549142926733274
0.6610457045614244 0.7549142926733274
0.6650861086018285 0.7549142926733274
0.6691265126422326 0.7549142926733274
0.6731669166826365 0.7549142926733274
0.6772073207230406 0.7549142926733274
0.624682068197788 0.7589546967137315
0.6287224722381921 0.7589546967137315
0.6327628762785962 0.7589546967137315
0.6368032803190002 0.7589546967137315
0.6408436843594042 0.7589546967137315
0.6448840883998083 0.7589546967137315
0.6489244924402122 0.7589546967137315
0.6529648964806163 0.7589546967137315
0.6570053005210204 0.7589546967137315
0.6610457045614244 0.7589546967137315
0.6650861086018285 0.7589546967137315
0.6691265126422326 0.7589546967137315
0.620641664157384 0.7629951007541356
0.624682068197788 0.7629951007541356
0.6287224722381921 0.7629951007541356
0.6327628762785962 0.7629951007541356
0.6368032803190002 0.7629951007541356
0.6408436843594042 0.7629951007541356
0.6448840883998083 0.7629951007541356
0.6489244924402122 0.7629951007541356
0.6529648964806163 0.7629951007541356
0.6570053005210204 0.7629951007541356
0.6610457045614244 0.7629951007541356
0.6650861086018285 0.7629951007541356
0.6166012601169799 0.7670355047945396
0.620641664157384 0.7670355047945396
0.624682068197788 0.7670355047945396
0.6287224722381921 0.7670355047945396
0.6327628762785962 0.7670355047945396
0.6368032803190002 0.7670355047945396
0.6408436843594042 0.7670355047945396
0.6448840883998083 0.7670355047945396
0.6489244924402122 0.7670355047945396
0.6529648964806163 0.7670355047945396
0.6570053005210204 0.7670355047945396
0.6610457045614244 0.7670355047945396
0.6125608560765758 0.7710759088349436
0.6166012601169799 0.7710759088349436
0.620641664157384 0.7710759088349436
0.624682068197788 0.7710759088349436
0.6287224722381921 0.7710759088349436
0.6327628762785962 0.7710759088349436
0.6368032803190002 0.7710759088349436
0.6408436843594042 0.7710759088349436
0.6448840883998083 0.7710759088349436
0.6489244924402122 0.7710759088349436
0.6529648964806163 0.7710759088349436
0.6570053005210204 0.7710759088349436
0.6044800479957678 0.7751163128753477
0.6085204520361719 0.7751163128753477
0.6125608560765758 0.7751163128753477
0.6166012601169799 0.7751163128753477
0.620641664157384 0.7751163128753477
0.624682068197788 0.7751163128753477
0.6287224722381921 0.7751163128753477
0.6327628762785962 0.7751163128753477
0.6368032803190002 0.7751163128753477
0.6408436843594042 0.7751163128753477
0.6448840883998083 0.7751163128753477
0.6489244924402122 0.7751163128753477
0.6004396439553639 0.7791567169157517
0.6044800479957678 0.7791567169157517
0.6085204520361719 0.7791567169157517
0.6125608560765758 0.7791567169157517
0.6166012601169799 0.7791567169157517
0.620641664157384 0.7791567169157517
0.624682068197788 0.7791567169157517
0.6287224722381921 0.7791567169157517
0.6327628762785962 0.7791567169157517
0.6368032803190002 0.7791567169157517
0.6408436843594042 0.7791567169157517
0.6448840883998083 0.7791567169157517
0.5923588358745557 0.7831971209561558
0.5963992399149598 0.7831971209561558
0.6004396439553639 0.7831971209561558
0.6044800479957678 0.7831971209561558
0.6085204520361719 0.7831971209561558
0.6125608560765758 0.7831971209561558
0.6166012601169799 0.7831971209561558
0.620641664157384 0.7831971209561558
0.624682068197788 0.7831971209561558
0.6287224722381921 0.7831971209561558
0.6327628762785962 0.7831971209561558
0.6368032803190002 0.7831971209561558
0.6408436843594042 0.7831971209561558
0.5923588358745557 0.7872375249965597
0.5963992399149598 0.7872375249965597
0.6004396439553639 0.7872375249965597
0.6044800479957678 0.7872375249965597
0.6085204520361719 0.7872375249965597
0.6125608560765758 0.7872375249965597
0.6166012601169799 0.7872375249965597
0.620641664157384 0.7872375249965597
0.624682068197788 0.7872375249965597
0.6287224722381921 0.7872375249965597
0.6327628762785962 0.7872375249965597
0.6368032803190002 0.7872375249965597
0.5802376237533435 0.7912779290369638
0.5842780277937476 0.7912779290369638
0.5883184318341517 0.7912779290369638
0.5923588358745557 0.7912779290369638
0.5963992399149598 0.7912779290369638
0.6004396439553639 0.7912779290369638
0.6044800479957678 0.7912779290369638
0.6085204520361719 0.7912779290369638
0.6125608560765758 0.7912779290369638
0.6166012601169799 0.7912779290369638
0.620641664157384 0.7912779290369638
0.624682068197788 0.7912779290369638
0.6287224722381921 0.7912779290369638
0.6327628762785962 0.7912779290369638
0.5802376237533435 0.7953183330773679
0.5842780277937476 0.7953183330773679
0.5883184318341517 0.7953183330773679
0.5923588358745557 0.7953183330773679
0.5963992399149598 0.7953183330773679
0.6004396439553639 0.7953183330773679
0.6044800479957678 0.7953183330773679
0.6085204520361719 0.7953183330773679
0.6125608560765758 0.7953183330773679
0.6166012601169799 0.7953183330773679
0.620641664157384 0.7953183330773679
0.624682068197788 0.7953183330773679
0.6287224722381921 0.7953183330773679
0.5721568156725355 0.799358737117772
0.5761972197129396 0.799358737117772
0.5802376237533435 0.799358737117772
0.5842780277937476 0.799358737117772
0.5883184318341517 0.799358737117772
0.5923588358745557 0.799358737117772
0.5963992399149598 0.799358737117772
0.6004396439553639 0.799358737117772
0.6044800479957678 0.799358737117772
0.6085204520361719 0.799358737117772
0.6125608560765758 0.799358737117772
0.6166012601169799 0.799358737117772
0.620641664157384 0.799358737117772
0.5681164116321316 0.803399141158176
0.5721568156725355 0.803399141158176
0.5761972197129396 0.803399141158176
0.5802376237533435 0.803399141158176
0.5842780277937476 0.803399141158176
0.5883184318341517 0.803399141158176
0.5923588358745557 0.803399141158176
0.5963992399149598 0.803399141158176
0.6004396439553639 0.803399141158176
0.6044800479957678 0.803399141158176
0.6085204520361719 0.803399141158176
0.6125608560765758 0.803399141158176
0.6166012601169799 0.803399141158176
0.5640760075917275 0.80743954519858
0.5681164116321316 0.80743954519858
0.5721568156725355 0.80743954519858
0.5761972197129396 0.80743954519858
0.5802376237533435 0.80743954519858
0.5842780277937476 0.80743954519858
0.5883184318341517 0.80743954519858
0.5923588358745557 0.80743954519858
0.5963992399149598 0.80743954519858
0.6004396439553639 0.80743954519858
0.6044800479957678 0.80743954519858
0.6085204520361719 0.80743954519858
0.6125608560765758 0.80743954519858
0.5559951995109194 0.811479949238984
0.5600356035513234 0.811479949238984
0.5640760075917275 0.811479949238984
0.5681164116321316 0.811479949238984
0.5721568156725355 0.811479949238984
0.5761972197129396 0.811479949238984
0.5802376237533435 0.811479949238984
0.5842780277937476 0.811479949238984
0.5883184318341517 0.811479949238984
0.5923588358745557 0.811479949238984
0.5963992399149598 0.811479949238984
0.6004396439553639 0.811479949238984
0.6044800479957678 0.811479949238984
0.5438739873897073 0.8155203532793881
0.5519547954705153 0.8155203532793881
0.5559951995109194 0.8155203532793881
0.5600356035513234 0.8155203532793881
0.5640760075917275 0.8155203532793881
0.5681164116321316 0.8155203532793881
0.5721568156725355 0.8155203532793881
0.5761972197129396 0.8155203532793881
0.5802376237533435 0.8155203532793881
0.5842780277937476 0.8155203532793881
0.5883184318341517 0.8155203532793881
0.5923588358745557 0.8155203532793881
0.5963992399149598 0.8155203532793881
0.6004396439553639 0.8155203532793881
0.5357931793088991 0.819560757319792
0.5438739873897073 0.819560757319792
0.5479143914301112 0.819560757319792
0.5519547954705153 0.819560757319792
0.5559951995109194 0.819560757319792
0.5600356035513234 0.819560757319792
0.5640760075917275 0.819560757319792
0.5681164116321316 0.819560757319792
0.5721568156725355 0.819560757319792
0.5761972197129396 0.819560757319792
0.5802376237533435 0.819560757319792
0.5842780277937476 0.819560757319792
0.5883184318341517 0.819560757319792
0.5923588358745557 0.819560757319792
0.5963992399149598 0.819560757319792
0.5277123712280911 0.8236011613601961
0.5357931793088991 0.8236011613601961
0.5398335833493032 0.8236011613601961
0.5438739873897073 0.8236011613601961
0.5479143914301112 0.8236011613601961
0.5519547954705153 0.8236011613601961
0.5559951995109194 0.8236011613601961
0.5600356035513234 0.8236011613601961
0.5640760075917275 0.8236011613601961
0.5681164116321316 0.8236011613601961
0.5721568156725355 0.8236011613601961
0.5761972197129396 0.8236011613601961
0.5802376237533435 0.8236011613601961
0.5842780277937476 0.8236011613601961
0.5883184318341517 0.8236011613601961
0.5317527752684952 0.8276415654006002
0.5357931793088991 0.8276415654006002
0.5398335833493032 0.8276415654006002
0.5438739873897073 0.8276415654006002
0.5479143914301112 0.8276415654006002
0.5519547954705153 0.8276415654006002
0.5559951995109194 0.8276415654006002
0.5600356035513234 0.8276415654006002
0.5640760075917275 0.8276415654006002
0.5681164116321316 0.8276415654006002
0.5721568156725355 0.8276415654006002
0.5761972197129396 0.8276415654006002
0.5802376237533435 0.8276415654006002
0.5842780277937476 0.8276415654006002
0.523671967187687 0.8316819694410043
0.5277123712280911 0.8316819694410043
0.5317527752684952 0.8316819694410043
0.5357931793088991 0.8316819694410043
0.5398335833493032 0.8316819694410043
0.5438739873897073 0.8316819694410043
0.5479143914301112 0.8316819694410043
0.5519547954705153 0.8316819694410043
0.5559951995109194 0.8316819694410043
0.5600356035513234 0.8316819694410043
0.5640760075917275 0.8316819694410043
0.5681164116321316 0.8316819694410043
0.5721568156725355 0.8316819694410043
0.5761972197129396 0.8316819694410043
0.5802376237533435 0.8316819694410043
0.519631563147283 0.8357223734814083
0.523671967187687 0.8357223734814083
0.5277123712280911 0.8357223734814083
0.5317527752684952 0.8357223734814083
0.5357931793088991 0.8357223734814083
0.5398335833493032 0.8357223734814083
0.5438739873897073 0.8357223734814083
0.5479143914301112 0.8357223734814083
0.5519547954705153 0.8357223734814083
0.5559951995109194 0.8357223734814083
0.5600356035513234 0.8357223734814083
0.5640760075917275 0.8357223734814083
0.5681164116321316 0.8357223734814083
0.5721568156725355 0.8357223734814083
0.5115507550664748 0.8397627775218124
0.5155911591068789 0.8397627775218124
0.519631563147283 0.8397627775218124
0.523671967187687 0.8397627775218124
0.5277123712280911 0.8397627775218124
0.5317527752684952 0.8397627775218124
0.5357931793088991 0.8397627775218124
0.5398335833493032 0.8397627775218124
0.5438739873897073 0.8397627775218124
0.5479143914301112 0.8397627775218124
0.5519547954705153 0.8397627775218124
0.5559951995109194 0.8397627775218124
0.5600356035513234 0.8397627775218124
0.5640760075917275 0.8397627775218124
0.5681164116321316 0.8397627775218124
0.5034699469856668 0.8438031815622163
0.5075103510260709 0.8438031815622163
0.5115507550664748 0.8438031815622163
0.5155911591068789 0.8438031815622163
0.519631563147283 0.8438031815622163
0.523671967187687 0.8438031815622163
0.5277123712280911 0.8438031815622163
0.5317527752684952 0.8438031815622163
0.5357931793088991 0.8438031815622163
0.5398335833493032 0.8438031815622163
0.5438739873897073 0.8438031815622163
0.5479143914301112 0.8438031815622163
0.5519547954705153 0.8438031815622163
0.5559951995109194 0.8438031815622163
0.5600356035513234 0.8438031815622163
0.49538913890485875 0.8478435856026204
0.49942954294526276 0.8478435856026204
0.5034699469856668 0.8478435856026204
0.5075103510260709 0.8478435856026204
0.5115507550664748 0.8478435856026204
0.5155911591068789 0.8478435856026204
0.519631563147283 0.8478435856026204
0.523671967187687 0.8478435856026204
0.5277123712280911 0.8478435856026204
0.5317527752684952 0.8478435856026204
0.5357931793088991 0.8478435856026204
0.5398335833493032 0.8478435856026204
0.5438739873897073 0.8478435856026204
0.5479143914301112 0.8478435856026204
0.5519547954705153 0.8478435856026204
0.5559951995109194 0.8478435856026204
0.4873083308240507 0.8518839896430245
0.49538913890485875 0.8518839896430245
0.49942954294526276 0.8518839896430245
0.5034699469856668 0.8518839896430245
0.5075103510260709 0.8518839896430245
0.5115507550664748 0.8518839896430245
0.5155911591068789 0.8518839896430245
0.519631563147283 0.8518839896430245
0.523671967187687 0.8518839896430245
0.5277123712280911 0.8518839896430245
0.5317527752684952 0.8518839896430245
0.5357931793088991 0.8518839896430245
0.5398335833493032 0.8518839896430245
0.5438739873897073 0.8518839896430245
0.5479143914301112 0.8518839896430245
0.4832679267836466 0.8559243936834284
0.4873083308240507 0.8559243936834284
0.49134873486445474 0.8559243936834284
0.49538913890485875 0.8559243936834284
0.49942954294526276 0.8559243936834284
0.5034699469856668 0.8559243936834284
0.5075103510260709 0.8559243936834284
0.5115507550664748 0.8559243936834284
0.5155911591068789 0.8559243936834284
0.519631563147283 0.8559243936834284
0.523671967187687 0.8559243936834284
0.5277123712280911 0.8559243936834284
0.5317527752684952 0.8559243936834284
0.5357931793088991 0.8559243936834284
0.5398335833493032 0.8559243936834284
0.5438739873897073 0.8559243936834284
0.4751871187028386 0.8599647977238325
0.4792275227432426 0.8599647977238325
0.4832679267836466 0.8599647977238325
0.4873083308240507 0.8599647977238325
0.49134873486445474 0.8599647977238325
0.49538913890485875 0.8599647977238325
0.49942954294526276 0.8599647977238325
0.5034699469856668 0.8599647977238325
0.5075103510260709 0.8599647977238325
0.5115507550664748 0.8599647977238325
0.5155911591068789 0.8599647977238325
0.519631563147283 0.8599647977238325
0.523671967187687 0.8599647977238325
0.5277123712280911 0.8599647977238325
0.5317527752684952 0.8599647977238325
0.5357931793088991 0.8599647977238325
0.46306590658162644 0.8640052017642366
0.46710631062203045 0.8640052017642366
0.4711467146624345 0.8640052017642366
0.4751871187028386 0.8640052017642366
0.4792275227432426 0.8640052017642366
0.4832679267836466 0.8640052017642366
0.4873083308240507 0.8640052017642366
0.49134873486445474 0.8640052017642366
0.49538913890485875 0.8640052017642366
0.49942954294526276 0.8640052017642366
0.5034699469856668 0.8640052017642366
0.5075103510260709 0.8640052017642366
0.5115507550664748 0.8640052017642366
0.5155911591068789 0.8640052017642366
0.519631563147283 0.8640052017642366
0.523671967187687 0.8640052017642366
0.5277123712280911 0.8640052017642366
0.4590255025412224 0.8680456058046406
0.46710631062203045 0.8680456058046406
0.4711467146624345 0.8680456058046406
0.4751871187028386 0.8680456058046406
0.4792275227432426 0.8680456058046406
0.4832679267836466 0.8680456058046406
0.4873083308240507 0.8680456058046406
0.49134873486445474 0.8680456058046406
0.49538913890485875 0.8680456058046406
0.49942954294526276 0.8680456058046406
0.5034699469856668 0.8680456058046406
0.5075103510260709 0.8680456058046406
0.5115507550664748 0.8680456058046406
0.5155911591068789 0.8680456058046406
0.519631563147283 0.8680456058046406
0.523671967187687 0.8680456058046406
0.45498509850081836 0.8720860098450447
0.4590255025412224 0.8720860098450447
0.46306590658162644 0.8720860098450447
0.46710631062203045 0.8720860098450447
0.4711467146624345 0.8720860098450447
0.4751871187028386 0.8720860098450447
0.4792275227432426 0.8720860098450447
0.4832679267836466 0.8720860098450447
0.4873083308240507 0.8720860098450447
0.49134873486445474 0.8720860098450447
0.49538913890485875 0.8720860098450447
0.49942954294526276 0.8720860098450447
0.5034699469856668 0.8720860098450447
0.5075103510260709 0.8720860098450447
0.5115507550664748 0.8720860098450447
0.5155911591068789 0.8720860098450447
0.4428638863796062 0.8761264138854487
0.4509446944604143 0.8761264138854487
0.45498509850081836 0.8761264138854487
0.4590255025412224 0.8761264138854487
0.46306590658162644 0.8761264138854487
0.46710631062203045 0.8761264138854487
0.4711467146624345 0.8761264138854487
0.4751871187028386 0.8761264138854487
0.4792275227432426 0.8761264138854487
0.4832679267836466 0.8761264138854487
0.4873083308240507 0.8761264138854487
0.49134873486445474 0.8761264138854487
0.49538913890485875 0.8761264138854487
0.49942954294526276 0.8761264138854487
0.5034699469856668 0.8761264138854487
0.5075103510260709 0.8761264138854487
0.4428638863796062 0.8801668179258527
0.44690429042001023 0.8801668179258527
0.4509446944604143 0.8801668179258527
0.45498509850081836 0.8801668179258527
0.4590255025412224 0.8801668179258527
0.46306590658162644 0.8801668179258527
0.46710631062203045 0.8801668179258527
0.4711467146624345 0.8801668179258527
0.4751871187028386 0.8801668179258527
0.4792275227432426 0.8801668179258527
0.4832679267836466 0.8801668179258527
0.4873083308240507 0.8801668179258527
0.49134873486445474 0.8801668179258527
0.49538913890485875 0.8801668179258527
0.49942954294526276 0.8801668179258527
0.5034699469856668 0.8801668179258527
0.42670227021799007 0.8842072219662568
0.43478307829879814 0.8842072219662568
0.4388234823392022 0.8842072219662568
0.4428638863796062 0.8842072219662568
0.44690429042001023 0.8842072219662568
0.4509446944604143 0.8842072219662568
0.45498509850081836 0.8842072219662568
0.4590255025412224 0.8842072219662568
0.46306590658162644 0.8842072219662568
0.46710631062203045 0.8842072219662568
0.4711467146624345 0.8842072219662568
0.4751871187028386 0.8842072219662568
0.4792275227432426 0.8842072219662568
0.4832679267836466 0.8842072219662568
0.4873083308240507 0.8842072219662568
0.49134873486445474 0.8842072219662568
0.4105406540563739 0.8882476260066607
0.418621462137182 0.8882476260066607
0.42670227021799007 0.8882476260066607
0.4307426742583941 0.8882476260066607
0.43478307829879814 0.8882476260066607
0.4388234823392022 0.8882476260066607
0.4428638863796062 0.8882476260066607
0.44690429042001023 0.8882476260066607
0.4509446944604143 0.8882476260066607
0.45498509850081836 0.8882476260066607
0.4590255025412224 0.8882476260066607
0.46306590658162644 0.8882476260066607
0.46710631062203045 0.8882476260066607
0.4711467146624345 0.8882476260066607
0.4751871187028386 0.8882476260066607
0.4792275227432426 0.8882476260066607
0.4832679267836466 0.8882476260066607
0.4873083308240507 0.8882476260066607
0.4105406540563739 0.8922880300470648
0.418621462137182 0.8922880300470648
0.42266186617758605 0.8922880300470648
0.42670227021799007 0.8922880300470648
0.4307426742583941 0.8922880300470648
0.43478307829879814 0.8922880300470648
0.4388234823392022 0.8922880300470648
0.4428638863796062 0.8922880300470648
0.44690429042001023 0.8922880300470648
0.4509446944604143 0.8922880300470648
0.45498509850081836 0.8922880300470648
0.4590255025412224 0.8922880300470648
0.46306590658162644 0.8922880300470648
0.46710631062203045 0.8922880300470648
0.4711467146624345 0.8922880300470648
0.4751871187028386 0.8922880300470648
0.4792275227432426 0.8922880300470648
0.4873083308240507 0.8922880300470648
0.40650025001596984 0.8963284340874689
0.4105406540563739 0.8963284340874689
0.4145810580967779 0.8963284340874689
0.418621462137182 0.8963284340874689
0.42266186617758605 0.8963284340874689
0.42670227021799007 0.8963284340874689
0.4307426742583941 0.8963284340874689
0.43478307829879814 0.8963284340874689
0.4388234823392022 0.8963284340874689
0.4428638863796062 0.8963284340874689
0.44690429042001023 0.8963284340874689
0.4509446944604143 0.8963284340874689
0.45498509850081836 0.8963284340874689
0.4590255025412224 0.8963284340874689
0.46306590658162644 0.8963284340874689
0.46710631062203045 0.8963284340874689
0.4711467146624345 0.8963284340874689
0.39841944193516177 0.9003688381278729
0.40245984597556583 0.9003688381278729
0.40650025001596984 0.9003688381278729
0.4105406540563739 0.9003688381278729
0.4145810580967779 0.9003688381278729
0.418621462137182 0.9003688381278729
0.42266186617758605 0.9003688381278729
0.42670227021799007 0.9003688381278729
0.4307426742583941 0.9003688381278729
0.43478307829879814 0.9003688381278729
0.4388234823392022 0.9003688381278729
0.4428638863796062 0.9003688381278729
0.44690429042001023 0.9003688381278729
0.4509446944604143 0.9003688381278729
0.45498509850081836 0.9003688381278729
0.4590255025412224 0.9003688381278729
0.46306590658162644 0.9003688381278729
0.3903386338543537 0.904409242168277
0.39437903789475776 0.904409242168277
0.39841944193516177 0.904409242168277
0.40245984597556583 0.904409242168277
0.40650025001596984 0.904409242168277
0.4105406540563739 0.904409242168277
0.4145810580967779 0.904409242168277
0.418621462137182 0.904409242168277
0.42266186617758605 0.904409242168277
0.42670227021799007 0.904409242168277
0.4307426742583941 0.904409242168277
0.43478307829879814 0.904409242168277
0.4388234823392022 0.904409242168277
0.4428638863796062 0.904409242168277
0.44690429042001023 0.904409242168277
0.4509446944604143 0.904409242168277
0.45498509850081836 0.904409242168277
0.37821742173314155 0.9084496462086811
0.3822578257735456 0.9084496462086811
0.3862982298139497 0.9084496462086811
0.3903386338543537 0.9084496462086811
0.39437903789475776 0.9084496462086811
0.39841944193516177 0.9084496462086811
0.40245984597556583 0.9084496462086811
0.40650025001596984 0.9084496462086811
0.4105406540563739 0.9084496462086811
0.4145810580967779 0.9084496462086811
0.418621462137182 0.9084496462086811
0.42266186617758605 0.9084496462086811
0.42670227021799007 0.9084496462086811
0.4307426742583941 0.9084496462086811
0.43478307829879814 0.9084496462086811
0.4388234823392022 0.9084496462086811
0.4428638863796062 0.9084496462086811
0.44690429042001023 0.9084496462086811
0.4509446944604143 0.9084496462086811
0.3620558055715254 0.912490050249085
0.3701366136523335 0.912490050249085
0.37417701769273753 0.912490050249085
0.37821742173314155 0.912490050249085
0.3822578257735456 0.912490050249085
0.3862982298139497 0.912490050249085
0.3903386338543537 0.912490050249085
0.39437903789475776 0.912490050249085
0.39841944193516177 0.912490050249085
0.40245984597556583 0.912490050249085
0.40650025001596984 0.912490050249085
0.4105406540563739 0.912490050249085
0.4145810580967779 0.912490050249085
0.418621462137182 0.912490050249085
0.42266186617758605 0.912490050249085
0.42670227021799007 0.912490050249085
0.4307426742583941 0.912490050249085
0.43478307829879814 0.912490050249085
0.4388234823392022 0.912490050249085
0.4428638863796062 0.912490050249085
0.44690429042001023 0.912490050249085
0.3620558055715254 0.9165304542894891
0.36609620961192946 0.9165304542894891
0.3701366136523335 0.9165304542894891
0.37417701769273753 0.9165304542894891
0.37821742173314155 0.9165304542894891
0.3822578257735456 0.9165304542894891
0.3862982298139497 0.9165304542894891
0.3903386338543537 0.9165304542894891
0.39437903789475776 0.9165304542894891
0.39841944193516177 0.9165304542894891
0.40245984597556583 0.9165304542894891
0.40650025001596984 0.9165304542894891
0.4105406540563739 0.9165304542894891
0.4145810580967779 0.9165304542894891
0.418621462137182 0.9165304542894891
0.42266186617758605 0.9165304542894891
0.42670227021799007 0.9165304542894891
0.4307426742583941 0.9165304542894891
0.43478307829879814 0.9165304542894891
0.4388234823392022 0.9165304542894891
0.3499345934503133 0.920570858329893
0.35397499749071737 0.920570858329893
0.3580154015311214 0.920570858329893
0.3620558055715254 0.920570858329893
0.36609620961192946 0.920570858329893
0.3701366136523335 0.920570858329893
0.37417701769273753 0.920570858329893
0.37821742173314155 0.920570858329893
0.3822578257735456 0.920570858329893
0.3862982298139497 0.920570858329893
0.3903386338543537 0.920570858329893
0.39437903789475776 0.920570858329893
0.39841944193516177 0.920570858329893
0.40245984597556583 0.920570858329893
0.40650025001596984 0.920570858329893
0.4105406540563739 0.920570858329893
0.4145810580967779 0.920570858329893
0.418621462137182 0.920570858329893
0.42266186617758605 0.920570858329893
0.42670227021799007 0.920570858329893
0.33781338132910116 0.9246112623702971
0.3418537853695052 0.9246112623702971
0.34589418940990924 0.9246112623702971
0.3499345934503133 0.9246112623702971
0.35397499749071737 0.9246112623702971
0.3580154015311214 0.9246112623702971
0.3620558055715254 0.9246112623702971
0.36609620961192946 0.9246112623702971
0.3701366136523335 0.9246112623702971
0.37417701769273753 0.9246112623702971
0.37821742173314155 0.9246112623702971
0.3822578257735456 0.9246112623702971
0.3862982298139497 0.9246112623702971
0.3903386338543537 0.9246112623702971
0.39437903789475776 0.9246112623702971
0.39841944193516177 0.9246112623702971
0.40245984597556583 0.9246112623702971
0.40650025001596984 0.9246112623702971
0.4105406540563739 0.9246112623702971
0.4145810580967779 0.9246112623702971
0.42266186617758605 0.9246112623702971
0.42670227021799007 0.9246112623702971
0.32569216920788907 0.9286516664107012
0.3297325732482931 0.9286516664107012
0.33377297728869715 0.9286516664107012
0.33781338132910116 0.9286516664107012
0.3418537853695052 0.9286516664107012
0.34589418940990924 0.9286516664107012
0.3499345934503133 0.9286516664107012
0.35397499749071737 0.9286516664107012
0.3580154015311214 0.9286516664107012
0.3620558055715254 0.9286516664107012
0.36609620961192946 0.9286516664107012
0.3701366136523335 0.9286516664107012
0.37417701769273753 0.9286516664107012
0.37821742173314155 0.9286516664107012
0.3822578257735456 0.9286516664107012
0.3862982298139497 0.9286516664107012
0.3903386338543537 0.9286516664107012
0.39437903789475776 0.9286516664107012
0.39841944193516177 0.9286516664107012
0.40245984597556583 0.9286516664107012
0.40650025001596984 0.9286516664107012
0.4105406540563739 0.9286516664107012
0.4145810580967779 0.9286516664107012
0.418621462137182 0.9286516664107012
0.30144974496546484 0.9326920704511052
0.3135709570866769 0.9326920704511052
0.317611361127081 0.9326920704511052
0.321651765167485 0.9326920704511052
0.32569216920788907 0.9326920704511052
0.3297325732482931 0.9326920704511052
0.33377297728869715 0.9326920704511052
0.33781338132910116 0.9326920704511052
0.3418537853695052 0.9326920704511052
0.34589418940990924 0.9326920704511052
0.3499345934503133 0.9326920704511052
0.35397499749071737 0.9326920704511052
0.3580154015311214 0.9326920704511052
0.3620558055715254 0.9326920704511052
0.36609620961192946 0.9326920704511052
0.3701366136523335 0.9326920704511052
0.37417701769273753 0.9326920704511052
0.37821742173314155 0.9326920704511052
0.3822578257735456 0.9326920704511052
0.3862982298139497 0.9326920704511052
0.3903386338543537 0.9326920704511052
0.39437903789475776 0.9326920704511052
0.39841944193516177 0.9326920704511052
0.30144974496546484 0.9367324744915093
0.30549014900586885 0.9367324744915093
0.30953055304627286 0.9367324744915093
0.3135709570866769 0.9367324744915093
0.317611361127081 0.9367324744915093
0.321651765167485 0.9367324744915093
0.32569216920788907 0.9367324744915093
0.3297325732482931 0.9367324744915093
0.33377297728869715 0.9367324744915093
0.33781338132910116 0.9367324744915093
0.3418537853695052 0.9367324744915093
0.34589418940990924 0.9367324744915093
0.3499345934503133 0.9367324744915093
0.35397499749071737 0.9367324744915093
0.3580154015311214 0.9367324744915093
0.3620558055715254 0.9367324744915093
0.36609620961192946 0.9367324744915093
0.3701366136523335 0.9367324744915093
0.37417701769273753 0.9367324744915093
0.37821742173314155 0.9367324744915093
0.3822578257735456 0.9367324744915093
0.3862982298139497 0.9367324744915093
0.29740934092506077 0.9407728785319134
0.30144974496546484 0.9407728785319134
0.30549014900586885 0.9407728785319134
0.30953055304627286 0.9407728785319134
0.3135709570866769 0.9407728785319134
0.317611361127081 0.9407728785319134
0.321651765167485 0.9407728785319134
0.32569216920788907 0.9407728785319134
0.3297325732482931 0.9407728785319134
0.33377297728869715 0.9407728785319134
0.33781338132910116 0.9407728785319134
0.3418537853695052 0.9407728785319134
0.34589418940990924 0.9407728785319134
0.3499345934503133 0.9407728785319134
0.35397499749071737 0.9407728785319134
0.3580154015311214 0.9407728785319134
0.3620558055715254 0.9407728785319134
0.36609620961192946 0.9407728785319134
0.3701366136523335 0.9407728785319134
0.37417701769273753 0.9407728785319134
0.29740934092506077 0.9448132825723174
0.30144974496546484 0.9448132825723174
0.30549014900586885 0.9448132825723174
0.30953055304627286 0.9448132825723174
0.3135709570866769 0.9448132825723174
0.317611361127081 0.9448132825723174
0.321651765167485 0.9448132825723174
0.32569216920788907 0.9448132825723174
0.3297325732482931 0.9448132825723174
0.33377297728869715 0.9448132825723174
0.33781338132910116 0.9448132825723174
0.3418537853695052 0.9448132825723174
0.34589418940990924 0.9448132825723174
0.3499345934503133 0.9448132825723174
0.35397499749071737 0.9448132825723174
0.3580154015311214 0.9448132825723174
0.3620558055715254 0.9448132825723174
0.36609620961192946 0.9448132825723174
0.29740934092506077 0.9488536866127214
0.30144974496546484 0.9488536866127214
0.30549014900586885 0.9488536866127214
0.30953055304627286 0.9488536866127214
0.3135709570866769 0.9488536866127214
0.317611361127081 0.9488536866127214
0.321651765167485 0.9488536866127214
0.32569216920788907 0.9488536866127214
0.3297325732482931 0.9488536866127214
0.33377297728869715 0.9488536866127214
0.33781338132910116 0.9488536866127214
0.3418537853695052 0.9488536866127214
0.34589418940990924 0.9488536866127214
0.3499345934503133 0.9488536866127214
0.35397499749071737 0.9488536866127214
0.3620558055715254 0.9488536866127214
0.36609620961192946 0.9488536866127214
0.29740934092506077 0.9528940906531255
0.30144974496546484 0.9528940906531255
0.30549014900586885 0.9528940906531255
0.30953055304627286 0.9528940906531255
0.3135709570866769 0.9528940906531255
0.317611361127081 0.9528940906531255
0.321651765167485 0.9528940906531255
0.32569216920788907 0.9528940906531255
0.3297325732482931 0.9528940906531255
0.33377297728869715 0.9528940906531255
0.33781338132910116 0.9528940906531255
0.3418537853695052 0.9528940906531255
0.29740934092506077 0.9569344946935294
0.30144974496546484 0.9569344946935294
0.30549014900586885 0.9569344946935294
0.30953055304627286 0.9569344946935294
0.3135709570866769 0.9569344946935294
0.317611361127081 0.9569344946935294
0.321651765167485 0.9569344946935294
0.32569216920788907 0.9569344946935294
0.3297325732482931 0.9569344946935294
0.29740934092506077 0.9609748987339335
0.30144974496546484 0.9609748987339335
0.30549014900586885 0.9609748987339335
0.30953055304627286 0.9609748987339335
0.3135709570866769 0.9609748987339335
0.317611361127081 0.9609748987339335
0.33781338132910116 0.9609748987339335
0.29740934092506077 0.9650153027743376
0.30144974496546484 0.9650153027743376
0.30549014900586885 0.9650153027743376
0.3135709570866769 0.9650153027743376
0.3297325732482931 0.9650153027743376
0.317611361127081 0.9690557068147416
0.30144974496546484 0.9730961108551457
