# x y
0.6999668496318938 0.7145102522692871
0.6959264455914898 0.7185506563096911
0.6918860415510857 0.7225910603500951
0.6838052334702776 0.7266314643904992
0.6878456375106816 0.7266314643904992
0.6797648294298735 0.7306718684309033
0.6838052334702776 0.7306718684309033
0.6757244253894694 0.7347122724713073
0.6797648294298735 0.7347122724713073
0.6716840213490655 0.7387526765117113
0.6757244253894694 0.7387526765117113
0.6676436173086614 0.7427930805521153
0.6716840213490655 0.7427930805521153
0.6636032132682574 0.7468334845925194
0.6676436173086614 0.7468334845925194
0.6595628092278534 0.7508738886329235
0.6636032132682574 0.7508738886329235
0.6555224051874493 0.7549142926733274
0.6514820011470452 0.7589546967137315
0.6434011930662371 0.7629951007541356
0.6474415971066412 0.7629951007541356
0.6393607890258332 0.7670355047945396
0.6434011930662371 0.7670355047945396
0.6353203849854291 0.7710759088349436
0.6393607890258332 0.7710759088349436
0.6312799809450251 0.7751163128753477
0.6353203849854291 0.7751163128753477
0.623199172864217 0.7791567169157517
0.6272395769046211 0.7791567169157517
0.6191587688238129 0.7831971209561558
0.623199172864217 0.7831971209561558
0.6151183647834089 0.7872375249965597
0.6191587688238129 0.7872375249965597
0.6110779607430048 0.7912779290369638
0.6151183647834089 0.7912779290369638
0.6029971526621968 0.7953183330773679
0.6070375567026007 0.7953183330773679
0.5989567486217927 0.799358737117772
0.6029971526621968 0.799358737117772
0.5949163445813888 0.803399141158176
0.5989567486217927 0.803399141158176
0.5868355365005806 0.80743954519858
0.5908759405409847 0.80743954519858
0.5827951324601766 0.811479949238984
0.5868355365005806 0.811479949238984
0.5747143243793684 0.8155203532793881
0.5787547284197725 0.8155203532793881
0.5706739203389645 0.819560757319792
0.5747143243793684 0.819560757319792
0.5666335162985604 0.8236011613601961
0.5706739203389645 0.8236011613601961
0.5585527082177524 0.8276415654006002
0.5625931122581564 0.8276415654006002
0.5545123041773483 0.8316819694410043
0.5585527082177524 0.8316819694410043
0.5464314960965402 0.8357223734814083
0.5504719001369442 0.8357223734814083
0.5423910920561361 0.8397627775218124
0.5464314960965402 0.8397627775218124
0.5343102839753281 0.8438031815622163
0.5383506880157322 0.8438031815622163
0.5262294758945201 0.8478435856026204
0.530269879934924 0.8478435856026204
0.5343102839753281 0.8478435856026204
0.522189071854116 0.8518839896430245
0.5262294758945201 0.8518839896430245
0.5141082637733079 0.8559243936834284
0.5181486678137119 0.8559243936834284
0.5060274556924997 0.8599647977238325
0.5100678597329038 0.8599647977238325
0.5141082637733079 0.8599647977238325
0.5019870516520958 0.8640052017642366
0.5060274556924997 0.8640052017642366
0.49390624357128765 0.8680456058046406
0.4979466476116917 0.8680456058046406
0.48582543549047963 0.8720860098450447
0.48986583953088364 0.8720860098450447
0.49390624357128765 0.8720860098450447
0.4777446274096715 0.8761264138854487
0.48178503145007556 0.8761264138854487
0.48582543549047963 0.8761264138854487
0.4696638193288635 0.8801668179258527
0.4737042233692675 0.8801668179258527
0.4777446274096715 0.8801668179258527
0.4656234152884594 0.8842072219662568
0.4696638193288635 0.8842072219662568
0.4575426072076513 0.8882476260066607
0.46158301124805534 0.8882476260066607
0.44946179912684325 0.8922880300470648
0.45350220316724726 0.8922880300470648
0.4413809910460351 0.8963284340874689
0.4454213950864392 0.8963284340874689
0.4333001829652271 0.9003688381278729
0.4373405870056311 0.9003688381278729
0.42117897084401495 0.904409242168277
0.42521937488441897 0.904409242168277
0.42925977892482303 0.904409242168277
0.4130981627632069 0.9084496462086811
0.41713856680361094 0.9084496462086811
0.42117897084401495 0.9084496462086811
0.4050173546823988 0.912490050249085
0.4090577587228028 0.912490050249085
0.4130981627632069 0.912490050249085
0.3969365466015907 0.9165304542894891
0.40097695064199473 0.9165304542894891
0.4050173546823988 0.9165304542894891
0.3848153344803786 0.920570858329893
0.38885573852078265 0.920570858329893
0.39289614256118666 0.920570858329893
0.3767345263995705 0.9246112623702971
0.38077493043997457 0.9246112623702971
0.3848153344803786 0.9246112623702971
0.3646133142783584 0.9286516664107012
0.3686537183187624 0.9286516664107012
0.37269412235916644 0.9286516664107012
0.3767345263995705 0.9286516664107012
0.3565325061975503 0.9326920704511052
0.36057291023795435 0.9326920704511052
0.3646133142783584 0.9326920704511052
0.3444112940763382 0.9367324744915093
0.34845169811674226 0.9367324744915093
0.35249210215714627 0.9367324744915093
0.3565325061975503 0.9367324744915093
0.33229008195512605 0.9407728785319134
0.3363304859955301 0.9407728785319134
0.3403708900359341 0.9407728785319134
0.3444112940763382 0.9407728785319134
0.32420927387431797 0.9448132825723174
0.32824967791472204 0.9448132825723174
0.33229008195512605 0.9448132825723174
0.3120880617531059 0.9488536866127214
0.3161284657935099 0.9488536866127214
0.3201688698339139 0.9488536866127214
0.29996684963189374 0.9528940906531255
0.30400725367229775 0.9528940906531255
0.3080476577127018 0.9528940906531255
