# x y
0.6999617775765082 0.7145102522692871
0.6959213735361042 0.7185506563096911
0.6878405654552961 0.7225910603500951
0.6918809694957002 0.7225910603500951
0.6838001614148921 0.7266314643904992
0.6878405654552961 0.7266314643904992
0.679759757374488 0.7306718684309033
0.6838001614148921 0.7306718684309033
0.675719353334084 0.7347122724713073
0.679759757374488 0.7347122724713073
0.6716789492936799 0.7387526765117113
0.675719353334084 0.7387526765117113
0.6676385452532758 0.7427930805521153
0.6716789492936799 0.7427930805521153
0.6635981412128719 0.7468334845925194
0.6676385452532758 0.7468334845925194
0.6595577371724678 0.7508738886329235
0.6635981412128719 0.7508738886329235
0.6555173331320638 0.7549142926733274
0.6474365250512557 0.7589546967137315
0.6514769290916598 0.7589546967137315
0.6433961210108516 0.7629951007541356
0.6474365250512557 0.7629951007541356
0.6393557169704476 0.7670355047945396
0.6433961210108516 0.7670355047945396
0.6353153129300435 0.7710759088349436
0.6393557169704476 0.7710759088349436
0.6312749088896396 0.7751163128753477
0.6353153129300435 0.7751163128753477
0.6231941008088314 0.7791567169157517
0.6272345048492355 0.7791567169157517
0.6191536967684275 0.7831971209561558
0.6231941008088314 0.7831971209561558
0.6151132927280234 0.7872375249965597
0.6191536967684275 0.7872375249965597
0.6110728886876193 0.7912779290369638
0.6151132927280234 0.7912779290369638
0.6029920806068112 0.7953183330773679
0.6070324846472153 0.7953183330773679
0.5989516765664071 0.799358737117772
0.6029920806068112 0.799358737117772
0.5949112725260032 0.803399141158176
0.5989516765664071 0.803399141158176
0.5868304644451952 0.80743954519858
0.5908708684855991 0.80743954519858
0.5827900604047911 0.811479949238984
0.5868304644451952 0.811479949238984
0.574709252323983 0.8155203532793881
0.578749656364387 0.8155203532793881
0.5827900604047911 0.8155203532793881
0.5706688482835789 0.819560757319792
0.574709252323983 0.819560757319792
0.5666284442431748 0.8236011613601961
0.5706688482835789 0.8236011613601961
0.5585476361623668 0.8276415654006002
0.5625880402027709 0.8276415654006002
0.5545072321219627 0.8316819694410043
0.5585476361623668 0.8316819694410043
0.5464264240411547 0.8357223734814083
0.5504668280815588 0.8357223734814083
0.5383456159603466 0.8397627775218124
0.5423860200007506 0.8397627775218124
0.5464264240411547 0.8397627775218124
0.5343052119199425 0.8438031815622163
0.5383456159603466 0.8438031815622163
0.5262244038391345 0.8478435856026204
0.5302648078795386 0.8478435856026204
0.5343052119199425 0.8478435856026204
0.5221839997987304 0.8518839896430245
0.5262244038391345 0.8518839896430245
0.5141031917179224 0.8559243936834284
0.5181435957583264 0.8559243936834284
0.5060223836371143 0.8599647977238325
0.5100627876775183 0.8599647977238325
0.5141031917179224 0.8599647977238325
0.5019819795967102 0.8640052017642366
0.5060223836371143 0.8640052017642366
0.4939011715159022 0.8680456058046406
0.4979415755563062 0.8680456058046406
0.48582036343509405 0.8720860098450447
0.4898607674754981 0.8720860098450447
0.4939011715159022 0.8720860098450447
0.477739555354286 0.8761264138854487
0.48177995939469004 0.8761264138854487
0.48582036343509405 0.8761264138854487
0.4696587472734779 0.8801668179258527
0.47369915131388196 0.8801668179258527
0.477739555354286 0.8801668179258527
0.4656183432330739 0.8842072219662568
0.4696587472734779 0.8842072219662568
0.4575375351522658 0.8882476260066607
0.4615779391926698 0.8882476260066607
0.4494567270714577 0.8922880300470648
0.45349713111186174 0.8922880300470648
0.44137591899064965 0.8963284340874689
0.44541632303105366 0.8963284340874689
0.4292547068694375 0.9003688381278729
0.4332951109098415 0.9003688381278729
0.4373355149502456 0.9003688381278729
0.42117389878862943 0.904409242168277
0.4252143028290335 0.904409242168277
0.4292547068694375 0.904409242168277
0.41309309070782135 0.9084496462086811
0.41713349474822536 0.9084496462086811
0.42117389878862943 0.9084496462086811
0.4050122826270133 0.912490050249085
0.4090526866674173 0.912490050249085
0.41309309070782135 0.912490050249085
0.3969314745462052 0.9165304542894891
0.4009718785866092 0.9165304542894891
0.4050122826270133 0.9165304542894891
0.38481026242499305 0.920570858329893
0.3888506664653971 0.920570858329893
0.39289107050580113 0.920570858329893
0.376729454344185 0.9246112623702971
0.380769858384589 0.9246112623702971
0.38481026242499305 0.9246112623702971
0.36460824222297283 0.9286516664107012
0.3686486462633769 0.9286516664107012
0.37268905030378097 0.9286516664107012
0.376729454344185 0.9286516664107012
0.3565274341421648 0.9326920704511052
0.3605678381825688 0.9326920704511052
0.36460824222297283 0.9326920704511052
0.34440622202095267 0.9367324744915093
0.3484466260613567 0.9367324744915093
0.35248703010176075 0.9367324744915093
0.3565274341421648 0.9367324744915093
0.3322850098997405 0.9407728785319134
0.3363254139401446 0.9407728785319134
0.3403658179805486 0.9407728785319134
0.34440622202095267 0.9407728785319134
0.32016379777852844 0.9448132825723174
0.32420420181893245 0.9448132825723174
0.3282446058593365 0.9448132825723174
0.3322850098997405 0.9448132825723174
0.3080425856573163 0.9488536866127214
0.3120829896977203 0.9488536866127214
0.31612339373812437 0.9488536866127214
0.32016379777852844 0.9488536866127214
0.2999617775765082 0.9528940906531255
0.3040021816169123 0.9528940906531255
0.3080425856573163 0.9528940906531255
