# x y
0.6998462299651003 0.710469848228883
0.6958058259246962 0.7145102522692871
0.6998462299651003 0.7145102522692871
0.6917654218842922 0.7185506563096911
0.6958058259246962 0.7185506563096911
0.6998462299651003 0.7185506563096911
0.6877250178438882 0.7225910603500951
0.6917654218842922 0.7225910603500951
0.6958058259246962 0.7225910603500951
0.6836846138034841 0.7266314643904992
0.6877250178438882 0.7266314643904992
0.6917654218842922 0.7266314643904992
0.6756038057226761 0.7306718684309033
0.6796442097630802 0.7306718684309033
0.6836846138034841 0.7306718684309033
0.6877250178438882 0.7306718684309033
0.671563401682272 0.7347122724713073
0.6756038057226761 0.7347122724713073
0.6796442097630802 0.7347122724713073
0.6836846138034841 0.7347122724713073
0.667522997641868 0.7387526765117113
0.671563401682272 0.7387526765117113
0.6756038057226761 0.7387526765117113
0.6796442097630802 0.7387526765117113
0.6634825936014639 0.7427930805521153
0.667522997641868 0.7427930805521153
0.671563401682272 0.7427930805521153
0.6756038057226761 0.7427930805521153
0.6594421895610598 0.7468334845925194
0.6634825936014639 0.7468334845925194
0.667522997641868 0.7468334845925194
0.671563401682272 0.7468334845925194
0.6554017855206559 0.7508738886329235
0.6594421895610598 0.7508738886329235
0.6634825936014639 0.7508738886329235
0.667522997641868 0.7508738886329235
0.6513613814802518 0.7549142926733274
0.6554017855206559 0.7549142926733274
0.6594421895610598 0.7549142926733274
0.6473209774398478 0.7589546967137315
0.6513613814802518 0.7589546967137315
0.6554017855206559 0.7589546967137315
0.6392401693590397 0.7629951007541356
0.6432805733994438 0.7629951007541356
0.6473209774398478 0.7629951007541356
0.6513613814802518 0.7629951007541356
0.6351997653186356 0.7670355047945396
0.6392401693590397 0.7670355047945396
0.6432805733994438 0.7670355047945396
0.6473209774398478 0.7670355047945396
0.6311593612782316 0.7710759088349436
0.6351997653186356 0.7710759088349436
0.6392401693590397 0.7710759088349436
0.6432805733994438 0.7710759088349436
0.6271189572378275 0.7751163128753477
0.6311593612782316 0.7751163128753477
0.6351997653186356 0.7751163128753477
0.6392401693590397 0.7751163128753477
0.6190381491570195 0.7791567169157517
0.6230785531974234 0.7791567169157517
0.6271189572378275 0.7791567169157517
0.6311593612782316 0.7791567169157517
0.6149977451166154 0.7831971209561558
0.6190381491570195 0.7831971209561558
0.6230785531974234 0.7831971209561558
0.6271189572378275 0.7831971209561558
0.6109573410762115 0.7872375249965597
0.6149977451166154 0.7872375249965597
0.6190381491570195 0.7872375249965597
0.6230785531974234 0.7872375249965597
0.6069169370358074 0.7912779290369638
0.6109573410762115 0.7912779290369638
0.6149977451166154 0.7912779290369638
0.6190381491570195 0.7912779290369638
0.5988361289549993 0.7953183330773679
0.6028765329954033 0.7953183330773679
0.6069169370358074 0.7953183330773679
0.6109573410762115 0.7953183330773679
0.5947957249145952 0.799358737117772
0.5988361289549993 0.799358737117772
0.6028765329954033 0.799358737117772
0.6069169370358074 0.799358737117772
0.5907553208741911 0.803399141158176
0.5947957249145952 0.803399141158176
0.5988361289549993 0.803399141158176
0.6028765329954033 0.803399141158176
0.5826745127933831 0.80743954519858
0.5867149168337872 0.80743954519858
0.5907553208741911 0.80743954519858
0.5947957249145952 0.80743954519858
0.5786341087529792 0.811479949238984
0.5826745127933831 0.811479949238984
0.5867149168337872 0.811479949238984
0.5907553208741911 0.811479949238984
0.570553300672171 0.8155203532793881
0.5745937047125751 0.8155203532793881
0.5786341087529792 0.8155203532793881
0.5826745127933831 0.8155203532793881
0.5867149168337872 0.8155203532793881
0.566512896631767 0.819560757319792
0.570553300672171 0.819560757319792
0.5745937047125751 0.819560757319792
0.5786341087529792 0.819560757319792
0.5584320885509588 0.8236011613601961
0.5624724925913629 0.8236011613601961
0.566512896631767 0.8236011613601961
0.570553300672171 0.8236011613601961
0.5745937047125751 0.8236011613601961
0.5543916845105548 0.8276415654006002
0.5584320885509588 0.8276415654006002
0.5624724925913629 0.8276415654006002
0.566512896631767 0.8276415654006002
0.5463108764297467 0.8316819694410043
0.5503512804701508 0.8316819694410043
0.5543916845105548 0.8316819694410043
0.5584320885509588 0.8316819694410043
0.5624724925913629 0.8316819694410043
0.5422704723893428 0.8357223734814083
0.5463108764297467 0.8357223734814083
0.5503512804701508 0.8357223734814083
0.5543916845105548 0.8357223734814083
0.5341896643085347 0.8397627775218124
0.5382300683489387 0.8397627775218124
0.5422704723893428 0.8397627775218124
0.5463108764297467 0.8397627775218124
0.5503512804701508 0.8397627775218124
0.5301492602681306 0.8438031815622163
0.5341896643085347 0.8438031815622163
0.5382300683489387 0.8438031815622163
0.5422704723893428 0.8438031815622163
0.5220684521873225 0.8478435856026204
0.5261088562277265 0.8478435856026204
0.5301492602681306 0.8478435856026204
0.5341896643085347 0.8478435856026204
0.5382300683489387 0.8478435856026204
0.5139876441065144 0.8518839896430245
0.5180280481469185 0.8518839896430245
0.5220684521873225 0.8518839896430245
0.5261088562277265 0.8518839896430245
0.5301492602681306 0.8518839896430245
0.5099472400661104 0.8559243936834284
0.5139876441065144 0.8559243936834284
0.5180280481469185 0.8559243936834284
0.5220684521873225 0.8559243936834284
0.5261088562277265 0.8559243936834284
0.5018664319853023 0.8599647977238325
0.5059068360257064 0.8599647977238325
0.5099472400661104 0.8599647977238325
0.5139876441065144 0.8599647977238325
0.5180280481469185 0.8599647977238325
0.4937856239044942 0.8640052017642366
0.4978260279448983 0.8640052017642366
0.5018664319853023 0.8640052017642366
0.5059068360257064 0.8640052017642366
0.5099472400661104 0.8640052017642366
0.4897452198640902 0.8680456058046406
0.4937856239044942 0.8680456058046406
0.4978260279448983 0.8680456058046406
0.5018664319853023 0.8680456058046406
0.5059068360257064 0.8680456058046406
0.4816644117832821 0.8720860098450447
0.4857048158236862 0.8720860098450447
0.4897452198640902 0.8720860098450447
0.4937856239044942 0.8720860098450447
0.4978260279448983 0.8720860098450447
0.47358360370247404 0.8761264138854487
0.47762400774287805 0.8761264138854487
0.4816644117832821 0.8761264138854487
0.4857048158236862 0.8761264138854487
0.4897452198640902 0.8761264138854487
0.46550279562166597 0.8801668179258527
0.46954319966207003 0.8801668179258527
0.47358360370247404 0.8801668179258527
0.47762400774287805 0.8801668179258527
0.4816644117832821 0.8801668179258527
0.45742198754085783 0.8842072219662568
0.4614623915812619 0.8842072219662568
0.46550279562166597 0.8842072219662568
0.46954319966207003 0.8842072219662568
0.47358360370247404 0.8842072219662568
0.4493411794600498 0.8882476260066607
0.4533815835004538 0.8882476260066607
0.45742198754085783 0.8882476260066607
0.4614623915812619 0.8882476260066607
0.46550279562166597 0.8882476260066607
0.46954319966207003 0.8882476260066607
0.4412603713792417 0.8922880300470648
0.44530077541964574 0.8922880300470648
0.4493411794600498 0.8922880300470648
0.4533815835004538 0.8922880300470648
0.45742198754085783 0.8922880300470648
0.4614623915812619 0.8922880300470648
0.43317956329843366 0.8963284340874689
0.43721996733883767 0.8963284340874689
0.4412603713792417 0.8963284340874689
0.44530077541964574 0.8963284340874689
0.4493411794600498 0.8963284340874689
0.4533815835004538 0.8963284340874689
0.4250987552176255 0.9003688381278729
0.4291391592580296 0.9003688381278729
0.43317956329843366 0.9003688381278729
0.43721996733883767 0.9003688381278729
0.4412603713792417 0.9003688381278729
0.44530077541964574 0.9003688381278729
0.4170179471368175 0.904409242168277
0.4210583511772215 0.904409242168277
0.4250987552176255 0.904409242168277
0.4291391592580296 0.904409242168277
0.43317956329843366 0.904409242168277
0.43721996733883767 0.904409242168277
0.40893713905600937 0.9084496462086811
0.41297754309641344 0.9084496462086811
0.4170179471368175 0.9084496462086811
0.4210583511772215 0.9084496462086811
0.4250987552176255 0.9084496462086811
0.4291391592580296 0.9084496462086811
0.3968159269347973 0.912490050249085
0.4008563309752013 0.912490050249085
0.40489673501560536 0.912490050249085
0.40893713905600937 0.912490050249085
0.41297754309641344 0.912490050249085
0.4170179471368175 0.912490050249085
0.3887351188539892 0.9165304542894891
0.3927755228943932 0.9165304542894891
0.3968159269347973 0.9165304542894891
0.4008563309752013 0.9165304542894891
0.40489673501560536 0.9165304542894891
0.40893713905600937 0.9165304542894891
0.3806543107731811 0.920570858329893
0.38469471481358514 0.920570858329893
0.3887351188539892 0.920570858329893
0.3927755228943932 0.920570858329893
0.3968159269347973 0.920570858329893
0.4008563309752013 0.920570858329893
0.368533098651969 0.9246112623702971
0.372573502692373 0.9246112623702971
0.37661390673277706 0.9246112623702971
0.3806543107731811 0.9246112623702971
0.38469471481358514 0.9246112623702971
0.3887351188539892 0.9246112623702971
0.3927755228943932 0.9246112623702971
0.3604522905711609 0.9286516664107012
0.36449269461156497 0.9286516664107012
0.368533098651969 0.9286516664107012
0.372573502692373 0.9286516664107012
0.37661390673277706 0.9286516664107012
0.3806543107731811 0.9286516664107012
0.3483310784499488 0.9326920704511052
0.3523714824903528 0.9326920704511052
0.35641188653075684 0.9326920704511052
0.3604522905711609 0.9326920704511052
0.36449269461156497 0.9326920704511052
0.368533098651969 0.9326920704511052
0.372573502692373 0.9326920704511052
0.3362098663287367 0.9367324744915093
0.3402502703691407 0.9367324744915093
0.34429067440954475 0.9367324744915093
0.3483310784499488 0.9367324744915093
0.3523714824903528 0.9367324744915093
0.35641188653075684 0.9367324744915093
0.3604522905711609 0.9367324744915093
0.32408865420752453 0.9407728785319134
0.3281290582479286 0.9407728785319134
0.3321694622883326 0.9407728785319134
0.3362098663287367 0.9407728785319134
0.3402502703691407 0.9407728785319134
0.34429067440954475 0.9407728785319134
0.3483310784499488 0.9407728785319134
0.3523714824903528 0.9407728785319134
0.31196744208631244 0.9448132825723174
0.31600784612671645 0.9448132825723174
0.32004825016712046 0.9448132825723174
0.32408865420752453 0.9448132825723174
0.3281290582479286 0.9448132825723174
0.3321694622883326 0.9448132825723174
0.3362098663287367 0.9448132825723174
0.3402502703691407 0.9448132825723174
0.2998462299651003 0.9488536866127214
0.3038866340055043 0.9488536866127214
0.3079270380459084 0.9488536866127214
0.31196744208631244 0.9488536866127214
0.31600784612671645 0.9488536866127214
0.32004825016712046 0.9488536866127214
0.32408865420752453 0.9488536866127214
0.3281290582479286 0.9488536866127214
0.2998462299651003 0.9528940906531255
0.3038866340055043 0.9528940906531255
0.3079270380459084 0.9528940906531255
0.31196744208631244 0.9528940906531255
0.31600784612671645 0.9528940906531255
0.2998462299651003 0.9569344946935294
0.3038866340055043 0.9569344946935294
