# x y
0.6999758769363684 0.7145102522692871
0.6959354728959644 0.7185506563096911
0.6918950688555603 0.7225910603500951
0.6878546648151562 0.7266314643904992
0.6838142607747522 0.7306718684309033
0.675733452693944 0.7347122724713073
0.6797738567343481 0.7347122724713073
0.6716930486535401 0.7387526765117113
0.675733452693944 0.7387526765117113
0.667652644613136 0.7427930805521153
0.6716930486535401 0.7427930805521153
0.663612240572732 0.7468334845925194
0.667652644613136 0.7468334845925194
0.659571836532328 0.7508738886329235
0.6555314324919239 0.7549142926733274
0.6514910284515198 0.7589546967137315
0.6434102203707117 0.7629951007541356
0.6474506244111158 0.7629951007541356
0.6393698163303078 0.7670355047945396
0.6434102203707117 0.7670355047945396
0.6353294122899037 0.7710759088349436
0.6393698163303078 0.7710759088349436
0.6312890082494997 0.7751163128753477
0.6272486042090957 0.7791567169157517
0.6191677961282875 0.7831971209561558
0.6232082001686916 0.7831971209561558
0.6151273920878835 0.7872375249965597
0.6191677961282875 0.7872375249965597
0.6110869880474794 0.7912779290369638
0.6030061799666714 0.7953183330773679
0.6070465840070753 0.7953183330773679
0.5989657759262673 0.799358737117772
0.6030061799666714 0.799358737117772
0.5949253718858634 0.803399141158176
0.5868445638050552 0.80743954519858
0.5908849678454593 0.80743954519858
0.5828041597646512 0.811479949238984
0.5868445638050552 0.811479949238984
0.5787637557242471 0.8155203532793881
0.5706829476434391 0.819560757319792
0.574723351683843 0.819560757319792
0.566642543603035 0.8236011613601961
0.5706829476434391 0.8236011613601961
0.558561735522227 0.8276415654006002
0.562602139562631 0.8276415654006002
0.5545213314818229 0.8316819694410043
0.558561735522227 0.8316819694410043
0.5464405234010148 0.8357223734814083
0.5504809274414189 0.8357223734814083
0.5424001193606107 0.8397627775218124
0.5464405234010148 0.8397627775218124
0.5343193112798027 0.8438031815622163
0.5383597153202068 0.8438031815622163
0.5302789072393986 0.8478435856026204
0.5221980991585906 0.8518839896430245
0.5262385031989947 0.8518839896430245
0.5141172910777825 0.8559243936834284
0.5181576951181865 0.8559243936834284
0.5100768870373784 0.8599647977238325
0.5141172910777825 0.8599647977238325
0.5019960789565704 0.8640052017642366
0.5060364829969743 0.8640052017642366
0.49391527087576226 0.8680456058046406
0.4979556749161663 0.8680456058046406
0.48583446279495424 0.8720860098450447
0.48987486683535825 0.8720860098450447
0.48179405875455017 0.8761264138854487
0.48583446279495424 0.8761264138854487
0.4737132506737421 0.8801668179258527
0.4777536547141461 0.8801668179258527
0.465632442592934 0.8842072219662568
0.4696728466333381 0.8842072219662568
0.4575516345121259 0.8882476260066607
0.46159203855252995 0.8882476260066607
0.44947082643131786 0.8922880300470648
0.45351123047172187 0.8922880300470648
0.4413900183505097 0.8963284340874689
0.4454304223909138 0.8963284340874689
0.4333092102697017 0.9003688381278729
0.4373496143101057 0.9003688381278729
0.4252284021888936 0.904409242168277
0.42926880622929764 0.904409242168277
0.41714759410808555 0.9084496462086811
0.42118799814848956 0.9084496462086811
0.4050263819868734 0.912490050249085
0.4090667860272774 0.912490050249085
0.4131071900676815 0.912490050249085
0.39694557390606533 0.9165304542894891
0.40098597794646934 0.9165304542894891
0.38886476582525725 0.920570858329893
0.39290516986566126 0.920570858329893
0.3767435537040451 0.9246112623702971
0.3807839577444492 0.9246112623702971
0.3848243617848532 0.9246112623702971
0.36866274562323703 0.9286516664107012
0.37270314966364104 0.9286516664107012
0.3565415335020249 0.9326920704511052
0.36058193754242895 0.9326920704511052
0.364622341582833 0.9326920704511052
0.3444203213808128 0.9367324744915093
0.34846072542121687 0.9367324744915093
0.3525011294616209 0.9367324744915093
0.3363395133000047 0.9407728785319134
0.34037991734040873 0.9407728785319134
0.3444203213808128 0.9407728785319134
0.3242183011787926 0.9448132825723174
0.32825870521919664 0.9448132825723174
0.33229910925960066 0.9448132825723174
0.3120970890575805 0.9488536866127214
0.3161374930979845 0.9488536866127214
0.3201778971383885 0.9488536866127214
0.29997587693636835 0.9528940906531255
0.30401628097677236 0.9528940906531255
0.3080566850171764 0.9528940906531255
