# x y
0.659571836532328 0.7791567169157517
0.5989657759262673 0.8155203532793881
0.574723351683843 0.8276415654006002
0.562602139562631 0.8357223734814083
0.5181576951181865 0.8640052017642366
0.5221980991585906 0.8680456058046406
0.5019960789565704 0.8801668179258527
0.465632442592934 0.9003688381278729
0.40098597794646934 0.9246112623702971
0.38886476582525725 0.9286516664107012
0.37270314966364104 0.9367324744915093
0.39290516986566126 0.9488536866127214
0.34846072542121687 0.9528940906531255
0.364622341582833 0.9609748987339335
0.3161374930979845 0.9650153027743376
0.30401628097677236 0.9690557068147416
0.33229910925960066 0.9730961108551457
