# x y
0.6999921064969739 0.7145102522692871
0.6959517024565698 0.7185506563096911
0.6919112984161658 0.7225910603500951
0.6878708943757618 0.7266314643904992
0.6838304903353577 0.7306718684309033
0.6797900862949537 0.7347122724713073
0.6757496822545497 0.7387526765117113
0.6636284701333375 0.7468334845925194
0.6595880660929334 0.7508738886329235
0.6555476620525295 0.7549142926733274
0.6515072580121254 0.7589546967137315
0.6474668539717214 0.7629951007541356
0.6434264499313174 0.7670355047945396
0.6353456418505092 0.7710759088349436
0.6313052378101052 0.7751163128753477
0.6272648337697011 0.7791567169157517
0.623224429729297 0.7831971209561558
0.615143621648489 0.7872375249965597
0.6111032176080851 0.7912779290369638
0.607062813567681 0.7953183330773679
0.5989820054868729 0.799358737117772
0.6030224095272769 0.799358737117772
0.5949416014464688 0.803399141158176
0.5909011974060647 0.80743954519858
0.5828203893252567 0.811479949238984
0.5868607933656608 0.811479949238984
0.5787799852848527 0.8155203532793881
0.5747395812444487 0.819560757319792
0.5666587731636406 0.8236011613601961
0.5626183691232365 0.8276415654006002
0.5545375610424284 0.8316819694410043
0.5504971570020244 0.8357223734814083
0.5424163489212164 0.8397627775218124
0.5383759448808123 0.8438031815622163
0.5302951368000042 0.8478435856026204
0.522214328719196 0.8518839896430245
0.5262547327596001 0.8518839896430245
0.5181739246787921 0.8559243936834284
0.510093116597984 0.8599647977238325
0.5020123085171759 0.8640052017642366
0.50605271255758 0.8640052017642366
0.49797190447677186 0.8680456058046406
0.4898910963959638 0.8720860098450447
0.4818102883151557 0.8761264138854487
0.47372948023434763 0.8801668179258527
0.47776988427475164 0.8801668179258527
0.46564867215353956 0.8842072219662568
0.4696890761939436 0.8842072219662568
0.4575678640727314 0.8882476260066607
0.4616082681131355 0.8882476260066607
0.4494870559919234 0.8922880300470648
0.4535274600323274 0.8922880300470648
0.44140624791111527 0.8963284340874689
0.44544665195151933 0.8963284340874689
0.43332543983030725 0.9003688381278729
0.43736584387071126 0.9003688381278729
0.4252446317494991 0.904409242168277
0.4292850357899032 0.904409242168277
0.4171638236686911 0.9084496462086811
0.4212042277090951 0.9084496462086811
0.40908301558788296 0.912490050249085
0.4010022075070749 0.9165304542894891
0.3888809953858628 0.920570858329893
0.3929213994262668 0.920570858329893
0.3808001873050547 0.9246112623702971
0.3848405913454587 0.9246112623702971
0.36867897518384257 0.9286516664107012
0.3727193792242466 0.9286516664107012
0.3605981671030345 0.9326920704511052
0.36463857114343856 0.9326920704511052
0.3484769549818224 0.9367324744915093
0.3525173590222264 0.9367324744915093
0.33635574286061026 0.9407728785319134
0.3403961469010143 0.9407728785319134
0.3242345307393981 0.9448132825723174
0.3282749347798022 0.9448132825723174
0.3323153388202062 0.9448132825723174
0.31211331861818603 0.9488536866127214
0.31615372265859004 0.9488536866127214
0.32019412669899405 0.9488536866127214
0.2999921064969739 0.9528940906531255
0.3040325105373779 0.9528940906531255
0.30807291457778196 0.9528940906531255
