# x y
0.6995469203856888 0.706429444188479
0.6955065163452847 0.710469848228883
0.6995469203856888 0.710469848228883
0.6874257082644766 0.7145102522692871
0.6914661123048806 0.7145102522692871
0.6955065163452847 0.7145102522692871
0.6995469203856888 0.7145102522692871
0.6833853042240725 0.7185506563096911
0.6874257082644766 0.7185506563096911
0.6914661123048806 0.7185506563096911
0.6955065163452847 0.7185506563096911
0.6995469203856888 0.7185506563096911
0.6793449001836686 0.7225910603500951
0.6833853042240725 0.7225910603500951
0.6874257082644766 0.7225910603500951
0.6914661123048806 0.7225910603500951
0.6955065163452847 0.7225910603500951
0.6995469203856888 0.7225910603500951
0.6753044961432645 0.7266314643904992
0.6793449001836686 0.7266314643904992
0.6833853042240725 0.7266314643904992
0.6874257082644766 0.7266314643904992
0.6914661123048806 0.7266314643904992
0.6955065163452847 0.7266314643904992
0.6712640921028605 0.7306718684309033
0.6753044961432645 0.7306718684309033
0.6793449001836686 0.7306718684309033
0.6833853042240725 0.7306718684309033
0.6874257082644766 0.7306718684309033
0.6914661123048806 0.7306718684309033
0.6672236880624565 0.7347122724713073
0.6712640921028605 0.7347122724713073
0.6753044961432645 0.7347122724713073
0.6793449001836686 0.7347122724713073
0.6833853042240725 0.7347122724713073
0.6874257082644766 0.7347122724713073
0.6631832840220524 0.7387526765117113
0.6672236880624565 0.7387526765117113
0.6712640921028605 0.7387526765117113
0.6753044961432645 0.7387526765117113
0.6793449001836686 0.7387526765117113
0.6833853042240725 0.7387526765117113
0.6591428799816483 0.7427930805521153
0.6631832840220524 0.7427930805521153
0.6672236880624565 0.7427930805521153
0.6712640921028605 0.7427930805521153
0.6753044961432645 0.7427930805521153
0.6793449001836686 0.7427930805521153
0.6551024759412443 0.7468334845925194
0.6591428799816483 0.7468334845925194
0.6631832840220524 0.7468334845925194
0.6672236880624565 0.7468334845925194
0.6712640921028605 0.7468334845925194
0.6753044961432645 0.7468334845925194
0.6510620719008402 0.7508738886329235
0.6551024759412443 0.7508738886329235
0.6591428799816483 0.7508738886329235
0.6631832840220524 0.7508738886329235
0.6672236880624565 0.7508738886329235
0.6712640921028605 0.7508738886329235
0.6429812638200322 0.7549142926733274
0.6470216678604362 0.7549142926733274
0.6510620719008402 0.7549142926733274
0.6551024759412443 0.7549142926733274
0.6591428799816483 0.7549142926733274
0.6631832840220524 0.7549142926733274
0.6672236880624565 0.7549142926733274
0.6389408597796282 0.7589546967137315
0.6429812638200322 0.7589546967137315
0.6470216678604362 0.7589546967137315
0.6510620719008402 0.7589546967137315
0.6551024759412443 0.7589546967137315
0.6591428799816483 0.7589546967137315
0.6631832840220524 0.7589546967137315
0.6349004557392242 0.7629951007541356
0.6389408597796282 0.7629951007541356
0.6429812638200322 0.7629951007541356
0.6470216678604362 0.7629951007541356
0.6510620719008402 0.7629951007541356
0.6551024759412443 0.7629951007541356
0.6308600516988201 0.7670355047945396
0.6349004557392242 0.7670355047945396
0.6389408597796282 0.7670355047945396
0.6429812638200322 0.7670355047945396
0.6470216678604362 0.7670355047945396
0.6510620719008402 0.7670355047945396
0.622779243618012 0.7710759088349436
0.626819647658416 0.7710759088349436
0.6308600516988201 0.7710759088349436
0.6349004557392242 0.7710759088349436
0.6389408597796282 0.7710759088349436
0.6429812638200322 0.7710759088349436
0.6470216678604362 0.7710759088349436
0.6187388395776079 0.7751163128753477
0.622779243618012 0.7751163128753477
0.626819647658416 0.7751163128753477
0.6308600516988201 0.7751163128753477
0.6349004557392242 0.7751163128753477
0.6389408597796282 0.7751163128753477
0.6429812638200322 0.7751163128753477
0.6146984355372038 0.7791567169157517
0.6187388395776079 0.7791567169157517
0.622779243618012 0.7791567169157517
0.626819647658416 0.7791567169157517
0.6308600516988201 0.7791567169157517
0.6349004557392242 0.7791567169157517
0.6389408597796282 0.7791567169157517
0.6106580314967999 0.7831971209561558
0.6146984355372038 0.7831971209561558
0.6187388395776079 0.7831971209561558
0.622779243618012 0.7831971209561558
0.626819647658416 0.7831971209561558
0.6308600516988201 0.7831971209561558
0.6025772234159918 0.7872375249965597
0.6066176274563958 0.7872375249965597
0.6106580314967999 0.7872375249965597
0.6146984355372038 0.7872375249965597
0.6187388395776079 0.7872375249965597
0.622779243618012 0.7872375249965597
0.626819647658416 0.7872375249965597
0.5985368193755878 0.7912779290369638
0.6025772234159918 0.7912779290369638
0.6066176274563958 0.7912779290369638
0.6106580314967999 0.7912779290369638
0.6146984355372038 0.7912779290369638
0.6187388395776079 0.7912779290369638
0.622779243618012 0.7912779290369638
0.5944964153351837 0.7953183330773679
0.5985368193755878 0.7953183330773679
0.6025772234159918 0.7953183330773679
0.6066176274563958 0.7953183330773679
0.6106580314967999 0.7953183330773679
0.6146984355372038 0.7953183330773679
0.6187388395776079 0.7953183330773679
0.5864156072543756 0.799358737117772
0.5904560112947796 0.799358737117772
0.5944964153351837 0.799358737117772
0.5985368193755878 0.799358737117772
0.6025772234159918 0.799358737117772
0.6066176274563958 0.799358737117772
0.6106580314967999 0.799358737117772
0.5823752032139715 0.803399141158176
0.5864156072543756 0.803399141158176
0.5904560112947796 0.803399141158176
0.5944964153351837 0.803399141158176
0.5985368193755878 0.803399141158176
0.6025772234159918 0.803399141158176
0.6066176274563958 0.803399141158176
0.5783347991735676 0.80743954519858
0.5823752032139715 0.80743954519858
0.5864156072543756 0.80743954519858
0.5904560112947796 0.80743954519858
0.5944964153351837 0.80743954519858
0.5985368193755878 0.80743954519858
0.6025772234159918 0.80743954519858
0.5702539910927595 0.811479949238984
0.5742943951331635 0.811479949238984
0.5783347991735676 0.811479949238984
0.5823752032139715 0.811479949238984
0.5864156072543756 0.811479949238984
0.5904560112947796 0.811479949238984
0.5944964153351837 0.811479949238984
0.5662135870523555 0.8155203532793881
0.5702539910927595 0.8155203532793881
0.5742943951331635 0.8155203532793881
0.5783347991735676 0.8155203532793881
0.5823752032139715 0.8155203532793881
0.5864156072543756 0.8155203532793881
0.5904560112947796 0.8155203532793881
0.5581327789715473 0.819560757319792
0.5621731830119514 0.819560757319792
0.5662135870523555 0.819560757319792
0.5702539910927595 0.819560757319792
0.5742943951331635 0.819560757319792
0.5783347991735676 0.819560757319792
0.5823752032139715 0.819560757319792
0.5864156072543756 0.819560757319792
0.5540923749311433 0.8236011613601961
0.5581327789715473 0.8236011613601961
0.5621731830119514 0.8236011613601961
0.5662135870523555 0.8236011613601961
0.5702539910927595 0.8236011613601961
0.5742943951331635 0.8236011613601961
0.5783347991735676 0.8236011613601961
0.5460115668503353 0.8276415654006002
0.5500519708907392 0.8276415654006002
0.5540923749311433 0.8276415654006002
0.5581327789715473 0.8276415654006002
0.5621731830119514 0.8276415654006002
0.5662135870523555 0.8276415654006002
0.5702539910927595 0.8276415654006002
0.5742943951331635 0.8276415654006002
0.5419711628099312 0.8316819694410043
0.5460115668503353 0.8316819694410043
0.5500519708907392 0.8316819694410043
0.5540923749311433 0.8316819694410043
0.5581327789715473 0.8316819694410043
0.5621731830119514 0.8316819694410043
0.5662135870523555 0.8316819694410043
0.5338903547291232 0.8357223734814083
0.5379307587695271 0.8357223734814083
0.5419711628099312 0.8357223734814083
0.5460115668503353 0.8357223734814083
0.5500519708907392 0.8357223734814083
0.5540923749311433 0.8357223734814083
0.5581327789715473 0.8357223734814083
0.5621731830119514 0.8357223734814083
0.5298499506887191 0.8397627775218124
0.5338903547291232 0.8397627775218124
0.5379307587695271 0.8397627775218124
0.5419711628099312 0.8397627775218124
0.5460115668503353 0.8397627775218124
0.5500519708907392 0.8397627775218124
0.5540923749311433 0.8397627775218124
0.521769142607911 0.8438031815622163
0.525809546648315 0.8438031815622163
0.5298499506887191 0.8438031815622163
0.5338903547291232 0.8438031815622163
0.5379307587695271 0.8438031815622163
0.5419711628099312 0.8438031815622163
0.5460115668503353 0.8438031815622163
0.5500519708907392 0.8438031815622163
0.5136883345271028 0.8478435856026204
0.5177287385675069 0.8478435856026204
0.521769142607911 0.8478435856026204
0.525809546648315 0.8478435856026204
0.5298499506887191 0.8478435856026204
0.5338903547291232 0.8478435856026204
0.5379307587695271 0.8478435856026204
0.5419711628099312 0.8478435856026204
0.5096479304866989 0.8518839896430245
0.5136883345271028 0.8518839896430245
0.5177287385675069 0.8518839896430245
0.521769142607911 0.8518839896430245
0.525809546648315 0.8518839896430245
0.5298499506887191 0.8518839896430245
0.5338903547291232 0.8518839896430245
0.5379307587695271 0.8518839896430245
0.5015671224058907 0.8559243936834284
0.5056075264462948 0.8559243936834284
0.5096479304866989 0.8559243936834284
0.5136883345271028 0.8559243936834284
0.5177287385675069 0.8559243936834284
0.521769142607911 0.8559243936834284
0.525809546648315 0.8559243936834284
0.5298499506887191 0.8559243936834284
0.4934863143250827 0.8599647977238325
0.49752671836548673 0.8599647977238325
0.5015671224058907 0.8599647977238325
0.5056075264462948 0.8599647977238325
0.5096479304866989 0.8599647977238325
0.5136883345271028 0.8599647977238325
0.5177287385675069 0.8599647977238325
0.521769142607911 0.8599647977238325
0.525809546648315 0.8599647977238325
0.4854055062442746 0.8640052017642366
0.48944591028467865 0.8640052017642366
0.4934863143250827 0.8640052017642366
0.49752671836548673 0.8640052017642366
0.5015671224058907 0.8640052017642366
0.5056075264462948 0.8640052017642366
0.5096479304866989 0.8640052017642366
0.5136883345271028 0.8640052017642366
0.5177287385675069 0.8640052017642366
0.4813651022038706 0.8680456058046406
0.4854055062442746 0.8680456058046406
0.48944591028467865 0.8680456058046406
0.4934863143250827 0.8680456058046406
0.49752671836548673 0.8680456058046406
0.5015671224058907 0.8680456058046406
0.5056075264462948 0.8680456058046406
0.5096479304866989 0.8680456058046406
0.4732842941230625 0.8720860098450447
0.47732469816346657 0.8720860098450447
0.4813651022038706 0.8720860098450447
0.4854055062442746 0.8720860098450447
0.48944591028467865 0.8720860098450447
0.4934863143250827 0.8720860098450447
0.49752671836548673 0.8720860098450447
0.5015671224058907 0.8720860098450447
0.5056075264462948 0.8720860098450447
0.4652034860422544 0.8761264138854487
0.46924389008265843 0.8761264138854487
0.4732842941230625 0.8761264138854487
0.47732469816346657 0.8761264138854487
0.4813651022038706 0.8761264138854487
0.4854055062442746 0.8761264138854487
0.48944591028467865 0.8761264138854487
0.4934863143250827 0.8761264138854487
0.49752671836548673 0.8761264138854487
0.45712267796144634 0.8801668179258527
0.46116308200185036 0.8801668179258527
0.4652034860422544 0.8801668179258527
0.46924389008265843 0.8801668179258527
0.4732842941230625 0.8801668179258527
0.47732469816346657 0.8801668179258527
0.4813651022038706 0.8801668179258527
0.4854055062442746 0.8801668179258527
0.48944591028467865 0.8801668179258527
0.4490418698806382 0.8842072219662568
0.4530822739210423 0.8842072219662568
0.45712267796144634 0.8842072219662568
0.46116308200185036 0.8842072219662568
0.4652034860422544 0.8842072219662568
0.46924389008265843 0.8842072219662568
0.4732842941230625 0.8842072219662568
0.47732469816346657 0.8842072219662568
0.4813651022038706 0.8842072219662568
0.4409610617998302 0.8882476260066607
0.4450014658402342 0.8882476260066607
0.4490418698806382 0.8882476260066607
0.4530822739210423 0.8882476260066607
0.45712267796144634 0.8882476260066607
0.46116308200185036 0.8882476260066607
0.4652034860422544 0.8882476260066607
0.46924389008265843 0.8882476260066607
0.4732842941230625 0.8882476260066607
0.43288025371902206 0.8922880300470648
0.4369206577594261 0.8922880300470648
0.4409610617998302 0.8922880300470648
0.4450014658402342 0.8922880300470648
0.4490418698806382 0.8922880300470648
0.4530822739210423 0.8922880300470648
0.45712267796144634 0.8922880300470648
0.46116308200185036 0.8922880300470648
0.4652034860422544 0.8922880300470648
0.46924389008265843 0.8922880300470648
0.42479944563821403 0.8963284340874689
0.42883984967861805 0.8963284340874689
0.43288025371902206 0.8963284340874689
0.4369206577594261 0.8963284340874689
0.4409610617998302 0.8963284340874689
0.4450014658402342 0.8963284340874689
0.4490418698806382 0.8963284340874689
0.4530822739210423 0.8963284340874689
0.45712267796144634 0.8963284340874689
0.46116308200185036 0.8963284340874689
0.4167186375574059 0.9003688381278729
0.42075904159780997 0.9003688381278729
0.42479944563821403 0.9003688381278729
0.42883984967861805 0.9003688381278729
0.43288025371902206 0.9003688381278729
0.4369206577594261 0.9003688381278729
0.4409610617998302 0.9003688381278729
0.4450014658402342 0.9003688381278729
0.4490418698806382 0.9003688381278729
0.4530822739210423 0.9003688381278729
0.4086378294765978 0.904409242168277
0.4126782335170019 0.904409242168277
0.4167186375574059 0.904409242168277
0.42075904159780997 0.904409242168277
0.42479944563821403 0.904409242168277
0.42883984967861805 0.904409242168277
0.43288025371902206 0.904409242168277
0.4369206577594261 0.904409242168277
0.4409610617998302 0.904409242168277
0.4450014658402342 0.904409242168277
0.39651661735538574 0.9084496462086811
0.40055702139578975 0.9084496462086811
0.4045974254361938 0.9084496462086811
0.4086378294765978 0.9084496462086811
0.4126782335170019 0.9084496462086811
0.4167186375574059 0.9084496462086811
0.42075904159780997 0.9084496462086811
0.42479944563821403 0.9084496462086811
0.42883984967861805 0.9084496462086811
0.43288025371902206 0.9084496462086811
0.4369206577594261 0.9084496462086811
0.38843580927457766 0.912490050249085
0.39247621331498167 0.912490050249085
0.39651661735538574 0.912490050249085
0.40055702139578975 0.912490050249085
0.4045974254361938 0.912490050249085
0.4086378294765978 0.912490050249085
0.4126782335170019 0.912490050249085
0.4167186375574059 0.912490050249085
0.42075904159780997 0.912490050249085
0.42479944563821403 0.912490050249085
0.42883984967861805 0.912490050249085
0.3803550011937695 0.9165304542894891
0.3843954052341736 0.9165304542894891
0.38843580927457766 0.9165304542894891
0.39247621331498167 0.9165304542894891
0.39651661735538574 0.9165304542894891
0.40055702139578975 0.9165304542894891
0.4045974254361938 0.9165304542894891
0.4086378294765978 0.9165304542894891
0.4126782335170019 0.9165304542894891
0.4167186375574059 0.9165304542894891
0.36823378907255744 0.920570858329893
0.3722741931129615 0.920570858329893
0.3763145971533655 0.920570858329893
0.3803550011937695 0.920570858329893
0.3843954052341736 0.920570858329893
0.38843580927457766 0.920570858329893
0.39247621331498167 0.920570858329893
0.39651661735538574 0.920570858329893
0.40055702139578975 0.920570858329893
0.4045974254361938 0.920570858329893
0.4086378294765978 0.920570858329893
0.36015298099174936 0.9246112623702971
0.36419338503215337 0.9246112623702971
0.36823378907255744 0.9246112623702971
0.3722741931129615 0.9246112623702971
0.3763145971533655 0.9246112623702971
0.3803550011937695 0.9246112623702971
0.3843954052341736 0.9246112623702971
0.38843580927457766 0.9246112623702971
0.39247621331498167 0.9246112623702971
0.39651661735538574 0.9246112623702971
0.40055702139578975 0.9246112623702971
0.3480317688705372 0.9286516664107012
0.3520721729109413 0.9286516664107012
0.35611257695134535 0.9286516664107012
0.36015298099174936 0.9286516664107012
0.36419338503215337 0.9286516664107012
0.36823378907255744 0.9286516664107012
0.3722741931129615 0.9286516664107012
0.3763145971533655 0.9286516664107012
0.3803550011937695 0.9286516664107012
0.3843954052341736 0.9286516664107012
0.38843580927457766 0.9286516664107012
0.39247621331498167 0.9286516664107012
0.33591055674932513 0.9326920704511052
0.33995096078972914 0.9326920704511052
0.3439913648301332 0.9326920704511052
0.3480317688705372 0.9326920704511052
0.3520721729109413 0.9326920704511052
0.35611257695134535 0.9326920704511052
0.36015298099174936 0.9326920704511052
0.36419338503215337 0.9326920704511052
0.36823378907255744 0.9326920704511052
0.3722741931129615 0.9326920704511052
0.3763145971533655 0.9326920704511052
0.3803550011937695 0.9326920704511052
0.32782974866851705 0.9367324744915093
0.33187015270892106 0.9367324744915093
0.33591055674932513 0.9367324744915093
0.33995096078972914 0.9367324744915093
0.3439913648301332 0.9367324744915093
0.3480317688705372 0.9367324744915093
0.3520721729109413 0.9367324744915093
0.35611257695134535 0.9367324744915093
0.36015298099174936 0.9367324744915093
0.36419338503215337 0.9367324744915093
0.36823378907255744 0.9367324744915093
0.3722741931129615 0.9367324744915093
0.3157085365473049 0.9407728785319134
0.319748940587709 0.9407728785319134
0.323789344628113 0.9407728785319134
0.32782974866851705 0.9407728785319134
0.33187015270892106 0.9407728785319134
0.33591055674932513 0.9407728785319134
0.33995096078972914 0.9407728785319134
0.3439913648301332 0.9407728785319134
0.3480317688705372 0.9407728785319134
0.3520721729109413 0.9407728785319134
0.35611257695134535 0.9407728785319134
0.36015298099174936 0.9407728785319134
0.3035873244260928 0.9448132825723174
0.30762772846649683 0.9448132825723174
0.31166813250690084 0.9448132825723174
0.3157085365473049 0.9448132825723174
0.319748940587709 0.9448132825723174
0.323789344628113 0.9448132825723174
0.32782974866851705 0.9448132825723174
0.33187015270892106 0.9448132825723174
0.33591055674932513 0.9448132825723174
0.33995096078972914 0.9448132825723174
0.3439913648301332 0.9448132825723174
0.3480317688705372 0.9448132825723174
0.29954692038568875 0.9488536866127214
0.3035873244260928 0.9488536866127214
0.30762772846649683 0.9488536866127214
0.31166813250690084 0.9488536866127214
0.3157085365473049 0.9488536866127214
0.319748940587709 0.9488536866127214
0.323789344628113 0.9488536866127214
0.32782974866851705 0.9488536866127214
0.33187015270892106 0.9488536866127214
0.33591055674932513 0.9488536866127214
0.33995096078972914 0.9488536866127214
0.29954692038568875 0.9528940906531255
0.3035873244260928 0.9528940906531255
0.30762772846649683 0.9528940906531255
0.31166813250690084 0.9528940906531255
0.3157085365473049 0.9528940906531255
0.319748940587709 0.9528940906531255
0.323789344628113 0.9528940906531255
0.32782974866851705 0.9528940906531255
0.29954692038568875 0.9569344946935294
0.3035873244260928 0.9569344946935294
0.30762772846649683 0.9569344946935294
0.31166813250690084 0.9569344946935294
0.3157085365473049 0.9569344946935294
0.29954692038568875 0.9609748987339335
0.3035873244260928 0.9609748987339335
