# x y
0.6595478447023633 0.7629951007541356
0.6635882487427673 0.7629951007541356
0.6353054204599391 0.7872375249965597
0.6231842083387269 0.7953183330773679
0.6110629962175148 0.803399141158176
0.5949013800558987 0.8316819694410043
0.5019720871266057 0.8761264138854487
0.530254915409434 0.8761264138854487
0.5019720871266057 0.8801668179258527
0.41712360227812084 0.9246112623702971
0.3686387537932724 0.9407728785319134
0.38075996591448447 0.9407728785319134
0.3605579457124643 0.9488536866127214
0.3645983497528683 0.9609748987339335
