# x y
0.6393728059733209 0.7791567169157517
0.6595748261753411 0.7791567169157517
0.6272515938521088 0.7872375249965597
0.5989687655692805 0.8155203532793881
0.5464435130440279 0.8478435856026204
0.5222010888016038 0.8680456058046406
0.5302818968824118 0.8761264138854487
0.5019990685995835 0.8801668179258527
0.43331219991271486 0.9084496462086811
0.4009889675894825 0.9246112623702971
0.3686657352662502 0.9367324744915093
0.37674654334705826 0.9367324744915093
0.3929081595086744 0.9488536866127214
0.36462533122584617 0.9609748987339335
0.31614048274099765 0.9650153027743376
0.3040192706197855 0.9690557068147416
