# x y
0.6999267634498997 0.710469848228883
0.6958863594094956 0.7145102522692871
0.6999267634498997 0.7145102522692871
0.6918459553690917 0.7185506563096911
0.6958863594094956 0.7185506563096911
0.6999267634498997 0.7185506563096911
0.6878055513286876 0.7225910603500951
0.6918459553690917 0.7225910603500951
0.6958863594094956 0.7225910603500951
0.6837651472882835 0.7266314643904992
0.6878055513286876 0.7266314643904992
0.6797247432478795 0.7306718684309033
0.6837651472882835 0.7306718684309033
0.6756843392074754 0.7347122724713073
0.6797247432478795 0.7347122724713073
0.6716439351670713 0.7387526765117113
0.6756843392074754 0.7387526765117113
0.6676035311266673 0.7427930805521153
0.6716439351670713 0.7427930805521153
0.6635631270862633 0.7468334845925194
0.6676035311266673 0.7468334845925194
0.6554823190054553 0.7508738886329235
0.6595227230458592 0.7508738886329235
0.6635631270862633 0.7508738886329235
0.6514419149650512 0.7549142926733274
0.6554823190054553 0.7549142926733274
0.6595227230458592 0.7549142926733274
0.6474015109246471 0.7589546967137315
0.6514419149650512 0.7589546967137315
0.6554823190054553 0.7589546967137315
0.6433611068842431 0.7629951007541356
0.6474015109246471 0.7629951007541356
0.6514419149650512 0.7629951007541356
0.639320702843839 0.7670355047945396
0.6433611068842431 0.7670355047945396
0.635280298803435 0.7710759088349436
0.639320702843839 0.7710759088349436
0.6271994907226269 0.7751163128753477
0.631239894763031 0.7751163128753477
0.635280298803435 0.7751163128753477
0.6231590866822229 0.7791567169157517
0.6271994907226269 0.7791567169157517
0.631239894763031 0.7791567169157517
0.6191186826418189 0.7831971209561558
0.6231590866822229 0.7831971209561558
0.6110378745610108 0.7872375249965597
0.6150782786014148 0.7872375249965597
0.6191186826418189 0.7872375249965597
0.6069974705206067 0.7912779290369638
0.6110378745610108 0.7912779290369638
0.6150782786014148 0.7912779290369638
0.6029570664802026 0.7953183330773679
0.6069974705206067 0.7953183330773679
0.6110378745610108 0.7953183330773679
0.5989166624397986 0.799358737117772
0.6029570664802026 0.799358737117772
0.5908358543589906 0.803399141158176
0.5948762583993946 0.803399141158176
0.5989166624397986 0.803399141158176
0.5867954503185866 0.80743954519858
0.5908358543589906 0.80743954519858
0.5948762583993946 0.80743954519858
0.5787146422377785 0.811479949238984
0.5827550462781825 0.811479949238984
0.5867954503185866 0.811479949238984
0.5746742381973744 0.8155203532793881
0.5787146422377785 0.8155203532793881
0.5827550462781825 0.8155203532793881
0.5706338341569703 0.819560757319792
0.5746742381973744 0.819560757319792
0.5787146422377785 0.819560757319792
0.5625530260761623 0.8236011613601961
0.5665934301165663 0.8236011613601961
0.5706338341569703 0.8236011613601961
0.5585126220357582 0.8276415654006002
0.5625530260761623 0.8276415654006002
0.5665934301165663 0.8276415654006002
0.5504318139549502 0.8316819694410043
0.5544722179953542 0.8316819694410043
0.5585126220357582 0.8316819694410043
0.5463914099145462 0.8357223734814083
0.5504318139549502 0.8357223734814083
0.5544722179953542 0.8357223734814083
0.538310601833738 0.8397627775218124
0.5423510058741421 0.8397627775218124
0.5463914099145462 0.8397627775218124
0.53022979375293 0.8438031815622163
0.534270197793334 0.8438031815622163
0.538310601833738 0.8438031815622163
0.5423510058741421 0.8438031815622163
0.5261893897125259 0.8478435856026204
0.53022979375293 0.8478435856026204
0.534270197793334 0.8478435856026204
0.5181085816317178 0.8518839896430245
0.5221489856721219 0.8518839896430245
0.5261893897125259 0.8518839896430245
0.53022979375293 0.8518839896430245
0.5140681775913138 0.8559243936834284
0.5181085816317178 0.8559243936834284
0.5221489856721219 0.8559243936834284
0.5059873695105057 0.8599647977238325
0.5100277735509098 0.8599647977238325
0.5140681775913138 0.8599647977238325
0.49790656142969764 0.8640052017642366
0.5019469654701016 0.8640052017642366
0.5059873695105057 0.8640052017642366
0.5100277735509098 0.8640052017642366
0.48982575334888956 0.8680456058046406
0.4938661573892936 0.8680456058046406
0.49790656142969764 0.8680456058046406
0.5019469654701016 0.8680456058046406
0.4857853493084855 0.8720860098450447
0.48982575334888956 0.8720860098450447
0.4938661573892936 0.8720860098450447
0.47770454122767747 0.8761264138854487
0.4817449452680815 0.8761264138854487
0.4857853493084855 0.8761264138854487
0.46962373314686934 0.8801668179258527
0.4736641371872734 0.8801668179258527
0.47770454122767747 0.8801668179258527
0.4817449452680815 0.8801668179258527
0.46154292506606126 0.8842072219662568
0.4655833291064653 0.8842072219662568
0.46962373314686934 0.8842072219662568
0.4736641371872734 0.8842072219662568
0.4534621169852532 0.8882476260066607
0.45750252102565725 0.8882476260066607
0.46154292506606126 0.8882476260066607
0.4655833291064653 0.8882476260066607
0.4453813089044451 0.8922880300470648
0.4494217129448491 0.8922880300470648
0.4534621169852532 0.8922880300470648
0.45750252102565725 0.8922880300470648
0.43730050082363703 0.8963284340874689
0.4413409048640411 0.8963284340874689
0.4453813089044451 0.8963284340874689
0.4494217129448491 0.8963284340874689
0.42921969274282895 0.9003688381278729
0.43326009678323296 0.9003688381278729
0.43730050082363703 0.9003688381278729
0.4413409048640411 0.9003688381278729
0.4211388846620209 0.904409242168277
0.42517928870242494 0.904409242168277
0.42921969274282895 0.904409242168277
0.43326009678323296 0.904409242168277
0.4130580765812128 0.9084496462086811
0.4170984806216168 0.9084496462086811
0.4211388846620209 0.9084496462086811
0.42517928870242494 0.9084496462086811
0.40093686446000065 0.912490050249085
0.4049772685004047 0.912490050249085
0.40901767254080873 0.912490050249085
0.4130580765812128 0.912490050249085
0.4170984806216168 0.912490050249085
0.3928560563791926 0.9165304542894891
0.39689646041959664 0.9165304542894891
0.40093686446000065 0.9165304542894891
0.4049772685004047 0.9165304542894891
0.3847752482983845 0.920570858329893
0.38881565233878856 0.920570858329893
0.3928560563791926 0.920570858329893
0.39689646041959664 0.920570858329893
0.3726540361771724 0.9246112623702971
0.3766944402175764 0.9246112623702971
0.38073484425798043 0.9246112623702971
0.3847752482983845 0.9246112623702971
0.38881565233878856 0.9246112623702971
0.3645732280963643 0.9286516664107012
0.36861363213676834 0.9286516664107012
0.3726540361771724 0.9286516664107012
0.3766944402175764 0.9286516664107012
0.3524520159751522 0.9326920704511052
0.35649242001555626 0.9326920704511052
0.36053282405596027 0.9326920704511052
0.3645732280963643 0.9326920704511052
0.36861363213676834 0.9326920704511052
0.34033080385394004 0.9367324744915093
0.3443712078943441 0.9367324744915093
0.3484116119347481 0.9367324744915093
0.3524520159751522 0.9367324744915093
0.35649242001555626 0.9367324744915093
0.33224999577313197 0.9407728785319134
0.33629039981353603 0.9407728785319134
0.34033080385394004 0.9407728785319134
0.3443712078943441 0.9407728785319134
0.3484116119347481 0.9407728785319134
0.3201287836519199 0.9448132825723174
0.3241691876923239 0.9448132825723174
0.32820959173272796 0.9448132825723174
0.33224999577313197 0.9448132825723174
0.33629039981353603 0.9448132825723174
0.30800757153070774 0.9488536866127214
0.31204797557111175 0.9488536866127214
0.3160883796115158 0.9488536866127214
0.3201287836519199 0.9488536866127214
0.3241691876923239 0.9488536866127214
0.29992676344989966 0.9528940906531255
0.3039671674903037 0.9528940906531255
0.30800757153070774 0.9528940906531255
0.31204797557111175 0.9528940906531255
0.29992676344989966 0.9569344946935294
