# x y
0.6999074526525477 0.710469848228883
0.6958670486121437 0.7145102522692871
0.6999074526525477 0.7145102522692871
0.6918266445717396 0.7185506563096911
0.6958670486121437 0.7185506563096911
0.6999074526525477 0.7185506563096911
0.6877862405313355 0.7225910603500951
0.6918266445717396 0.7225910603500951
0.6958670486121437 0.7225910603500951
0.6837458364909315 0.7266314643904992
0.6877862405313355 0.7266314643904992
0.6918266445717396 0.7266314643904992
0.6797054324505275 0.7306718684309033
0.6837458364909315 0.7306718684309033
0.6877862405313355 0.7306718684309033
0.6756650284101234 0.7347122724713073
0.6797054324505275 0.7347122724713073
0.6837458364909315 0.7347122724713073
0.6716246243697195 0.7387526765117113
0.6756650284101234 0.7387526765117113
0.6675842203293154 0.7427930805521153
0.6716246243697195 0.7427930805521153
0.6595034122485073 0.7468334845925194
0.6635438162889113 0.7468334845925194
0.6675842203293154 0.7468334845925194
0.6554630082081032 0.7508738886329235
0.6595034122485073 0.7508738886329235
0.6635438162889113 0.7508738886329235
0.6514226041676991 0.7549142926733274
0.6554630082081032 0.7549142926733274
0.6595034122485073 0.7549142926733274
0.6473822001272952 0.7589546967137315
0.6514226041676991 0.7589546967137315
0.6554630082081032 0.7589546967137315
0.6433417960868911 0.7629951007541356
0.6473822001272952 0.7629951007541356
0.6514226041676991 0.7629951007541356
0.6393013920464872 0.7670355047945396
0.6433417960868911 0.7670355047945396
0.6473822001272952 0.7670355047945396
0.631220583965679 0.7710759088349436
0.6352609880060831 0.7710759088349436
0.6393013920464872 0.7710759088349436
0.627180179925275 0.7751163128753477
0.631220583965679 0.7751163128753477
0.6352609880060831 0.7751163128753477
0.6231397758848709 0.7791567169157517
0.627180179925275 0.7791567169157517
0.631220583965679 0.7791567169157517
0.6190993718444668 0.7831971209561558
0.6231397758848709 0.7831971209561558
0.627180179925275 0.7831971209561558
0.6110185637636588 0.7872375249965597
0.6150589678040628 0.7872375249965597
0.6190993718444668 0.7872375249965597
0.6069781597232548 0.7912779290369638
0.6110185637636588 0.7912779290369638
0.6150589678040628 0.7912779290369638
0.6029377556828508 0.7953183330773679
0.6069781597232548 0.7953183330773679
0.6110185637636588 0.7953183330773679
0.5948569476020427 0.799358737117772
0.5988973516424467 0.799358737117772
0.6029377556828508 0.799358737117772
0.6069781597232548 0.799358737117772
0.5908165435616386 0.803399141158176
0.5948569476020427 0.803399141158176
0.5988973516424467 0.803399141158176
0.5867761395212345 0.80743954519858
0.5908165435616386 0.80743954519858
0.5948569476020427 0.80743954519858
0.5786953314404265 0.811479949238984
0.5827357354808305 0.811479949238984
0.5867761395212345 0.811479949238984
0.5908165435616386 0.811479949238984
0.5746549274000224 0.8155203532793881
0.5786953314404265 0.8155203532793881
0.5827357354808305 0.8155203532793881
0.5665741193192144 0.819560757319792
0.5706145233596185 0.819560757319792
0.5746549274000224 0.819560757319792
0.5786953314404265 0.819560757319792
0.5625337152788104 0.8236011613601961
0.5665741193192144 0.8236011613601961
0.5706145233596185 0.8236011613601961
0.5544529071980022 0.8276415654006002
0.5584933112384063 0.8276415654006002
0.5625337152788104 0.8276415654006002
0.5665741193192144 0.8276415654006002
0.5504125031575982 0.8316819694410043
0.5544529071980022 0.8316819694410043
0.5584933112384063 0.8316819694410043
0.5423316950767901 0.8357223734814083
0.5463720991171942 0.8357223734814083
0.5504125031575982 0.8357223734814083
0.5544529071980022 0.8357223734814083
0.5382912910363861 0.8397627775218124
0.5423316950767901 0.8397627775218124
0.5463720991171942 0.8397627775218124
0.530210482955578 0.8438031815622163
0.5342508869959821 0.8438031815622163
0.5382912910363861 0.8438031815622163
0.5423316950767901 0.8438031815622163
0.526170078915174 0.8478435856026204
0.530210482955578 0.8478435856026204
0.5342508869959821 0.8478435856026204
0.5180892708343658 0.8518839896430245
0.5221296748747699 0.8518839896430245
0.526170078915174 0.8518839896430245
0.530210482955578 0.8518839896430245
0.5100084627535578 0.8559243936834284
0.5140488667939618 0.8559243936834284
0.5180892708343658 0.8559243936834284
0.5221296748747699 0.8559243936834284
0.5059680587131538 0.8599647977238325
0.5100084627535578 0.8599647977238325
0.5140488667939618 0.8599647977238325
0.4978872506323457 0.8640052017642366
0.5019276546727497 0.8640052017642366
0.5059680587131538 0.8640052017642366
0.5100084627535578 0.8640052017642366
0.4898064425515376 0.8680456058046406
0.49384684659194167 0.8680456058046406
0.4978872506323457 0.8680456058046406
0.5019276546727497 0.8680456058046406
0.4817256344707295 0.8720860098450447
0.48576603851113354 0.8720860098450447
0.4898064425515376 0.8720860098450447
0.49384684659194167 0.8720860098450447
0.4776852304303255 0.8761264138854487
0.4817256344707295 0.8761264138854487
0.48576603851113354 0.8761264138854487
0.4898064425515376 0.8761264138854487
0.4696044223495174 0.8801668179258527
0.47364482638992145 0.8801668179258527
0.4776852304303255 0.8801668179258527
0.4817256344707295 0.8801668179258527
0.4615236142687093 0.8842072219662568
0.46556401830911337 0.8842072219662568
0.4696044223495174 0.8842072219662568
0.47364482638992145 0.8842072219662568
0.4534428061879012 0.8882476260066607
0.4574832102283053 0.8882476260066607
0.4615236142687093 0.8882476260066607
0.46556401830911337 0.8882476260066607
0.44536199810709315 0.8922880300470648
0.44940240214749716 0.8922880300470648
0.4534428061879012 0.8922880300470648
0.4574832102283053 0.8922880300470648
0.43728119002628507 0.8963284340874689
0.44132159406668914 0.8963284340874689
0.44536199810709315 0.8963284340874689
0.44940240214749716 0.8963284340874689
0.429200381945477 0.9003688381278729
0.433240785985881 0.9003688381278729
0.43728119002628507 0.9003688381278729
0.44132159406668914 0.9003688381278729
0.4211195738646689 0.904409242168277
0.425159977905073 0.904409242168277
0.429200381945477 0.904409242168277
0.433240785985881 0.904409242168277
0.4089983617434568 0.9084496462086811
0.41303876578386084 0.9084496462086811
0.41707916982426485 0.9084496462086811
0.4211195738646689 0.9084496462086811
0.425159977905073 0.9084496462086811
0.4009175536626487 0.912490050249085
0.40495795770305276 0.912490050249085
0.4089983617434568 0.912490050249085
0.41303876578386084 0.912490050249085
0.41707916982426485 0.912490050249085
0.3928367455818406 0.9165304542894891
0.3968771496222447 0.9165304542894891
0.4009175536626487 0.9165304542894891
0.40495795770305276 0.9165304542894891
0.4089983617434568 0.9165304542894891
0.3807155334606285 0.920570858329893
0.38475593750103254 0.920570858329893
0.3887963415414366 0.920570858329893
0.3928367455818406 0.920570858329893
0.3968771496222447 0.920570858329893
0.37263472537982045 0.9246112623702971
0.37667512942022446 0.9246112623702971
0.3807155334606285 0.9246112623702971
0.38475593750103254 0.9246112623702971
0.3887963415414366 0.9246112623702971
0.3605135132586083 0.9286516664107012
0.3645539172990123 0.9286516664107012
0.3685943213394164 0.9286516664107012
0.37263472537982045 0.9286516664107012
0.37667512942022446 0.9286516664107012
0.3807155334606285 0.9286516664107012
0.35243270517780023 0.9326920704511052
0.3564731092182043 0.9326920704511052
0.3605135132586083 0.9326920704511052
0.3645539172990123 0.9326920704511052
0.3685943213394164 0.9326920704511052
0.3403114930565881 0.9367324744915093
0.34435189709699215 0.9367324744915093
0.34839230113739617 0.9367324744915093
0.35243270517780023 0.9367324744915093
0.3564731092182043 0.9367324744915093
0.3605135132586083 0.9367324744915093
0.328190280935376 0.9407728785319134
0.33223068497578 0.9407728785319134
0.3362710890161841 0.9407728785319134
0.3403114930565881 0.9407728785319134
0.34435189709699215 0.9407728785319134
0.34839230113739617 0.9407728785319134
0.31606906881416386 0.9448132825723174
0.3201094728545679 0.9448132825723174
0.32414987689497193 0.9448132825723174
0.328190280935376 0.9448132825723174
0.33223068497578 0.9448132825723174
0.3362710890161841 0.9448132825723174
0.30394785669295177 0.9488536866127214
0.3079882607333558 0.9488536866127214
0.3120286647737598 0.9488536866127214
0.31606906881416386 0.9488536866127214
0.3201094728545679 0.9488536866127214
0.32414987689497193 0.9488536866127214
0.2999074526525477 0.9528940906531255
0.30394785669295177 0.9528940906531255
0.3079882607333558 0.9528940906531255
0.3120286647737598 0.9528940906531255
0.2999074526525477 0.9569344946935294
