# x y
0.699994864837361 0.7145102522692871
0.6959544607969569 0.7185506563096911
0.6919140567565529 0.7225910603500951
0.6878736527161489 0.7266314643904992
0.6838332486757448 0.7306718684309033
0.6797928446353407 0.7347122724713073
0.6757524405949367 0.7387526765117113
0.6636312284737246 0.7468334845925194
0.6595908244333205 0.7508738886329235
0.6555504203929166 0.7549142926733274
0.6515100163525125 0.7589546967137315
0.6474696123121084 0.7629951007541356
0.6434292082717044 0.7670355047945396
0.6353484001908962 0.7710759088349436
0.6313079961504923 0.7751163128753477
0.6272675921100882 0.7791567169157517
0.6232271880696841 0.7831971209561558
0.6151463799888761 0.7872375249965597
0.611105975948472 0.7912779290369638
0.607065571908068 0.7953183330773679
0.6030251678676639 0.799358737117772
0.5949443597868559 0.803399141158176
0.5909039557464518 0.80743954519858
0.5828231476656438 0.811479949238984
0.5787827436252397 0.8155203532793881
0.5747423395848357 0.819560757319792
0.5666615315040275 0.8236011613601961
0.5626211274636236 0.8276415654006002
0.5545403193828154 0.8316819694410043
0.5504999153424115 0.8357223734814083
0.5424191072616034 0.8397627775218124
0.5383787032211993 0.8438031815622163
0.5302978951403913 0.8478435856026204
0.5222170870595831 0.8518839896430245
0.5262574910999872 0.8518839896430245
0.5181766830191791 0.8559243936834284
0.510095874938371 0.8599647977238325
0.5020150668575629 0.8640052017642366
0.506055470897967 0.8640052017642366
0.4979746628171589 0.8680456058046406
0.48989385473635083 0.8720860098450447
0.48181304665554275 0.8761264138854487
0.4737322385747347 0.8801668179258527
0.47777264261513874 0.8801668179258527
0.4656514304939266 0.8842072219662568
0.4696918345343306 0.8842072219662568
0.4575706224131185 0.8882476260066607
0.46161102645352253 0.8882476260066607
0.4494898143323104 0.8922880300470648
0.45353021837271446 0.8922880300470648
0.44140900625150237 0.8963284340874689
0.4454494102919064 0.8963284340874689
0.43332819817069423 0.9003688381278729
0.4373686022110983 0.9003688381278729
0.4252473900898862 0.904409242168277
0.4292877941302902 0.904409242168277
0.4171665820090781 0.9084496462086811
0.42120698604948215 0.9084496462086811
0.40908577392827 0.912490050249085
0.4010049658474619 0.9165304542894891
0.38888375372624984 0.920570858329893
0.39292415776665385 0.920570858329893
0.3808029456454417 0.9246112623702971
0.38484334968584577 0.9246112623702971
0.3686817335242296 0.9286516664107012
0.3727221375646337 0.9286516664107012
0.36060092544342154 0.9326920704511052
0.36464132948382555 0.9326920704511052
0.3484797133222094 0.9367324744915093
0.35252011736261346 0.9367324744915093
0.3363585012009973 0.9407728785319134
0.3403989052414013 0.9407728785319134
0.32827769312018923 0.9448132825723174
0.3161564809989771 0.9488536866127214
0.32019688503938115 0.9488536866127214
0.304035268877765 0.9528940906531255
0.308075672918169 0.9528940906531255
