# x y
0.6999459517276516 0.710469848228883
0.6959055476872475 0.7145102522692871
0.6999459517276516 0.7145102522692871
0.6918651436468436 0.7185506563096911
0.6959055476872475 0.7185506563096911
0.6878247396064395 0.7225910603500951
0.6918651436468436 0.7225910603500951
0.6837843355660355 0.7266314643904992
0.6878247396064395 0.7266314643904992
0.6797439315256315 0.7306718684309033
0.6837843355660355 0.7306718684309033
0.6757035274852274 0.7347122724713073
0.6797439315256315 0.7347122724713073
0.6716631234448234 0.7387526765117113
0.6757035274852274 0.7387526765117113
0.6676227194044193 0.7427930805521153
0.6716631234448234 0.7427930805521153
0.6635823153640152 0.7468334845925194
0.6676227194044193 0.7468334845925194
0.6595419113236112 0.7508738886329235
0.6635823153640152 0.7508738886329235
0.6514611032428032 0.7549142926733274
0.6555015072832072 0.7549142926733274
0.6595419113236112 0.7549142926733274
0.6474206992023992 0.7589546967137315
0.6514611032428032 0.7589546967137315
0.6555015072832072 0.7589546967137315
0.6433802951619951 0.7629951007541356
0.6474206992023992 0.7629951007541356
0.6393398911215911 0.7670355047945396
0.6433802951619951 0.7670355047945396
0.635299487081187 0.7710759088349436
0.6393398911215911 0.7710759088349436
0.6272186790003789 0.7751163128753477
0.6312590830407829 0.7751163128753477
0.635299487081187 0.7751163128753477
0.6231782749599748 0.7791567169157517
0.6272186790003789 0.7791567169157517
0.6312590830407829 0.7791567169157517
0.6191378709195708 0.7831971209561558
0.6231782749599748 0.7831971209561558
0.6150974668791668 0.7872375249965597
0.6191378709195708 0.7872375249965597
0.6070166587983588 0.7912779290369638
0.6110570628387628 0.7912779290369638
0.6150974668791668 0.7912779290369638
0.6029762547579547 0.7953183330773679
0.6070166587983588 0.7953183330773679
0.5989358507175506 0.799358737117772
0.6029762547579547 0.799358737117772
0.5908550426367425 0.803399141158176
0.5948954466771466 0.803399141158176
0.5989358507175506 0.803399141158176
0.5868146385963385 0.80743954519858
0.5908550426367425 0.80743954519858
0.5948954466771466 0.80743954519858
0.5827742345559345 0.811479949238984
0.5868146385963385 0.811479949238984
0.5746934264751264 0.8155203532793881
0.5787338305155305 0.8155203532793881
0.5827742345559345 0.8155203532793881
0.5706530224347224 0.819560757319792
0.5746934264751264 0.819560757319792
0.5625722143539142 0.8236011613601961
0.5666126183943183 0.8236011613601961
0.5706530224347224 0.8236011613601961
0.5585318103135102 0.8276415654006002
0.5625722143539142 0.8276415654006002
0.5504510022327022 0.8316819694410043
0.5544914062731061 0.8316819694410043
0.5585318103135102 0.8316819694410043
0.5464105981922981 0.8357223734814083
0.5504510022327022 0.8357223734814083
0.5544914062731061 0.8357223734814083
0.5383297901114901 0.8397627775218124
0.5423701941518941 0.8397627775218124
0.5464105981922981 0.8397627775218124
0.534289386071086 0.8438031815622163
0.5383297901114901 0.8438031815622163
0.5262085779902779 0.8478435856026204
0.5302489820306819 0.8478435856026204
0.534289386071086 0.8478435856026204
0.5181277699094698 0.8518839896430245
0.5221681739498738 0.8518839896430245
0.5262085779902779 0.8518839896430245
0.5140873658690658 0.8559243936834284
0.5181277699094698 0.8559243936834284
0.5221681739498738 0.8559243936834284
0.5060065577882578 0.8599647977238325
0.5100469618286617 0.8599647977238325
0.5140873658690658 0.8599647977238325
0.4979257497074496 0.8640052017642366
0.5019661537478537 0.8640052017642366
0.5060065577882578 0.8640052017642366
0.49388534566704556 0.8680456058046406
0.4979257497074496 0.8680456058046406
0.5019661537478537 0.8680456058046406
0.48580453758623754 0.8720860098450447
0.48984494162664155 0.8720860098450447
0.49388534566704556 0.8720860098450447
0.4777237295054294 0.8761264138854487
0.4817641335458335 0.8761264138854487
0.48580453758623754 0.8761264138854487
0.4696429214246214 0.8801668179258527
0.4736833254650254 0.8801668179258527
0.4777237295054294 0.8801668179258527
0.46156211334381325 0.8842072219662568
0.4656025173842173 0.8842072219662568
0.4696429214246214 0.8842072219662568
0.4534813052630052 0.8882476260066607
0.4575217093034092 0.8882476260066607
0.46156211334381325 0.8882476260066607
0.4656025173842173 0.8882476260066607
0.4454004971821971 0.8922880300470648
0.44944090122260116 0.8922880300470648
0.4534813052630052 0.8922880300470648
0.4575217093034092 0.8922880300470648
0.437319689101389 0.8963284340874689
0.44136009314179303 0.8963284340874689
0.4454004971821971 0.8963284340874689
0.44944090122260116 0.8963284340874689
0.42923888102058094 0.9003688381278729
0.433279285060985 0.9003688381278729
0.437319689101389 0.9003688381278729
0.44136009314179303 0.9003688381278729
0.42115807293977287 0.904409242168277
0.4251984769801769 0.904409242168277
0.42923888102058094 0.904409242168277
0.433279285060985 0.904409242168277
0.4130772648589648 0.9084496462086811
0.41711766889936885 0.9084496462086811
0.42115807293977287 0.9084496462086811
0.4049964567781567 0.912490050249085
0.4090368608185607 0.912490050249085
0.4130772648589648 0.912490050249085
0.39287524465694457 0.9165304542894891
0.39691564869734863 0.9165304542894891
0.40095605273775264 0.9165304542894891
0.4049964567781567 0.9165304542894891
0.3847944365761365 0.920570858329893
0.38883484061654056 0.920570858329893
0.39287524465694457 0.920570858329893
0.39691564869734863 0.920570858329893
0.3767136284953284 0.9246112623702971
0.3807540325357325 0.9246112623702971
0.3847944365761365 0.9246112623702971
0.3645924163741163 0.9286516664107012
0.36863282041452033 0.9286516664107012
0.37267322445492435 0.9286516664107012
0.3767136284953284 0.9286516664107012
0.3524712042529042 0.9326920704511052
0.3565116082933082 0.9326920704511052
0.36055201233371226 0.9326920704511052
0.3645924163741163 0.9326920704511052
0.36863282041452033 0.9326920704511052
0.3443903961720961 0.9367324744915093
0.34843080021250017 0.9367324744915093
0.3524712042529042 0.9367324744915093
0.3565116082933082 0.9367324744915093
0.33226918405088396 0.9407728785319134
0.336309588091288 0.9407728785319134
0.34034999213169204 0.9407728785319134
0.3443903961720961 0.9407728785319134
0.3201479719296718 0.9448132825723174
0.3241883759700759 0.9448132825723174
0.32822878001047995 0.9448132825723174
0.33226918405088396 0.9448132825723174
0.336309588091288 0.9448132825723174
0.3080267598084597 0.9488536866127214
0.3120671638488638 0.9488536866127214
0.3161075678892678 0.9488536866127214
0.3201479719296718 0.9488536866127214
0.3241883759700759 0.9488536866127214
0.29994595172765165 0.9528940906531255
0.30398635576805566 0.9528940906531255
0.3080267598084597 0.9528940906531255
0.3120671638488638 0.9528940906531255
0.29994595172765165 0.9569344946935294
