# x y
0.6635802804983102 0.7629951007541356
0.6352974522154818 0.7872375249965597
0.5746913916094212 0.8316819694410043
0.5948934118114415 0.8316819694410043
0.5302469471649768 0.8761264138854487
0.4858025027205324 0.8882476260066607
0.47368129059932024 0.8922880300470648
0.46560048251851216 0.8963284340874689
0.4171156340336637 0.9246112623702971
0.3888328057508354 0.9326920704511052
0.3969136138316435 0.9326920704511052
0.3807519976700273 0.9407728785319134
0.3605499774680071 0.9488536866127214
0.3322671491851788 0.9528940906531255
0.32014593706396666 0.9569344946935294
0.30802472494275457 0.9609748987339335
0.3282267451447748 0.9609748987339335
0.36459038150841117 0.9609748987339335
