# x y
0.6999588044144167 0.7266314643904992
0.6959184003740126 0.7306718684309033
0.6918779963336087 0.7347122724713073
0.6353123397679521 0.7872375249965597
0.6393527438083562 0.7953183330773679
0.6151103195659319 0.803399141158176
0.6110699155255279 0.819560757319792
0.5949082993639117 0.8316819694410043
0.5221810266366389 0.8640052017642366
0.5019790064346188 0.8801668179258527
0.46157496603057835 0.8963284340874689
0.45349415794977027 0.9003688381278729
0.4454133498689622 0.904409242168277
0.4373325417881541 0.9084496462086811
0.41713052158613395 0.9246112623702971
0.39288809734370966 0.9286516664107012
0.36864567310128543 0.9407728785319134
0.36864567310128543 0.9448132825723174
0.34844365289926527 0.9488536866127214
0.3646052690608814 0.9609748987339335
