# x y
0.6999598198245431 0.7266314643904992
0.6959194157841391 0.7306718684309033
0.691879011743735 0.7347122724713073
0.6474345672992905 0.7751163128753477
0.6353133551780784 0.7872375249965597
0.6151113349760582 0.803399141158176
0.6312729511376745 0.803399141158176
0.598949718814442 0.811479949238984
0.6110709309356541 0.819560757319792
0.5949093147740381 0.8316819694410043
0.5019800218447451 0.8801668179258527
0.4534951733598966 0.9003688381278729
0.4454143652790885 0.904409242168277
0.41713153699626027 0.9246112623702971
0.392889112753836 0.9286516664107012
0.36864668851141175 0.9407728785319134
0.36460628447100774 0.9609748987339335
0.3201618400265632 0.9771365148955498
