# x y
0.6988085600108849 0.698348636107671
0.6947681559704808 0.702389040148075
0.6988085600108849 0.702389040148075
0.6907277519300767 0.706429444188479
0.6947681559704808 0.706429444188479
0.6988085600108849 0.706429444188479
0.6866873478896727 0.710469848228883
0.6907277519300767 0.710469848228883
0.6947681559704808 0.710469848228883
0.6988085600108849 0.710469848228883
0.6826469438492686 0.7145102522692871
0.6866873478896727 0.7145102522692871
0.6907277519300767 0.7145102522692871
0.6947681559704808 0.7145102522692871
0.6988085600108849 0.7145102522692871
0.6786065398088647 0.7185506563096911
0.6826469438492686 0.7185506563096911
0.6866873478896727 0.7185506563096911
0.6907277519300767 0.7185506563096911
0.6947681559704808 0.7185506563096911
0.6988085600108849 0.7185506563096911
0.6745661357684606 0.7225910603500951
0.6786065398088647 0.7225910603500951
0.6826469438492686 0.7225910603500951
0.6866873478896727 0.7225910603500951
0.6907277519300767 0.7225910603500951
0.6947681559704808 0.7225910603500951
0.6988085600108849 0.7225910603500951
0.6705257317280566 0.7266314643904992
0.6745661357684606 0.7266314643904992
0.6786065398088647 0.7266314643904992
0.6826469438492686 0.7266314643904992
0.6866873478896727 0.7266314643904992
0.6907277519300767 0.7266314643904992
0.6947681559704808 0.7266314643904992
0.6988085600108849 0.7266314643904992
0.6624449236472485 0.7306718684309033
0.6664853276876526 0.7306718684309033
0.6705257317280566 0.7306718684309033
0.6745661357684606 0.7306718684309033
0.6786065398088647 0.7306718684309033
0.6826469438492686 0.7306718684309033
0.6866873478896727 0.7306718684309033
0.6907277519300767 0.7306718684309033
0.6947681559704808 0.7306718684309033
0.6988085600108849 0.7306718684309033
0.6584045196068444 0.7347122724713073
0.6624449236472485 0.7347122724713073
0.6664853276876526 0.7347122724713073
0.6705257317280566 0.7347122724713073
0.6745661357684606 0.7347122724713073
0.6786065398088647 0.7347122724713073
0.6826469438492686 0.7347122724713073
0.6866873478896727 0.7347122724713073
0.6907277519300767 0.7347122724713073
0.6947681559704808 0.7347122724713073
0.6543641155664404 0.7387526765117113
0.6584045196068444 0.7387526765117113
0.6624449236472485 0.7387526765117113
0.6664853276876526 0.7387526765117113
0.6705257317280566 0.7387526765117113
0.6745661357684606 0.7387526765117113
0.6786065398088647 0.7387526765117113
0.6826469438492686 0.7387526765117113
0.6866873478896727 0.7387526765117113
0.6907277519300767 0.7387526765117113
0.6503237115260363 0.7427930805521153
0.6543641155664404 0.7427930805521153
0.6584045196068444 0.7427930805521153
0.6624449236472485 0.7427930805521153
0.6664853276876526 0.7427930805521153
0.6705257317280566 0.7427930805521153
0.6745661357684606 0.7427930805521153
0.6786065398088647 0.7427930805521153
0.6826469438492686 0.7427930805521153
0.6866873478896727 0.7427930805521153
0.6462833074856323 0.7468334845925194
0.6503237115260363 0.7468334845925194
0.6543641155664404 0.7468334845925194
0.6584045196068444 0.7468334845925194
0.6624449236472485 0.7468334845925194
0.6664853276876526 0.7468334845925194
0.6705257317280566 0.7468334845925194
0.6745661357684606 0.7468334845925194
0.6786065398088647 0.7468334845925194
0.6826469438492686 0.7468334845925194
0.6422429034452283 0.7508738886329235
0.6462833074856323 0.7508738886329235
0.6503237115260363 0.7508738886329235
0.6543641155664404 0.7508738886329235
0.6584045196068444 0.7508738886329235
0.6624449236472485 0.7508738886329235
0.6664853276876526 0.7508738886329235
0.6705257317280566 0.7508738886329235
0.6745661357684606 0.7508738886329235
0.6382024994048243 0.7549142926733274
0.6422429034452283 0.7549142926733274
0.6462833074856323 0.7549142926733274
0.6503237115260363 0.7549142926733274
0.6543641155664404 0.7549142926733274
0.6584045196068444 0.7549142926733274
0.6624449236472485 0.7549142926733274
0.6664853276876526 0.7549142926733274
0.6705257317280566 0.7549142926733274
0.6745661357684606 0.7549142926733274
0.6301216913240162 0.7589546967137315
0.6341620953644203 0.7589546967137315
0.6382024994048243 0.7589546967137315
0.6422429034452283 0.7589546967137315
0.6462833074856323 0.7589546967137315
0.6503237115260363 0.7589546967137315
0.6543641155664404 0.7589546967137315
0.6584045196068444 0.7589546967137315
0.6624449236472485 0.7589546967137315
0.6664853276876526 0.7589546967137315
0.6260812872836121 0.7629951007541356
0.6301216913240162 0.7629951007541356
0.6341620953644203 0.7629951007541356
0.6382024994048243 0.7629951007541356
0.6422429034452283 0.7629951007541356
0.6462833074856323 0.7629951007541356
0.6503237115260363 0.7629951007541356
0.6543641155664404 0.7629951007541356
0.6584045196068444 0.7629951007541356
0.6624449236472485 0.7629951007541356
0.6664853276876526 0.7629951007541356
0.622040883243208 0.7670355047945396
0.6260812872836121 0.7670355047945396
0.6301216913240162 0.7670355047945396
0.6341620953644203 0.7670355047945396
0.6382024994048243 0.7670355047945396
0.6422429034452283 0.7670355047945396
0.6462833074856323 0.7670355047945396
0.6503237115260363 0.7670355047945396
0.6543641155664404 0.7670355047945396
0.6584045196068444 0.7670355047945396
0.6139600751623999 0.7710759088349436
0.618000479202804 0.7710759088349436
0.622040883243208 0.7710759088349436
0.6260812872836121 0.7710759088349436
0.6301216913240162 0.7710759088349436
0.6341620953644203 0.7710759088349436
0.6382024994048243 0.7710759088349436
0.6422429034452283 0.7710759088349436
0.6462833074856323 0.7710759088349436
0.6503237115260363 0.7710759088349436
0.6543641155664404 0.7710759088349436
0.609919671121996 0.7751163128753477
0.6139600751623999 0.7751163128753477
0.618000479202804 0.7751163128753477
0.622040883243208 0.7751163128753477
0.6260812872836121 0.7751163128753477
0.6301216913240162 0.7751163128753477
0.6341620953644203 0.7751163128753477
0.6382024994048243 0.7751163128753477
0.6422429034452283 0.7751163128753477
0.6462833074856323 0.7751163128753477
0.6503237115260363 0.7751163128753477
0.609919671121996 0.7791567169157517
0.6139600751623999 0.7791567169157517
0.618000479202804 0.7791567169157517
0.622040883243208 0.7791567169157517
0.6260812872836121 0.7791567169157517
0.6301216913240162 0.7791567169157517
0.6341620953644203 0.7791567169157517
0.6382024994048243 0.7791567169157517
0.6422429034452283 0.7791567169157517
0.6018388630411879 0.7831971209561558
0.6058792670815919 0.7831971209561558
0.609919671121996 0.7831971209561558
0.6139600751623999 0.7831971209561558
0.618000479202804 0.7831971209561558
0.622040883243208 0.7831971209561558
0.6260812872836121 0.7831971209561558
0.6301216913240162 0.7831971209561558
0.6341620953644203 0.7831971209561558
0.6382024994048243 0.7831971209561558
0.6422429034452283 0.7831971209561558
0.5937580549603798 0.7872375249965597
0.5977984590007839 0.7872375249965597
0.6018388630411879 0.7872375249965597
0.6058792670815919 0.7872375249965597
0.609919671121996 0.7872375249965597
0.6139600751623999 0.7872375249965597
0.618000479202804 0.7872375249965597
0.622040883243208 0.7872375249965597
0.6260812872836121 0.7872375249965597
0.6301216913240162 0.7872375249965597
0.6341620953644203 0.7872375249965597
0.5897176509199757 0.7912779290369638
0.5937580549603798 0.7912779290369638
0.5977984590007839 0.7912779290369638
0.6018388630411879 0.7912779290369638
0.6058792670815919 0.7912779290369638
0.609919671121996 0.7912779290369638
0.6139600751623999 0.7912779290369638
0.618000479202804 0.7912779290369638
0.622040883243208 0.7912779290369638
0.6260812872836121 0.7912779290369638
0.6301216913240162 0.7912779290369638
0.5856772468795717 0.7953183330773679
0.5897176509199757 0.7953183330773679
0.5937580549603798 0.7953183330773679
0.5977984590007839 0.7953183330773679
0.6018388630411879 0.7953183330773679
0.6058792670815919 0.7953183330773679
0.609919671121996 0.7953183330773679
0.6139600751623999 0.7953183330773679
0.618000479202804 0.7953183330773679
0.622040883243208 0.7953183330773679
0.5775964387987637 0.799358737117772
0.5816368428391676 0.799358737117772
0.5856772468795717 0.799358737117772
0.5897176509199757 0.799358737117772
0.5937580549603798 0.799358737117772
0.5977984590007839 0.799358737117772
0.6018388630411879 0.799358737117772
0.6058792670815919 0.799358737117772
0.609919671121996 0.799358737117772
0.6139600751623999 0.799358737117772
0.618000479202804 0.799358737117772
0.5735560347583596 0.803399141158176
0.5775964387987637 0.803399141158176
0.5816368428391676 0.803399141158176
0.5856772468795717 0.803399141158176
0.5897176509199757 0.803399141158176
0.5937580549603798 0.803399141158176
0.5977984590007839 0.803399141158176
0.6018388630411879 0.803399141158176
0.6058792670815919 0.803399141158176
0.609919671121996 0.803399141158176
0.6139600751623999 0.803399141158176
0.5695156307179556 0.80743954519858
0.5735560347583596 0.80743954519858
0.5775964387987637 0.80743954519858
0.5816368428391676 0.80743954519858
0.5856772468795717 0.80743954519858
0.5897176509199757 0.80743954519858
0.5937580549603798 0.80743954519858
0.5977984590007839 0.80743954519858
0.6018388630411879 0.80743954519858
0.6058792670815919 0.80743954519858
0.609919671121996 0.80743954519858
0.5614348226371475 0.811479949238984
0.5654752266775516 0.811479949238984
0.5695156307179556 0.811479949238984
0.5735560347583596 0.811479949238984
0.5775964387987637 0.811479949238984
0.5816368428391676 0.811479949238984
0.5856772468795717 0.811479949238984
0.5897176509199757 0.811479949238984
0.5937580549603798 0.811479949238984
0.5977984590007839 0.811479949238984
0.6018388630411879 0.811479949238984
0.5573944185967434 0.8155203532793881
0.5614348226371475 0.8155203532793881
0.5654752266775516 0.8155203532793881
0.5695156307179556 0.8155203532793881
0.5735560347583596 0.8155203532793881
0.5775964387987637 0.8155203532793881
0.5816368428391676 0.8155203532793881
0.5856772468795717 0.8155203532793881
0.5897176509199757 0.8155203532793881
0.5937580549603798 0.8155203532793881
0.5977984590007839 0.8155203532793881
0.5493136105159353 0.819560757319792
0.5533540145563394 0.819560757319792
0.5573944185967434 0.819560757319792
0.5614348226371475 0.819560757319792
0.5654752266775516 0.819560757319792
0.5695156307179556 0.819560757319792
0.5735560347583596 0.819560757319792
0.5775964387987637 0.819560757319792
0.5816368428391676 0.819560757319792
0.5856772468795717 0.819560757319792
0.5897176509199757 0.819560757319792
0.5452732064755313 0.8236011613601961
0.5493136105159353 0.8236011613601961
0.5533540145563394 0.8236011613601961
0.5573944185967434 0.8236011613601961
0.5614348226371475 0.8236011613601961
0.5654752266775516 0.8236011613601961
0.5695156307179556 0.8236011613601961
0.5735560347583596 0.8236011613601961
0.5775964387987637 0.8236011613601961
0.5816368428391676 0.8236011613601961
0.5856772468795717 0.8236011613601961
0.5371923983947232 0.8276415654006002
0.5412328024351273 0.8276415654006002
0.5452732064755313 0.8276415654006002
0.5493136105159353 0.8276415654006002
0.5533540145563394 0.8276415654006002
0.5573944185967434 0.8276415654006002
0.5614348226371475 0.8276415654006002
0.5654752266775516 0.8276415654006002
0.5695156307179556 0.8276415654006002
0.5735560347583596 0.8276415654006002
0.5775964387987637 0.8276415654006002
0.5816368428391676 0.8276415654006002
0.5291115903139152 0.8316819694410043
0.5331519943543193 0.8316819694410043
0.5371923983947232 0.8316819694410043
0.5412328024351273 0.8316819694410043
0.5452732064755313 0.8316819694410043
0.5493136105159353 0.8316819694410043
0.5533540145563394 0.8316819694410043
0.5573944185967434 0.8316819694410043
0.5614348226371475 0.8316819694410043
0.5654752266775516 0.8316819694410043
0.5695156307179556 0.8316819694410043
0.5735560347583596 0.8316819694410043
0.5250711862735111 0.8357223734814083
0.5291115903139152 0.8357223734814083
0.5331519943543193 0.8357223734814083
0.5371923983947232 0.8357223734814083
0.5412328024351273 0.8357223734814083
0.5452732064755313 0.8357223734814083
0.5493136105159353 0.8357223734814083
0.5533540145563394 0.8357223734814083
0.5573944185967434 0.8357223734814083
0.5614348226371475 0.8357223734814083
0.5654752266775516 0.8357223734814083
0.5695156307179556 0.8357223734814083
0.516990378192703 0.8397627775218124
0.5210307822331071 0.8397627775218124
0.5250711862735111 0.8397627775218124
0.5291115903139152 0.8397627775218124
0.5331519943543193 0.8397627775218124
0.5371923983947232 0.8397627775218124
0.5412328024351273 0.8397627775218124
0.5452732064755313 0.8397627775218124
0.5493136105159353 0.8397627775218124
0.5533540145563394 0.8397627775218124
0.5573944185967434 0.8397627775218124
0.5614348226371475 0.8397627775218124
0.5129499741522989 0.8438031815622163
0.516990378192703 0.8438031815622163
0.5210307822331071 0.8438031815622163
0.5250711862735111 0.8438031815622163
0.5291115903139152 0.8438031815622163
0.5331519943543193 0.8438031815622163
0.5371923983947232 0.8438031815622163
0.5412328024351273 0.8438031815622163
0.5452732064755313 0.8438031815622163
0.5493136105159353 0.8438031815622163
0.5533540145563394 0.8438031815622163
0.5573944185967434 0.8438031815622163
0.5048691660714909 0.8478435856026204
0.508909570111895 0.8478435856026204
0.5129499741522989 0.8478435856026204
0.516990378192703 0.8478435856026204
0.5210307822331071 0.8478435856026204
0.5250711862735111 0.8478435856026204
0.5291115903139152 0.8478435856026204
0.5331519943543193 0.8478435856026204
0.5371923983947232 0.8478435856026204
0.5412328024351273 0.8478435856026204
0.5452732064755313 0.8478435856026204
0.5493136105159353 0.8478435856026204
0.5008287620310868 0.8518839896430245
0.5048691660714909 0.8518839896430245
0.508909570111895 0.8518839896430245
0.5129499741522989 0.8518839896430245
0.516990378192703 0.8518839896430245
0.5210307822331071 0.8518839896430245
0.5250711862735111 0.8518839896430245
0.5291115903139152 0.8518839896430245
0.5331519943543193 0.8518839896430245
0.5371923983947232 0.8518839896430245
0.5412328024351273 0.8518839896430245
0.5452732064755313 0.8518839896430245
0.4927479539502788 0.8559243936834284
0.4967883579906828 0.8559243936834284
0.5008287620310868 0.8559243936834284
0.5048691660714909 0.8559243936834284
0.508909570111895 0.8559243936834284
0.5129499741522989 0.8559243936834284
0.516990378192703 0.8559243936834284
0.5210307822331071 0.8559243936834284
0.5250711862735111 0.8559243936834284
0.5291115903139152 0.8559243936834284
0.5331519943543193 0.8559243936834284
0.5371923983947232 0.8559243936834284
0.4846671458694707 0.8599647977238325
0.48870754990987475 0.8599647977238325
0.4927479539502788 0.8599647977238325
0.4967883579906828 0.8599647977238325
0.5008287620310868 0.8599647977238325
0.5048691660714909 0.8599647977238325
0.508909570111895 0.8599647977238325
0.5129499741522989 0.8599647977238325
0.516990378192703 0.8599647977238325
0.5210307822331071 0.8599647977238325
0.5250711862735111 0.8599647977238325
0.5291115903139152 0.8599647977238325
0.5331519943543193 0.8599647977238325
0.47658633778866266 0.8640052017642366
0.4806267418290667 0.8640052017642366
0.4846671458694707 0.8640052017642366
0.48870754990987475 0.8640052017642366
0.4927479539502788 0.8640052017642366
0.4967883579906828 0.8640052017642366
0.5008287620310868 0.8640052017642366
0.5048691660714909 0.8640052017642366
0.508909570111895 0.8640052017642366
0.5129499741522989 0.8640052017642366
0.516990378192703 0.8640052017642366
0.5210307822331071 0.8640052017642366
0.5250711862735111 0.8640052017642366
0.46850552970785453 0.8680456058046406
0.4725459337482586 0.8680456058046406
0.47658633778866266 0.8680456058046406
0.4806267418290667 0.8680456058046406
0.4846671458694707 0.8680456058046406
0.48870754990987475 0.8680456058046406
0.4927479539502788 0.8680456058046406
0.4967883579906828 0.8680456058046406
0.5008287620310868 0.8680456058046406
0.5048691660714909 0.8680456058046406
0.508909570111895 0.8680456058046406
0.5129499741522989 0.8680456058046406
0.516990378192703 0.8680456058046406
0.4644651256674505 0.8720860098450447
0.46850552970785453 0.8720860098450447
0.4725459337482586 0.8720860098450447
0.47658633778866266 0.8720860098450447
0.4806267418290667 0.8720860098450447
0.4846671458694707 0.8720860098450447
0.48870754990987475 0.8720860098450447
0.4927479539502788 0.8720860098450447
0.4967883579906828 0.8720860098450447
0.5008287620310868 0.8720860098450447
0.5048691660714909 0.8720860098450447
0.508909570111895 0.8720860098450447
0.5129499741522989 0.8720860098450447
0.4523439135462384 0.8761264138854487
0.45638431758664244 0.8761264138854487
0.46042472162704645 0.8761264138854487
0.4644651256674505 0.8761264138854487
0.46850552970785453 0.8761264138854487
0.4725459337482586 0.8761264138854487
0.47658633778866266 0.8761264138854487
0.4806267418290667 0.8761264138854487
0.4846671458694707 0.8761264138854487
0.48870754990987475 0.8761264138854487
0.4927479539502788 0.8761264138854487
0.4967883579906828 0.8761264138854487
0.5008287620310868 0.8761264138854487
0.5048691660714909 0.8761264138854487
0.4483035095058343 0.8801668179258527
0.4523439135462384 0.8801668179258527
0.45638431758664244 0.8801668179258527
0.46042472162704645 0.8801668179258527
0.4644651256674505 0.8801668179258527
0.46850552970785453 0.8801668179258527
0.4725459337482586 0.8801668179258527
0.47658633778866266 0.8801668179258527
0.4806267418290667 0.8801668179258527
0.4846671458694707 0.8801668179258527
0.48870754990987475 0.8801668179258527
0.4927479539502788 0.8801668179258527
0.4967883579906828 0.8801668179258527
0.4402227014250263 0.8842072219662568
0.4442631054654303 0.8842072219662568
0.4483035095058343 0.8842072219662568
0.4523439135462384 0.8842072219662568
0.45638431758664244 0.8842072219662568
0.46042472162704645 0.8842072219662568
0.4644651256674505 0.8842072219662568
0.46850552970785453 0.8842072219662568
0.4725459337482586 0.8842072219662568
0.47658633778866266 0.8842072219662568
0.4806267418290667 0.8842072219662568
0.4846671458694707 0.8842072219662568
0.48870754990987475 0.8842072219662568
0.42810148930381414 0.8882476260066607
0.43214189334421815 0.8882476260066607
0.4361822973846222 0.8882476260066607
0.4402227014250263 0.8882476260066607
0.4442631054654303 0.8882476260066607
0.4483035095058343 0.8882476260066607
0.4523439135462384 0.8882476260066607
0.45638431758664244 0.8882476260066607
0.46042472162704645 0.8882476260066607
0.4644651256674505 0.8882476260066607
0.46850552970785453 0.8882476260066607
0.4725459337482586 0.8882476260066607
0.47658633778866266 0.8882476260066607
0.4806267418290667 0.8882476260066607
0.42406108526341013 0.8922880300470648
0.42810148930381414 0.8922880300470648
0.43214189334421815 0.8922880300470648
0.4361822973846222 0.8922880300470648
0.4402227014250263 0.8922880300470648
0.4442631054654303 0.8922880300470648
0.4483035095058343 0.8922880300470648
0.4523439135462384 0.8922880300470648
0.45638431758664244 0.8922880300470648
0.46042472162704645 0.8922880300470648
0.4644651256674505 0.8922880300470648
0.46850552970785453 0.8922880300470648
0.4725459337482586 0.8922880300470648
0.47658633778866266 0.8922880300470648
0.411939873142198 0.8963284340874689
0.415980277182602 0.8963284340874689
0.42002068122300606 0.8963284340874689
0.42406108526341013 0.8963284340874689
0.42810148930381414 0.8963284340874689
0.43214189334421815 0.8963284340874689
0.4361822973846222 0.8963284340874689
0.4402227014250263 0.8963284340874689
0.4442631054654303 0.8963284340874689
0.4483035095058343 0.8963284340874689
0.4523439135462384 0.8963284340874689
0.45638431758664244 0.8963284340874689
0.46042472162704645 0.8963284340874689
0.4644651256674505 0.8963284340874689
0.46850552970785453 0.8963284340874689
0.4038590650613899 0.9003688381278729
0.4078994691017939 0.9003688381278729
0.411939873142198 0.9003688381278729
0.415980277182602 0.9003688381278729
0.42002068122300606 0.9003688381278729
0.42406108526341013 0.9003688381278729
0.42810148930381414 0.9003688381278729
0.43214189334421815 0.9003688381278729
0.4361822973846222 0.9003688381278729
0.4402227014250263 0.9003688381278729
0.4442631054654303 0.9003688381278729
0.4483035095058343 0.9003688381278729
0.4523439135462384 0.9003688381278729
0.45638431758664244 0.9003688381278729
0.46042472162704645 0.9003688381278729
0.39577825698058183 0.904409242168277
0.39981866102098584 0.904409242168277
0.4038590650613899 0.904409242168277
0.4078994691017939 0.904409242168277
0.411939873142198 0.904409242168277
0.415980277182602 0.904409242168277
0.42002068122300606 0.904409242168277
0.42406108526341013 0.904409242168277
0.42810148930381414 0.904409242168277
0.43214189334421815 0.904409242168277
0.4361822973846222 0.904409242168277
0.4402227014250263 0.904409242168277
0.4442631054654303 0.904409242168277
0.4483035095058343 0.904409242168277
0.4523439135462384 0.904409242168277
0.3836570448593697 0.9084496462086811
0.38769744889977376 0.9084496462086811
0.39173785294017777 0.9084496462086811
0.39577825698058183 0.9084496462086811
0.39981866102098584 0.9084496462086811
0.4038590650613899 0.9084496462086811
0.4078994691017939 0.9084496462086811
0.411939873142198 0.9084496462086811
0.415980277182602 0.9084496462086811
0.42002068122300606 0.9084496462086811
0.42406108526341013 0.9084496462086811
0.42810148930381414 0.9084496462086811
0.43214189334421815 0.9084496462086811
0.4361822973846222 0.9084496462086811
0.4402227014250263 0.9084496462086811
0.4442631054654303 0.9084496462086811
0.3755762367785616 0.912490050249085
0.3796166408189656 0.912490050249085
0.3836570448593697 0.912490050249085
0.38769744889977376 0.912490050249085
0.39173785294017777 0.912490050249085
0.39577825698058183 0.912490050249085
0.39981866102098584 0.912490050249085
0.4038590650613899 0.912490050249085
0.4078994691017939 0.912490050249085
0.411939873142198 0.912490050249085
0.415980277182602 0.912490050249085
0.42002068122300606 0.912490050249085
0.42406108526341013 0.912490050249085
0.42810148930381414 0.912490050249085
0.43214189334421815 0.912490050249085
0.4361822973846222 0.912490050249085
0.36749542869775353 0.9165304542894891
0.3715358327381576 0.9165304542894891
0.3755762367785616 0.9165304542894891
0.3796166408189656 0.9165304542894891
0.3836570448593697 0.9165304542894891
0.38769744889977376 0.9165304542894891
0.39173785294017777 0.9165304542894891
0.39577825698058183 0.9165304542894891
0.39981866102098584 0.9165304542894891
0.4038590650613899 0.9165304542894891
0.4078994691017939 0.9165304542894891
0.411939873142198 0.9165304542894891
0.415980277182602 0.9165304542894891
0.42002068122300606 0.9165304542894891
0.42406108526341013 0.9165304542894891
0.42810148930381414 0.9165304542894891
0.35537421657654145 0.920570858329893
0.35941462061694546 0.920570858329893
0.36345502465734947 0.920570858329893
0.36749542869775353 0.920570858329893
0.3715358327381576 0.920570858329893
0.3755762367785616 0.920570858329893
0.3796166408189656 0.920570858329893
0.3836570448593697 0.920570858329893
0.38769744889977376 0.920570858329893
0.39173785294017777 0.920570858329893
0.39577825698058183 0.920570858329893
0.39981866102098584 0.920570858329893
0.4038590650613899 0.920570858329893
0.4078994691017939 0.920570858329893
0.411939873142198 0.920570858329893
0.415980277182602 0.920570858329893
0.42002068122300606 0.920570858329893
0.3432530044553293 0.9246112623702971
0.3472934084957333 0.9246112623702971
0.3513338125361374 0.9246112623702971
0.35537421657654145 0.9246112623702971
0.35941462061694546 0.9246112623702971
0.36345502465734947 0.9246112623702971
0.36749542869775353 0.9246112623702971
0.3715358327381576 0.9246112623702971
0.3755762367785616 0.9246112623702971
0.3796166408189656 0.9246112623702971
0.3836570448593697 0.9246112623702971
0.38769744889977376 0.9246112623702971
0.39173785294017777 0.9246112623702971
0.39577825698058183 0.9246112623702971
0.39981866102098584 0.9246112623702971
0.4038590650613899 0.9246112623702971
0.4078994691017939 0.9246112623702971
0.411939873142198 0.9246112623702971
0.33113179233411716 0.9286516664107012
0.3351721963745212 0.9286516664107012
0.33921260041492524 0.9286516664107012
0.3432530044553293 0.9286516664107012
0.3472934084957333 0.9286516664107012
0.3513338125361374 0.9286516664107012
0.35537421657654145 0.9286516664107012
0.35941462061694546 0.9286516664107012
0.36345502465734947 0.9286516664107012
0.36749542869775353 0.9286516664107012
0.3715358327381576 0.9286516664107012
0.3755762367785616 0.9286516664107012
0.3796166408189656 0.9286516664107012
0.3836570448593697 0.9286516664107012
0.38769744889977376 0.9286516664107012
0.39173785294017777 0.9286516664107012
0.39577825698058183 0.9286516664107012
0.39981866102098584 0.9286516664107012
0.3230509842533091 0.9326920704511052
0.32709138829371315 0.9326920704511052
0.33113179233411716 0.9326920704511052
0.3351721963745212 0.9326920704511052
0.33921260041492524 0.9326920704511052
0.3432530044553293 0.9326920704511052
0.3472934084957333 0.9326920704511052
0.3513338125361374 0.9326920704511052
0.35537421657654145 0.9326920704511052
0.35941462061694546 0.9326920704511052
0.36345502465734947 0.9326920704511052
0.36749542869775353 0.9326920704511052
0.3715358327381576 0.9326920704511052
0.3755762367785616 0.9326920704511052
0.3796166408189656 0.9326920704511052
0.3836570448593697 0.9326920704511052
0.38769744889977376 0.9326920704511052
0.39173785294017777 0.9326920704511052
0.31092977213209694 0.9367324744915093
0.314970176172501 0.9367324744915093
0.31901058021290507 0.9367324744915093
0.3230509842533091 0.9367324744915093
0.32709138829371315 0.9367324744915093
0.33113179233411716 0.9367324744915093
0.3351721963745212 0.9367324744915093
0.33921260041492524 0.9367324744915093
0.3432530044553293 0.9367324744915093
0.3472934084957333 0.9367324744915093
0.3513338125361374 0.9367324744915093
0.35537421657654145 0.9367324744915093
0.35941462061694546 0.9367324744915093
0.36345502465734947 0.9367324744915093
0.36749542869775353 0.9367324744915093
0.3715358327381576 0.9367324744915093
0.3755762367785616 0.9367324744915093
0.3796166408189656 0.9367324744915093
0.29880856001088485 0.9407728785319134
0.3028489640512889 0.9407728785319134
0.3068893680916929 0.9407728785319134
0.31092977213209694 0.9407728785319134
0.314970176172501 0.9407728785319134
0.31901058021290507 0.9407728785319134
0.3230509842533091 0.9407728785319134
0.32709138829371315 0.9407728785319134
0.33113179233411716 0.9407728785319134
0.3351721963745212 0.9407728785319134
0.33921260041492524 0.9407728785319134
0.3432530044553293 0.9407728785319134
0.3472934084957333 0.9407728785319134
0.3513338125361374 0.9407728785319134
0.35537421657654145 0.9407728785319134
0.35941462061694546 0.9407728785319134
0.36345502465734947 0.9407728785319134
0.36749542869775353 0.9407728785319134
0.3715358327381576 0.9407728785319134
0.29880856001088485 0.9448132825723174
0.3028489640512889 0.9448132825723174
0.3068893680916929 0.9448132825723174
0.31092977213209694 0.9448132825723174
0.314970176172501 0.9448132825723174
0.31901058021290507 0.9448132825723174
0.3230509842533091 0.9448132825723174
0.32709138829371315 0.9448132825723174
0.33113179233411716 0.9448132825723174
0.3351721963745212 0.9448132825723174
0.33921260041492524 0.9448132825723174
0.3432530044553293 0.9448132825723174
0.3472934084957333 0.9448132825723174
0.3513338125361374 0.9448132825723174
0.35537421657654145 0.9448132825723174
0.35941462061694546 0.9448132825723174
0.29880856001088485 0.9488536866127214
0.3028489640512889 0.9488536866127214
0.3068893680916929 0.9488536866127214
0.31092977213209694 0.9488536866127214
0.314970176172501 0.9488536866127214
0.31901058021290507 0.9488536866127214
0.3230509842533091 0.9488536866127214
0.32709138829371315 0.9488536866127214
0.33113179233411716 0.9488536866127214
0.3351721963745212 0.9488536866127214
0.33921260041492524 0.9488536866127214
0.3432530044553293 0.9488536866127214
0.3472934084957333 0.9488536866127214
0.3513338125361374 0.9488536866127214
0.29880856001088485 0.9528940906531255
0.3028489640512889 0.9528940906531255
0.3068893680916929 0.9528940906531255
0.31092977213209694 0.9528940906531255
0.314970176172501 0.9528940906531255
0.31901058021290507 0.9528940906531255
0.3230509842533091 0.9528940906531255
0.32709138829371315 0.9528940906531255
0.33113179233411716 0.9528940906531255
0.3351721963745212 0.9528940906531255
0.33921260041492524 0.9528940906531255
0.29880856001088485 0.9569344946935294
0.3028489640512889 0.9569344946935294
0.3068893680916929 0.9569344946935294
0.31092977213209694 0.9569344946935294
0.314970176172501 0.9569344946935294
0.31901058021290507 0.9569344946935294
0.3230509842533091 0.9569344946935294
0.32709138829371315 0.9569344946935294
0.29880856001088485 0.9609748987339335
0.3028489640512889 0.9609748987339335
0.3068893680916929 0.9609748987339335
0.31092977213209694 0.9609748987339335
0.314970176172501 0.9609748987339335
0.31901058021290507 0.9609748987339335
0.29880856001088485 0.9650153027743376
0.3028489640512889 0.9650153027743376
