# x y
0.6944641583820919 0.6943082320672669
0.6944641583820919 0.698348636107671
0.6904237543416878 0.702389040148075
0.6944641583820919 0.702389040148075
0.6863833503012838 0.706429444188479
0.6904237543416878 0.706429444188479
0.6944641583820919 0.706429444188479
0.6823429462608798 0.710469848228883
0.6863833503012838 0.710469848228883
0.6904237543416878 0.710469848228883
0.6944641583820919 0.710469848228883
0.6621409260588595 0.7145102522692871
0.6783025422204757 0.7145102522692871
0.6823429462608798 0.7145102522692871
0.6863833503012838 0.7145102522692871
0.6904237543416878 0.7145102522692871
0.6944641583820919 0.7145102522692871
0.6742621381800717 0.7185506563096911
0.6783025422204757 0.7185506563096911
0.6823429462608798 0.7185506563096911
0.6863833503012838 0.7185506563096911
0.6904237543416878 0.7185506563096911
0.6944641583820919 0.7185506563096911
0.6661813300992636 0.7225910603500951
0.6702217341396677 0.7225910603500951
0.6742621381800717 0.7225910603500951
0.6783025422204757 0.7225910603500951
0.6823429462608798 0.7225910603500951
0.6863833503012838 0.7225910603500951
0.6904237543416878 0.7225910603500951
0.6944641583820919 0.7225910603500951
0.6621409260588595 0.7266314643904992
0.6661813300992636 0.7266314643904992
0.6702217341396677 0.7266314643904992
0.6742621381800717 0.7266314643904992
0.6783025422204757 0.7266314643904992
0.6823429462608798 0.7266314643904992
0.6863833503012838 0.7266314643904992
0.6904237543416878 0.7266314643904992
0.6944641583820919 0.7266314643904992
0.6581005220184555 0.7306718684309033
0.6621409260588595 0.7306718684309033
0.6661813300992636 0.7306718684309033
0.6702217341396677 0.7306718684309033
0.6742621381800717 0.7306718684309033
0.6783025422204757 0.7306718684309033
0.6823429462608798 0.7306718684309033
0.6863833503012838 0.7306718684309033
0.6904237543416878 0.7306718684309033
0.6944641583820919 0.7306718684309033
0.6540601179780514 0.7347122724713073
0.6581005220184555 0.7347122724713073
0.6621409260588595 0.7347122724713073
0.6661813300992636 0.7347122724713073
0.6702217341396677 0.7347122724713073
0.6742621381800717 0.7347122724713073
0.6783025422204757 0.7347122724713073
0.6823429462608798 0.7347122724713073
0.6863833503012838 0.7347122724713073
0.6904237543416878 0.7347122724713073
0.6500197139376475 0.7387526765117113
0.6540601179780514 0.7387526765117113
0.6581005220184555 0.7387526765117113
0.6621409260588595 0.7387526765117113
0.6661813300992636 0.7387526765117113
0.6702217341396677 0.7387526765117113
0.6742621381800717 0.7387526765117113
0.6783025422204757 0.7387526765117113
0.6823429462608798 0.7387526765117113
0.6863833503012838 0.7387526765117113
0.6419389058568394 0.7427930805521153
0.6459793098972434 0.7427930805521153
0.6500197139376475 0.7427930805521153
0.6540601179780514 0.7427930805521153
0.6581005220184555 0.7427930805521153
0.6621409260588595 0.7427930805521153
0.6661813300992636 0.7427930805521153
0.6702217341396677 0.7427930805521153
0.6742621381800717 0.7427930805521153
0.6783025422204757 0.7427930805521153
0.6823429462608798 0.7427930805521153
0.6378985018164354 0.7468334845925194
0.6419389058568394 0.7468334845925194
0.6459793098972434 0.7468334845925194
0.6500197139376475 0.7468334845925194
0.6540601179780514 0.7468334845925194
0.6581005220184555 0.7468334845925194
0.6621409260588595 0.7468334845925194
0.6661813300992636 0.7468334845925194
0.6702217341396677 0.7468334845925194
0.6742621381800717 0.7468334845925194
0.6783025422204757 0.7468334845925194
0.6338580977760313 0.7508738886329235
0.6378985018164354 0.7508738886329235
0.6419389058568394 0.7508738886329235
0.6459793098972434 0.7508738886329235
0.6500197139376475 0.7508738886329235
0.6540601179780514 0.7508738886329235
0.6581005220184555 0.7508738886329235
0.6621409260588595 0.7508738886329235
0.6661813300992636 0.7508738886329235
0.6702217341396677 0.7508738886329235
0.6742621381800717 0.7508738886329235
0.6298176937356272 0.7549142926733274
0.6338580977760313 0.7549142926733274
0.6378985018164354 0.7549142926733274
0.6419389058568394 0.7549142926733274
0.6459793098972434 0.7549142926733274
0.6500197139376475 0.7549142926733274
0.6540601179780514 0.7549142926733274
0.6581005220184555 0.7549142926733274
0.6621409260588595 0.7549142926733274
0.6661813300992636 0.7549142926733274
0.6702217341396677 0.7549142926733274
0.6257772896952232 0.7589546967137315
0.6298176937356272 0.7589546967137315
0.6338580977760313 0.7589546967137315
0.6378985018164354 0.7589546967137315
0.6419389058568394 0.7589546967137315
0.6459793098972434 0.7589546967137315
0.6500197139376475 0.7589546967137315
0.6540601179780514 0.7589546967137315
0.6581005220184555 0.7589546967137315
0.6621409260588595 0.7589546967137315
0.6661813300992636 0.7589546967137315
0.617696481614415 0.7629951007541356
0.6217368856548191 0.7629951007541356
0.6257772896952232 0.7629951007541356
0.6298176937356272 0.7629951007541356
0.6338580977760313 0.7629951007541356
0.6378985018164354 0.7629951007541356
0.6419389058568394 0.7629951007541356
0.6459793098972434 0.7629951007541356
0.6500197139376475 0.7629951007541356
0.6540601179780514 0.7629951007541356
0.6581005220184555 0.7629951007541356
0.6621409260588595 0.7629951007541356
0.6136560775740111 0.7670355047945396
0.617696481614415 0.7670355047945396
0.6217368856548191 0.7670355047945396
0.6257772896952232 0.7670355047945396
0.6298176937356272 0.7670355047945396
0.6338580977760313 0.7670355047945396
0.6378985018164354 0.7670355047945396
0.6419389058568394 0.7670355047945396
0.6459793098972434 0.7670355047945396
0.6500197139376475 0.7670355047945396
0.6540601179780514 0.7670355047945396
0.6581005220184555 0.7670355047945396
0.609615673533607 0.7710759088349436
0.6136560775740111 0.7710759088349436
0.617696481614415 0.7710759088349436
0.6217368856548191 0.7710759088349436
0.6257772896952232 0.7710759088349436
0.6298176937356272 0.7710759088349436
0.6338580977760313 0.7710759088349436
0.6378985018164354 0.7710759088349436
0.6419389058568394 0.7710759088349436
0.6459793098972434 0.7710759088349436
0.6500197139376475 0.7710759088349436
0.601534865452799 0.7751163128753477
0.6055752694932031 0.7751163128753477
0.609615673533607 0.7751163128753477
0.6136560775740111 0.7751163128753477
0.617696481614415 0.7751163128753477
0.6217368856548191 0.7751163128753477
0.6257772896952232 0.7751163128753477
0.6298176937356272 0.7751163128753477
0.6338580977760313 0.7751163128753477
0.6378985018164354 0.7751163128753477
0.6419389058568394 0.7751163128753477
0.6459793098972434 0.7751163128753477
0.5974944614123949 0.7791567169157517
0.601534865452799 0.7791567169157517
0.6055752694932031 0.7791567169157517
0.609615673533607 0.7791567169157517
0.6136560775740111 0.7791567169157517
0.617696481614415 0.7791567169157517
0.6217368856548191 0.7791567169157517
0.6257772896952232 0.7791567169157517
0.6298176937356272 0.7791567169157517
0.6338580977760313 0.7791567169157517
0.6378985018164354 0.7791567169157517
0.6419389058568394 0.7791567169157517
0.5894136533315868 0.7831971209561558
0.5934540573719909 0.7831971209561558
0.5974944614123949 0.7831971209561558
0.601534865452799 0.7831971209561558
0.6055752694932031 0.7831971209561558
0.609615673533607 0.7831971209561558
0.6136560775740111 0.7831971209561558
0.617696481614415 0.7831971209561558
0.6217368856548191 0.7831971209561558
0.6257772896952232 0.7831971209561558
0.6298176937356272 0.7831971209561558
0.6338580977760313 0.7831971209561558
0.6378985018164354 0.7831971209561558
0.5853732492911827 0.7872375249965597
0.5894136533315868 0.7872375249965597
0.5934540573719909 0.7872375249965597
0.5974944614123949 0.7872375249965597
0.601534865452799 0.7872375249965597
0.6055752694932031 0.7872375249965597
0.609615673533607 0.7872375249965597
0.6136560775740111 0.7872375249965597
0.617696481614415 0.7872375249965597
0.6217368856548191 0.7872375249965597
0.6257772896952232 0.7872375249965597
0.6298176937356272 0.7872375249965597
0.6338580977760313 0.7872375249965597
0.5772924412103747 0.7912779290369638
0.5813328452507788 0.7912779290369638
0.5853732492911827 0.7912779290369638
0.5894136533315868 0.7912779290369638
0.5934540573719909 0.7912779290369638
0.5974944614123949 0.7912779290369638
0.601534865452799 0.7912779290369638
0.6055752694932031 0.7912779290369638
0.609615673533607 0.7912779290369638
0.6136560775740111 0.7912779290369638
0.617696481614415 0.7912779290369638
0.6217368856548191 0.7912779290369638
0.6257772896952232 0.7912779290369638
0.6298176937356272 0.7912779290369638
0.5732520371699708 0.7953183330773679
0.5772924412103747 0.7953183330773679
0.5813328452507788 0.7953183330773679
0.5853732492911827 0.7953183330773679
0.5894136533315868 0.7953183330773679
0.5934540573719909 0.7953183330773679
0.5974944614123949 0.7953183330773679
0.601534865452799 0.7953183330773679
0.6055752694932031 0.7953183330773679
0.609615673533607 0.7953183330773679
0.6136560775740111 0.7953183330773679
0.617696481614415 0.7953183330773679
0.6217368856548191 0.7953183330773679
0.5692116331295667 0.799358737117772
0.5732520371699708 0.799358737117772
0.5772924412103747 0.799358737117772
0.5813328452507788 0.799358737117772
0.5853732492911827 0.799358737117772
0.5894136533315868 0.799358737117772
0.5934540573719909 0.799358737117772
0.5974944614123949 0.799358737117772
0.601534865452799 0.799358737117772
0.6055752694932031 0.799358737117772
0.609615673533607 0.799358737117772
0.6136560775740111 0.799358737117772
0.617696481614415 0.799358737117772
0.5611308250487586 0.803399141158176
0.5651712290891626 0.803399141158176
0.5692116331295667 0.803399141158176
0.5732520371699708 0.803399141158176
0.5772924412103747 0.803399141158176
0.5813328452507788 0.803399141158176
0.5853732492911827 0.803399141158176
0.5894136533315868 0.803399141158176
0.5934540573719909 0.803399141158176
0.5974944614123949 0.803399141158176
0.601534865452799 0.803399141158176
0.6055752694932031 0.803399141158176
0.609615673533607 0.803399141158176
0.6136560775740111 0.803399141158176
0.5530500169679504 0.80743954519858
0.5570904210083545 0.80743954519858
0.5611308250487586 0.80743954519858
0.5651712290891626 0.80743954519858
0.5692116331295667 0.80743954519858
0.5732520371699708 0.80743954519858
0.5772924412103747 0.80743954519858
0.5813328452507788 0.80743954519858
0.5853732492911827 0.80743954519858
0.5894136533315868 0.80743954519858
0.5934540573719909 0.80743954519858
0.5974944614123949 0.80743954519858
0.601534865452799 0.80743954519858
0.6055752694932031 0.80743954519858
0.609615673533607 0.80743954519858
0.5490096129275464 0.811479949238984
0.5530500169679504 0.811479949238984
0.5570904210083545 0.811479949238984
0.5611308250487586 0.811479949238984
0.5651712290891626 0.811479949238984
0.5692116331295667 0.811479949238984
0.5732520371699708 0.811479949238984
0.5772924412103747 0.811479949238984
0.5813328452507788 0.811479949238984
0.5853732492911827 0.811479949238984
0.5894136533315868 0.811479949238984
0.5934540573719909 0.811479949238984
0.5974944614123949 0.811479949238984
0.601534865452799 0.811479949238984
0.6055752694932031 0.811479949238984
0.5449692088871424 0.8155203532793881
0.5490096129275464 0.8155203532793881
0.5530500169679504 0.8155203532793881
0.5570904210083545 0.8155203532793881
0.5611308250487586 0.8155203532793881
0.5651712290891626 0.8155203532793881
0.5692116331295667 0.8155203532793881
0.5732520371699708 0.8155203532793881
0.5772924412103747 0.8155203532793881
0.5813328452507788 0.8155203532793881
0.5853732492911827 0.8155203532793881
0.5894136533315868 0.8155203532793881
0.5934540573719909 0.8155203532793881
0.5974944614123949 0.8155203532793881
0.5368884008063344 0.819560757319792
0.5409288048467383 0.819560757319792
0.5449692088871424 0.819560757319792
0.5490096129275464 0.819560757319792
0.5530500169679504 0.819560757319792
0.5570904210083545 0.819560757319792
0.5611308250487586 0.819560757319792
0.5651712290891626 0.819560757319792
0.5692116331295667 0.819560757319792
0.5732520371699708 0.819560757319792
0.5772924412103747 0.819560757319792
0.5813328452507788 0.819560757319792
0.5853732492911827 0.819560757319792
0.5894136533315868 0.819560757319792
0.5934540573719909 0.819560757319792
0.5247671886851222 0.8236011613601961
0.5288075927255262 0.8236011613601961
0.5328479967659303 0.8236011613601961
0.5368884008063344 0.8236011613601961
0.5409288048467383 0.8236011613601961
0.5449692088871424 0.8236011613601961
0.5490096129275464 0.8236011613601961
0.5530500169679504 0.8236011613601961
0.5570904210083545 0.8236011613601961
0.5611308250487586 0.8236011613601961
0.5651712290891626 0.8236011613601961
0.5692116331295667 0.8236011613601961
0.5732520371699708 0.8236011613601961
0.5772924412103747 0.8236011613601961
0.5813328452507788 0.8236011613601961
0.5853732492911827 0.8236011613601961
0.5207267846447181 0.8276415654006002
0.5247671886851222 0.8276415654006002
0.5288075927255262 0.8276415654006002
0.5328479967659303 0.8276415654006002
0.5368884008063344 0.8276415654006002
0.5409288048467383 0.8276415654006002
0.5449692088871424 0.8276415654006002
0.5490096129275464 0.8276415654006002
0.5530500169679504 0.8276415654006002
0.5570904210083545 0.8276415654006002
0.5611308250487586 0.8276415654006002
0.5651712290891626 0.8276415654006002
0.5692116331295667 0.8276415654006002
0.5732520371699708 0.8276415654006002
0.5772924412103747 0.8276415654006002
0.5813328452507788 0.8276415654006002
0.516686380604314 0.8316819694410043
0.5207267846447181 0.8316819694410043
0.5247671886851222 0.8316819694410043
0.5288075927255262 0.8316819694410043
0.5328479967659303 0.8316819694410043
0.5368884008063344 0.8316819694410043
0.5409288048467383 0.8316819694410043
0.5449692088871424 0.8316819694410043
0.5490096129275464 0.8316819694410043
0.5530500169679504 0.8316819694410043
0.5570904210083545 0.8316819694410043
0.5611308250487586 0.8316819694410043
0.5651712290891626 0.8316819694410043
0.5692116331295667 0.8316819694410043
0.5732520371699708 0.8316819694410043
0.5772924412103747 0.8316819694410043
0.508605572523506 0.8357223734814083
0.5126459765639101 0.8357223734814083
0.516686380604314 0.8357223734814083
0.5207267846447181 0.8357223734814083
0.5247671886851222 0.8357223734814083
0.5288075927255262 0.8357223734814083
0.5328479967659303 0.8357223734814083
0.5368884008063344 0.8357223734814083
0.5409288048467383 0.8357223734814083
0.5449692088871424 0.8357223734814083
0.5490096129275464 0.8357223734814083
0.5530500169679504 0.8357223734814083
0.5570904210083545 0.8357223734814083
0.5611308250487586 0.8357223734814083
0.5651712290891626 0.8357223734814083
0.5692116331295667 0.8357223734814083
0.504565168483102 0.8397627775218124
0.508605572523506 0.8397627775218124
0.5126459765639101 0.8397627775218124
0.516686380604314 0.8397627775218124
0.5207267846447181 0.8397627775218124
0.5247671886851222 0.8397627775218124
0.5288075927255262 0.8397627775218124
0.5328479967659303 0.8397627775218124
0.5368884008063344 0.8397627775218124
0.5409288048467383 0.8397627775218124
0.5449692088871424 0.8397627775218124
0.5490096129275464 0.8397627775218124
0.5530500169679504 0.8397627775218124
0.5570904210083545 0.8397627775218124
0.5611308250487586 0.8397627775218124
0.5651712290891626 0.8397627775218124
0.49648436040229393 0.8438031815622163
0.500524764442698 0.8438031815622163
0.504565168483102 0.8438031815622163
0.508605572523506 0.8438031815622163
0.5126459765639101 0.8438031815622163
0.516686380604314 0.8438031815622163
0.5207267846447181 0.8438031815622163
0.5247671886851222 0.8438031815622163
0.5288075927255262 0.8438031815622163
0.5328479967659303 0.8438031815622163
0.5368884008063344 0.8438031815622163
0.5409288048467383 0.8438031815622163
0.5449692088871424 0.8438031815622163
0.5490096129275464 0.8438031815622163
0.5530500169679504 0.8438031815622163
0.5570904210083545 0.8438031815622163
0.5611308250487586 0.8438031815622163
0.4884035523214858 0.8478435856026204
0.49244395636188987 0.8478435856026204
0.49648436040229393 0.8478435856026204
0.500524764442698 0.8478435856026204
0.504565168483102 0.8478435856026204
0.508605572523506 0.8478435856026204
0.5126459765639101 0.8478435856026204
0.516686380604314 0.8478435856026204
0.5207267846447181 0.8478435856026204
0.5247671886851222 0.8478435856026204
0.5288075927255262 0.8478435856026204
0.5328479967659303 0.8478435856026204
0.5368884008063344 0.8478435856026204
0.5409288048467383 0.8478435856026204
0.5449692088871424 0.8478435856026204
0.5490096129275464 0.8478435856026204
0.5530500169679504 0.8478435856026204
0.4762823402002737 0.8518839896430245
0.4803227442406778 0.8518839896430245
0.4843631482810818 0.8518839896430245
0.4884035523214858 0.8518839896430245
0.49244395636188987 0.8518839896430245
0.49648436040229393 0.8518839896430245
0.500524764442698 0.8518839896430245
0.504565168483102 0.8518839896430245
0.508605572523506 0.8518839896430245
0.5126459765639101 0.8518839896430245
0.516686380604314 0.8518839896430245
0.5207267846447181 0.8518839896430245
0.5247671886851222 0.8518839896430245
0.5288075927255262 0.8518839896430245
0.5328479967659303 0.8518839896430245
0.5368884008063344 0.8518839896430245
0.5409288048467383 0.8518839896430245
0.5449692088871424 0.8518839896430245
0.47224193615986965 0.8559243936834284
0.4762823402002737 0.8559243936834284
0.4803227442406778 0.8559243936834284
0.4843631482810818 0.8559243936834284
0.4884035523214858 0.8559243936834284
0.49244395636188987 0.8559243936834284
0.49648436040229393 0.8559243936834284
0.500524764442698 0.8559243936834284
0.504565168483102 0.8559243936834284
0.508605572523506 0.8559243936834284
0.5126459765639101 0.8559243936834284
0.516686380604314 0.8559243936834284
0.5207267846447181 0.8559243936834284
0.5247671886851222 0.8559243936834284
0.5288075927255262 0.8559243936834284
0.5328479967659303 0.8559243936834284
0.5368884008063344 0.8559243936834284
0.5409288048467383 0.8559243936834284
0.46820153211946564 0.8599647977238325
0.47224193615986965 0.8599647977238325
0.4762823402002737 0.8599647977238325
0.4803227442406778 0.8599647977238325
0.4843631482810818 0.8599647977238325
0.4884035523214858 0.8599647977238325
0.49244395636188987 0.8599647977238325
0.49648436040229393 0.8599647977238325
0.500524764442698 0.8599647977238325
0.504565168483102 0.8599647977238325
0.508605572523506 0.8599647977238325
0.5126459765639101 0.8599647977238325
0.516686380604314 0.8599647977238325
0.5207267846447181 0.8599647977238325
0.5247671886851222 0.8599647977238325
0.5288075927255262 0.8599647977238325
0.5328479967659303 0.8599647977238325
0.4560803199982535 0.8640052017642366
0.46012072403865756 0.8640052017642366
0.4641611280790616 0.8640052017642366
0.46820153211946564 0.8640052017642366
0.47224193615986965 0.8640052017642366
0.4762823402002737 0.8640052017642366
0.4803227442406778 0.8640052017642366
0.4843631482810818 0.8640052017642366
0.4884035523214858 0.8640052017642366
0.49244395636188987 0.8640052017642366
0.49648436040229393 0.8640052017642366
0.500524764442698 0.8640052017642366
0.504565168483102 0.8640052017642366
0.508605572523506 0.8640052017642366
0.5126459765639101 0.8640052017642366
0.516686380604314 0.8640052017642366
0.5207267846447181 0.8640052017642366
0.5247671886851222 0.8640052017642366
0.5288075927255262 0.8640052017642366
0.4479995119174454 0.8680456058046406
0.4520399159578494 0.8680456058046406
0.4560803199982535 0.8680456058046406
0.46012072403865756 0.8680456058046406
0.4641611280790616 0.8680456058046406
0.46820153211946564 0.8680456058046406
0.47224193615986965 0.8680456058046406
0.4762823402002737 0.8680456058046406
0.4803227442406778 0.8680456058046406
0.4843631482810818 0.8680456058046406
0.4884035523214858 0.8680456058046406
0.49244395636188987 0.8680456058046406
0.49648436040229393 0.8680456058046406
0.500524764442698 0.8680456058046406
0.504565168483102 0.8680456058046406
0.508605572523506 0.8680456058046406
0.5126459765639101 0.8680456058046406
0.516686380604314 0.8680456058046406
0.5207267846447181 0.8680456058046406
0.5247671886851222 0.8680456058046406
0.43991870383663734 0.8720860098450447
0.4439591078770414 0.8720860098450447
0.4479995119174454 0.8720860098450447
0.4520399159578494 0.8720860098450447
0.4560803199982535 0.8720860098450447
0.46012072403865756 0.8720860098450447
0.4641611280790616 0.8720860098450447
0.46820153211946564 0.8720860098450447
0.47224193615986965 0.8720860098450447
0.4762823402002737 0.8720860098450447
0.4803227442406778 0.8720860098450447
0.4843631482810818 0.8720860098450447
0.4884035523214858 0.8720860098450447
0.49244395636188987 0.8720860098450447
0.49648436040229393 0.8720860098450447
0.500524764442698 0.8720860098450447
0.504565168483102 0.8720860098450447
0.508605572523506 0.8720860098450447
0.5126459765639101 0.8720860098450447
0.43183789575582926 0.8761264138854487
0.43587829979623327 0.8761264138854487
0.43991870383663734 0.8761264138854487
0.4439591078770414 0.8761264138854487
0.4479995119174454 0.8761264138854487
0.4520399159578494 0.8761264138854487
0.4560803199982535 0.8761264138854487
0.46012072403865756 0.8761264138854487
0.4641611280790616 0.8761264138854487
0.46820153211946564 0.8761264138854487
0.47224193615986965 0.8761264138854487
0.4762823402002737 0.8761264138854487
0.4803227442406778 0.8761264138854487
0.4843631482810818 0.8761264138854487
0.4884035523214858 0.8761264138854487
0.49244395636188987 0.8761264138854487
0.49648436040229393 0.8761264138854487
0.500524764442698 0.8761264138854487
0.504565168483102 0.8761264138854487
0.508605572523506 0.8761264138854487
0.42779749171542525 0.8801668179258527
0.43183789575582926 0.8801668179258527
0.43587829979623327 0.8801668179258527
0.43991870383663734 0.8801668179258527
0.4439591078770414 0.8801668179258527
0.4479995119174454 0.8801668179258527
0.4520399159578494 0.8801668179258527
0.4560803199982535 0.8801668179258527
0.46012072403865756 0.8801668179258527
0.4641611280790616 0.8801668179258527
0.46820153211946564 0.8801668179258527
0.47224193615986965 0.8801668179258527
0.4762823402002737 0.8801668179258527
0.4803227442406778 0.8801668179258527
0.4843631482810818 0.8801668179258527
0.4884035523214858 0.8801668179258527
0.49244395636188987 0.8801668179258527
0.49648436040229393 0.8801668179258527
0.500524764442698 0.8801668179258527
0.4197166836346171 0.8842072219662568
0.4237570876750212 0.8842072219662568
0.42779749171542525 0.8842072219662568
0.43183789575582926 0.8842072219662568
0.43587829979623327 0.8842072219662568
0.43991870383663734 0.8842072219662568
0.4439591078770414 0.8842072219662568
0.4479995119174454 0.8842072219662568
0.4520399159578494 0.8842072219662568
0.4560803199982535 0.8842072219662568
0.46012072403865756 0.8842072219662568
0.4641611280790616 0.8842072219662568
0.46820153211946564 0.8842072219662568
0.47224193615986965 0.8842072219662568
0.4762823402002737 0.8842072219662568
0.4803227442406778 0.8842072219662568
0.4843631482810818 0.8842072219662568
0.4884035523214858 0.8842072219662568
0.49244395636188987 0.8842072219662568
0.49648436040229393 0.8842072219662568
0.407595471513405 0.8882476260066607
0.4116358755538091 0.8882476260066607
0.4156762795942131 0.8882476260066607
0.4197166836346171 0.8882476260066607
0.4237570876750212 0.8882476260066607
0.42779749171542525 0.8882476260066607
0.43183789575582926 0.8882476260066607
0.43587829979623327 0.8882476260066607
0.43991870383663734 0.8882476260066607
0.4439591078770414 0.8882476260066607
0.4479995119174454 0.8882476260066607
0.4520399159578494 0.8882476260066607
0.4560803199982535 0.8882476260066607
0.46012072403865756 0.8882476260066607
0.4641611280790616 0.8882476260066607
0.46820153211946564 0.8882476260066607
0.47224193615986965 0.8882476260066607
0.4762823402002737 0.8882476260066607
0.4803227442406778 0.8882476260066607
0.4843631482810818 0.8882476260066607
0.4884035523214858 0.8882476260066607
0.39951466343259695 0.8922880300470648
0.40355506747300096 0.8922880300470648
0.407595471513405 0.8922880300470648
0.4116358755538091 0.8922880300470648
0.4156762795942131 0.8922880300470648
0.4197166836346171 0.8922880300470648
0.4237570876750212 0.8922880300470648
0.42779749171542525 0.8922880300470648
0.43183789575582926 0.8922880300470648
0.43587829979623327 0.8922880300470648
0.43991870383663734 0.8922880300470648
0.4439591078770414 0.8922880300470648
0.4479995119174454 0.8922880300470648
0.4520399159578494 0.8922880300470648
0.4560803199982535 0.8922880300470648
0.46012072403865756 0.8922880300470648
0.4641611280790616 0.8922880300470648
0.46820153211946564 0.8922880300470648
0.47224193615986965 0.8922880300470648
0.4762823402002737 0.8922880300470648
0.4803227442406778 0.8922880300470648
0.3873934513113848 0.8963284340874689
0.3914338553517889 0.8963284340874689
0.3954742593921929 0.8963284340874689
0.39951466343259695 0.8963284340874689
0.40355506747300096 0.8963284340874689
0.407595471513405 0.8963284340874689
0.4116358755538091 0.8963284340874689
0.4156762795942131 0.8963284340874689
0.4197166836346171 0.8963284340874689
0.4237570876750212 0.8963284340874689
0.42779749171542525 0.8963284340874689
0.43183789575582926 0.8963284340874689
0.43587829979623327 0.8963284340874689
0.43991870383663734 0.8963284340874689
0.4439591078770414 0.8963284340874689
0.4479995119174454 0.8963284340874689
0.4520399159578494 0.8963284340874689
0.4560803199982535 0.8963284340874689
0.46012072403865756 0.8963284340874689
0.4641611280790616 0.8963284340874689
0.46820153211946564 0.8963284340874689
0.47224193615986965 0.8963284340874689
0.37931264323057673 0.9003688381278729
0.3833530472709808 0.9003688381278729
0.3873934513113848 0.9003688381278729
0.3914338553517889 0.9003688381278729
0.3954742593921929 0.9003688381278729
0.39951466343259695 0.9003688381278729
0.40355506747300096 0.9003688381278729
0.407595471513405 0.9003688381278729
0.4116358755538091 0.9003688381278729
0.4156762795942131 0.9003688381278729
0.4197166836346171 0.9003688381278729
0.4237570876750212 0.9003688381278729
0.42779749171542525 0.9003688381278729
0.43183789575582926 0.9003688381278729
0.43587829979623327 0.9003688381278729
0.43991870383663734 0.9003688381278729
0.4439591078770414 0.9003688381278729
0.4479995119174454 0.9003688381278729
0.4520399159578494 0.9003688381278729
0.4560803199982535 0.9003688381278729
0.46012072403865756 0.9003688381278729
0.4641611280790616 0.9003688381278729
0.37123183514976865 0.904409242168277
0.3833530472709808 0.904409242168277
0.3873934513113848 0.904409242168277
0.3914338553517889 0.904409242168277
0.3954742593921929 0.904409242168277
0.39951466343259695 0.904409242168277
0.40355506747300096 0.904409242168277
0.407595471513405 0.904409242168277
0.4116358755538091 0.904409242168277
0.4156762795942131 0.904409242168277
0.4197166836346171 0.904409242168277
0.4237570876750212 0.904409242168277
0.42779749171542525 0.904409242168277
0.43183789575582926 0.904409242168277
0.43587829979623327 0.904409242168277
0.43991870383663734 0.904409242168277
0.4439591078770414 0.904409242168277
0.4479995119174454 0.904409242168277
0.4520399159578494 0.904409242168277
0.4560803199982535 0.904409242168277
0.37123183514976865 0.9084496462086811
0.3752722391901727 0.9084496462086811
0.37931264323057673 0.9084496462086811
0.3833530472709808 0.9084496462086811
0.3873934513113848 0.9084496462086811
0.3914338553517889 0.9084496462086811
0.3954742593921929 0.9084496462086811
0.39951466343259695 0.9084496462086811
0.40355506747300096 0.9084496462086811
0.407595471513405 0.9084496462086811
0.4116358755538091 0.9084496462086811
0.4156762795942131 0.9084496462086811
0.4197166836346171 0.9084496462086811
0.4237570876750212 0.9084496462086811
0.42779749171542525 0.9084496462086811
0.43183789575582926 0.9084496462086811
0.43587829979623327 0.9084496462086811
0.43991870383663734 0.9084496462086811
0.4439591078770414 0.9084496462086811
0.4479995119174454 0.9084496462086811
0.4520399159578494 0.9084496462086811
0.35102981494774843 0.912490050249085
0.35911062302855656 0.912490050249085
0.3631510270689606 0.912490050249085
0.3671914311093646 0.912490050249085
0.37123183514976865 0.912490050249085
0.3752722391901727 0.912490050249085
0.37931264323057673 0.912490050249085
0.3833530472709808 0.912490050249085
0.3873934513113848 0.912490050249085
0.3914338553517889 0.912490050249085
0.3954742593921929 0.912490050249085
0.39951466343259695 0.912490050249085
0.40355506747300096 0.912490050249085
0.407595471513405 0.912490050249085
0.4116358755538091 0.912490050249085
0.4156762795942131 0.912490050249085
0.4197166836346171 0.912490050249085
0.4237570876750212 0.912490050249085
0.42779749171542525 0.912490050249085
0.43183789575582926 0.912490050249085
0.43587829979623327 0.912490050249085
0.43991870383663734 0.912490050249085
0.4439591078770414 0.912490050249085
0.35102981494774843 0.9165304542894891
0.3550702189881525 0.9165304542894891
0.35911062302855656 0.9165304542894891
0.3631510270689606 0.9165304542894891
0.3671914311093646 0.9165304542894891
0.37123183514976865 0.9165304542894891
0.3752722391901727 0.9165304542894891
0.37931264323057673 0.9165304542894891
0.3833530472709808 0.9165304542894891
0.3873934513113848 0.9165304542894891
0.3914338553517889 0.9165304542894891
0.3954742593921929 0.9165304542894891
0.39951466343259695 0.9165304542894891
0.40355506747300096 0.9165304542894891
0.407595471513405 0.9165304542894891
0.4116358755538091 0.9165304542894891
0.4156762795942131 0.9165304542894891
0.4197166836346171 0.9165304542894891
0.4237570876750212 0.9165304542894891
0.42779749171542525 0.9165304542894891
0.43183789575582926 0.9165304542894891
0.43587829979623327 0.9165304542894891
0.3429490068669404 0.920570858329893
0.3469894109073444 0.920570858329893
0.35102981494774843 0.920570858329893
0.3550702189881525 0.920570858329893
0.35911062302855656 0.920570858329893
0.3631510270689606 0.920570858329893
0.3671914311093646 0.920570858329893
0.37123183514976865 0.920570858329893
0.3752722391901727 0.920570858329893
0.37931264323057673 0.920570858329893
0.3833530472709808 0.920570858329893
0.3873934513113848 0.920570858329893
0.3914338553517889 0.920570858329893
0.3954742593921929 0.920570858329893
0.39951466343259695 0.920570858329893
0.40355506747300096 0.920570858329893
0.407595471513405 0.920570858329893
0.4116358755538091 0.920570858329893
0.4156762795942131 0.920570858329893
0.4197166836346171 0.920570858329893
0.4237570876750212 0.920570858329893
0.42779749171542525 0.920570858329893
0.33082779474572827 0.9246112623702971
0.3348681987861323 0.9246112623702971
0.33890860282653634 0.9246112623702971
0.3429490068669404 0.9246112623702971
0.3469894109073444 0.9246112623702971
0.35102981494774843 0.9246112623702971
0.3550702189881525 0.9246112623702971
0.35911062302855656 0.9246112623702971
0.3631510270689606 0.9246112623702971
0.3671914311093646 0.9246112623702971
0.37123183514976865 0.9246112623702971
0.3752722391901727 0.9246112623702971
0.37931264323057673 0.9246112623702971
0.3833530472709808 0.9246112623702971
0.3873934513113848 0.9246112623702971
0.3914338553517889 0.9246112623702971
0.3954742593921929 0.9246112623702971
0.39951466343259695 0.9246112623702971
0.40355506747300096 0.9246112623702971
0.407595471513405 0.9246112623702971
0.4116358755538091 0.9246112623702971
0.4156762795942131 0.9246112623702971
0.2985045624224959 0.9286516664107012
0.31466617858411206 0.9286516664107012
0.3187065826245161 0.9286516664107012
0.3227469866649202 0.9286516664107012
0.3267873907053242 0.9286516664107012
0.33082779474572827 0.9286516664107012
0.3348681987861323 0.9286516664107012
0.33890860282653634 0.9286516664107012
0.3429490068669404 0.9286516664107012
0.3469894109073444 0.9286516664107012
0.35102981494774843 0.9286516664107012
0.3550702189881525 0.9286516664107012
0.35911062302855656 0.9286516664107012
0.3631510270689606 0.9286516664107012
0.3671914311093646 0.9286516664107012
0.37123183514976865 0.9286516664107012
0.3752722391901727 0.9286516664107012
0.37931264323057673 0.9286516664107012
0.3833530472709808 0.9286516664107012
0.3873934513113848 0.9286516664107012
0.3914338553517889 0.9286516664107012
0.3954742593921929 0.9286516664107012
0.39951466343259695 0.9286516664107012
0.40355506747300096 0.9286516664107012
0.407595471513405 0.9286516664107012
0.31062577454370804 0.9326920704511052
0.31466617858411206 0.9326920704511052
0.3187065826245161 0.9326920704511052
0.3227469866649202 0.9326920704511052
0.3267873907053242 0.9326920704511052
0.33082779474572827 0.9326920704511052
0.3348681987861323 0.9326920704511052
0.33890860282653634 0.9326920704511052
0.3429490068669404 0.9326920704511052
0.3469894109073444 0.9326920704511052
0.35102981494774843 0.9326920704511052
0.3550702189881525 0.9326920704511052
0.35911062302855656 0.9326920704511052
0.3631510270689606 0.9326920704511052
0.3671914311093646 0.9326920704511052
0.37123183514976865 0.9326920704511052
0.3752722391901727 0.9326920704511052
0.37931264323057673 0.9326920704511052
0.3833530472709808 0.9326920704511052
0.3873934513113848 0.9326920704511052
0.3914338553517889 0.9326920704511052
0.3954742593921929 0.9326920704511052
0.39951466343259695 0.9326920704511052
0.2985045624224959 0.9367324744915093
0.30254496646289997 0.9367324744915093
0.30658537050330403 0.9367324744915093
0.31062577454370804 0.9367324744915093
0.31466617858411206 0.9367324744915093
0.3187065826245161 0.9367324744915093
0.3227469866649202 0.9367324744915093
0.3267873907053242 0.9367324744915093
0.33082779474572827 0.9367324744915093
0.3348681987861323 0.9367324744915093
0.33890860282653634 0.9367324744915093
0.3429490068669404 0.9367324744915093
0.3469894109073444 0.9367324744915093
0.35102981494774843 0.9367324744915093
0.3550702189881525 0.9367324744915093
0.35911062302855656 0.9367324744915093
0.3631510270689606 0.9367324744915093
0.3671914311093646 0.9367324744915093
0.37123183514976865 0.9367324744915093
0.3752722391901727 0.9367324744915093
0.37931264323057673 0.9367324744915093
0.3833530472709808 0.9367324744915093
0.3873934513113848 0.9367324744915093
0.3914338553517889 0.9367324744915093
0.2944641583820919 0.9407728785319134
0.2985045624224959 0.9407728785319134
0.30254496646289997 0.9407728785319134
0.30658537050330403 0.9407728785319134
0.31062577454370804 0.9407728785319134
0.31466617858411206 0.9407728785319134
0.3187065826245161 0.9407728785319134
0.3227469866649202 0.9407728785319134
0.3267873907053242 0.9407728785319134
0.33082779474572827 0.9407728785319134
0.3348681987861323 0.9407728785319134
0.33890860282653634 0.9407728785319134
0.3429490068669404 0.9407728785319134
0.3469894109073444 0.9407728785319134
0.35102981494774843 0.9407728785319134
0.3550702189881525 0.9407728785319134
0.35911062302855656 0.9407728785319134
0.3631510270689606 0.9407728785319134
0.3671914311093646 0.9407728785319134
0.37123183514976865 0.9407728785319134
0.3752722391901727 0.9407728785319134
0.37931264323057673 0.9407728785319134
0.2944641583820919 0.9448132825723174
0.2985045624224959 0.9448132825723174
0.30254496646289997 0.9448132825723174
0.30658537050330403 0.9448132825723174
0.31062577454370804 0.9448132825723174
0.31466617858411206 0.9448132825723174
0.3187065826245161 0.9448132825723174
0.3227469866649202 0.9448132825723174
0.3267873907053242 0.9448132825723174
0.33082779474572827 0.9448132825723174
0.3348681987861323 0.9448132825723174
0.33890860282653634 0.9448132825723174
0.3429490068669404 0.9448132825723174
0.3469894109073444 0.9448132825723174
0.35102981494774843 0.9448132825723174
0.3550702189881525 0.9448132825723174
0.35911062302855656 0.9448132825723174
0.3631510270689606 0.9448132825723174
0.3671914311093646 0.9448132825723174
0.37123183514976865 0.9448132825723174
0.2944641583820919 0.9488536866127214
0.2985045624224959 0.9488536866127214
0.30254496646289997 0.9488536866127214
0.30658537050330403 0.9488536866127214
0.31062577454370804 0.9488536866127214
0.31466617858411206 0.9488536866127214
0.3187065826245161 0.9488536866127214
0.3227469866649202 0.9488536866127214
0.3267873907053242 0.9488536866127214
0.33082779474572827 0.9488536866127214
0.3348681987861323 0.9488536866127214
0.33890860282653634 0.9488536866127214
0.3429490068669404 0.9488536866127214
0.3469894109073444 0.9488536866127214
0.35102981494774843 0.9488536866127214
0.3550702189881525 0.9488536866127214
0.35911062302855656 0.9488536866127214
0.2944641583820919 0.9528940906531255
0.2985045624224959 0.9528940906531255
0.30254496646289997 0.9528940906531255
0.30658537050330403 0.9528940906531255
0.31062577454370804 0.9528940906531255
0.31466617858411206 0.9528940906531255
0.3187065826245161 0.9528940906531255
0.3227469866649202 0.9528940906531255
0.3267873907053242 0.9528940906531255
0.33082779474572827 0.9528940906531255
0.3348681987861323 0.9528940906531255
0.33890860282653634 0.9528940906531255
0.3429490068669404 0.9528940906531255
0.3469894109073444 0.9528940906531255
0.35102981494774843 0.9528940906531255
0.2944641583820919 0.9569344946935294
0.2985045624224959 0.9569344946935294
0.30254496646289997 0.9569344946935294
0.30658537050330403 0.9569344946935294
0.31062577454370804 0.9569344946935294
0.31466617858411206 0.9569344946935294
0.3187065826245161 0.9569344946935294
0.3227469866649202 0.9569344946935294
0.3267873907053242 0.9569344946935294
0.33082779474572827 0.9569344946935294
0.3348681987861323 0.9569344946935294
0.33890860282653634 0.9569344946935294
0.2944641583820919 0.9609748987339335
0.2985045624224959 0.9609748987339335
0.30254496646289997 0.9609748987339335
0.30658537050330403 0.9609748987339335
0.31062577454370804 0.9609748987339335
0.31466617858411206 0.9609748987339335
0.3187065826245161 0.9609748987339335
0.3227469866649202 0.9609748987339335
0.3267873907053242 0.9609748987339335
0.33082779474572827 0.9609748987339335
0.2944641583820919 0.9650153027743376
0.2985045624224959 0.9650153027743376
0.30254496646289997 0.9650153027743376
0.30658537050330403 0.9650153027743376
0.31062577454370804 0.9650153027743376
0.31466617858411206 0.9650153027743376
0.2944641583820919 0.9690557068147416
0.2985045624224959 0.9690557068147416
0.30254496646289997 0.9690557068147416
