# x y
0.6999741213330877 0.7145102522692871
0.6959337172926836 0.7185506563096911
0.6918933132522797 0.7225910603500951
0.6878529092118756 0.7266314643904992
0.6797721011310676 0.7306718684309033
0.6838125051714715 0.7306718684309033
0.6757316970906635 0.7347122724713073
0.6797721011310676 0.7347122724713073
0.6716912930502594 0.7387526765117113
0.6757316970906635 0.7387526765117113
0.6676508890098554 0.7427930805521153
0.6716912930502594 0.7427930805521153
0.6636104849694513 0.7468334845925194
0.6676508890098554 0.7468334845925194
0.6595700809290472 0.7508738886329235
0.6555296768886433 0.7549142926733274
0.6514892728482392 0.7589546967137315
0.6434084647674312 0.7629951007541356
0.6474488688078353 0.7629951007541356
0.6393680607270271 0.7670355047945396
0.6434084647674312 0.7670355047945396
0.635327656686623 0.7710759088349436
0.6393680607270271 0.7710759088349436
0.631287252646219 0.7751163128753477
0.6272468486058149 0.7791567169157517
0.6191660405250069 0.7831971209561558
0.6232064445654109 0.7831971209561558
0.6151256364846028 0.7872375249965597
0.6191660405250069 0.7872375249965597
0.6110852324441989 0.7912779290369638
0.6030044243633907 0.7953183330773679
0.6070448284037948 0.7953183330773679
0.5989640203229867 0.799358737117772
0.6030044243633907 0.799358737117772
0.5949236162825826 0.803399141158176
0.5868428082017746 0.80743954519858
0.5908832122421785 0.80743954519858
0.5828024041613705 0.811479949238984
0.5868428082017746 0.811479949238984
0.5787620001209666 0.8155203532793881
0.5706811920401584 0.819560757319792
0.5747215960805625 0.819560757319792
0.5666407879997544 0.8236011613601961
0.5706811920401584 0.8236011613601961
0.5585599799189462 0.8276415654006002
0.5626003839593503 0.8276415654006002
0.5545195758785422 0.8316819694410043
0.5585599799189462 0.8316819694410043
0.5464387677977341 0.8357223734814083
0.5504791718381382 0.8357223734814083
0.5423983637573302 0.8397627775218124
0.5464387677977341 0.8397627775218124
0.5343175556765221 0.8438031815622163
0.5383579597169261 0.8438031815622163
0.530277151636118 0.8478435856026204
0.5221963435553099 0.8518839896430245
0.5262367475957139 0.8518839896430245
0.5141155354745018 0.8559243936834284
0.5181559395149059 0.8559243936834284
0.5100751314340978 0.8599647977238325
0.5141155354745018 0.8599647977238325
0.5019943233532898 0.8640052017642366
0.5060347273936938 0.8640052017642366
0.4939135152724816 0.8680456058046406
0.4979539193128857 0.8680456058046406
0.4858327071916736 0.8720860098450447
0.4898731112320776 0.8720860098450447
0.47775189911086546 0.8761264138854487
0.48179230315126953 0.8761264138854487
0.4858327071916736 0.8761264138854487
0.47371149507046145 0.8801668179258527
0.47775189911086546 0.8801668179258527
0.4656306869896534 0.8842072219662568
0.46967109103005744 0.8842072219662568
0.45754987890884524 0.8882476260066607
0.4615902829492493 0.8882476260066607
0.4494690708280372 0.8922880300470648
0.45350947486844123 0.8922880300470648
0.4413882627472291 0.8963284340874689
0.44542866678763315 0.8963284340874689
0.43330745466642107 0.9003688381278729
0.4373478587068251 0.9003688381278729
0.42522664658561293 0.904409242168277
0.429267050626017 0.904409242168277
0.41310543446440084 0.9084496462086811
0.4171458385048049 0.9084496462086811
0.4211862425452089 0.9084496462086811
0.40502462638359277 0.912490050249085
0.4090650304239968 0.912490050249085
0.41310543446440084 0.912490050249085
0.3969438183027847 0.9165304542894891
0.4009842223431887 0.9165304542894891
0.40502462638359277 0.9165304542894891
0.3888630102219766 0.920570858329893
0.3929034142623806 0.920570858329893
0.37674179810076447 0.9246112623702971
0.38078220214116854 0.9246112623702971
0.38482260618157255 0.9246112623702971
0.3686609900199564 0.9286516664107012
0.3727013940603604 0.9286516664107012
0.35653977789874425 0.9326920704511052
0.3605801819391483 0.9326920704511052
0.3646205859795524 0.9326920704511052
0.34441856577753216 0.9367324744915093
0.3484589698179362 0.9367324744915093
0.35249937385834024 0.9367324744915093
0.3363377576967241 0.9407728785319134
0.3403781617371281 0.9407728785319134
0.34441856577753216 0.9407728785319134
0.32421654557551194 0.9448132825723174
0.328256949615916 0.9448132825723174
0.33229735365632 0.9448132825723174
0.31209533345429985 0.9488536866127214
0.31613573749470386 0.9488536866127214
0.32017614153510787 0.9488536866127214
0.2999741213330877 0.9528940906531255
0.3040145253734917 0.9528940906531255
0.3080549294138958 0.9528940906531255
