# x y
0.6797737432256048 0.7468334845925194
0.6595717230235847 0.7791567169157517
0.598965662417524 0.8155203532793881
0.5747232381750997 0.8276415654006002
0.5626020260538878 0.8357223734814083
0.5181575816094433 0.8640052017642366
0.5221979856498473 0.8680456058046406
0.5019959654478271 0.8801668179258527
0.4656323290841907 0.9003688381278729
0.40098586443772605 0.9246112623702971
0.38886465231651396 0.9286516664107012
0.37270303615489775 0.9367324744915093
0.39290505635691797 0.9488536866127214
0.3484606119124736 0.9528940906531255
0.3646222280740897 0.9609748987339335
0.3161373795892412 0.9650153027743376
0.30401616746802906 0.9690557068147416
0.33229899575085736 0.9730961108551457
