# x y
0.6999757634276251 0.7145102522692871
0.6959353593872211 0.7185506563096911
0.691894955346817 0.7225910603500951
0.6878545513064129 0.7266314643904992
0.6838141472660089 0.7306718684309033
0.6757333391852007 0.7347122724713073
0.6797737432256048 0.7347122724713073
0.6716929351447968 0.7387526765117113
0.6757333391852007 0.7387526765117113
0.6676525311043927 0.7427930805521153
0.6716929351447968 0.7427930805521153
0.6636121270639888 0.7468334845925194
0.6676525311043927 0.7468334845925194
0.6595717230235847 0.7508738886329235
0.6555313189831806 0.7549142926733274
0.6514909149427766 0.7589546967137315
0.6434101068619684 0.7629951007541356
0.6474505109023725 0.7629951007541356
0.6393697028215645 0.7670355047945396
0.6434101068619684 0.7670355047945396
0.6353292987811604 0.7710759088349436
0.6393697028215645 0.7710759088349436
0.6312888947407564 0.7751163128753477
0.6272484907003524 0.7791567169157517
0.6191676826195442 0.7831971209561558
0.6232080866599483 0.7831971209561558
0.6151272785791402 0.7872375249965597
0.6191676826195442 0.7872375249965597
0.6110868745387361 0.7912779290369638
0.6030060664579281 0.7953183330773679
0.607046470498332 0.7953183330773679
0.598965662417524 0.799358737117772
0.6030060664579281 0.799358737117772
0.5949252583771201 0.803399141158176
0.5868444502963119 0.80743954519858
0.590884854336716 0.80743954519858
0.5828040462559079 0.811479949238984
0.5868444502963119 0.811479949238984
0.5787636422155038 0.8155203532793881
0.5706828341346958 0.819560757319792
0.5747232381750997 0.819560757319792
0.5666424300942917 0.8236011613601961
0.5706828341346958 0.8236011613601961
0.5585616220134837 0.8276415654006002
0.5626020260538878 0.8276415654006002
0.5545212179730796 0.8316819694410043
0.5585616220134837 0.8316819694410043
0.5464404098922715 0.8357223734814083
0.5504808139326756 0.8357223734814083
0.5424000058518674 0.8397627775218124
0.5464404098922715 0.8397627775218124
0.5343191977710594 0.8438031815622163
0.5383596018114635 0.8438031815622163
0.5302787937306553 0.8478435856026204
0.5221979856498473 0.8518839896430245
0.5262383896902514 0.8518839896430245
0.5141171775690392 0.8559243936834284
0.5181575816094433 0.8559243936834284
0.5100767735286351 0.8599647977238325
0.5141171775690392 0.8599647977238325
0.5019959654478271 0.8640052017642366
0.506036369488231 0.8640052017642366
0.49391515736701896 0.8680456058046406
0.49795556140742303 0.8680456058046406
0.48583434928621094 0.8720860098450447
0.48987475332661495 0.8720860098450447
0.4817939452458069 0.8761264138854487
0.48583434928621094 0.8761264138854487
0.4737131371649988 0.8801668179258527
0.4777535412054028 0.8801668179258527
0.4656323290841907 0.8842072219662568
0.4696727331245948 0.8842072219662568
0.4575515210033826 0.8882476260066607
0.46159192504378666 0.8882476260066607
0.44947071292257457 0.8922880300470648
0.4535111169629786 0.8922880300470648
0.44138990484176643 0.8963284340874689
0.4454303088821705 0.8963284340874689
0.4333090967609584 0.9003688381278729
0.4373495008013624 0.9003688381278729
0.4252282886801503 0.904409242168277
0.42926869272055435 0.904409242168277
0.41714748059934226 0.9084496462086811
0.42118788463974627 0.9084496462086811
0.4050262684781301 0.912490050249085
0.4090666725185341 0.912490050249085
0.4131070765589382 0.912490050249085
0.39694546039732204 0.9165304542894891
0.40098586443772605 0.9165304542894891
0.38886465231651396 0.920570858329893
0.39290505635691797 0.920570858329893
0.3767434401953018 0.9246112623702971
0.3807838442357059 0.9246112623702971
0.3848242482761099 0.9246112623702971
0.36866263211449374 0.9286516664107012
0.37270303615489775 0.9286516664107012
0.3565414199932816 0.9326920704511052
0.36058182403368566 0.9326920704511052
0.3646222280740897 0.9326920704511052
0.3444202078720695 0.9367324744915093
0.3484606119124736 0.9367324744915093
0.3525010159528776 0.9367324744915093
0.33633939979126143 0.9407728785319134
0.34037980383166544 0.9407728785319134
0.3444202078720695 0.9407728785319134
0.3242181876700493 0.9448132825723174
0.32825859171045335 0.9448132825723174
0.33229899575085736 0.9448132825723174
0.3120969755488372 0.9488536866127214
0.3161373795892412 0.9488536866127214
0.3201777836296452 0.9488536866127214
0.29997576342762505 0.9528940906531255
0.30401616746802906 0.9528940906531255
0.30805657150843313 0.9528940906531255
