# x y
0.663605539173124 0.7629951007541356
0.65956513513272 0.7791567169157517
0.6312823068498917 0.803399141158176
0.6110802866478715 0.819560757319792
0.5827974583650433 0.8276415654006002
0.5949186704862554 0.8316819694410043
0.5181509937185785 0.8640052017642366
0.5141105896781746 0.8720860098450447
0.49390856947615436 0.8801668179258527
0.5019893775569624 0.8801668179258527
0.47370654927413414 0.8963284340874689
0.44542372099130584 0.904409242168277
0.41714089270847754 0.9246112623702971
0.3686560442236291 0.9407728785319134
