# x y
0.6999648949169056 0.7145102522692871
0.6959244908765015 0.7185506563096911
0.6918840868360976 0.7225910603500951
0.6838032787552895 0.7266314643904992
0.6878436827956935 0.7266314643904992
0.6797628747148854 0.7306718684309033
0.6838032787552895 0.7306718684309033
0.6757224706744813 0.7347122724713073
0.6797628747148854 0.7347122724713073
0.6716820666340773 0.7387526765117113
0.6757224706744813 0.7387526765117113
0.6676416625936732 0.7427930805521153
0.6716820666340773 0.7427930805521153
0.6636012585532692 0.7468334845925194
0.6676416625936732 0.7468334845925194
0.6595608545128652 0.7508738886329235
0.6636012585532692 0.7508738886329235
0.6555204504724612 0.7549142926733274
0.6514800464320571 0.7589546967137315
0.643399238351249 0.7629951007541356
0.6474396423916531 0.7629951007541356
0.639358834310845 0.7670355047945396
0.643399238351249 0.7670355047945396
0.6353184302704409 0.7710759088349436
0.639358834310845 0.7710759088349436
0.6312780262300369 0.7751163128753477
0.6353184302704409 0.7751163128753477
0.6231972181492288 0.7791567169157517
0.6272376221896329 0.7791567169157517
0.6191568141088248 0.7831971209561558
0.6231972181492288 0.7831971209561558
0.6151164100684208 0.7872375249965597
0.6191568141088248 0.7872375249965597
0.6110760060280167 0.7912779290369638
0.6151164100684208 0.7912779290369638
0.6029951979472086 0.7953183330773679
0.6070356019876126 0.7953183330773679
0.5989547939068045 0.799358737117772
0.6029951979472086 0.799358737117772
0.5949143898664006 0.803399141158176
0.5989547939068045 0.803399141158176
0.5868335817855925 0.80743954519858
0.5908739858259965 0.80743954519858
0.5827931777451885 0.811479949238984
0.5868335817855925 0.811479949238984
0.5747123696643803 0.8155203532793881
0.5787527737047844 0.8155203532793881
0.5827931777451885 0.8155203532793881
0.5706719656239763 0.819560757319792
0.5747123696643803 0.819560757319792
0.5666315615835722 0.8236011613601961
0.5706719656239763 0.8236011613601961
0.5585507535027642 0.8276415654006002
0.5625911575431682 0.8276415654006002
0.5545103494623601 0.8316819694410043
0.5585507535027642 0.8316819694410043
0.5464295413815521 0.8357223734814083
0.5504699454219562 0.8357223734814083
0.542389137341148 0.8397627775218124
0.5464295413815521 0.8397627775218124
0.5343083292603399 0.8438031815622163
0.538348733300744 0.8438031815622163
0.5262275211795319 0.8478435856026204
0.5302679252199359 0.8478435856026204
0.5343083292603399 0.8478435856026204
0.5221871171391278 0.8518839896430245
0.5262275211795319 0.8518839896430245
0.5141063090583198 0.8559243936834284
0.5181467130987237 0.8559243936834284
0.5060255009775116 0.8599647977238325
0.5100659050179157 0.8599647977238325
0.5141063090583198 0.8599647977238325
0.5019850969371076 0.8640052017642366
0.5060255009775116 0.8640052017642366
0.49390428885629956 0.8680456058046406
0.49794469289670357 0.8680456058046406
0.4858234807754914 0.8720860098450447
0.4898638848158955 0.8720860098450447
0.49390428885629956 0.8720860098450447
0.4777426726946834 0.8761264138854487
0.4817830767350874 0.8761264138854487
0.4858234807754914 0.8761264138854487
0.46966186461387527 0.8801668179258527
0.47370226865427933 0.8801668179258527
0.4777426726946834 0.8801668179258527
0.46562146057347126 0.8842072219662568
0.46966186461387527 0.8842072219662568
0.4575406524926632 0.8882476260066607
0.4615810565330672 0.8882476260066607
0.44945984441185505 0.8922880300470648
0.4535002484522591 0.8922880300470648
0.441379036331047 0.8963284340874689
0.44541944037145104 0.8963284340874689
0.4332982282502389 0.9003688381278729
0.43733863229064296 0.9003688381278729
0.4211770161290268 0.904409242168277
0.42521742016943087 0.904409242168277
0.4292578242098349 0.904409242168277
0.4130962080482187 0.9084496462086811
0.41713661208862274 0.9084496462086811
0.4211770161290268 0.9084496462086811
0.40501539996741065 0.912490050249085
0.40905580400781466 0.912490050249085
0.4130962080482187 0.912490050249085
0.3969345918866026 0.9165304542894891
0.4009749959270066 0.9165304542894891
0.40501539996741065 0.9165304542894891
0.38481337976539043 0.920570858329893
0.3888537838057945 0.920570858329893
0.3928941878461985 0.920570858329893
0.37673257168458235 0.9246112623702971
0.38077297572498636 0.9246112623702971
0.38481337976539043 0.9246112623702971
0.3646113595633702 0.9286516664107012
0.3686517636037743 0.9286516664107012
0.37269216764417834 0.9286516664107012
0.37673257168458235 0.9286516664107012
0.3565305514825622 0.9326920704511052
0.3605709555229662 0.9326920704511052
0.3646113595633702 0.9326920704511052
0.34440933936135004 0.9367324744915093
0.34844974340175405 0.9367324744915093
0.3524901474421581 0.9367324744915093
0.3565305514825622 0.9367324744915093
0.3322881272401379 0.9407728785319134
0.33632853128054196 0.9407728785319134
0.340368935320946 0.9407728785319134
0.34440933936135004 0.9407728785319134
0.3242073191593298 0.9448132825723174
0.3282477231997339 0.9448132825723174
0.3322881272401379 0.9448132825723174
0.3120861070381177 0.9488536866127214
0.31612651107852174 0.9488536866127214
0.3201669151189258 0.9488536866127214
0.2999648949169056 0.9528940906531255
0.30400529895730966 0.9528940906531255
0.30804570299771367 0.9528940906531255
