# x y
0.6999576277529987 0.7145102522692871
0.6918768196721907 0.7185506563096911
0.6959172237125947 0.7185506563096911
0.6878364156317867 0.7225910603500951
0.6918768196721907 0.7225910603500951
0.6837960115913826 0.7266314643904992
0.6878364156317867 0.7266314643904992
0.6797556075509785 0.7306718684309033
0.6837960115913826 0.7306718684309033
0.6757152035105745 0.7347122724713073
0.6797556075509785 0.7347122724713073
0.6716747994701704 0.7387526765117113
0.6757152035105745 0.7387526765117113
0.6676343954297663 0.7427930805521153
0.6716747994701704 0.7427930805521153
0.6635939913893624 0.7468334845925194
0.6676343954297663 0.7468334845925194
0.6595535873489583 0.7508738886329235
0.6635939913893624 0.7508738886329235
0.6555131833085543 0.7549142926733274
0.6595535873489583 0.7549142926733274
0.6474323752277462 0.7589546967137315
0.6514727792681503 0.7589546967137315
0.6433919711873421 0.7629951007541356
0.6474323752277462 0.7629951007541356
0.6393515671469381 0.7670355047945396
0.6433919711873421 0.7670355047945396
0.635311163106534 0.7710759088349436
0.6393515671469381 0.7710759088349436
0.6312707590661301 0.7751163128753477
0.635311163106534 0.7751163128753477
0.6231899509853219 0.7791567169157517
0.627230355025726 0.7791567169157517
0.619149546944918 0.7831971209561558
0.6231899509853219 0.7831971209561558
0.6151091429045139 0.7872375249965597
0.619149546944918 0.7872375249965597
0.6110687388641098 0.7912779290369638
0.6151091429045139 0.7912779290369638
0.6029879307833017 0.7953183330773679
0.6070283348237058 0.7953183330773679
0.5989475267428976 0.799358737117772
0.6029879307833017 0.799358737117772
0.5949071227024937 0.803399141158176
0.5989475267428976 0.803399141158176
0.5868263146216857 0.80743954519858
0.5908667186620896 0.80743954519858
0.5827859105812816 0.811479949238984
0.5868263146216857 0.811479949238984
0.5747051025004735 0.8155203532793881
0.5787455065408775 0.8155203532793881
0.5827859105812816 0.8155203532793881
0.5706646984600694 0.819560757319792
0.5747051025004735 0.819560757319792
0.5625838903792614 0.8236011613601961
0.5666242944196653 0.8236011613601961
0.5706646984600694 0.8236011613601961
0.5585434863388573 0.8276415654006002
0.5625838903792614 0.8276415654006002
0.5504626782580493 0.8316819694410043
0.5545030822984532 0.8316819694410043
0.5585434863388573 0.8316819694410043
0.5464222742176452 0.8357223734814083
0.5504626782580493 0.8357223734814083
0.5383414661368371 0.8397627775218124
0.5423818701772412 0.8397627775218124
0.5464222742176452 0.8397627775218124
0.534301062096433 0.8438031815622163
0.5383414661368371 0.8438031815622163
0.526220254015625 0.8478435856026204
0.5302606580560291 0.8478435856026204
0.534301062096433 0.8478435856026204
0.5221798499752209 0.8518839896430245
0.526220254015625 0.8518839896430245
0.5140990418944129 0.8559243936834284
0.5181394459348169 0.8559243936834284
0.5060182338136048 0.8599647977238325
0.5100586378540088 0.8599647977238325
0.5140990418944129 0.8599647977238325
0.5019778297732007 0.8640052017642366
0.5060182338136048 0.8640052017642366
0.4938970216923927 0.8680456058046406
0.4979374257327967 0.8680456058046406
0.48581621361158456 0.8720860098450447
0.4898566176519886 0.8720860098450447
0.4938970216923927 0.8720860098450447
0.47773540553077654 0.8761264138854487
0.48177580957118055 0.8761264138854487
0.48581621361158456 0.8761264138854487
0.4696545974499684 0.8801668179258527
0.47369500149037247 0.8801668179258527
0.47773540553077654 0.8801668179258527
0.4615737893691603 0.8842072219662568
0.4656141934095644 0.8842072219662568
0.4696545974499684 0.8842072219662568
0.4575333853287563 0.8882476260066607
0.4615737893691603 0.8882476260066607
0.4494525772479482 0.8922880300470648
0.45349298128835225 0.8922880300470648
0.4373313651267361 0.8963284340874689
0.44137176916714016 0.8963284340874689
0.44541217320754417 0.8963284340874689
0.429250557045928 0.9003688381278729
0.433290961086332 0.9003688381278729
0.4373313651267361 0.9003688381278729
0.42116974896511994 0.904409242168277
0.425210153005524 0.904409242168277
0.429250557045928 0.904409242168277
0.41308894088431186 0.9084496462086811
0.4171293449247159 0.9084496462086811
0.42116974896511994 0.9084496462086811
0.4050081328035038 0.912490050249085
0.4090485368439078 0.912490050249085
0.41308894088431186 0.912490050249085
0.3969273247226957 0.9165304542894891
0.4009677287630997 0.9165304542894891
0.4050081328035038 0.9165304542894891
0.38480611260148356 0.920570858329893
0.38884651664188763 0.920570858329893
0.39288692068229164 0.920570858329893
0.3969273247226957 0.920570858329893
0.3767253045206755 0.9246112623702971
0.3807657085610795 0.9246112623702971
0.38480611260148356 0.9246112623702971
0.36460409239946334 0.9286516664107012
0.3686444964398674 0.9286516664107012
0.3726849004802715 0.9286516664107012
0.3767253045206755 0.9286516664107012
0.3565232843186553 0.9326920704511052
0.36056368835905933 0.9326920704511052
0.36460409239946334 0.9326920704511052
0.3444020721974432 0.9367324744915093
0.3484424762378472 0.9367324744915093
0.35248288027825125 0.9367324744915093
0.3565232843186553 0.9367324744915093
0.33228086007623103 0.9407728785319134
0.3363212641166351 0.9407728785319134
0.3403616681570391 0.9407728785319134
0.3444020721974432 0.9407728785319134
0.32015964795501894 0.9448132825723174
0.32420005199542296 0.9448132825723174
0.328240456035827 0.9448132825723174
0.33228086007623103 0.9448132825723174
0.3080384358338068 0.9488536866127214
0.3120788398742108 0.9488536866127214
0.3161192439146149 0.9488536866127214
0.32015964795501894 0.9488536866127214
0.2999576277529987 0.9528940906531255
0.3039980317934028 0.9528940906531255
0.3080384358338068 0.9528940906531255
