# x y
0.6998744520555383 0.710469848228883
0.6958340480151343 0.7145102522692871
0.6998744520555383 0.7145102522692871
0.6917936439747303 0.7185506563096911
0.6958340480151343 0.7185506563096911
0.6998744520555383 0.7185506563096911
0.6877532399343262 0.7225910603500951
0.6917936439747303 0.7225910603500951
0.6958340480151343 0.7225910603500951
0.6837128358939222 0.7266314643904992
0.6877532399343262 0.7266314643904992
0.6917936439747303 0.7266314643904992
0.6796724318535181 0.7306718684309033
0.6837128358939222 0.7306718684309033
0.6877532399343262 0.7306718684309033
0.675632027813114 0.7347122724713073
0.6796724318535181 0.7347122724713073
0.6837128358939222 0.7347122724713073
0.6675512197323059 0.7387526765117113
0.67159162377271 0.7387526765117113
0.675632027813114 0.7387526765117113
0.6796724318535181 0.7387526765117113
0.663510815691902 0.7427930805521153
0.6675512197323059 0.7427930805521153
0.67159162377271 0.7427930805521153
0.675632027813114 0.7427930805521153
0.6594704116514979 0.7468334845925194
0.663510815691902 0.7468334845925194
0.6675512197323059 0.7468334845925194
0.6554300076110939 0.7508738886329235
0.6594704116514979 0.7508738886329235
0.663510815691902 0.7508738886329235
0.6513896035706899 0.7549142926733274
0.6554300076110939 0.7549142926733274
0.6594704116514979 0.7549142926733274
0.6473491995302858 0.7589546967137315
0.6513896035706899 0.7589546967137315
0.6554300076110939 0.7589546967137315
0.6433087954898817 0.7629951007541356
0.6473491995302858 0.7629951007541356
0.6513896035706899 0.7629951007541356
0.6352279874090736 0.7670355047945396
0.6392683914494777 0.7670355047945396
0.6433087954898817 0.7670355047945396
0.6473491995302858 0.7670355047945396
0.6311875833686696 0.7710759088349436
0.6352279874090736 0.7710759088349436
0.6392683914494777 0.7710759088349436
0.6433087954898817 0.7710759088349436
0.6271471793282656 0.7751163128753477
0.6311875833686696 0.7751163128753477
0.6352279874090736 0.7751163128753477
0.6231067752878615 0.7791567169157517
0.6271471793282656 0.7791567169157517
0.6311875833686696 0.7791567169157517
0.6150259672070535 0.7831971209561558
0.6190663712474576 0.7831971209561558
0.6231067752878615 0.7831971209561558
0.6271471793282656 0.7831971209561558
0.6109855631666494 0.7872375249965597
0.6150259672070535 0.7872375249965597
0.6190663712474576 0.7872375249965597
0.6231067752878615 0.7872375249965597
0.6069451591262454 0.7912779290369638
0.6109855631666494 0.7912779290369638
0.6150259672070535 0.7912779290369638
0.5988643510454372 0.7953183330773679
0.6029047550858413 0.7953183330773679
0.6069451591262454 0.7953183330773679
0.6109855631666494 0.7953183330773679
0.5948239470050333 0.799358737117772
0.5988643510454372 0.799358737117772
0.6029047550858413 0.799358737117772
0.6069451591262454 0.799358737117772
0.5907835429646292 0.803399141158176
0.5948239470050333 0.803399141158176
0.5988643510454372 0.803399141158176
0.5827027348838212 0.80743954519858
0.5867431389242252 0.80743954519858
0.5907835429646292 0.80743954519858
0.5948239470050333 0.80743954519858
0.5786623308434171 0.811479949238984
0.5827027348838212 0.811479949238984
0.5867431389242252 0.811479949238984
0.5907835429646292 0.811479949238984
0.574621926803013 0.8155203532793881
0.5786623308434171 0.8155203532793881
0.5827027348838212 0.8155203532793881
0.5665411187222049 0.819560757319792
0.570581522762609 0.819560757319792
0.574621926803013 0.819560757319792
0.5786623308434171 0.819560757319792
0.562500714681801 0.8236011613601961
0.5665411187222049 0.8236011613601961
0.570581522762609 0.8236011613601961
0.574621926803013 0.8236011613601961
0.5544199066009928 0.8276415654006002
0.5584603106413969 0.8276415654006002
0.562500714681801 0.8276415654006002
0.5665411187222049 0.8276415654006002
0.5503795025605889 0.8316819694410043
0.5544199066009928 0.8316819694410043
0.5584603106413969 0.8316819694410043
0.562500714681801 0.8316819694410043
0.5422986944797807 0.8357223734814083
0.5463390985201848 0.8357223734814083
0.5503795025605889 0.8357223734814083
0.5544199066009928 0.8357223734814083
0.5382582904393767 0.8397627775218124
0.5422986944797807 0.8397627775218124
0.5463390985201848 0.8397627775218124
0.5503795025605889 0.8397627775218124
0.5301774823585687 0.8438031815622163
0.5342178863989726 0.8438031815622163
0.5382582904393767 0.8438031815622163
0.5422986944797807 0.8438031815622163
0.5220966742777605 0.8478435856026204
0.5261370783181646 0.8478435856026204
0.5301774823585687 0.8478435856026204
0.5342178863989726 0.8478435856026204
0.5382582904393767 0.8478435856026204
0.5180562702373565 0.8518839896430245
0.5220966742777605 0.8518839896430245
0.5261370783181646 0.8518839896430245
0.5301774823585687 0.8518839896430245
0.5099754621565484 0.8559243936834284
0.5140158661969525 0.8559243936834284
0.5180562702373565 0.8559243936834284
0.5220966742777605 0.8559243936834284
0.5018946540757403 0.8599647977238325
0.5059350581161444 0.8599647977238325
0.5099754621565484 0.8599647977238325
0.5140158661969525 0.8599647977238325
0.5180562702373565 0.8599647977238325
0.4978542500353363 0.8640052017642366
0.5018946540757403 0.8640052017642366
0.5059350581161444 0.8640052017642366
0.5099754621565484 0.8640052017642366
0.4897734419545282 0.8680456058046406
0.4938138459949323 0.8680456058046406
0.4978542500353363 0.8680456058046406
0.5018946540757403 0.8680456058046406
0.48169263387372013 0.8720860098450447
0.48573303791412414 0.8720860098450447
0.4897734419545282 0.8720860098450447
0.4938138459949323 0.8720860098450447
0.4978542500353363 0.8720860098450447
0.47361182579291206 0.8761264138854487
0.4776522298333161 0.8761264138854487
0.48169263387372013 0.8761264138854487
0.48573303791412414 0.8761264138854487
0.4897734419545282 0.8761264138854487
0.465531017712104 0.8801668179258527
0.469571421752508 0.8801668179258527
0.47361182579291206 0.8801668179258527
0.4776522298333161 0.8801668179258527
0.48169263387372013 0.8801668179258527
0.4574502096312959 0.8842072219662568
0.4614906136716999 0.8842072219662568
0.465531017712104 0.8842072219662568
0.469571421752508 0.8842072219662568
0.47361182579291206 0.8842072219662568
0.44936940155048777 0.8882476260066607
0.45340980559089183 0.8882476260066607
0.4574502096312959 0.8882476260066607
0.4614906136716999 0.8882476260066607
0.465531017712104 0.8882476260066607
0.44128859346967975 0.8922880300470648
0.44532899751008376 0.8922880300470648
0.44936940155048777 0.8922880300470648
0.45340980559089183 0.8922880300470648
0.4574502096312959 0.8922880300470648
0.4332077853888716 0.8963284340874689
0.4372481894292757 0.8963284340874689
0.44128859346967975 0.8963284340874689
0.44532899751008376 0.8963284340874689
0.44936940155048777 0.8963284340874689
0.4251269773080636 0.9003688381278729
0.4291673813484676 0.9003688381278729
0.4332077853888716 0.9003688381278729
0.4372481894292757 0.9003688381278729
0.44128859346967975 0.9003688381278729
0.41704616922725546 0.904409242168277
0.4210865732676595 0.904409242168277
0.4251269773080636 0.904409242168277
0.4291673813484676 0.904409242168277
0.4332077853888716 0.904409242168277
0.4089653611464474 0.9084496462086811
0.41300576518685145 0.9084496462086811
0.41704616922725546 0.9084496462086811
0.4210865732676595 0.9084496462086811
0.4251269773080636 0.9084496462086811
0.4008845530656393 0.912490050249085
0.40492495710604337 0.912490050249085
0.4089653611464474 0.912490050249085
0.41300576518685145 0.912490050249085
0.41704616922725546 0.912490050249085
0.3887633409444272 0.9165304542894891
0.3928037449848312 0.9165304542894891
0.3968441490252353 0.9165304542894891
0.4008845530656393 0.9165304542894891
0.40492495710604337 0.9165304542894891
0.4089653611464474 0.9165304542894891
0.3806825328636191 0.920570858329893
0.38472293690402315 0.920570858329893
0.3887633409444272 0.920570858329893
0.3928037449848312 0.920570858329893
0.3968441490252353 0.920570858329893
0.4008845530656393 0.920570858329893
0.37260172478281106 0.9246112623702971
0.37664212882321507 0.9246112623702971
0.3806825328636191 0.9246112623702971
0.38472293690402315 0.9246112623702971
0.3887633409444272 0.9246112623702971
0.3604805126615989 0.9286516664107012
0.36452091670200293 0.9286516664107012
0.368561320742407 0.9286516664107012
0.37260172478281106 0.9286516664107012
0.37664212882321507 0.9286516664107012
0.3806825328636191 0.9286516664107012
0.3483593005403868 0.9326920704511052
0.35239970458079084 0.9326920704511052
0.3564401086211949 0.9326920704511052
0.3604805126615989 0.9326920704511052
0.36452091670200293 0.9326920704511052
0.368561320742407 0.9326920704511052
0.37260172478281106 0.9326920704511052
0.3402784924595787 0.9367324744915093
0.34431889649998276 0.9367324744915093
0.3483593005403868 0.9367324744915093
0.35239970458079084 0.9367324744915093
0.3564401086211949 0.9367324744915093
0.3604805126615989 0.9367324744915093
0.3281572803383666 0.9407728785319134
0.3321976843787706 0.9407728785319134
0.3362380884191747 0.9407728785319134
0.3402784924595787 0.9407728785319134
0.34431889649998276 0.9407728785319134
0.3483593005403868 0.9407728785319134
0.31603606821715446 0.9448132825723174
0.32007647225755853 0.9448132825723174
0.32411687629796254 0.9448132825723174
0.3281572803383666 0.9448132825723174
0.3321976843787706 0.9448132825723174
0.3362380884191747 0.9448132825723174
0.3402784924595787 0.9448132825723174
0.3039148560959424 0.9488536866127214
0.3079552601363464 0.9488536866127214
0.3119956641767504 0.9488536866127214
0.31603606821715446 0.9488536866127214
0.32007647225755853 0.9488536866127214
0.32411687629796254 0.9488536866127214
0.3281572803383666 0.9488536866127214
0.2998744520555383 0.9528940906531255
0.3039148560959424 0.9528940906531255
0.3079552601363464 0.9528940906531255
0.3119956641767504 0.9528940906531255
0.31603606821715446 0.9528940906531255
0.2998744520555383 0.9569344946935294
0.3039148560959424 0.9569344946935294
