# x y
0.6989397452095987 0.698348636107671
0.6948993411691946 0.702389040148075
0.6989397452095987 0.702389040148075
0.6908589371287905 0.706429444188479
0.6948993411691946 0.706429444188479
0.6989397452095987 0.706429444188479
0.6868185330883865 0.710469848228883
0.6908589371287905 0.710469848228883
0.6948993411691946 0.710469848228883
0.6989397452095987 0.710469848228883
0.6827781290479824 0.7145102522692871
0.6868185330883865 0.7145102522692871
0.6908589371287905 0.7145102522692871
0.6948993411691946 0.7145102522692871
0.6989397452095987 0.7145102522692871
0.6787377250075785 0.7185506563096911
0.6827781290479824 0.7185506563096911
0.6868185330883865 0.7185506563096911
0.6908589371287905 0.7185506563096911
0.6948993411691946 0.7185506563096911
0.6989397452095987 0.7185506563096911
0.6746973209671744 0.7225910603500951
0.6787377250075785 0.7225910603500951
0.6827781290479824 0.7225910603500951
0.6868185330883865 0.7225910603500951
0.6908589371287905 0.7225910603500951
0.6948993411691946 0.7225910603500951
0.6989397452095987 0.7225910603500951
0.6706569169267704 0.7266314643904992
0.6746973209671744 0.7266314643904992
0.6787377250075785 0.7266314643904992
0.6827781290479824 0.7266314643904992
0.6868185330883865 0.7266314643904992
0.6908589371287905 0.7266314643904992
0.6948993411691946 0.7266314643904992
0.6989397452095987 0.7266314643904992
0.6666165128863664 0.7306718684309033
0.6706569169267704 0.7306718684309033
0.6746973209671744 0.7306718684309033
0.6787377250075785 0.7306718684309033
0.6827781290479824 0.7306718684309033
0.6868185330883865 0.7306718684309033
0.6908589371287905 0.7306718684309033
0.6948993411691946 0.7306718684309033
0.6989397452095987 0.7306718684309033
0.6585357048055582 0.7347122724713073
0.6625761088459623 0.7347122724713073
0.6666165128863664 0.7347122724713073
0.6706569169267704 0.7347122724713073
0.6746973209671744 0.7347122724713073
0.6787377250075785 0.7347122724713073
0.6827781290479824 0.7347122724713073
0.6868185330883865 0.7347122724713073
0.6908589371287905 0.7347122724713073
0.6948993411691946 0.7347122724713073
0.6544953007651542 0.7387526765117113
0.6585357048055582 0.7387526765117113
0.6625761088459623 0.7387526765117113
0.6666165128863664 0.7387526765117113
0.6706569169267704 0.7387526765117113
0.6746973209671744 0.7387526765117113
0.6787377250075785 0.7387526765117113
0.6827781290479824 0.7387526765117113
0.6868185330883865 0.7387526765117113
0.6908589371287905 0.7387526765117113
0.6504548967247501 0.7427930805521153
0.6544953007651542 0.7427930805521153
0.6585357048055582 0.7427930805521153
0.6625761088459623 0.7427930805521153
0.6666165128863664 0.7427930805521153
0.6706569169267704 0.7427930805521153
0.6746973209671744 0.7427930805521153
0.6787377250075785 0.7427930805521153
0.6827781290479824 0.7427930805521153
0.6464144926843461 0.7468334845925194
0.6504548967247501 0.7468334845925194
0.6544953007651542 0.7468334845925194
0.6585357048055582 0.7468334845925194
0.6625761088459623 0.7468334845925194
0.6666165128863664 0.7468334845925194
0.6706569169267704 0.7468334845925194
0.6746973209671744 0.7468334845925194
0.6787377250075785 0.7468334845925194
0.6423740886439421 0.7508738886329235
0.6464144926843461 0.7508738886329235
0.6504548967247501 0.7508738886329235
0.6544953007651542 0.7508738886329235
0.6585357048055582 0.7508738886329235
0.6625761088459623 0.7508738886329235
0.6666165128863664 0.7508738886329235
0.6706569169267704 0.7508738886329235
0.6746973209671744 0.7508738886329235
0.6383336846035381 0.7549142926733274
0.6423740886439421 0.7549142926733274
0.6464144926843461 0.7549142926733274
0.6504548967247501 0.7549142926733274
0.6544953007651542 0.7549142926733274
0.6585357048055582 0.7549142926733274
0.6625761088459623 0.7549142926733274
0.6666165128863664 0.7549142926733274
0.6706569169267704 0.7549142926733274
0.634293280563134 0.7589546967137315
0.6383336846035381 0.7589546967137315
0.6423740886439421 0.7589546967137315
0.6464144926843461 0.7589546967137315
0.6504548967247501 0.7589546967137315
0.6544953007651542 0.7589546967137315
0.6585357048055582 0.7589546967137315
0.6625761088459623 0.7589546967137315
0.6666165128863664 0.7589546967137315
0.6262124724823259 0.7629951007541356
0.63025287652273 0.7629951007541356
0.634293280563134 0.7629951007541356
0.6383336846035381 0.7629951007541356
0.6423740886439421 0.7629951007541356
0.6464144926843461 0.7629951007541356
0.6504548967247501 0.7629951007541356
0.6544953007651542 0.7629951007541356
0.6585357048055582 0.7629951007541356
0.6625761088459623 0.7629951007541356
0.6221720684419219 0.7670355047945396
0.6262124724823259 0.7670355047945396
0.63025287652273 0.7670355047945396
0.634293280563134 0.7670355047945396
0.6383336846035381 0.7670355047945396
0.6423740886439421 0.7670355047945396
0.6464144926843461 0.7670355047945396
0.6504548967247501 0.7670355047945396
0.6544953007651542 0.7670355047945396
0.6585357048055582 0.7670355047945396
0.6181316644015178 0.7710759088349436
0.6221720684419219 0.7710759088349436
0.6262124724823259 0.7710759088349436
0.63025287652273 0.7710759088349436
0.634293280563134 0.7710759088349436
0.6383336846035381 0.7710759088349436
0.6423740886439421 0.7710759088349436
0.6464144926843461 0.7710759088349436
0.6504548967247501 0.7710759088349436
0.6100508563207098 0.7751163128753477
0.6140912603611137 0.7751163128753477
0.6181316644015178 0.7751163128753477
0.6221720684419219 0.7751163128753477
0.6262124724823259 0.7751163128753477
0.63025287652273 0.7751163128753477
0.634293280563134 0.7751163128753477
0.6383336846035381 0.7751163128753477
0.6423740886439421 0.7751163128753477
0.6464144926843461 0.7751163128753477
0.6504548967247501 0.7751163128753477
0.6060104522803057 0.7791567169157517
0.6100508563207098 0.7791567169157517
0.6140912603611137 0.7791567169157517
0.6181316644015178 0.7791567169157517
0.6221720684419219 0.7791567169157517
0.6262124724823259 0.7791567169157517
0.63025287652273 0.7791567169157517
0.634293280563134 0.7791567169157517
0.6383336846035381 0.7791567169157517
0.6423740886439421 0.7791567169157517
0.6019700482399017 0.7831971209561558
0.6060104522803057 0.7831971209561558
0.6100508563207098 0.7831971209561558
0.6140912603611137 0.7831971209561558
0.6181316644015178 0.7831971209561558
0.6221720684419219 0.7831971209561558
0.6262124724823259 0.7831971209561558
0.63025287652273 0.7831971209561558
0.634293280563134 0.7831971209561558
0.6383336846035381 0.7831971209561558
0.5979296441994977 0.7872375249965597
0.6019700482399017 0.7872375249965597
0.6060104522803057 0.7872375249965597
0.6100508563207098 0.7872375249965597
0.6140912603611137 0.7872375249965597
0.6181316644015178 0.7872375249965597
0.6221720684419219 0.7872375249965597
0.6262124724823259 0.7872375249965597
0.63025287652273 0.7872375249965597
0.634293280563134 0.7872375249965597
0.5898488361186895 0.7912779290369638
0.5938892401590936 0.7912779290369638
0.5979296441994977 0.7912779290369638
0.6019700482399017 0.7912779290369638
0.6060104522803057 0.7912779290369638
0.6100508563207098 0.7912779290369638
0.6140912603611137 0.7912779290369638
0.6181316644015178 0.7912779290369638
0.6221720684419219 0.7912779290369638
0.6262124724823259 0.7912779290369638
0.63025287652273 0.7912779290369638
0.5858084320782855 0.7953183330773679
0.5898488361186895 0.7953183330773679
0.5938892401590936 0.7953183330773679
0.5979296441994977 0.7953183330773679
0.6019700482399017 0.7953183330773679
0.6060104522803057 0.7953183330773679
0.6100508563207098 0.7953183330773679
0.6140912603611137 0.7953183330773679
0.6181316644015178 0.7953183330773679
0.6221720684419219 0.7953183330773679
0.5817680280378814 0.799358737117772
0.5858084320782855 0.799358737117772
0.5898488361186895 0.799358737117772
0.5938892401590936 0.799358737117772
0.5979296441994977 0.799358737117772
0.6019700482399017 0.799358737117772
0.6060104522803057 0.799358737117772
0.6100508563207098 0.799358737117772
0.6140912603611137 0.799358737117772
0.6181316644015178 0.799358737117772
0.5736872199570734 0.803399141158176
0.5777276239974775 0.803399141158176
0.5817680280378814 0.803399141158176
0.5858084320782855 0.803399141158176
0.5898488361186895 0.803399141158176
0.5938892401590936 0.803399141158176
0.5979296441994977 0.803399141158176
0.6019700482399017 0.803399141158176
0.6060104522803057 0.803399141158176
0.6100508563207098 0.803399141158176
0.6140912603611137 0.803399141158176
0.5696468159166694 0.80743954519858
0.5736872199570734 0.80743954519858
0.5777276239974775 0.80743954519858
0.5817680280378814 0.80743954519858
0.5858084320782855 0.80743954519858
0.5898488361186895 0.80743954519858
0.5938892401590936 0.80743954519858
0.5979296441994977 0.80743954519858
0.6019700482399017 0.80743954519858
0.6060104522803057 0.80743954519858
0.5615660078358613 0.811479949238984
0.5656064118762654 0.811479949238984
0.5696468159166694 0.811479949238984
0.5736872199570734 0.811479949238984
0.5777276239974775 0.811479949238984
0.5817680280378814 0.811479949238984
0.5858084320782855 0.811479949238984
0.5898488361186895 0.811479949238984
0.5938892401590936 0.811479949238984
0.5979296441994977 0.811479949238984
0.6019700482399017 0.811479949238984
0.5575256037954572 0.8155203532793881
0.5615660078358613 0.8155203532793881
0.5656064118762654 0.8155203532793881
0.5696468159166694 0.8155203532793881
0.5736872199570734 0.8155203532793881
0.5777276239974775 0.8155203532793881
0.5817680280378814 0.8155203532793881
0.5858084320782855 0.8155203532793881
0.5898488361186895 0.8155203532793881
0.5938892401590936 0.8155203532793881
0.5979296441994977 0.8155203532793881
0.5494447957146491 0.819560757319792
0.5534851997550532 0.819560757319792
0.5575256037954572 0.819560757319792
0.5615660078358613 0.819560757319792
0.5656064118762654 0.819560757319792
0.5696468159166694 0.819560757319792
0.5736872199570734 0.819560757319792
0.5777276239974775 0.819560757319792
0.5817680280378814 0.819560757319792
0.5858084320782855 0.819560757319792
0.5898488361186895 0.819560757319792
0.5454043916742451 0.8236011613601961
0.5494447957146491 0.8236011613601961
0.5534851997550532 0.8236011613601961
0.5575256037954572 0.8236011613601961
0.5615660078358613 0.8236011613601961
0.5656064118762654 0.8236011613601961
0.5696468159166694 0.8236011613601961
0.5736872199570734 0.8236011613601961
0.5777276239974775 0.8236011613601961
0.5817680280378814 0.8236011613601961
0.5858084320782855 0.8236011613601961
0.537323583593437 0.8276415654006002
0.5413639876338411 0.8276415654006002
0.5454043916742451 0.8276415654006002
0.5494447957146491 0.8276415654006002
0.5534851997550532 0.8276415654006002
0.5575256037954572 0.8276415654006002
0.5615660078358613 0.8276415654006002
0.5656064118762654 0.8276415654006002
0.5696468159166694 0.8276415654006002
0.5736872199570734 0.8276415654006002
0.5777276239974775 0.8276415654006002
0.5332831795530331 0.8316819694410043
0.537323583593437 0.8316819694410043
0.5413639876338411 0.8316819694410043
0.5454043916742451 0.8316819694410043
0.5494447957146491 0.8316819694410043
0.5534851997550532 0.8316819694410043
0.5575256037954572 0.8316819694410043
0.5615660078358613 0.8316819694410043
0.5656064118762654 0.8316819694410043
0.5696468159166694 0.8316819694410043
0.5736872199570734 0.8316819694410043
0.5252023714722249 0.8357223734814083
0.529242775512629 0.8357223734814083
0.5332831795530331 0.8357223734814083
0.537323583593437 0.8357223734814083
0.5413639876338411 0.8357223734814083
0.5454043916742451 0.8357223734814083
0.5494447957146491 0.8357223734814083
0.5534851997550532 0.8357223734814083
0.5575256037954572 0.8357223734814083
0.5615660078358613 0.8357223734814083
0.5656064118762654 0.8357223734814083
0.5171215633914168 0.8397627775218124
0.5211619674318209 0.8397627775218124
0.5252023714722249 0.8397627775218124
0.529242775512629 0.8397627775218124
0.5332831795530331 0.8397627775218124
0.537323583593437 0.8397627775218124
0.5413639876338411 0.8397627775218124
0.5454043916742451 0.8397627775218124
0.5494447957146491 0.8397627775218124
0.5534851997550532 0.8397627775218124
0.5575256037954572 0.8397627775218124
0.5615660078358613 0.8397627775218124
0.5130811593510127 0.8438031815622163
0.5171215633914168 0.8438031815622163
0.5211619674318209 0.8438031815622163
0.5252023714722249 0.8438031815622163
0.529242775512629 0.8438031815622163
0.5332831795530331 0.8438031815622163
0.537323583593437 0.8438031815622163
0.5413639876338411 0.8438031815622163
0.5454043916742451 0.8438031815622163
0.5494447957146491 0.8438031815622163
0.5534851997550532 0.8438031815622163
0.5575256037954572 0.8438031815622163
0.5050003512702047 0.8478435856026204
0.5090407553106088 0.8478435856026204
0.5130811593510127 0.8478435856026204
0.5171215633914168 0.8478435856026204
0.5211619674318209 0.8478435856026204
0.5252023714722249 0.8478435856026204
0.529242775512629 0.8478435856026204
0.5332831795530331 0.8478435856026204
0.537323583593437 0.8478435856026204
0.5413639876338411 0.8478435856026204
0.5454043916742451 0.8478435856026204
0.5494447957146491 0.8478435856026204
0.5009599472298006 0.8518839896430245
0.5050003512702047 0.8518839896430245
0.5090407553106088 0.8518839896430245
0.5130811593510127 0.8518839896430245
0.5171215633914168 0.8518839896430245
0.5211619674318209 0.8518839896430245
0.5252023714722249 0.8518839896430245
0.529242775512629 0.8518839896430245
0.5332831795530331 0.8518839896430245
0.537323583593437 0.8518839896430245
0.5413639876338411 0.8518839896430245
0.5454043916742451 0.8518839896430245
0.4928791391489926 0.8559243936834284
0.49691954318939663 0.8559243936834284
0.5009599472298006 0.8559243936834284
0.5050003512702047 0.8559243936834284
0.5090407553106088 0.8559243936834284
0.5130811593510127 0.8559243936834284
0.5171215633914168 0.8559243936834284
0.5211619674318209 0.8559243936834284
0.5252023714722249 0.8559243936834284
0.529242775512629 0.8559243936834284
0.5332831795530331 0.8559243936834284
0.537323583593437 0.8559243936834284
0.4847983310681845 0.8599647977238325
0.48883873510858855 0.8599647977238325
0.4928791391489926 0.8599647977238325
0.49691954318939663 0.8599647977238325
0.5009599472298006 0.8599647977238325
0.5050003512702047 0.8599647977238325
0.5090407553106088 0.8599647977238325
0.5130811593510127 0.8599647977238325
0.5171215633914168 0.8599647977238325
0.5211619674318209 0.8599647977238325
0.5252023714722249 0.8599647977238325
0.529242775512629 0.8599647977238325
0.47671752298737646 0.8640052017642366
0.4807579270277805 0.8640052017642366
0.4847983310681845 0.8640052017642366
0.48883873510858855 0.8640052017642366
0.4928791391489926 0.8640052017642366
0.49691954318939663 0.8640052017642366
0.5009599472298006 0.8640052017642366
0.5050003512702047 0.8640052017642366
0.5090407553106088 0.8640052017642366
0.5130811593510127 0.8640052017642366
0.5171215633914168 0.8640052017642366
0.5211619674318209 0.8640052017642366
0.5252023714722249 0.8640052017642366
0.4726771189469724 0.8680456058046406
0.47671752298737646 0.8680456058046406
0.4807579270277805 0.8680456058046406
0.4847983310681845 0.8680456058046406
0.48883873510858855 0.8680456058046406
0.4928791391489926 0.8680456058046406
0.49691954318939663 0.8680456058046406
0.5009599472298006 0.8680456058046406
0.5050003512702047 0.8680456058046406
0.5090407553106088 0.8680456058046406
0.5130811593510127 0.8680456058046406
0.5171215633914168 0.8680456058046406
0.46055590682576025 0.8720860098450447
0.4645963108661643 0.8720860098450447
0.46863671490656833 0.8720860098450447
0.4726771189469724 0.8720860098450447
0.47671752298737646 0.8720860098450447
0.4807579270277805 0.8720860098450447
0.4847983310681845 0.8720860098450447
0.48883873510858855 0.8720860098450447
0.4928791391489926 0.8720860098450447
0.49691954318939663 0.8720860098450447
0.5009599472298006 0.8720860098450447
0.5050003512702047 0.8720860098450447
0.5090407553106088 0.8720860098450447
0.45651550278535624 0.8761264138854487
0.46055590682576025 0.8761264138854487
0.4645963108661643 0.8761264138854487
0.46863671490656833 0.8761264138854487
0.4726771189469724 0.8761264138854487
0.47671752298737646 0.8761264138854487
0.4807579270277805 0.8761264138854487
0.4847983310681845 0.8761264138854487
0.48883873510858855 0.8761264138854487
0.4928791391489926 0.8761264138854487
0.49691954318939663 0.8761264138854487
0.5009599472298006 0.8761264138854487
0.5050003512702047 0.8761264138854487
0.4484346947045481 0.8801668179258527
0.4524750987449522 0.8801668179258527
0.45651550278535624 0.8801668179258527
0.46055590682576025 0.8801668179258527
0.4645963108661643 0.8801668179258527
0.46863671490656833 0.8801668179258527
0.4726771189469724 0.8801668179258527
0.47671752298737646 0.8801668179258527
0.4807579270277805 0.8801668179258527
0.4847983310681845 0.8801668179258527
0.48883873510858855 0.8801668179258527
0.4928791391489926 0.8801668179258527
0.49691954318939663 0.8801668179258527
0.4403538866237401 0.8842072219662568
0.4443942906641441 0.8842072219662568
0.4484346947045481 0.8842072219662568
0.4524750987449522 0.8842072219662568
0.45651550278535624 0.8842072219662568
0.46055590682576025 0.8842072219662568
0.4645963108661643 0.8842072219662568
0.46863671490656833 0.8842072219662568
0.4726771189469724 0.8842072219662568
0.47671752298737646 0.8842072219662568
0.4807579270277805 0.8842072219662568
0.4847983310681845 0.8842072219662568
0.48883873510858855 0.8842072219662568
0.43227307854293195 0.8882476260066607
0.436313482583336 0.8882476260066607
0.4403538866237401 0.8882476260066607
0.4443942906641441 0.8882476260066607
0.4484346947045481 0.8882476260066607
0.4524750987449522 0.8882476260066607
0.45651550278535624 0.8882476260066607
0.46055590682576025 0.8882476260066607
0.4645963108661643 0.8882476260066607
0.46863671490656833 0.8882476260066607
0.4726771189469724 0.8882476260066607
0.47671752298737646 0.8882476260066607
0.4807579270277805 0.8882476260066607
0.4847983310681845 0.8882476260066607
0.42419227046212393 0.8922880300470648
0.42823267450252794 0.8922880300470648
0.43227307854293195 0.8922880300470648
0.436313482583336 0.8922880300470648
0.4403538866237401 0.8922880300470648
0.4443942906641441 0.8922880300470648
0.4484346947045481 0.8922880300470648
0.4524750987449522 0.8922880300470648
0.45651550278535624 0.8922880300470648
0.46055590682576025 0.8922880300470648
0.4645963108661643 0.8922880300470648
0.46863671490656833 0.8922880300470648
0.4726771189469724 0.8922880300470648
0.4161114623813158 0.8963284340874689
0.42015186642171987 0.8963284340874689
0.42419227046212393 0.8963284340874689
0.42823267450252794 0.8963284340874689
0.43227307854293195 0.8963284340874689
0.436313482583336 0.8963284340874689
0.4403538866237401 0.8963284340874689
0.4443942906641441 0.8963284340874689
0.4484346947045481 0.8963284340874689
0.4524750987449522 0.8963284340874689
0.45651550278535624 0.8963284340874689
0.46055590682576025 0.8963284340874689
0.4645963108661643 0.8963284340874689
0.46863671490656833 0.8963284340874689
0.4039902502601037 0.9003688381278729
0.4080306543005077 0.9003688381278729
0.4120710583409118 0.9003688381278729
0.4161114623813158 0.9003688381278729
0.42015186642171987 0.9003688381278729
0.42419227046212393 0.9003688381278729
0.42823267450252794 0.9003688381278729
0.43227307854293195 0.9003688381278729
0.436313482583336 0.9003688381278729
0.4403538866237401 0.9003688381278729
0.4443942906641441 0.9003688381278729
0.4484346947045481 0.9003688381278729
0.4524750987449522 0.9003688381278729
0.45651550278535624 0.9003688381278729
0.46055590682576025 0.9003688381278729
0.39590944217929563 0.904409242168277
0.39994984621969965 0.904409242168277
0.4039902502601037 0.904409242168277
0.4080306543005077 0.904409242168277
0.4120710583409118 0.904409242168277
0.4161114623813158 0.904409242168277
0.42015186642171987 0.904409242168277
0.42419227046212393 0.904409242168277
0.42823267450252794 0.904409242168277
0.43227307854293195 0.904409242168277
0.436313482583336 0.904409242168277
0.4403538866237401 0.904409242168277
0.4443942906641441 0.904409242168277
0.4484346947045481 0.904409242168277
0.4524750987449522 0.904409242168277
0.38782863409848756 0.9084496462086811
0.39186903813889157 0.9084496462086811
0.39590944217929563 0.9084496462086811
0.39994984621969965 0.9084496462086811
0.4039902502601037 0.9084496462086811
0.4080306543005077 0.9084496462086811
0.4120710583409118 0.9084496462086811
0.4161114623813158 0.9084496462086811
0.42015186642171987 0.9084496462086811
0.42419227046212393 0.9084496462086811
0.42823267450252794 0.9084496462086811
0.43227307854293195 0.9084496462086811
0.436313482583336 0.9084496462086811
0.4403538866237401 0.9084496462086811
0.4443942906641441 0.9084496462086811
0.3757074219772754 0.912490050249085
0.3797478260176794 0.912490050249085
0.3837882300580835 0.912490050249085
0.38782863409848756 0.912490050249085
0.39186903813889157 0.912490050249085
0.39590944217929563 0.912490050249085
0.39994984621969965 0.912490050249085
0.4039902502601037 0.912490050249085
0.4080306543005077 0.912490050249085
0.4120710583409118 0.912490050249085
0.4161114623813158 0.912490050249085
0.42015186642171987 0.912490050249085
0.42419227046212393 0.912490050249085
0.42823267450252794 0.912490050249085
0.43227307854293195 0.912490050249085
0.436313482583336 0.912490050249085
0.36762661389646734 0.9165304542894891
0.3716670179368714 0.9165304542894891
0.3757074219772754 0.9165304542894891
0.3797478260176794 0.9165304542894891
0.3837882300580835 0.9165304542894891
0.38782863409848756 0.9165304542894891
0.39186903813889157 0.9165304542894891
0.39590944217929563 0.9165304542894891
0.39994984621969965 0.9165304542894891
0.4039902502601037 0.9165304542894891
0.4080306543005077 0.9165304542894891
0.4120710583409118 0.9165304542894891
0.4161114623813158 0.9165304542894891
0.42015186642171987 0.9165304542894891
0.42419227046212393 0.9165304542894891
0.35954580581565926 0.920570858329893
0.36358620985606327 0.920570858329893
0.36762661389646734 0.920570858329893
0.3716670179368714 0.920570858329893
0.3757074219772754 0.920570858329893
0.3797478260176794 0.920570858329893
0.3837882300580835 0.920570858329893
0.38782863409848756 0.920570858329893
0.39186903813889157 0.920570858329893
0.39590944217929563 0.920570858329893
0.39994984621969965 0.920570858329893
0.4039902502601037 0.920570858329893
0.4080306543005077 0.920570858329893
0.4120710583409118 0.920570858329893
0.4161114623813158 0.920570858329893
0.42015186642171987 0.920570858329893
0.3474245936944471 0.9246112623702971
0.3514649977348512 0.9246112623702971
0.35550540177525525 0.9246112623702971
0.35954580581565926 0.9246112623702971
0.36358620985606327 0.9246112623702971
0.36762661389646734 0.9246112623702971
0.3716670179368714 0.9246112623702971
0.3757074219772754 0.9246112623702971
0.3797478260176794 0.9246112623702971
0.3837882300580835 0.9246112623702971
0.38782863409848756 0.9246112623702971
0.39186903813889157 0.9246112623702971
0.39590944217929563 0.9246112623702971
0.39994984621969965 0.9246112623702971
0.4039902502601037 0.9246112623702971
0.4080306543005077 0.9246112623702971
0.335303381573235 0.9286516664107012
0.33934378561363904 0.9286516664107012
0.3433841896540431 0.9286516664107012
0.3474245936944471 0.9286516664107012
0.3514649977348512 0.9286516664107012
0.35550540177525525 0.9286516664107012
0.35954580581565926 0.9286516664107012
0.36358620985606327 0.9286516664107012
0.36762661389646734 0.9286516664107012
0.3716670179368714 0.9286516664107012
0.3757074219772754 0.9286516664107012
0.3797478260176794 0.9286516664107012
0.3837882300580835 0.9286516664107012
0.38782863409848756 0.9286516664107012
0.39186903813889157 0.9286516664107012
0.39590944217929563 0.9286516664107012
0.39994984621969965 0.9286516664107012
0.32722257349242695 0.9326920704511052
0.33126297753283096 0.9326920704511052
0.335303381573235 0.9326920704511052
0.33934378561363904 0.9326920704511052
0.3433841896540431 0.9326920704511052
0.3474245936944471 0.9326920704511052
0.3514649977348512 0.9326920704511052
0.35550540177525525 0.9326920704511052
0.35954580581565926 0.9326920704511052
0.36358620985606327 0.9326920704511052
0.36762661389646734 0.9326920704511052
0.3716670179368714 0.9326920704511052
0.3757074219772754 0.9326920704511052
0.3797478260176794 0.9326920704511052
0.3837882300580835 0.9326920704511052
0.38782863409848756 0.9326920704511052
0.39186903813889157 0.9326920704511052
0.31106095733081074 0.9367324744915093
0.3151013613712148 0.9367324744915093
0.31914176541161887 0.9367324744915093
0.3231821694520229 0.9367324744915093
0.32722257349242695 0.9367324744915093
0.33126297753283096 0.9367324744915093
0.335303381573235 0.9367324744915093
0.33934378561363904 0.9367324744915093
0.3433841896540431 0.9367324744915093
0.3474245936944471 0.9367324744915093
0.3514649977348512 0.9367324744915093
0.35550540177525525 0.9367324744915093
0.35954580581565926 0.9367324744915093
0.36358620985606327 0.9367324744915093
0.36762661389646734 0.9367324744915093
0.3716670179368714 0.9367324744915093
0.3757074219772754 0.9367324744915093
0.3797478260176794 0.9367324744915093
0.29893974520959865 0.9407728785319134
0.3029801492500027 0.9407728785319134
0.30702055329040673 0.9407728785319134
0.31106095733081074 0.9407728785319134
0.3151013613712148 0.9407728785319134
0.31914176541161887 0.9407728785319134
0.3231821694520229 0.9407728785319134
0.32722257349242695 0.9407728785319134
0.33126297753283096 0.9407728785319134
0.335303381573235 0.9407728785319134
0.33934378561363904 0.9407728785319134
0.3433841896540431 0.9407728785319134
0.3474245936944471 0.9407728785319134
0.3514649977348512 0.9407728785319134
0.35550540177525525 0.9407728785319134
0.35954580581565926 0.9407728785319134
0.36358620985606327 0.9407728785319134
0.36762661389646734 0.9407728785319134
0.3716670179368714 0.9407728785319134
0.29893974520959865 0.9448132825723174
0.3029801492500027 0.9448132825723174
0.30702055329040673 0.9448132825723174
0.31106095733081074 0.9448132825723174
0.3151013613712148 0.9448132825723174
0.31914176541161887 0.9448132825723174
0.3231821694520229 0.9448132825723174
0.32722257349242695 0.9448132825723174
0.33126297753283096 0.9448132825723174
0.335303381573235 0.9448132825723174
0.33934378561363904 0.9448132825723174
0.3433841896540431 0.9448132825723174
0.3474245936944471 0.9448132825723174
0.3514649977348512 0.9448132825723174
0.35550540177525525 0.9448132825723174
0.35954580581565926 0.9448132825723174
0.36358620985606327 0.9448132825723174
0.29893974520959865 0.9488536866127214
0.3029801492500027 0.9488536866127214
0.30702055329040673 0.9488536866127214
0.31106095733081074 0.9488536866127214
0.3151013613712148 0.9488536866127214
0.31914176541161887 0.9488536866127214
0.3231821694520229 0.9488536866127214
0.32722257349242695 0.9488536866127214
0.33126297753283096 0.9488536866127214
0.335303381573235 0.9488536866127214
0.33934378561363904 0.9488536866127214
0.3433841896540431 0.9488536866127214
0.3474245936944471 0.9488536866127214
0.3514649977348512 0.9488536866127214
0.29893974520959865 0.9528940906531255
0.3029801492500027 0.9528940906531255
0.30702055329040673 0.9528940906531255
0.31106095733081074 0.9528940906531255
0.3151013613712148 0.9528940906531255
0.31914176541161887 0.9528940906531255
0.3231821694520229 0.9528940906531255
0.32722257349242695 0.9528940906531255
0.33126297753283096 0.9528940906531255
0.335303381573235 0.9528940906531255
0.33934378561363904 0.9528940906531255
0.29893974520959865 0.9569344946935294
0.3029801492500027 0.9569344946935294
0.30702055329040673 0.9569344946935294
0.31106095733081074 0.9569344946935294
0.3151013613712148 0.9569344946935294
0.31914176541161887 0.9569344946935294
0.3231821694520229 0.9569344946935294
0.32722257349242695 0.9569344946935294
0.33126297753283096 0.9569344946935294
0.29893974520959865 0.9609748987339335
0.3029801492500027 0.9609748987339335
0.30702055329040673 0.9609748987339335
0.31106095733081074 0.9609748987339335
0.3151013613712148 0.9609748987339335
0.29893974520959865 0.9650153027743376
0.3029801492500027 0.9650153027743376
