# x y
0.6999270142799408 0.710469848228883
0.6958866102395367 0.7145102522692871
0.6999270142799408 0.7145102522692871
0.6918462061991326 0.7185506563096911
0.6958866102395367 0.7185506563096911
0.6999270142799408 0.7185506563096911
0.6878058021587286 0.7225910603500951
0.6918462061991326 0.7225910603500951
0.6958866102395367 0.7225910603500951
0.6837653981183245 0.7266314643904992
0.6878058021587286 0.7266314643904992
0.6797249940779204 0.7306718684309033
0.6837653981183245 0.7306718684309033
0.6756845900375164 0.7347122724713073
0.6797249940779204 0.7347122724713073
0.6716441859971124 0.7387526765117113
0.6756845900375164 0.7387526765117113
0.6676037819567083 0.7427930805521153
0.6716441859971124 0.7427930805521153
0.6635633779163044 0.7468334845925194
0.6676037819567083 0.7468334845925194
0.6554825698354962 0.7508738886329235
0.6595229738759003 0.7508738886329235
0.6635633779163044 0.7508738886329235
0.6514421657950922 0.7549142926733274
0.6554825698354962 0.7549142926733274
0.6595229738759003 0.7549142926733274
0.6474017617546881 0.7589546967137315
0.6514421657950922 0.7589546967137315
0.6554825698354962 0.7589546967137315
0.643361357714284 0.7629951007541356
0.6474017617546881 0.7629951007541356
0.6514421657950922 0.7629951007541356
0.6393209536738801 0.7670355047945396
0.643361357714284 0.7670355047945396
0.635280549633476 0.7710759088349436
0.6393209536738801 0.7710759088349436
0.627199741552668 0.7751163128753477
0.6312401455930721 0.7751163128753477
0.635280549633476 0.7751163128753477
0.6231593375122639 0.7791567169157517
0.627199741552668 0.7791567169157517
0.6312401455930721 0.7791567169157517
0.6191189334718599 0.7831971209561558
0.6231593375122639 0.7831971209561558
0.6110381253910517 0.7872375249965597
0.6150785294314558 0.7872375249965597
0.6191189334718599 0.7872375249965597
0.6069977213506477 0.7912779290369638
0.6110381253910517 0.7912779290369638
0.6150785294314558 0.7912779290369638
0.6029573173102437 0.7953183330773679
0.6069977213506477 0.7953183330773679
0.6110381253910517 0.7953183330773679
0.5989169132698396 0.799358737117772
0.6029573173102437 0.799358737117772
0.5908361051890316 0.803399141158176
0.5948765092294357 0.803399141158176
0.5989169132698396 0.803399141158176
0.5867957011486276 0.80743954519858
0.5908361051890316 0.80743954519858
0.5948765092294357 0.80743954519858
0.5787148930678194 0.811479949238984
0.5827552971082235 0.811479949238984
0.5867957011486276 0.811479949238984
0.5746744890274154 0.8155203532793881
0.5787148930678194 0.8155203532793881
0.5827552971082235 0.8155203532793881
0.5706340849870114 0.819560757319792
0.5746744890274154 0.819560757319792
0.5787148930678194 0.819560757319792
0.5625532769062034 0.8236011613601961
0.5665936809466073 0.8236011613601961
0.5706340849870114 0.8236011613601961
0.5585128728657993 0.8276415654006002
0.5625532769062034 0.8276415654006002
0.5665936809466073 0.8276415654006002
0.5504320647849912 0.8316819694410043
0.5544724688253952 0.8316819694410043
0.5585128728657993 0.8316819694410043
0.5463916607445871 0.8357223734814083
0.5504320647849912 0.8357223734814083
0.5544724688253952 0.8357223734814083
0.5383108526637791 0.8397627775218124
0.542351256704183 0.8397627775218124
0.5463916607445871 0.8397627775218124
0.530230044582971 0.8438031815622163
0.534270448623375 0.8438031815622163
0.5383108526637791 0.8438031815622163
0.542351256704183 0.8438031815622163
0.526189640542567 0.8478435856026204
0.530230044582971 0.8478435856026204
0.534270448623375 0.8478435856026204
0.5181088324617589 0.8518839896430245
0.5221492365021629 0.8518839896430245
0.526189640542567 0.8518839896430245
0.530230044582971 0.8518839896430245
0.5140684284213548 0.8559243936834284
0.5181088324617589 0.8559243936834284
0.5221492365021629 0.8559243936834284
0.5059876203405467 0.8599647977238325
0.5100280243809507 0.8599647977238325
0.5140684284213548 0.8599647977238325
0.49790681225973865 0.8640052017642366
0.5019472163001427 0.8640052017642366
0.5059876203405467 0.8640052017642366
0.5100280243809507 0.8640052017642366
0.4898260041789306 0.8680456058046406
0.4938664082193346 0.8680456058046406
0.49790681225973865 0.8680456058046406
0.5019472163001427 0.8680456058046406
0.48578560013852656 0.8720860098450447
0.4898260041789306 0.8720860098450447
0.4938664082193346 0.8720860098450447
0.47770479205771843 0.8761264138854487
0.4817451960981225 0.8761264138854487
0.48578560013852656 0.8761264138854487
0.4696239839769104 0.8801668179258527
0.4736643880173144 0.8801668179258527
0.47770479205771843 0.8801668179258527
0.4817451960981225 0.8801668179258527
0.4615431758961023 0.8842072219662568
0.46558357993650634 0.8842072219662568
0.4696239839769104 0.8842072219662568
0.4736643880173144 0.8842072219662568
0.4534623678152942 0.8882476260066607
0.4575027718556982 0.8882476260066607
0.4615431758961023 0.8882476260066607
0.46558357993650634 0.8882476260066607
0.4453815597344861 0.8922880300470648
0.4494219637748902 0.8922880300470648
0.4534623678152942 0.8922880300470648
0.4575027718556982 0.8922880300470648
0.43730075165367804 0.8963284340874689
0.44134115569408205 0.8963284340874689
0.4453815597344861 0.8963284340874689
0.4494219637748902 0.8963284340874689
0.42921994357286997 0.9003688381278729
0.43326034761327403 0.9003688381278729
0.43730075165367804 0.9003688381278729
0.44134115569408205 0.9003688381278729
0.4211391354920619 0.904409242168277
0.4251795395324659 0.904409242168277
0.42921994357286997 0.904409242168277
0.43326034761327403 0.904409242168277
0.4130583274112538 0.9084496462086811
0.4170987314516579 0.9084496462086811
0.4211391354920619 0.9084496462086811
0.4251795395324659 0.9084496462086811
0.40093711529004167 0.912490050249085
0.40497751933044573 0.912490050249085
0.40901792337084975 0.912490050249085
0.4130583274112538 0.912490050249085
0.4170987314516579 0.912490050249085
0.3928563072092336 0.9165304542894891
0.39689671124963766 0.9165304542894891
0.40093711529004167 0.9165304542894891
0.40497751933044573 0.9165304542894891
0.3847754991284255 0.920570858329893
0.3888159031688296 0.920570858329893
0.3928563072092336 0.920570858329893
0.39689671124963766 0.920570858329893
0.37265428700721337 0.9246112623702971
0.37669469104761744 0.9246112623702971
0.3807350950880215 0.9246112623702971
0.3847754991284255 0.9246112623702971
0.3888159031688296 0.9246112623702971
0.36457347892640535 0.9286516664107012
0.36861388296680936 0.9286516664107012
0.37265428700721337 0.9286516664107012
0.37669469104761744 0.9286516664107012
0.3524522668051932 0.9326920704511052
0.3564926708455972 0.9326920704511052
0.3605330748860013 0.9326920704511052
0.36457347892640535 0.9326920704511052
0.36861388296680936 0.9326920704511052
0.34033105468398106 0.9367324744915093
0.3443714587243851 0.9367324744915093
0.3484118627647892 0.9367324744915093
0.3524522668051932 0.9367324744915093
0.3564926708455972 0.9367324744915093
0.332250246603173 0.9407728785319134
0.33629065064357705 0.9407728785319134
0.34033105468398106 0.9407728785319134
0.3443714587243851 0.9407728785319134
0.3484118627647892 0.9407728785319134
0.32012903448196084 0.9448132825723174
0.3241694385223649 0.9448132825723174
0.32820984256276897 0.9448132825723174
0.332250246603173 0.9448132825723174
0.33629065064357705 0.9448132825723174
0.30800782236074875 0.9488536866127214
0.3120482264011528 0.9488536866127214
0.31608863044155683 0.9488536866127214
0.32012903448196084 0.9488536866127214
0.3241694385223649 0.9488536866127214
0.2999270142799407 0.9528940906531255
0.3039674183203447 0.9528940906531255
0.30800782236074875 0.9528940906531255
0.3120482264011528 0.9528940906531255
0.2999270142799407 0.9569344946935294
