# x y
0.6595702482996417 0.7791567169157517
0.6312874200168135 0.803399141158176
0.5989641876935811 0.8155203532793881
0.5626005513299448 0.8357223734814083
0.5221965109259044 0.8680456058046406
0.489873278602672 0.8801668179258527
0.5019944907238841 0.8801668179258527
0.46563085436024776 0.9003688381278729
0.489873278602672 0.9003688381278729
0.4009843897137831 0.9246112623702971
0.3727015614309548 0.9367324744915093
0.36462075335014676 0.9609748987339335
0.31613590486529825 0.9650153027743376
0.3040146927440861 0.9690557068147416
0.3322975210269144 0.9730961108551457
