# x y
0.6676545324231484 0.7710759088349436
0.6595737243423403 0.7791567169157517
0.627250492019108 0.7872375249965597
0.5989676637362797 0.8155203532793881
0.5221999869686029 0.8680456058046406
0.5302807950494111 0.8761264138854487
0.5019979667665827 0.8801668179258527
0.4656343304029464 0.9003688381278729
0.4009878657564817 0.9246112623702971
0.3403818051504211 0.9488536866127214
0.39290705767567363 0.9488536866127214
0.31613938090799687 0.9650153027743376
0.3040181687867848 0.9690557068147416
