# x y
0.663581384320084 0.7629951007541356
0.6352985560372556 0.7872375249965597
0.5948945156332153 0.8155203532793881
0.5948945156332153 0.8316819694410043
0.5302480509867505 0.8761264138854487
0.48580360654230614 0.8882476260066607
0.4656015863402859 0.8963284340874689
0.41711673785543746 0.9246112623702971
0.36459148533018493 0.9407728785319134
0.3807531014918011 0.9407728785319134
0.36055108128978086 0.9488536866127214
0.3201470408857404 0.9569344946935294
0.30802582876452833 0.9609748987339335
0.32822784896654855 0.9609748987339335
0.36459148533018493 0.9609748987339335
