# x y
0.639372862869644 0.7791567169157517
0.6595748830716641 0.7791567169157517
0.6272516507484318 0.7872375249965597
0.6070496305464117 0.803399141158176
0.5989688224656036 0.8155203532793881
0.546443569940351 0.8478435856026204
0.5222011456979267 0.8680456058046406
0.5302819537787349 0.8761264138854487
0.5019991254959066 0.8801668179258527
0.5100799335767147 0.8882476260066607
0.43331225680903795 0.9084496462086811
0.4009890244858056 0.9246112623702971
0.3686657921625733 0.9367324744915093
0.37674660024338136 0.9367324744915093
0.3929082164049975 0.9488536866127214
0.36462538812216927 0.9609748987339335
0.31614053963732075 0.9650153027743376
0.3040193275161086 0.9690557068147416
