# x y
0.6999899589070457 0.7145102522692871
0.6959495548666417 0.7185506563096911
0.6919091508262376 0.7225910603500951
0.6878687467858335 0.7266314643904992
0.6838283427454295 0.7306718684309033
0.6797879387050254 0.7347122724713073
0.6757475346646213 0.7387526765117113
0.6676667265838133 0.7427930805521153
0.6717071306242174 0.7427930805521153
0.6636263225434094 0.7468334845925194
0.6595859185030053 0.7508738886329235
0.6555455144626012 0.7549142926733274
0.6515051104221972 0.7589546967137315
0.6474647063817931 0.7629951007541356
0.643424302341389 0.7670355047945396
0.635343494260581 0.7710759088349436
0.631303090220177 0.7751163128753477
0.627262686179773 0.7791567169157517
0.6232222821393689 0.7831971209561558
0.6151414740585608 0.7872375249965597
0.6111010700181567 0.7912779290369638
0.6070606659777527 0.7953183330773679
0.5989798578969446 0.799358737117772
0.6030202619373487 0.799358737117772
0.5949394538565407 0.803399141158176
0.5908990498161366 0.80743954519858
0.5828182417353285 0.811479949238984
0.5868586457757325 0.811479949238984
0.5787778376949244 0.8155203532793881
0.5706970296141164 0.819560757319792
0.5747374336545203 0.819560757319792
0.5666566255737123 0.8236011613601961
0.5626162215333084 0.8276415654006002
0.5545354134525002 0.8316819694410043
0.5504950094120962 0.8357223734814083
0.542414201331288 0.8397627775218124
0.53433339325048 0.8438031815622163
0.5383737972908841 0.8438031815622163
0.530292989210076 0.8478435856026204
0.5222121811292679 0.8518839896430245
0.526252585169672 0.8518839896430245
0.5181717770888639 0.8559243936834284
0.5100909690080557 0.8599647977238325
0.5020101609272477 0.8640052017642366
0.5060505649676517 0.8640052017642366
0.4939293528464396 0.8680456058046406
0.49796975688684364 0.8680456058046406
0.48988894880603556 0.8720860098450447
0.4818081407252275 0.8761264138854487
0.4737273326444194 0.8801668179258527
0.4777677366848234 0.8801668179258527
0.46564652456361133 0.8842072219662568
0.4696869286040154 0.8842072219662568
0.4575657164828032 0.8882476260066607
0.46160612052320726 0.8882476260066607
0.4494849084019952 0.8922880300470648
0.4535253124423992 0.8922880300470648
0.44140410032118704 0.8963284340874689
0.4454445043615911 0.8963284340874689
0.433323292240379 0.9003688381278729
0.43736369628078303 0.9003688381278729
0.4252424841595709 0.904409242168277
0.42928288819997495 0.904409242168277
0.41716167607876287 0.9084496462086811
0.4212020801191669 0.9084496462086811
0.40908086799795473 0.912490050249085
0.39695965587674265 0.9165304542894891
0.40100005991714666 0.9165304542894891
0.38887884779593457 0.920570858329893
0.3929192518363386 0.920570858329893
0.3807980397151265 0.9246112623702971
0.3848384437555305 0.9246112623702971
0.36867682759391435 0.9286516664107012
0.37271723163431836 0.9286516664107012
0.36059601951310627 0.9326920704511052
0.36463642355351034 0.9326920704511052
0.3484748073918942 0.9367324744915093
0.3525152114322982 0.9367324744915093
0.33635359527068204 0.9407728785319134
0.34039399931108605 0.9407728785319134
0.3242323831494699 0.9448132825723174
0.32827278718987396 0.9448132825723174
0.33231319123027797 0.9448132825723174
0.3121111710282578 0.9488536866127214
0.3161515750686618 0.9488536866127214
0.3201919791090658 0.9488536866127214
0.29998995890704566 0.9528940906531255
0.3040303629474497 0.9528940906531255
0.30807076698785374 0.9528940906531255
