# x y
0.69998260769192 0.7145102522692871
0.6959422036515159 0.7185506563096911
0.6919017996111119 0.7225910603500951
0.6878613955707078 0.7266314643904992
0.6838209915303037 0.7306718684309033
0.6797805874898997 0.7347122724713073
0.6716997794090916 0.7387526765117113
0.6757401834494956 0.7387526765117113
0.6676593753686876 0.7427930805521153
0.6716997794090916 0.7427930805521153
0.6636189713282836 0.7468334845925194
0.6595785672878796 0.7508738886329235
0.6555381632474755 0.7549142926733274
0.6514977592070714 0.7589546967137315
0.6474573551666674 0.7629951007541356
0.6393765470858593 0.7670355047945396
0.6434169511262633 0.7670355047945396
0.6353361430454553 0.7710759088349436
0.6393765470858593 0.7710759088349436
0.6312957390050513 0.7751163128753477
0.6272553349646472 0.7791567169157517
0.6191745268838391 0.7831971209561558
0.6232149309242432 0.7831971209561558
0.615134122843435 0.7872375249965597
0.6191745268838391 0.7872375249965597
0.611093718803031 0.7912779290369638
0.6070533147626269 0.7953183330773679
0.5989725066818189 0.799358737117772
0.603012910722223 0.799358737117772
0.5949321026414149 0.803399141158176
0.5908916986010109 0.80743954519858
0.5828108905202027 0.811479949238984
0.5868512945606068 0.811479949238984
0.5787704864797987 0.8155203532793881
0.5706896783989907 0.819560757319792
0.5747300824393946 0.819560757319792
0.5666492743585866 0.8236011613601961
0.5585684662777786 0.8276415654006002
0.5626088703181826 0.8276415654006002
0.5545280622373745 0.8316819694410043
0.5464472541565664 0.8357223734814083
0.5504876581969704 0.8357223734814083
0.5424068501161623 0.8397627775218124
0.5343260420353543 0.8438031815622163
0.5383664460757583 0.8438031815622163
0.5302856379949502 0.8478435856026204
0.5222048299141422 0.8518839896430245
0.5262452339545463 0.8518839896430245
0.514124021833334 0.8559243936834284
0.5181644258737381 0.8559243936834284
0.51008361779293 0.8599647977238325
0.502002809712122 0.8640052017642366
0.5060432137525259 0.8640052017642366
0.49392200163131383 0.8680456058046406
0.4979624056717179 0.8680456058046406
0.4858411935505058 0.8720860098450447
0.4898815975909098 0.8720860098450447
0.48180078951010175 0.8761264138854487
0.47371998142929367 0.8801668179258527
0.4777603854696977 0.8801668179258527
0.4656391733484856 0.8842072219662568
0.46967957738888966 0.8842072219662568
0.45755836526767746 0.8882476260066607
0.4615987693080815 0.8882476260066607
0.44947755718686944 0.8922880300470648
0.45351796122727345 0.8922880300470648
0.4413967491060613 0.8963284340874689
0.44543715314646537 0.8963284340874689
0.4333159410252533 0.9003688381278729
0.4373563450656573 0.9003688381278729
0.42523513294444515 0.904409242168277
0.4292755369848492 0.904409242168277
0.4171543248636371 0.9084496462086811
0.42119472890404114 0.9084496462086811
0.405033112742425 0.912490050249085
0.409073516782829 0.912490050249085
0.41311392082323306 0.912490050249085
0.3969523046616169 0.9165304542894891
0.4009927087020209 0.9165304542894891
0.38887149658080883 0.920570858329893
0.39291190062121284 0.920570858329893
0.3767502844595967 0.9246112623702971
0.38079068850000075 0.9246112623702971
0.38483109254040476 0.9246112623702971
0.3686694763787886 0.9286516664107012
0.3727098804191926 0.9286516664107012
0.35654826425757646 0.9326920704511052
0.36058866829798053 0.9326920704511052
0.3646290723383846 0.9326920704511052
0.34846745617676844 0.9367324744915093
0.35250786021717245 0.9367324744915093
0.3363462440555563 0.9407728785319134
0.3403866480959603 0.9407728785319134
0.32422503193434415 0.9448132825723174
0.3282654359747482 0.9448132825723174
0.33230584001515223 0.9448132825723174
0.31210381981313207 0.9488536866127214
0.3161442238535361 0.9488536866127214
0.3201846278939401 0.9488536866127214
0.2999826076919199 0.9528940906531255
0.30402301173232393 0.9528940906531255
0.308063415772728 0.9528940906531255
