# x y
0.6676572242568344 0.7549142926733274
0.6514956080952182 0.7670355047945396
0.6474552040548143 0.7710759088349436
0.6393743959740061 0.7791567169157517
0.6595764161760262 0.7791567169157517
0.5989703555699657 0.8155203532793881
0.6151319717315819 0.8155203532793881
0.5585663151659253 0.8397627775218124
0.5464451030447132 0.8478435856026204
0.5222026788022889 0.8680456058046406
0.530283486883097 0.8761264138854487
0.5020006586002688 0.8801668179258527
0.5100814666810768 0.8882476260066607
0.44947540607501624 0.9003688381278729
0.4413945979942081 0.904409242168277
0.42523298183259195 0.912490050249085
0.4050309616305718 0.9246112623702971
0.3686673252669354 0.9367324744915093
0.39290974950935964 0.9488536866127214
0.3161420727416829 0.9650153027743376
0.30402086062047073 0.9690557068147416
