# x y
0.6999922469184405 0.7145102522692871
0.6959518428780365 0.7185506563096911
0.6919114388376325 0.7225910603500951
0.6878710347972284 0.7266314643904992
0.6838306307568244 0.7306718684309033
0.6797902267164204 0.7347122724713073
0.6757498226760164 0.7387526765117113
0.6636286105548042 0.7468334845925194
0.6595882065144001 0.7508738886329235
0.6555478024739961 0.7549142926733274
0.6515073984335921 0.7589546967137315
0.6474669943931881 0.7629951007541356
0.643426590352784 0.7670355047945396
0.6353457822719759 0.7710759088349436
0.6313053782315718 0.7751163128753477
0.6272649741911678 0.7791567169157517
0.6232245701507637 0.7831971209561558
0.6151437620699557 0.7872375249965597
0.6111033580295517 0.7912779290369638
0.6070629539891477 0.7953183330773679
0.5989821459083395 0.799358737117772
0.6030225499487436 0.799358737117772
0.5949417418679355 0.803399141158176
0.5909013378275314 0.80743954519858
0.5828205297467234 0.811479949238984
0.5868609337871274 0.811479949238984
0.5787801257063194 0.8155203532793881
0.5747397216659154 0.819560757319792
0.5666589135851072 0.8236011613601961
0.5626185095447032 0.8276415654006002
0.554537701463895 0.8316819694410043
0.5504972974234911 0.8357223734814083
0.542416489342683 0.8397627775218124
0.538376085302279 0.8438031815622163
0.5302952772214709 0.8478435856026204
0.5222144691406627 0.8518839896430245
0.5262548731810668 0.8518839896430245
0.5181740651002588 0.8559243936834284
0.5100932570194506 0.8599647977238325
0.5020124489386426 0.8640052017642366
0.5060528529790467 0.8640052017642366
0.49797204489823854 0.8680456058046406
0.48989123681743046 0.8720860098450447
0.4818104287366224 0.8761264138854487
0.4737296206558143 0.8801668179258527
0.4777700246962183 0.8801668179258527
0.46564881257500623 0.8842072219662568
0.4696892166154103 0.8842072219662568
0.4575680044941981 0.8882476260066607
0.46160840853460217 0.8882476260066607
0.4494871964133901 0.8922880300470648
0.4535276004537941 0.8922880300470648
0.44140638833258194 0.8963284340874689
0.445446792372986 0.8963284340874689
0.4333255802517739 0.9003688381278729
0.43736598429217793 0.9003688381278729
0.4252447721709658 0.904409242168277
0.42928517621136986 0.904409242168277
0.41716396409015777 0.9084496462086811
0.4212043681305618 0.9084496462086811
0.40908315600934964 0.912490050249085
0.40100234792854156 0.9165304542894891
0.38888113580732947 0.920570858329893
0.3929215398477335 0.920570858329893
0.3808003277265214 0.9246112623702971
0.3848407317669254 0.9246112623702971
0.36867911560530925 0.9286516664107012
0.37271951964571326 0.9286516664107012
0.36059830752450117 0.9326920704511052
0.36463871156490524 0.9326920704511052
0.3484770954032891 0.9367324744915093
0.3525174994436931 0.9367324744915093
0.33635588328207694 0.9407728785319134
0.34039628732248095 0.9407728785319134
0.3242346711608648 0.9448132825723174
0.32827507520126886 0.9448132825723174
0.3121134590396527 0.9488536866127214
0.3161538630800567 0.9488536866127214
0.32019426712046073 0.9488536866127214
0.29999224691844056 0.9528940906531255
0.3040326509588446 0.9528940906531255
0.30807305499924864 0.9528940906531255
