# x y
0.6999771599700737 0.7145102522692871
0.6959367559296696 0.7185506563096911
0.6918963518892656 0.7225910603500951
0.6878559478488615 0.7266314643904992
0.6838155438084574 0.7306718684309033
0.6757347357276493 0.7347122724713073
0.6797751397680534 0.7347122724713073
0.6716943316872453 0.7387526765117113
0.6757347357276493 0.7387526765117113
0.6676539276468413 0.7427930805521153
0.6716943316872453 0.7427930805521153
0.6636135236064373 0.7468334845925194
0.6676539276468413 0.7468334845925194
0.6595731195660333 0.7508738886329235
0.6555327155256292 0.7549142926733274
0.6514923114852251 0.7589546967137315
0.643411503404417 0.7629951007541356
0.6474519074448211 0.7629951007541356
0.639371099364013 0.7670355047945396
0.643411503404417 0.7670355047945396
0.635330695323609 0.7710759088349436
0.639371099364013 0.7710759088349436
0.631290291283205 0.7751163128753477
0.627249887242801 0.7791567169157517
0.6191690791619928 0.7831971209561558
0.6232094832023969 0.7831971209561558
0.6151286751215888 0.7872375249965597
0.6191690791619928 0.7872375249965597
0.6110882710811847 0.7912779290369638
0.6030074630003767 0.7953183330773679
0.6070478670407806 0.7953183330773679
0.5989670589599726 0.799358737117772
0.6030074630003767 0.799358737117772
0.5949266549195686 0.803399141158176
0.5868458468387605 0.80743954519858
0.5908862508791646 0.80743954519858
0.5828054427983564 0.811479949238984
0.5868458468387605 0.811479949238984
0.5787650387579524 0.8155203532793881
0.5706842306771444 0.819560757319792
0.5747246347175483 0.819560757319792
0.5666438266367403 0.8236011613601961
0.5585630185559323 0.8276415654006002
0.5626034225963363 0.8276415654006002
0.5545226145155282 0.8316819694410043
0.5585630185559323 0.8316819694410043
0.5464418064347201 0.8357223734814083
0.5504822104751241 0.8357223734814083
0.542401402394316 0.8397627775218124
0.5464418064347201 0.8397627775218124
0.534320594313508 0.8438031815622163
0.538360998353912 0.8438031815622163
0.5302801902731039 0.8478435856026204
0.5221993821922959 0.8518839896430245
0.5262397862327 0.8518839896430245
0.5141185741114878 0.8559243936834284
0.5181589781518918 0.8559243936834284
0.5100781700710837 0.8599647977238325
0.5141185741114878 0.8599647977238325
0.5019973619902757 0.8640052017642366
0.5060377660306796 0.8640052017642366
0.49391655390946754 0.8680456058046406
0.4979569579498716 0.8680456058046406
0.4858357458286595 0.8720860098450447
0.4898761498690635 0.8720860098450447
0.48179534178825545 0.8761264138854487
0.4858357458286595 0.8761264138854487
0.47371453370744737 0.8801668179258527
0.4777549377478514 0.8801668179258527
0.4656337256266393 0.8842072219662568
0.46967412966704336 0.8842072219662568
0.45755291754583116 0.8882476260066607
0.46159332158623523 0.8882476260066607
0.44947210946502314 0.8922880300470648
0.45351251350542715 0.8922880300470648
0.441391301384215 0.8963284340874689
0.4454317054246191 0.8963284340874689
0.433310493303407 0.9003688381278729
0.437350897343811 0.9003688381278729
0.42522968522259885 0.904409242168277
0.4292700892630029 0.904409242168277
0.41714887714179083 0.9084496462086811
0.42118928118219484 0.9084496462086811
0.4050276650205787 0.912490050249085
0.4090680690609827 0.912490050249085
0.41310847310138676 0.912490050249085
0.3969468569397706 0.9165304542894891
0.4009872609801746 0.9165304542894891
0.38886604885896253 0.920570858329893
0.39290645289936654 0.920570858329893
0.3767448367377504 0.9246112623702971
0.38078524077815445 0.9246112623702971
0.38482564481855847 0.9246112623702971
0.3686640286569423 0.9286516664107012
0.3727044326973463 0.9286516664107012
0.35654281653573017 0.9326920704511052
0.36058322057613423 0.9326920704511052
0.3646236246165383 0.9326920704511052
0.34846200845492215 0.9367324744915093
0.35250241249532616 0.9367324744915093
0.33634079633371 0.9407728785319134
0.340381200374114 0.9407728785319134
0.3444216044145181 0.9407728785319134
0.32421958421249786 0.9448132825723174
0.3282599882529019 0.9448132825723174
0.33230039229330594 0.9448132825723174
0.31209837209128577 0.9488536866127214
0.3161387761316898 0.9488536866127214
0.3201791801720938 0.9488536866127214
0.2999771599700736 0.9528940906531255
0.30401756401047764 0.9528940906531255
0.3080579680508817 0.9528940906531255
