# x y
0.6901582559224737 0.702389040148075
0.6861178518820696 0.706429444188479
0.6901582559224737 0.706429444188479
0.6820774478416657 0.710469848228883
0.6861178518820696 0.710469848228883
0.6901582559224737 0.710469848228883
0.6780370438012616 0.7145102522692871
0.6820774478416657 0.7145102522692871
0.6861178518820696 0.7145102522692871
0.6901582559224737 0.7145102522692871
0.6739966397608576 0.7185506563096911
0.6780370438012616 0.7185506563096911
0.6820774478416657 0.7185506563096911
0.6861178518820696 0.7185506563096911
0.6901582559224737 0.7185506563096911
0.6699562357204536 0.7225910603500951
0.6739966397608576 0.7225910603500951
0.6780370438012616 0.7225910603500951
0.6820774478416657 0.7225910603500951
0.6861178518820696 0.7225910603500951
0.6901582559224737 0.7225910603500951
0.6659158316800495 0.7266314643904992
0.6699562357204536 0.7266314643904992
0.6739966397608576 0.7266314643904992
0.6780370438012616 0.7266314643904992
0.6820774478416657 0.7266314643904992
0.6861178518820696 0.7266314643904992
0.6901582559224737 0.7266314643904992
0.6578350235992414 0.7306718684309033
0.6618754276396455 0.7306718684309033
0.6659158316800495 0.7306718684309033
0.6699562357204536 0.7306718684309033
0.6739966397608576 0.7306718684309033
0.6780370438012616 0.7306718684309033
0.6820774478416657 0.7306718684309033
0.6861178518820696 0.7306718684309033
0.6901582559224737 0.7306718684309033
0.6537946195588373 0.7347122724713073
0.6578350235992414 0.7347122724713073
0.6618754276396455 0.7347122724713073
0.6659158316800495 0.7347122724713073
0.6699562357204536 0.7347122724713073
0.6739966397608576 0.7347122724713073
0.6780370438012616 0.7347122724713073
0.6820774478416657 0.7347122724713073
0.6861178518820696 0.7347122724713073
0.6497542155184333 0.7387526765117113
0.6537946195588373 0.7387526765117113
0.6578350235992414 0.7387526765117113
0.6618754276396455 0.7387526765117113
0.6659158316800495 0.7387526765117113
0.6699562357204536 0.7387526765117113
0.6739966397608576 0.7387526765117113
0.6780370438012616 0.7387526765117113
0.6820774478416657 0.7387526765117113
0.6457138114780293 0.7427930805521153
0.6497542155184333 0.7427930805521153
0.6537946195588373 0.7427930805521153
0.6578350235992414 0.7427930805521153
0.6618754276396455 0.7427930805521153
0.6659158316800495 0.7427930805521153
0.6699562357204536 0.7427930805521153
0.6739966397608576 0.7427930805521153
0.6780370438012616 0.7427930805521153
0.6416734074376252 0.7468334845925194
0.6457138114780293 0.7468334845925194
0.6497542155184333 0.7468334845925194
0.6537946195588373 0.7468334845925194
0.6578350235992414 0.7468334845925194
0.6618754276396455 0.7468334845925194
0.6659158316800495 0.7468334845925194
0.6699562357204536 0.7468334845925194
0.6739966397608576 0.7468334845925194
0.6335925993568172 0.7508738886329235
0.6376330033972213 0.7508738886329235
0.6416734074376252 0.7508738886329235
0.6457138114780293 0.7508738886329235
0.6497542155184333 0.7508738886329235
0.6537946195588373 0.7508738886329235
0.6578350235992414 0.7508738886329235
0.6618754276396455 0.7508738886329235
0.6659158316800495 0.7508738886329235
0.6699562357204536 0.7508738886329235
0.6295521953164132 0.7549142926733274
0.6335925993568172 0.7549142926733274
0.6376330033972213 0.7549142926733274
0.6416734074376252 0.7549142926733274
0.6457138114780293 0.7549142926733274
0.6497542155184333 0.7549142926733274
0.6537946195588373 0.7549142926733274
0.6578350235992414 0.7549142926733274
0.6618754276396455 0.7549142926733274
0.6255117912760091 0.7589546967137315
0.6295521953164132 0.7589546967137315
0.6335925993568172 0.7589546967137315
0.6376330033972213 0.7589546967137315
0.6416734074376252 0.7589546967137315
0.6457138114780293 0.7589546967137315
0.6497542155184333 0.7589546967137315
0.6537946195588373 0.7589546967137315
0.6578350235992414 0.7589546967137315
0.621471387235605 0.7629951007541356
0.6255117912760091 0.7629951007541356
0.6295521953164132 0.7629951007541356
0.6335925993568172 0.7629951007541356
0.6376330033972213 0.7629951007541356
0.6416734074376252 0.7629951007541356
0.6457138114780293 0.7629951007541356
0.6497542155184333 0.7629951007541356
0.6537946195588373 0.7629951007541356
0.6133905791547969 0.7670355047945396
0.617430983195201 0.7670355047945396
0.621471387235605 0.7670355047945396
0.6255117912760091 0.7670355047945396
0.6295521953164132 0.7670355047945396
0.6335925993568172 0.7670355047945396
0.6376330033972213 0.7670355047945396
0.6416734074376252 0.7670355047945396
0.6457138114780293 0.7670355047945396
0.6497542155184333 0.7670355047945396
0.6093501751143929 0.7710759088349436
0.6133905791547969 0.7710759088349436
0.617430983195201 0.7710759088349436
0.621471387235605 0.7710759088349436
0.6255117912760091 0.7710759088349436
0.6295521953164132 0.7710759088349436
0.6335925993568172 0.7710759088349436
0.6376330033972213 0.7710759088349436
0.6416734074376252 0.7710759088349436
0.6457138114780293 0.7710759088349436
0.6053097710739889 0.7751163128753477
0.6093501751143929 0.7751163128753477
0.6133905791547969 0.7751163128753477
0.617430983195201 0.7751163128753477
0.621471387235605 0.7751163128753477
0.6255117912760091 0.7751163128753477
0.6295521953164132 0.7751163128753477
0.6335925993568172 0.7751163128753477
0.6376330033972213 0.7751163128753477
0.6416734074376252 0.7751163128753477
0.5972289629931808 0.7791567169157517
0.6012693670335849 0.7791567169157517
0.6053097710739889 0.7791567169157517
0.6093501751143929 0.7791567169157517
0.6133905791547969 0.7791567169157517
0.617430983195201 0.7791567169157517
0.621471387235605 0.7791567169157517
0.6255117912760091 0.7791567169157517
0.6295521953164132 0.7791567169157517
0.6335925993568172 0.7791567169157517
0.6376330033972213 0.7791567169157517
0.5931885589527768 0.7831971209561558
0.5972289629931808 0.7831971209561558
0.6012693670335849 0.7831971209561558
0.6053097710739889 0.7831971209561558
0.6093501751143929 0.7831971209561558
0.6133905791547969 0.7831971209561558
0.617430983195201 0.7831971209561558
0.621471387235605 0.7831971209561558
0.6255117912760091 0.7831971209561558
0.6295521953164132 0.7831971209561558
0.5891481549123727 0.7872375249965597
0.5931885589527768 0.7872375249965597
0.5972289629931808 0.7872375249965597
0.6012693670335849 0.7872375249965597
0.6053097710739889 0.7872375249965597
0.6093501751143929 0.7872375249965597
0.6133905791547969 0.7872375249965597
0.617430983195201 0.7872375249965597
0.621471387235605 0.7872375249965597
0.6255117912760091 0.7872375249965597
0.5810673468315646 0.7912779290369638
0.5851077508719686 0.7912779290369638
0.5891481549123727 0.7912779290369638
0.5931885589527768 0.7912779290369638
0.5972289629931808 0.7912779290369638
0.6012693670335849 0.7912779290369638
0.6053097710739889 0.7912779290369638
0.6093501751143929 0.7912779290369638
0.6133905791547969 0.7912779290369638
0.617430983195201 0.7912779290369638
0.621471387235605 0.7912779290369638
0.5770269427911606 0.7953183330773679
0.5810673468315646 0.7953183330773679
0.5851077508719686 0.7953183330773679
0.5891481549123727 0.7953183330773679
0.5931885589527768 0.7953183330773679
0.5972289629931808 0.7953183330773679
0.6012693670335849 0.7953183330773679
0.6053097710739889 0.7953183330773679
0.6093501751143929 0.7953183330773679
0.6133905791547969 0.7953183330773679
0.617430983195201 0.7953183330773679
0.5689461347103526 0.799358737117772
0.5729865387507566 0.799358737117772
0.5770269427911606 0.799358737117772
0.5810673468315646 0.799358737117772
0.5851077508719686 0.799358737117772
0.5891481549123727 0.799358737117772
0.5931885589527768 0.799358737117772
0.5972289629931808 0.799358737117772
0.6012693670335849 0.799358737117772
0.6053097710739889 0.799358737117772
0.6093501751143929 0.799358737117772
0.5649057306699485 0.803399141158176
0.5689461347103526 0.803399141158176
0.5729865387507566 0.803399141158176
0.5770269427911606 0.803399141158176
0.5810673468315646 0.803399141158176
0.5851077508719686 0.803399141158176
0.5891481549123727 0.803399141158176
0.5931885589527768 0.803399141158176
0.5972289629931808 0.803399141158176
0.6012693670335849 0.803399141158176
0.6053097710739889 0.803399141158176
0.5568249225891404 0.80743954519858
0.5608653266295445 0.80743954519858
0.5649057306699485 0.80743954519858
0.5689461347103526 0.80743954519858
0.5729865387507566 0.80743954519858
0.5770269427911606 0.80743954519858
0.5810673468315646 0.80743954519858
0.5851077508719686 0.80743954519858
0.5891481549123727 0.80743954519858
0.5931885589527768 0.80743954519858
0.5972289629931808 0.80743954519858
0.6012693670335849 0.80743954519858
0.5527845185487363 0.811479949238984
0.5568249225891404 0.811479949238984
0.5608653266295445 0.811479949238984
0.5649057306699485 0.811479949238984
0.5689461347103526 0.811479949238984
0.5729865387507566 0.811479949238984
0.5770269427911606 0.811479949238984
0.5810673468315646 0.811479949238984
0.5851077508719686 0.811479949238984
0.5891481549123727 0.811479949238984
0.5931885589527768 0.811479949238984
0.5972289629931808 0.811479949238984
0.5447037104679282 0.8155203532793881
0.5487441145083323 0.8155203532793881
0.5527845185487363 0.8155203532793881
0.5568249225891404 0.8155203532793881
0.5608653266295445 0.8155203532793881
0.5649057306699485 0.8155203532793881
0.5689461347103526 0.8155203532793881
0.5729865387507566 0.8155203532793881
0.5770269427911606 0.8155203532793881
0.5810673468315646 0.8155203532793881
0.5851077508719686 0.8155203532793881
0.5891481549123727 0.8155203532793881
0.5406633064275242 0.819560757319792
0.5447037104679282 0.819560757319792
0.5487441145083323 0.819560757319792
0.5527845185487363 0.819560757319792
0.5568249225891404 0.819560757319792
0.5608653266295445 0.819560757319792
0.5649057306699485 0.819560757319792
0.5689461347103526 0.819560757319792
0.5729865387507566 0.819560757319792
0.5770269427911606 0.819560757319792
0.5810673468315646 0.819560757319792
0.5851077508719686 0.819560757319792
0.5325824983467162 0.8236011613601961
0.5366229023871202 0.8236011613601961
0.5406633064275242 0.8236011613601961
0.5447037104679282 0.8236011613601961
0.5487441145083323 0.8236011613601961
0.5527845185487363 0.8236011613601961
0.5568249225891404 0.8236011613601961
0.5608653266295445 0.8236011613601961
0.5649057306699485 0.8236011613601961
0.5689461347103526 0.8236011613601961
0.5729865387507566 0.8236011613601961
0.5770269427911606 0.8236011613601961
0.5810673468315646 0.8236011613601961
0.5285420943063122 0.8276415654006002
0.5325824983467162 0.8276415654006002
0.5366229023871202 0.8276415654006002
0.5406633064275242 0.8276415654006002
0.5447037104679282 0.8276415654006002
0.5487441145083323 0.8276415654006002
0.5527845185487363 0.8276415654006002
0.5568249225891404 0.8276415654006002
0.5608653266295445 0.8276415654006002
0.5649057306699485 0.8276415654006002
0.5689461347103526 0.8276415654006002
0.5729865387507566 0.8276415654006002
0.520461286225504 0.8316819694410043
0.5245016902659081 0.8316819694410043
0.5285420943063122 0.8316819694410043
0.5325824983467162 0.8316819694410043
0.5366229023871202 0.8316819694410043
0.5406633064275242 0.8316819694410043
0.5447037104679282 0.8316819694410043
0.5487441145083323 0.8316819694410043
0.5527845185487363 0.8316819694410043
0.5568249225891404 0.8316819694410043
0.5608653266295445 0.8316819694410043
0.5649057306699485 0.8316819694410043
0.5689461347103526 0.8316819694410043
0.5123804781446959 0.8357223734814083
0.5164208821851 0.8357223734814083
0.520461286225504 0.8357223734814083
0.5245016902659081 0.8357223734814083
0.5285420943063122 0.8357223734814083
0.5325824983467162 0.8357223734814083
0.5366229023871202 0.8357223734814083
0.5406633064275242 0.8357223734814083
0.5447037104679282 0.8357223734814083
0.5487441145083323 0.8357223734814083
0.5527845185487363 0.8357223734814083
0.5568249225891404 0.8357223734814083
0.5608653266295445 0.8357223734814083
0.5083400741042919 0.8397627775218124
0.5123804781446959 0.8397627775218124
0.5164208821851 0.8397627775218124
0.520461286225504 0.8397627775218124
0.5245016902659081 0.8397627775218124
0.5285420943063122 0.8397627775218124
0.5325824983467162 0.8397627775218124
0.5366229023871202 0.8397627775218124
0.5406633064275242 0.8397627775218124
0.5447037104679282 0.8397627775218124
0.5487441145083323 0.8397627775218124
0.5527845185487363 0.8397627775218124
0.5568249225891404 0.8397627775218124
0.5002592660234838 0.8438031815622163
0.5042996700638879 0.8438031815622163
0.5083400741042919 0.8438031815622163
0.5123804781446959 0.8438031815622163
0.5164208821851 0.8438031815622163
0.520461286225504 0.8438031815622163
0.5245016902659081 0.8438031815622163
0.5285420943063122 0.8438031815622163
0.5325824983467162 0.8438031815622163
0.5366229023871202 0.8438031815622163
0.5406633064275242 0.8438031815622163
0.5447037104679282 0.8438031815622163
0.5487441145083323 0.8438031815622163
0.4921784579426758 0.8478435856026204
0.4962188619830798 0.8478435856026204
0.5002592660234838 0.8478435856026204
0.5042996700638879 0.8478435856026204
0.5083400741042919 0.8478435856026204
0.5123804781446959 0.8478435856026204
0.5164208821851 0.8478435856026204
0.520461286225504 0.8478435856026204
0.5245016902659081 0.8478435856026204
0.5285420943063122 0.8478435856026204
0.5325824983467162 0.8478435856026204
0.5366229023871202 0.8478435856026204
0.5406633064275242 0.8478435856026204
0.5447037104679282 0.8478435856026204
0.48409764986186765 0.8518839896430245
0.4881380539022717 0.8518839896430245
0.4921784579426758 0.8518839896430245
0.4962188619830798 0.8518839896430245
0.5002592660234838 0.8518839896430245
0.5042996700638879 0.8518839896430245
0.5083400741042919 0.8518839896430245
0.5123804781446959 0.8518839896430245
0.5164208821851 0.8518839896430245
0.520461286225504 0.8518839896430245
0.5245016902659081 0.8518839896430245
0.5285420943063122 0.8518839896430245
0.5325824983467162 0.8518839896430245
0.5366229023871202 0.8518839896430245
0.48005724582146364 0.8559243936834284
0.48409764986186765 0.8559243936834284
0.4881380539022717 0.8559243936834284
0.4921784579426758 0.8559243936834284
0.4962188619830798 0.8559243936834284
0.5002592660234838 0.8559243936834284
0.5042996700638879 0.8559243936834284
0.5083400741042919 0.8559243936834284
0.5123804781446959 0.8559243936834284
0.5164208821851 0.8559243936834284
0.520461286225504 0.8559243936834284
0.5245016902659081 0.8559243936834284
0.5285420943063122 0.8559243936834284
0.5325824983467162 0.8559243936834284
0.47197643774065556 0.8599647977238325
0.47601684178105963 0.8599647977238325
0.48005724582146364 0.8599647977238325
0.48409764986186765 0.8599647977238325
0.4881380539022717 0.8599647977238325
0.4921784579426758 0.8599647977238325
0.4962188619830798 0.8599647977238325
0.5002592660234838 0.8599647977238325
0.5042996700638879 0.8599647977238325
0.5083400741042919 0.8599647977238325
0.5123804781446959 0.8599647977238325
0.5164208821851 0.8599647977238325
0.520461286225504 0.8599647977238325
0.5245016902659081 0.8599647977238325
0.4638956296598475 0.8640052017642366
0.4679360337002515 0.8640052017642366
0.47197643774065556 0.8640052017642366
0.47601684178105963 0.8640052017642366
0.48005724582146364 0.8640052017642366
0.48409764986186765 0.8640052017642366
0.4881380539022717 0.8640052017642366
0.4921784579426758 0.8640052017642366
0.4962188619830798 0.8640052017642366
0.5002592660234838 0.8640052017642366
0.5042996700638879 0.8640052017642366
0.5083400741042919 0.8640052017642366
0.5123804781446959 0.8640052017642366
0.5164208821851 0.8640052017642366
0.520461286225504 0.8640052017642366
0.4558148215790394 0.8680456058046406
0.4598552256194435 0.8680456058046406
0.4638956296598475 0.8680456058046406
0.4679360337002515 0.8680456058046406
0.47197643774065556 0.8680456058046406
0.47601684178105963 0.8680456058046406
0.48005724582146364 0.8680456058046406
0.48409764986186765 0.8680456058046406
0.4881380539022717 0.8680456058046406
0.4921784579426758 0.8680456058046406
0.4962188619830798 0.8680456058046406
0.5002592660234838 0.8680456058046406
0.5042996700638879 0.8680456058046406
0.5083400741042919 0.8680456058046406
0.5123804781446959 0.8680456058046406
0.4477340134982313 0.8720860098450447
0.45177441753863534 0.8720860098450447
0.4558148215790394 0.8720860098450447
0.4598552256194435 0.8720860098450447
0.4638956296598475 0.8720860098450447
0.4679360337002515 0.8720860098450447
0.47197643774065556 0.8720860098450447
0.47601684178105963 0.8720860098450447
0.48005724582146364 0.8720860098450447
0.48409764986186765 0.8720860098450447
0.4881380539022717 0.8720860098450447
0.4921784579426758 0.8720860098450447
0.4962188619830798 0.8720860098450447
0.5002592660234838 0.8720860098450447
0.5042996700638879 0.8720860098450447
0.43965320541742325 0.8761264138854487
0.44369360945782726 0.8761264138854487
0.4477340134982313 0.8761264138854487
0.45177441753863534 0.8761264138854487
0.4558148215790394 0.8761264138854487
0.4598552256194435 0.8761264138854487
0.4638956296598475 0.8761264138854487
0.4679360337002515 0.8761264138854487
0.47197643774065556 0.8761264138854487
0.47601684178105963 0.8761264138854487
0.48005724582146364 0.8761264138854487
0.48409764986186765 0.8761264138854487
0.4881380539022717 0.8761264138854487
0.4921784579426758 0.8761264138854487
0.4962188619830798 0.8761264138854487
0.5002592660234838 0.8761264138854487
0.4315723973366151 0.8801668179258527
0.4356128013770192 0.8801668179258527
0.43965320541742325 0.8801668179258527
0.44369360945782726 0.8801668179258527
0.4477340134982313 0.8801668179258527
0.45177441753863534 0.8801668179258527
0.4558148215790394 0.8801668179258527
0.4598552256194435 0.8801668179258527
0.4638956296598475 0.8801668179258527
0.4679360337002515 0.8801668179258527
0.47197643774065556 0.8801668179258527
0.47601684178105963 0.8801668179258527
0.48005724582146364 0.8801668179258527
0.48409764986186765 0.8801668179258527
0.4881380539022717 0.8801668179258527
0.4921784579426758 0.8801668179258527
0.4234915892558071 0.8842072219662568
0.4275319932962111 0.8842072219662568
0.4315723973366151 0.8842072219662568
0.4356128013770192 0.8842072219662568
0.43965320541742325 0.8842072219662568
0.44369360945782726 0.8842072219662568
0.4477340134982313 0.8842072219662568
0.45177441753863534 0.8842072219662568
0.4558148215790394 0.8842072219662568
0.4598552256194435 0.8842072219662568
0.4638956296598475 0.8842072219662568
0.4679360337002515 0.8842072219662568
0.47197643774065556 0.8842072219662568
0.47601684178105963 0.8842072219662568
0.48005724582146364 0.8842072219662568
0.48409764986186765 0.8842072219662568
0.41541078117499897 0.8882476260066607
0.41945118521540303 0.8882476260066607
0.4234915892558071 0.8882476260066607
0.4275319932962111 0.8882476260066607
0.4315723973366151 0.8882476260066607
0.4356128013770192 0.8882476260066607
0.43965320541742325 0.8882476260066607
0.44369360945782726 0.8882476260066607
0.4477340134982313 0.8882476260066607
0.45177441753863534 0.8882476260066607
0.4558148215790394 0.8882476260066607
0.4598552256194435 0.8882476260066607
0.4638956296598475 0.8882476260066607
0.4679360337002515 0.8882476260066607
0.47197643774065556 0.8882476260066607
0.47601684178105963 0.8882476260066607
0.4032895690537869 0.8922880300470648
0.40732997309419094 0.8922880300470648
0.41137037713459496 0.8922880300470648
0.41541078117499897 0.8922880300470648
0.41945118521540303 0.8922880300470648
0.4234915892558071 0.8922880300470648
0.4275319932962111 0.8922880300470648
0.4315723973366151 0.8922880300470648
0.4356128013770192 0.8922880300470648
0.43965320541742325 0.8922880300470648
0.44369360945782726 0.8922880300470648
0.4477340134982313 0.8922880300470648
0.45177441753863534 0.8922880300470648
0.4558148215790394 0.8922880300470648
0.4598552256194435 0.8922880300470648
0.4638956296598475 0.8922880300470648
0.4679360337002515 0.8922880300470648
0.3952087609729788 0.8963284340874689
0.3992491650133828 0.8963284340874689
0.4032895690537869 0.8963284340874689
0.40732997309419094 0.8963284340874689
0.41137037713459496 0.8963284340874689
0.41541078117499897 0.8963284340874689
0.41945118521540303 0.8963284340874689
0.4234915892558071 0.8963284340874689
0.4275319932962111 0.8963284340874689
0.4315723973366151 0.8963284340874689
0.4356128013770192 0.8963284340874689
0.43965320541742325 0.8963284340874689
0.44369360945782726 0.8963284340874689
0.4477340134982313 0.8963284340874689
0.45177441753863534 0.8963284340874689
0.4558148215790394 0.8963284340874689
0.4598552256194435 0.8963284340874689
0.4638956296598475 0.8963284340874689
0.3871279528921707 0.9003688381278729
0.39116835693257473 0.9003688381278729
0.3952087609729788 0.9003688381278729
0.3992491650133828 0.9003688381278729
0.4032895690537869 0.9003688381278729
0.40732997309419094 0.9003688381278729
0.41137037713459496 0.9003688381278729
0.41541078117499897 0.9003688381278729
0.41945118521540303 0.9003688381278729
0.4234915892558071 0.9003688381278729
0.4275319932962111 0.9003688381278729
0.4315723973366151 0.9003688381278729
0.4356128013770192 0.9003688381278729
0.43965320541742325 0.9003688381278729
0.44369360945782726 0.9003688381278729
0.4477340134982313 0.9003688381278729
0.45177441753863534 0.9003688381278729
0.4558148215790394 0.9003688381278729
0.3750067407709586 0.904409242168277
0.37904714481136265 0.904409242168277
0.38308754885176666 0.904409242168277
0.3871279528921707 0.904409242168277
0.39116835693257473 0.904409242168277
0.3952087609729788 0.904409242168277
0.3992491650133828 0.904409242168277
0.4032895690537869 0.904409242168277
0.40732997309419094 0.904409242168277
0.41137037713459496 0.904409242168277
0.41541078117499897 0.904409242168277
0.41945118521540303 0.904409242168277
0.4234915892558071 0.904409242168277
0.4275319932962111 0.904409242168277
0.4315723973366151 0.904409242168277
0.4356128013770192 0.904409242168277
0.43965320541742325 0.904409242168277
0.44369360945782726 0.904409242168277
0.4477340134982313 0.904409242168277
0.3669259326901505 0.9084496462086811
0.37096633673055457 0.9084496462086811
0.3750067407709586 0.9084496462086811
0.37904714481136265 0.9084496462086811
0.38308754885176666 0.9084496462086811
0.3871279528921707 0.9084496462086811
0.39116835693257473 0.9084496462086811
0.3952087609729788 0.9084496462086811
0.3992491650133828 0.9084496462086811
0.4032895690537869 0.9084496462086811
0.40732997309419094 0.9084496462086811
0.41137037713459496 0.9084496462086811
0.41541078117499897 0.9084496462086811
0.41945118521540303 0.9084496462086811
0.4234915892558071 0.9084496462086811
0.4275319932962111 0.9084496462086811
0.4315723973366151 0.9084496462086811
0.4356128013770192 0.9084496462086811
0.43965320541742325 0.9084496462086811
0.3548047205689384 0.912490050249085
0.3588451246093424 0.912490050249085
0.36288552864974644 0.912490050249085
0.3669259326901505 0.912490050249085
0.37096633673055457 0.912490050249085
0.3750067407709586 0.912490050249085
0.37904714481136265 0.912490050249085
0.38308754885176666 0.912490050249085
0.3871279528921707 0.912490050249085
0.39116835693257473 0.912490050249085
0.3952087609729788 0.912490050249085
0.3992491650133828 0.912490050249085
0.4032895690537869 0.912490050249085
0.40732997309419094 0.912490050249085
0.41137037713459496 0.912490050249085
0.41541078117499897 0.912490050249085
0.41945118521540303 0.912490050249085
0.4234915892558071 0.912490050249085
0.4275319932962111 0.912490050249085
0.4315723973366151 0.912490050249085
0.3467239124881303 0.9165304542894891
0.35076431652853435 0.9165304542894891
0.3548047205689384 0.9165304542894891
0.3588451246093424 0.9165304542894891
0.36288552864974644 0.9165304542894891
0.3669259326901505 0.9165304542894891
0.37096633673055457 0.9165304542894891
0.3750067407709586 0.9165304542894891
0.37904714481136265 0.9165304542894891
0.38308754885176666 0.9165304542894891
0.3871279528921707 0.9165304542894891
0.39116835693257473 0.9165304542894891
0.3952087609729788 0.9165304542894891
0.3992491650133828 0.9165304542894891
0.4032895690537869 0.9165304542894891
0.40732997309419094 0.9165304542894891
0.41137037713459496 0.9165304542894891
0.41541078117499897 0.9165304542894891
0.41945118521540303 0.9165304542894891
0.4234915892558071 0.9165304542894891
0.3346027003669182 0.920570858329893
0.33864310440732226 0.920570858329893
0.34268350844772627 0.920570858329893
0.3467239124881303 0.920570858329893
0.35076431652853435 0.920570858329893
0.3548047205689384 0.920570858329893
0.3588451246093424 0.920570858329893
0.36288552864974644 0.920570858329893
0.3669259326901505 0.920570858329893
0.37096633673055457 0.920570858329893
0.3750067407709586 0.920570858329893
0.37904714481136265 0.920570858329893
0.38308754885176666 0.920570858329893
0.3871279528921707 0.920570858329893
0.39116835693257473 0.920570858329893
0.3952087609729788 0.920570858329893
0.3992491650133828 0.920570858329893
0.4032895690537869 0.920570858329893
0.40732997309419094 0.920570858329893
0.41137037713459496 0.920570858329893
0.32248148824570605 0.9246112623702971
0.3265218922861101 0.9246112623702971
0.3305622963265141 0.9246112623702971
0.3346027003669182 0.9246112623702971
0.33864310440732226 0.9246112623702971
0.34268350844772627 0.9246112623702971
0.3467239124881303 0.9246112623702971
0.35076431652853435 0.9246112623702971
0.3548047205689384 0.9246112623702971
0.3588451246093424 0.9246112623702971
0.36288552864974644 0.9246112623702971
0.3669259326901505 0.9246112623702971
0.37096633673055457 0.9246112623702971
0.3750067407709586 0.9246112623702971
0.37904714481136265 0.9246112623702971
0.38308754885176666 0.9246112623702971
0.3871279528921707 0.9246112623702971
0.39116835693257473 0.9246112623702971
0.3952087609729788 0.9246112623702971
0.3992491650133828 0.9246112623702971
0.4032895690537869 0.9246112623702971
0.3103602761244939 0.9286516664107012
0.31440068016489797 0.9286516664107012
0.31844108420530204 0.9286516664107012
0.32248148824570605 0.9286516664107012
0.3265218922861101 0.9286516664107012
0.3305622963265141 0.9286516664107012
0.3346027003669182 0.9286516664107012
0.33864310440732226 0.9286516664107012
0.34268350844772627 0.9286516664107012
0.3467239124881303 0.9286516664107012
0.35076431652853435 0.9286516664107012
0.3548047205689384 0.9286516664107012
0.3588451246093424 0.9286516664107012
0.36288552864974644 0.9286516664107012
0.3669259326901505 0.9286516664107012
0.37096633673055457 0.9286516664107012
0.3750067407709586 0.9286516664107012
0.37904714481136265 0.9286516664107012
0.38308754885176666 0.9286516664107012
0.3871279528921707 0.9286516664107012
0.39116835693257473 0.9286516664107012
0.3952087609729788 0.9286516664107012
0.2982390640032818 0.9326920704511052
0.3022794680436859 0.9326920704511052
0.3063198720840899 0.9326920704511052
0.3103602761244939 0.9326920704511052
0.31440068016489797 0.9326920704511052
0.31844108420530204 0.9326920704511052
0.32248148824570605 0.9326920704511052
0.3265218922861101 0.9326920704511052
0.3305622963265141 0.9326920704511052
0.3346027003669182 0.9326920704511052
0.33864310440732226 0.9326920704511052
0.34268350844772627 0.9326920704511052
0.3467239124881303 0.9326920704511052
0.35076431652853435 0.9326920704511052
0.3548047205689384 0.9326920704511052
0.3588451246093424 0.9326920704511052
0.36288552864974644 0.9326920704511052
0.3669259326901505 0.9326920704511052
0.37096633673055457 0.9326920704511052
0.3750067407709586 0.9326920704511052
0.37904714481136265 0.9326920704511052
0.38308754885176666 0.9326920704511052
0.3871279528921707 0.9326920704511052
0.29015825592247374 0.9367324744915093
0.29419865996287775 0.9367324744915093
0.2982390640032818 0.9367324744915093
0.3022794680436859 0.9367324744915093
0.3063198720840899 0.9367324744915093
0.3103602761244939 0.9367324744915093
0.31440068016489797 0.9367324744915093
0.31844108420530204 0.9367324744915093
0.32248148824570605 0.9367324744915093
0.3265218922861101 0.9367324744915093
0.3305622963265141 0.9367324744915093
0.3346027003669182 0.9367324744915093
0.33864310440732226 0.9367324744915093
0.34268350844772627 0.9367324744915093
0.3467239124881303 0.9367324744915093
0.35076431652853435 0.9367324744915093
0.3548047205689384 0.9367324744915093
0.3588451246093424 0.9367324744915093
0.36288552864974644 0.9367324744915093
0.3669259326901505 0.9367324744915093
0.37096633673055457 0.9367324744915093
0.3750067407709586 0.9367324744915093
0.29015825592247374 0.9407728785319134
0.29419865996287775 0.9407728785319134
0.2982390640032818 0.9407728785319134
0.3022794680436859 0.9407728785319134
0.3063198720840899 0.9407728785319134
0.3103602761244939 0.9407728785319134
0.31440068016489797 0.9407728785319134
0.31844108420530204 0.9407728785319134
0.32248148824570605 0.9407728785319134
0.3265218922861101 0.9407728785319134
0.3305622963265141 0.9407728785319134
0.3346027003669182 0.9407728785319134
0.33864310440732226 0.9407728785319134
0.34268350844772627 0.9407728785319134
0.3467239124881303 0.9407728785319134
0.35076431652853435 0.9407728785319134
0.3548047205689384 0.9407728785319134
0.3588451246093424 0.9407728785319134
0.36288552864974644 0.9407728785319134
0.3669259326901505 0.9407728785319134
0.29015825592247374 0.9448132825723174
0.29419865996287775 0.9448132825723174
0.2982390640032818 0.9448132825723174
0.3022794680436859 0.9448132825723174
0.3063198720840899 0.9448132825723174
0.3103602761244939 0.9448132825723174
0.31440068016489797 0.9448132825723174
0.31844108420530204 0.9448132825723174
0.32248148824570605 0.9448132825723174
0.3265218922861101 0.9448132825723174
0.3305622963265141 0.9448132825723174
0.3346027003669182 0.9448132825723174
0.33864310440732226 0.9448132825723174
0.34268350844772627 0.9448132825723174
0.3467239124881303 0.9448132825723174
0.35076431652853435 0.9448132825723174
0.3548047205689384 0.9448132825723174
0.29015825592247374 0.9488536866127214
0.29419865996287775 0.9488536866127214
0.2982390640032818 0.9488536866127214
0.3022794680436859 0.9488536866127214
0.3063198720840899 0.9488536866127214
0.3103602761244939 0.9488536866127214
0.31440068016489797 0.9488536866127214
0.31844108420530204 0.9488536866127214
0.32248148824570605 0.9488536866127214
0.3265218922861101 0.9488536866127214
0.3305622963265141 0.9488536866127214
0.3346027003669182 0.9488536866127214
0.33864310440732226 0.9488536866127214
0.34268350844772627 0.9488536866127214
0.29015825592247374 0.9528940906531255
0.29419865996287775 0.9528940906531255
0.2982390640032818 0.9528940906531255
0.3022794680436859 0.9528940906531255
0.3063198720840899 0.9528940906531255
0.3103602761244939 0.9528940906531255
0.31440068016489797 0.9528940906531255
0.31844108420530204 0.9528940906531255
0.32248148824570605 0.9528940906531255
0.3265218922861101 0.9528940906531255
0.3305622963265141 0.9528940906531255
0.3346027003669182 0.9528940906531255
0.29015825592247374 0.9569344946935294
0.29419865996287775 0.9569344946935294
0.2982390640032818 0.9569344946935294
0.3022794680436859 0.9569344946935294
0.3063198720840899 0.9569344946935294
0.3103602761244939 0.9569344946935294
0.31440068016489797 0.9569344946935294
0.31844108420530204 0.9569344946935294
0.32248148824570605 0.9569344946935294
0.29015825592247374 0.9609748987339335
0.29419865996287775 0.9609748987339335
0.2982390640032818 0.9609748987339335
0.3022794680436859 0.9609748987339335
0.3063198720840899 0.9609748987339335
0.3103602761244939 0.9609748987339335
0.29015825592247374 0.9650153027743376
0.29419865996287775 0.9650153027743376
0.2982390640032818 0.9650153027743376
