# x y
0.6999116579728806 0.710469848228883
0.6958712539324765 0.7145102522692871
0.6999116579728806 0.7145102522692871
0.6918308498920726 0.7185506563096911
0.6958712539324765 0.7185506563096911
0.6999116579728806 0.7185506563096911
0.6877904458516685 0.7225910603500951
0.6918308498920726 0.7225910603500951
0.6958712539324765 0.7225910603500951
0.6837500418112644 0.7266314643904992
0.6877904458516685 0.7266314643904992
0.6918308498920726 0.7266314643904992
0.6797096377708605 0.7306718684309033
0.6837500418112644 0.7306718684309033
0.6877904458516685 0.7306718684309033
0.6756692337304564 0.7347122724713073
0.6797096377708605 0.7347122724713073
0.6716288296900523 0.7387526765117113
0.6756692337304564 0.7387526765117113
0.6675884256496483 0.7427930805521153
0.6716288296900523 0.7427930805521153
0.6595076175688401 0.7468334845925194
0.6635480216092442 0.7468334845925194
0.6675884256496483 0.7468334845925194
0.6554672135284362 0.7508738886329235
0.6595076175688401 0.7508738886329235
0.6635480216092442 0.7508738886329235
0.6514268094880321 0.7549142926733274
0.6554672135284362 0.7549142926733274
0.6595076175688401 0.7549142926733274
0.6473864054476282 0.7589546967137315
0.6514268094880321 0.7589546967137315
0.6554672135284362 0.7589546967137315
0.6433460014072241 0.7629951007541356
0.6473864054476282 0.7629951007541356
0.6514268094880321 0.7629951007541356
0.63930559736682 0.7670355047945396
0.6433460014072241 0.7670355047945396
0.6312247892860119 0.7710759088349436
0.635265193326416 0.7710759088349436
0.63930559736682 0.7710759088349436
0.6271843852456078 0.7751163128753477
0.6312247892860119 0.7751163128753477
0.635265193326416 0.7751163128753477
0.6231439812052038 0.7791567169157517
0.6271843852456078 0.7791567169157517
0.6312247892860119 0.7791567169157517
0.6191035771647998 0.7831971209561558
0.6231439812052038 0.7831971209561558
0.6271843852456078 0.7831971209561558
0.6110227690839918 0.7872375249965597
0.6150631731243957 0.7872375249965597
0.6191035771647998 0.7872375249965597
0.6069823650435877 0.7912779290369638
0.6110227690839918 0.7912779290369638
0.6150631731243957 0.7912779290369638
0.6029419610031836 0.7953183330773679
0.6069823650435877 0.7953183330773679
0.6110227690839918 0.7953183330773679
0.5948611529223755 0.799358737117772
0.5989015569627796 0.799358737117772
0.6029419610031836 0.799358737117772
0.6069823650435877 0.799358737117772
0.5908207488819714 0.803399141158176
0.5948611529223755 0.803399141158176
0.5989015569627796 0.803399141158176
0.5867803448415675 0.80743954519858
0.5908207488819714 0.80743954519858
0.5948611529223755 0.80743954519858
0.5786995367607595 0.811479949238984
0.5827399408011634 0.811479949238984
0.5867803448415675 0.811479949238984
0.5746591327203554 0.8155203532793881
0.5786995367607595 0.8155203532793881
0.5827399408011634 0.8155203532793881
0.5665783246395473 0.819560757319792
0.5706187286799513 0.819560757319792
0.5746591327203554 0.819560757319792
0.5786995367607595 0.819560757319792
0.5625379205991432 0.8236011613601961
0.5665783246395473 0.8236011613601961
0.5706187286799513 0.8236011613601961
0.5544571125183351 0.8276415654006002
0.5584975165587391 0.8276415654006002
0.5625379205991432 0.8276415654006002
0.5665783246395473 0.8276415654006002
0.5504167084779311 0.8316819694410043
0.5544571125183351 0.8316819694410043
0.5584975165587391 0.8316819694410043
0.5423359003971231 0.8357223734814083
0.546376304437527 0.8357223734814083
0.5504167084779311 0.8357223734814083
0.5544571125183351 0.8357223734814083
0.538295496356719 0.8397627775218124
0.5423359003971231 0.8397627775218124
0.546376304437527 0.8397627775218124
0.5302146882759109 0.8438031815622163
0.534255092316315 0.8438031815622163
0.538295496356719 0.8438031815622163
0.5423359003971231 0.8438031815622163
0.5261742842355068 0.8478435856026204
0.5302146882759109 0.8478435856026204
0.534255092316315 0.8478435856026204
0.5180934761546988 0.8518839896430245
0.5221338801951028 0.8518839896430245
0.5261742842355068 0.8518839896430245
0.5302146882759109 0.8518839896430245
0.5100126680738907 0.8559243936834284
0.5140530721142947 0.8559243936834284
0.5180934761546988 0.8559243936834284
0.5221338801951028 0.8559243936834284
0.5059722640334867 0.8599647977238325
0.5100126680738907 0.8599647977238325
0.5140530721142947 0.8599647977238325
0.4978914559526786 0.8640052017642366
0.5019318599930827 0.8640052017642366
0.5059722640334867 0.8640052017642366
0.5100126680738907 0.8640052017642366
0.4898106478718705 0.8680456058046406
0.4938510519122745 0.8680456058046406
0.4978914559526786 0.8680456058046406
0.5019318599930827 0.8680456058046406
0.48172983979106243 0.8720860098450447
0.4857702438314665 0.8720860098450447
0.4898106478718705 0.8720860098450447
0.4938510519122745 0.8720860098450447
0.47768943575065836 0.8761264138854487
0.48172983979106243 0.8761264138854487
0.4857702438314665 0.8761264138854487
0.4898106478718705 0.8761264138854487
0.46960862766985034 0.8801668179258527
0.47364903171025435 0.8801668179258527
0.47768943575065836 0.8801668179258527
0.48172983979106243 0.8801668179258527
0.4615278195890422 0.8842072219662568
0.4655682236294463 0.8842072219662568
0.46960862766985034 0.8842072219662568
0.47364903171025435 0.8842072219662568
0.45344701150823413 0.8882476260066607
0.45748741554863814 0.8882476260066607
0.4615278195890422 0.8882476260066607
0.4655682236294463 0.8882476260066607
0.44536620342742606 0.8922880300470648
0.4494066074678301 0.8922880300470648
0.45344701150823413 0.8922880300470648
0.45748741554863814 0.8922880300470648
0.437285395346618 0.8963284340874689
0.441325799387022 0.8963284340874689
0.44536620342742606 0.8963284340874689
0.4494066074678301 0.8963284340874689
0.4292045872658099 0.9003688381278729
0.43324499130621397 0.9003688381278729
0.437285395346618 0.9003688381278729
0.441325799387022 0.9003688381278729
0.4211237791850018 0.904409242168277
0.42516418322540583 0.904409242168277
0.4292045872658099 0.904409242168277
0.43324499130621397 0.904409242168277
0.4090025670637897 0.9084496462086811
0.41304297110419375 0.9084496462086811
0.4170833751445978 0.9084496462086811
0.4211237791850018 0.9084496462086811
0.42516418322540583 0.9084496462086811
0.4009217589829816 0.912490050249085
0.40496216302338567 0.912490050249085
0.4090025670637897 0.912490050249085
0.41304297110419375 0.912490050249085
0.4170833751445978 0.912490050249085
0.3928409509021735 0.9165304542894891
0.3968813549425776 0.9165304542894891
0.4009217589829816 0.9165304542894891
0.40496216302338567 0.9165304542894891
0.4090025670637897 0.9165304542894891
0.38071973878096144 0.920570858329893
0.38476014282136545 0.920570858329893
0.3888005468617695 0.920570858329893
0.3928409509021735 0.920570858329893
0.3968813549425776 0.920570858329893
0.3726389307001533 0.9246112623702971
0.37667933474055737 0.9246112623702971
0.38071973878096144 0.9246112623702971
0.38476014282136545 0.9246112623702971
0.3888005468617695 0.9246112623702971
0.3605177185789412 0.9286516664107012
0.3645581226193453 0.9286516664107012
0.3685985266597493 0.9286516664107012
0.3726389307001533 0.9286516664107012
0.37667933474055737 0.9286516664107012
0.38071973878096144 0.9286516664107012
0.35243691049813314 0.9326920704511052
0.35647731453853715 0.9326920704511052
0.3605177185789412 0.9326920704511052
0.3645581226193453 0.9326920704511052
0.3685985266597493 0.9326920704511052
0.340315698376921 0.9367324744915093
0.34435610241732506 0.9367324744915093
0.3483965064577291 0.9367324744915093
0.35243691049813314 0.9367324744915093
0.35647731453853715 0.9367324744915093
0.3605177185789412 0.9367324744915093
0.3281944862557089 0.9407728785319134
0.3322348902961129 0.9407728785319134
0.336275294336517 0.9407728785319134
0.340315698376921 0.9407728785319134
0.34435610241732506 0.9407728785319134
0.3483965064577291 0.9407728785319134
0.31607327413449676 0.9448132825723174
0.3201136781749008 0.9448132825723174
0.32415408221530484 0.9448132825723174
0.3281944862557089 0.9448132825723174
0.3322348902961129 0.9448132825723174
0.336275294336517 0.9448132825723174
0.3039520620132846 0.9488536866127214
0.3079924660536887 0.9488536866127214
0.31203287009409275 0.9488536866127214
0.31607327413449676 0.9488536866127214
0.3201136781749008 0.9488536866127214
0.32415408221530484 0.9488536866127214
0.2999116579728806 0.9528940906531255
0.3039520620132846 0.9528940906531255
0.3079924660536887 0.9528940906531255
0.31203287009409275 0.9528940906531255
0.2999116579728806 0.9569344946935294
