# x y
0.667648564530858 0.7549142926733274
0.6434061402884337 0.7791567169157517
0.65956775645005 0.7791567169157517
0.6312849281672217 0.803399141158176
0.5989616958439893 0.811479949238984
0.5989616958439893 0.8155203532793881
0.6110829079652014 0.819560757319792
0.5949212918035853 0.8316819694410043
0.5383556352379287 0.8518839896430245
0.5060324029146963 0.8720860098450447
0.5019919988742924 0.8801668179258527
0.47774957463186807 0.8882476260066607
0.465628362510656 0.9003688381278729
0.4898707867530802 0.9003688381278729
0.3605778574601509 0.9488536866127214
