# x y
0.6999879682132223 0.7145102522692871
0.6959475641728182 0.7185506563096911
0.6919071601324143 0.7225910603500951
0.6878667560920102 0.7266314643904992
0.6838263520516061 0.7306718684309033
0.6797859480112021 0.7347122724713073
0.675745543970798 0.7387526765117113
0.6676647358899899 0.7427930805521153
0.6717051399303939 0.7427930805521153
0.6636243318495859 0.7468334845925194
0.6595839278091818 0.7508738886329235
0.6555435237687779 0.7549142926733274
0.6515031197283738 0.7589546967137315
0.6474627156879698 0.7629951007541356
0.6393819076071616 0.7670355047945396
0.6434223116475657 0.7670355047945396
0.6353415035667576 0.7710759088349436
0.6313010995263536 0.7751163128753477
0.6272606954859495 0.7791567169157517
0.6232202914455455 0.7831971209561558
0.6151394833647374 0.7872375249965597
0.6191798874051415 0.7872375249965597
0.6110990793243334 0.7912779290369638
0.6070586752839293 0.7953183330773679
0.5989778672031212 0.799358737117772
0.6030182712435253 0.799358737117772
0.5949374631627172 0.803399141158176
0.5908970591223132 0.80743954519858
0.5828162510415051 0.811479949238984
0.5868566550819092 0.811479949238984
0.5787758470011011 0.8155203532793881
0.5706950389202929 0.819560757319792
0.574735442960697 0.819560757319792
0.5666546348798889 0.8236011613601961
0.5626142308394849 0.8276415654006002
0.5545334227586768 0.8316819694410043
0.5504930187182728 0.8357223734814083
0.5424122106374647 0.8397627775218124
0.5343314025566566 0.8438031815622163
0.5383718065970606 0.8438031815622163
0.5302909985162526 0.8478435856026204
0.5222101904354445 0.8518839896430245
0.5262505944758485 0.8518839896430245
0.5181697863950404 0.8559243936834284
0.5100889783142324 0.8599647977238325
0.5020081702334243 0.8640052017642366
0.5060485742738283 0.8640052017642366
0.49392736215261623 0.8680456058046406
0.49796776619302024 0.8680456058046406
0.48988695811221217 0.8720860098450447
0.4818061500314041 0.8761264138854487
0.473725341950596 0.8801668179258527
0.4777657459910001 0.8801668179258527
0.46564453386978794 0.8842072219662568
0.46968493791019195 0.8842072219662568
0.45756372578897986 0.8882476260066607
0.46160412982938387 0.8882476260066607
0.4494829177081717 0.8922880300470648
0.4535233217485758 0.8922880300470648
0.4414021096273637 0.8963284340874689
0.4454425136677677 0.8963284340874689
0.43332130154655557 0.9003688381278729
0.43736170558695964 0.9003688381278729
0.42524049346574755 0.904409242168277
0.42928089750615156 0.904409242168277
0.4171596853849394 0.9084496462086811
0.4212000894253435 0.9084496462086811
0.40907887730413134 0.912490050249085
0.39695766518291925 0.9165304542894891
0.40099806922332326 0.9165304542894891
0.3888768571021112 0.920570858329893
0.3929172611425152 0.920570858329893
0.38079604902130304 0.9246112623702971
0.3848364530617071 0.9246112623702971
0.36867483690009095 0.9286516664107012
0.372715240940495 0.9286516664107012
0.3605940288192829 0.9326920704511052
0.3646344328596869 0.9326920704511052
0.34847281669807073 0.9367324744915093
0.3525132207384748 0.9367324744915093
0.33635160457685864 0.9407728785319134
0.34039200861726265 0.9407728785319134
0.3242303924556465 0.9448132825723174
0.32827079649605057 0.9448132825723174
0.3323112005364546 0.9448132825723174
0.31210918033443436 0.9488536866127214
0.3161495843748384 0.9488536866127214
0.3201899884152425 0.9488536866127214
0.29998796821322227 0.9528940906531255
0.30402837225362633 0.9528940906531255
0.30806877629403034 0.9528940906531255
