# x y
0.6514946078809161 0.7670355047945396
0.6393733957597041 0.7791567169157517
0.6595754159617242 0.7791567169157517
0.6070501634364717 0.803399141158176
0.5989693553556636 0.8155203532793881
0.5585653149516232 0.8397627775218124
0.5464441028304111 0.8478435856026204
0.5222016785879868 0.8680456058046406
0.530282486668795 0.8761264138854487
0.5019996583859666 0.8801668179258527
0.5100804664667747 0.8882476260066607
0.4575552139415222 0.8963284340874689
0.4009895573758656 0.9246112623702971
0.3686663250526333 0.9367324744915093
0.3565451129314212 0.9448132825723174
0.39290874929505754 0.9488536866127214
0.3161410725273808 0.9650153027743376
0.3040198604061687 0.9690557068147416
