# x y
0.6999633779366933 0.7145102522692871
0.6959229738962892 0.7185506563096911
0.6878421658154812 0.7225910603500951
0.6918825698558853 0.7225910603500951
0.6838017617750771 0.7266314643904992
0.6878421658154812 0.7266314643904992
0.679761357734673 0.7306718684309033
0.6838017617750771 0.7306718684309033
0.675720953694269 0.7347122724713073
0.679761357734673 0.7347122724713073
0.6716805496538649 0.7387526765117113
0.675720953694269 0.7387526765117113
0.6676401456134609 0.7427930805521153
0.6716805496538649 0.7427930805521153
0.6635997415730569 0.7468334845925194
0.6676401456134609 0.7468334845925194
0.6595593375326528 0.7508738886329235
0.6635997415730569 0.7508738886329235
0.6555189334922489 0.7549142926733274
0.6474381254114407 0.7589546967137315
0.6514785294518448 0.7589546967137315
0.6433977213710367 0.7629951007541356
0.6474381254114407 0.7629951007541356
0.6393573173306326 0.7670355047945396
0.6433977213710367 0.7670355047945396
0.6353169132902285 0.7710759088349436
0.6393573173306326 0.7710759088349436
0.6312765092498246 0.7751163128753477
0.6353169132902285 0.7751163128753477
0.6231957011690165 0.7791567169157517
0.6272361052094205 0.7791567169157517
0.6191552971286125 0.7831971209561558
0.6231957011690165 0.7831971209561558
0.6151148930882084 0.7872375249965597
0.6191552971286125 0.7872375249965597
0.6110744890478044 0.7912779290369638
0.6151148930882084 0.7912779290369638
0.6029936809669962 0.7953183330773679
0.6070340850074003 0.7953183330773679
0.5989532769265922 0.799358737117772
0.6029936809669962 0.799358737117772
0.5949128728861882 0.803399141158176
0.5989532769265922 0.803399141158176
0.5868320648053802 0.80743954519858
0.5908724688457841 0.80743954519858
0.5827916607649761 0.811479949238984
0.5868320648053802 0.811479949238984
0.574710852684168 0.8155203532793881
0.5787512567245721 0.8155203532793881
0.5827916607649761 0.8155203532793881
0.5706704486437639 0.819560757319792
0.574710852684168 0.819560757319792
0.5666300446033599 0.8236011613601961
0.5706704486437639 0.8236011613601961
0.5585492365225518 0.8276415654006002
0.5625896405629559 0.8276415654006002
0.5545088324821478 0.8316819694410043
0.5585492365225518 0.8316819694410043
0.5464280244013398 0.8357223734814083
0.5504684284417438 0.8357223734814083
0.5383472163205316 0.8397627775218124
0.5423876203609357 0.8397627775218124
0.5464280244013398 0.8397627775218124
0.5343068122801276 0.8438031815622163
0.5383472163205316 0.8438031815622163
0.5262260041993195 0.8478435856026204
0.5302664082397236 0.8478435856026204
0.5343068122801276 0.8478435856026204
0.5221856001589155 0.8518839896430245
0.5262260041993195 0.8518839896430245
0.5141047920781074 0.8559243936834284
0.5181451961185114 0.8559243936834284
0.5060239839972993 0.8599647977238325
0.5100643880377034 0.8599647977238325
0.5141047920781074 0.8599647977238325
0.5019835799568952 0.8640052017642366
0.5060239839972993 0.8640052017642366
0.4939027718760872 0.8680456058046406
0.49794317591649123 0.8680456058046406
0.4858219637952791 0.8720860098450447
0.48986236783568315 0.8720860098450447
0.4939027718760872 0.8720860098450447
0.47774115571447107 0.8761264138854487
0.4817815597548751 0.8761264138854487
0.4858219637952791 0.8761264138854487
0.46966034763366293 0.8801668179258527
0.473700751674067 0.8801668179258527
0.47774115571447107 0.8801668179258527
0.4656199435932589 0.8842072219662568
0.46966034763366293 0.8842072219662568
0.45753913551245085 0.8882476260066607
0.46157953955285486 0.8882476260066607
0.4494583274316427 0.8922880300470648
0.4534987314720468 0.8922880300470648
0.4413775193508347 0.8963284340874689
0.4454179233912387 0.8963284340874689
0.43329671127002656 0.9003688381278729
0.4373371153104306 0.9003688381278729
0.42117549914881447 0.904409242168277
0.42521590318921854 0.904409242168277
0.42925630722962255 0.904409242168277
0.4130946910680064 0.9084496462086811
0.4171350951084104 0.9084496462086811
0.42117549914881447 0.9084496462086811
0.4050138829871983 0.912490050249085
0.4090542870276023 0.912490050249085
0.4130946910680064 0.912490050249085
0.39693307490639024 0.9165304542894891
0.40097347894679425 0.9165304542894891
0.4050138829871983 0.9165304542894891
0.3848118627851781 0.920570858329893
0.38885226682558216 0.920570858329893
0.39289267086598617 0.920570858329893
0.37673105470437 0.9246112623702971
0.380771458744774 0.9246112623702971
0.3848118627851781 0.9246112623702971
0.3646098425831579 0.9286516664107012
0.36865024662356194 0.9286516664107012
0.372690650663966 0.9286516664107012
0.37673105470437 0.9286516664107012
0.35652903450234985 0.9326920704511052
0.36056943854275386 0.9326920704511052
0.3646098425831579 0.9326920704511052
0.3444078223811377 0.9367324744915093
0.3484482264215417 0.9367324744915093
0.3524886304619458 0.9367324744915093
0.35652903450234985 0.9367324744915093
0.33228661025992556 0.9407728785319134
0.33632701430032963 0.9407728785319134
0.34036741834073364 0.9407728785319134
0.3444078223811377 0.9407728785319134
0.3201653981387135 0.9448132825723174
0.3242058021791175 0.9448132825723174
0.32824620621952155 0.9448132825723174
0.33228661025992556 0.9448132825723174
0.30804418601750133 0.9488536866127214
0.31208459005790534 0.9488536866127214
0.3161249940983094 0.9488536866127214
0.3201653981387135 0.9488536866127214
0.29996337793669325 0.9528940906531255
0.3040037819770973 0.9528940906531255
0.30804418601750133 0.9528940906531255
