# x y
0.6797709449065552 0.7468334845925194
0.667649732785343 0.7549142926733274
0.6595689247045349 0.7791567169157517
0.6312860964217066 0.803399141158176
0.5989628640984743 0.811479949238984
0.5989628640984743 0.8155203532793881
0.6110840762196865 0.819560757319792
0.5383568034924138 0.8518839896430245
0.5060335711691815 0.8720860098450447
0.48987195500756525 0.8801668179258527
0.5019931671287774 0.8801668179258527
0.4777507428863531 0.8882476260066607
0.465629530765141 0.9003688381278729
0.48987195500756525 0.9003688381278729
0.4817911469267572 0.904409242168277
0.34845781359342387 0.9448132825723174
0.36057902571463596 0.9488536866127214
0.30401336914897936 0.9690557068147416
0.33229619743180766 0.9730961108551457
