# x y
0.6959159815780389 0.7145102522692871
0.699956385618443 0.7145102522692871
0.6918755775376348 0.7185506563096911
0.6959159815780389 0.7185506563096911
0.6878351734972308 0.7225910603500951
0.6918755775376348 0.7225910603500951
0.6837947694568267 0.7266314643904992
0.6878351734972308 0.7266314643904992
0.6797543654164226 0.7306718684309033
0.6837947694568267 0.7306718684309033
0.6757139613760186 0.7347122724713073
0.6797543654164226 0.7347122724713073
0.6716735573356146 0.7387526765117113
0.6757139613760186 0.7387526765117113
0.6676331532952106 0.7427930805521153
0.6716735573356146 0.7427930805521153
0.6635927492548066 0.7468334845925194
0.6676331532952106 0.7468334845925194
0.6595523452144025 0.7508738886329235
0.6635927492548066 0.7508738886329235
0.6555119411739985 0.7549142926733274
0.6595523452144025 0.7549142926733274
0.6474311330931903 0.7589546967137315
0.6514715371335944 0.7589546967137315
0.6433907290527863 0.7629951007541356
0.6474311330931903 0.7629951007541356
0.6393503250123823 0.7670355047945396
0.6433907290527863 0.7670355047945396
0.6353099209719782 0.7710759088349436
0.6393503250123823 0.7710759088349436
0.6312695169315743 0.7751163128753477
0.6353099209719782 0.7751163128753477
0.6231887088507662 0.7791567169157517
0.6272291128911702 0.7791567169157517
0.6191483048103621 0.7831971209561558
0.6231887088507662 0.7831971209561558
0.615107900769958 0.7872375249965597
0.6191483048103621 0.7872375249965597
0.611067496729554 0.7912779290369638
0.615107900769958 0.7912779290369638
0.6029866886487459 0.7953183330773679
0.6070270926891499 0.7953183330773679
0.5989462846083419 0.799358737117772
0.6029866886487459 0.799358737117772
0.5949058805679379 0.803399141158176
0.5989462846083419 0.803399141158176
0.5868250724871298 0.80743954519858
0.5908654765275339 0.80743954519858
0.5827846684467257 0.811479949238984
0.5868250724871298 0.811479949238984
0.5747038603659176 0.8155203532793881
0.5787442644063217 0.8155203532793881
0.5827846684467257 0.8155203532793881
0.5706634563255136 0.819560757319792
0.5747038603659176 0.819560757319792
0.5625826482447056 0.8236011613601961
0.5666230522851096 0.8236011613601961
0.5706634563255136 0.8236011613601961
0.5585422442043015 0.8276415654006002
0.5625826482447056 0.8276415654006002
0.5504614361234934 0.8316819694410043
0.5545018401638975 0.8316819694410043
0.5585422442043015 0.8316819694410043
0.5464210320830893 0.8357223734814083
0.5504614361234934 0.8357223734814083
0.5383402240022813 0.8397627775218124
0.5423806280426853 0.8397627775218124
0.5464210320830893 0.8397627775218124
0.5342998199618773 0.8438031815622163
0.5383402240022813 0.8438031815622163
0.5262190118810692 0.8478435856026204
0.5302594159214732 0.8478435856026204
0.5342998199618773 0.8478435856026204
0.5221786078406652 0.8518839896430245
0.5262190118810692 0.8518839896430245
0.514097799759857 0.8559243936834284
0.5181382038002611 0.8559243936834284
0.5221786078406652 0.8559243936834284
0.5060169916790489 0.8599647977238325
0.510057395719453 0.8599647977238325
0.514097799759857 0.8599647977238325
0.5019765876386449 0.8640052017642366
0.5060169916790489 0.8640052017642366
0.4938957795578368 0.8680456058046406
0.4979361835982409 0.8680456058046406
0.4858149714770288 0.8720860098450447
0.4898553755174328 0.8720860098450447
0.4938957795578368 0.8720860098450447
0.47773416339622066 0.8761264138854487
0.4817745674366247 0.8761264138854487
0.4858149714770288 0.8761264138854487
0.46965335531541264 0.8801668179258527
0.47369375935581665 0.8801668179258527
0.47773416339622066 0.8801668179258527
0.4615725472346045 0.8842072219662568
0.46561295127500857 0.8842072219662568
0.46965335531541264 0.8842072219662568
0.4534917391537964 0.8882476260066607
0.45753214319420044 0.8882476260066607
0.4615725472346045 0.8882476260066607
0.44541093107298835 0.8922880300470648
0.4494513351133924 0.8922880300470648
0.4534917391537964 0.8922880300470648
0.43733012299218027 0.8963284340874689
0.4413705270325843 0.8963284340874689
0.44541093107298835 0.8963284340874689
0.4292493149113722 0.9003688381278729
0.43328971895177626 0.9003688381278729
0.43733012299218027 0.9003688381278729
0.4211685068305641 0.904409242168277
0.4252089108709681 0.904409242168277
0.4292493149113722 0.904409242168277
0.41308769874975604 0.9084496462086811
0.4171281027901601 0.9084496462086811
0.4211685068305641 0.9084496462086811
0.40500689066894796 0.912490050249085
0.40904729470935197 0.912490050249085
0.41308769874975604 0.912490050249085
0.3969260825881399 0.9165304542894891
0.4009664866285439 0.9165304542894891
0.40500689066894796 0.9165304542894891
0.38480487046692774 0.920570858329893
0.3888452745073318 0.920570858329893
0.3928856785477358 0.920570858329893
0.3969260825881399 0.920570858329893
0.37672406238611966 0.9246112623702971
0.38076446642652373 0.9246112623702971
0.38480487046692774 0.9246112623702971
0.3646028502649076 0.9286516664107012
0.3686432543053116 0.9286516664107012
0.3726836583457156 0.9286516664107012
0.37672406238611966 0.9286516664107012
0.35652204218409944 0.9326920704511052
0.3605624462245035 0.9326920704511052
0.3646028502649076 0.9326920704511052
0.34440083006288735 0.9367324744915093
0.3484412341032914 0.9367324744915093
0.35248163814369543 0.9367324744915093
0.35652204218409944 0.9367324744915093
0.3322796179416752 0.9407728785319134
0.3363200219820793 0.9407728785319134
0.3403604260224833 0.9407728785319134
0.34440083006288735 0.9407728785319134
0.32015840582046307 0.9448132825723174
0.32419880986086713 0.9448132825723174
0.3282392139012712 0.9448132825723174
0.3322796179416752 0.9448132825723174
0.308037193699251 0.9488536866127214
0.31207759773965504 0.9488536866127214
0.31611800178005905 0.9488536866127214
0.32015840582046307 0.9488536866127214
0.2999563856184429 0.9528940906531255
0.3039967896588469 0.9528940906531255
0.308037193699251 0.9528940906531255
