# x y
0.6999583139425292 0.7145102522692871
0.691877505861721 0.7185506563096911
0.6959179099021251 0.7185506563096911
0.687837101821317 0.7225910603500951
0.691877505861721 0.7225910603500951
0.6837966977809129 0.7266314643904992
0.687837101821317 0.7266314643904992
0.6797562937405089 0.7306718684309033
0.6837966977809129 0.7306718684309033
0.6757158897001049 0.7347122724713073
0.6797562937405089 0.7347122724713073
0.6716754856597009 0.7387526765117113
0.6757158897001049 0.7387526765117113
0.6676350816192969 0.7427930805521153
0.6716754856597009 0.7427930805521153
0.6635946775788928 0.7468334845925194
0.6676350816192969 0.7468334845925194
0.6595542735384887 0.7508738886329235
0.6635946775788928 0.7508738886329235
0.6555138694980847 0.7549142926733274
0.6595542735384887 0.7549142926733274
0.6474330614172766 0.7589546967137315
0.6514734654576806 0.7589546967137315
0.6433926573768726 0.7629951007541356
0.6474330614172766 0.7629951007541356
0.6393522533364686 0.7670355047945396
0.6433926573768726 0.7670355047945396
0.6353118492960645 0.7710759088349436
0.6393522533364686 0.7710759088349436
0.6312714452556605 0.7751163128753477
0.6353118492960645 0.7751163128753477
0.6231906371748523 0.7791567169157517
0.6272310412152564 0.7791567169157517
0.6191502331344483 0.7831971209561558
0.6231906371748523 0.7831971209561558
0.6151098290940442 0.7872375249965597
0.6191502331344483 0.7872375249965597
0.6110694250536403 0.7912779290369638
0.6151098290940442 0.7912779290369638
0.6029886169728322 0.7953183330773679
0.6070290210132362 0.7953183330773679
0.5989482129324282 0.799358737117772
0.6029886169728322 0.799358737117772
0.5949078088920241 0.803399141158176
0.5989482129324282 0.803399141158176
0.586827000811216 0.80743954519858
0.59086740485162 0.80743954519858
0.5827865967708119 0.811479949238984
0.586827000811216 0.811479949238984
0.5747057886900039 0.8155203532793881
0.578746192730408 0.8155203532793881
0.5827865967708119 0.8155203532793881
0.5706653846495999 0.819560757319792
0.5747057886900039 0.819560757319792
0.5625845765687918 0.8236011613601961
0.5666249806091959 0.8236011613601961
0.5706653846495999 0.8236011613601961
0.5585441725283877 0.8276415654006002
0.5625845765687918 0.8276415654006002
0.5504633644475796 0.8316819694410043
0.5545037684879837 0.8316819694410043
0.5585441725283877 0.8316819694410043
0.5464229604071756 0.8357223734814083
0.5504633644475796 0.8357223734814083
0.5383421523263675 0.8397627775218124
0.5423825563667716 0.8397627775218124
0.5464229604071756 0.8397627775218124
0.5343017482859636 0.8438031815622163
0.5383421523263675 0.8438031815622163
0.5262209402051554 0.8478435856026204
0.5302613442455595 0.8478435856026204
0.5343017482859636 0.8478435856026204
0.5221805361647514 0.8518839896430245
0.5262209402051554 0.8518839896430245
0.5140997280839432 0.8559243936834284
0.5181401321243473 0.8559243936834284
0.5060189200031352 0.8599647977238325
0.5100593240435393 0.8599647977238325
0.5140997280839432 0.8599647977238325
0.5019785159627311 0.8640052017642366
0.5060189200031352 0.8640052017642366
0.4938977078819231 0.8680456058046406
0.4979381119223271 0.8680456058046406
0.485816899801115 0.8720860098450447
0.48985730384151904 0.8720860098450447
0.4938977078819231 0.8720860098450447
0.47773609172030695 0.8761264138854487
0.48177649576071097 0.8761264138854487
0.485816899801115 0.8761264138854487
0.4696552836394988 0.8801668179258527
0.4736956876799029 0.8801668179258527
0.47773609172030695 0.8801668179258527
0.46157447555869074 0.8842072219662568
0.4656148795990948 0.8842072219662568
0.4696552836394988 0.8842072219662568
0.45753407151828673 0.8882476260066607
0.46157447555869074 0.8882476260066607
0.4494532634374786 0.8922880300470648
0.45349366747788267 0.8922880300470648
0.4413724553566706 0.8963284340874689
0.4454128593970746 0.8963284340874689
0.42925124323545844 0.9003688381278729
0.43329164727586245 0.9003688381278729
0.4373320513162665 0.9003688381278729
0.42117043515465036 0.904409242168277
0.4252108391950544 0.904409242168277
0.42925124323545844 0.904409242168277
0.4130896270738423 0.9084496462086811
0.4171300311142463 0.9084496462086811
0.42117043515465036 0.9084496462086811
0.4050088189930342 0.912490050249085
0.4090492230334382 0.912490050249085
0.4130896270738423 0.912490050249085
0.3969280109122261 0.9165304542894891
0.40096841495263014 0.9165304542894891
0.4050088189930342 0.9165304542894891
0.384806798791014 0.920570858329893
0.38884720283141805 0.920570858329893
0.39288760687182206 0.920570858329893
0.3969280109122261 0.920570858329893
0.3767259907102059 0.9246112623702971
0.3807663947506099 0.9246112623702971
0.384806798791014 0.9246112623702971
0.36460477858899376 0.9286516664107012
0.3686451826293978 0.9286516664107012
0.3726855866698019 0.9286516664107012
0.3767259907102059 0.9286516664107012
0.35652397050818574 0.9326920704511052
0.36056437454858975 0.9326920704511052
0.36460477858899376 0.9326920704511052
0.3444027583869736 0.9367324744915093
0.3484431624273776 0.9367324744915093
0.3524835664677817 0.9367324744915093
0.35652397050818574 0.9367324744915093
0.33228154626576145 0.9407728785319134
0.3363219503061655 0.9407728785319134
0.34036235434656953 0.9407728785319134
0.3444027583869736 0.9407728785319134
0.32016033414454936 0.9448132825723174
0.3242007381849534 0.9448132825723174
0.32824114222535744 0.9448132825723174
0.33228154626576145 0.9448132825723174
0.3080391220233372 0.9488536866127214
0.31207952606374123 0.9488536866127214
0.3161199301041453 0.9488536866127214
0.32016033414454936 0.9488536866127214
0.29995831394252914 0.9528940906531255
0.3039987179829332 0.9528940906531255
0.3080391220233372 0.9528940906531255
