# x y
0.698770939373201 0.698348636107671
0.6947305353327969 0.702389040148075
0.698770939373201 0.702389040148075
0.690690131292393 0.706429444188479
0.6947305353327969 0.706429444188479
0.698770939373201 0.706429444188479
0.6866497272519889 0.710469848228883
0.690690131292393 0.710469848228883
0.6947305353327969 0.710469848228883
0.698770939373201 0.710469848228883
0.6826093232115849 0.7145102522692871
0.6866497272519889 0.7145102522692871
0.690690131292393 0.7145102522692871
0.6947305353327969 0.7145102522692871
0.698770939373201 0.7145102522692871
0.6785689191711808 0.7185506563096911
0.6826093232115849 0.7185506563096911
0.6866497272519889 0.7185506563096911
0.690690131292393 0.7185506563096911
0.6947305353327969 0.7185506563096911
0.698770939373201 0.7185506563096911
0.6704881110903727 0.7225910603500951
0.6745285151307767 0.7225910603500951
0.6785689191711808 0.7225910603500951
0.6826093232115849 0.7225910603500951
0.6866497272519889 0.7225910603500951
0.690690131292393 0.7225910603500951
0.6947305353327969 0.7225910603500951
0.698770939373201 0.7225910603500951
0.6704881110903727 0.7266314643904992
0.6745285151307767 0.7266314643904992
0.6785689191711808 0.7266314643904992
0.6826093232115849 0.7266314643904992
0.6866497272519889 0.7266314643904992
0.690690131292393 0.7266314643904992
0.6947305353327969 0.7266314643904992
0.698770939373201 0.7266314643904992
0.6624073030095646 0.7306718684309033
0.6664477070499686 0.7306718684309033
0.6704881110903727 0.7306718684309033
0.6745285151307767 0.7306718684309033
0.6785689191711808 0.7306718684309033
0.6826093232115849 0.7306718684309033
0.6866497272519889 0.7306718684309033
0.690690131292393 0.7306718684309033
0.6947305353327969 0.7306718684309033
0.698770939373201 0.7306718684309033
0.6583668989691606 0.7347122724713073
0.6624073030095646 0.7347122724713073
0.6664477070499686 0.7347122724713073
0.6704881110903727 0.7347122724713073
0.6745285151307767 0.7347122724713073
0.6785689191711808 0.7347122724713073
0.6826093232115849 0.7347122724713073
0.6866497272519889 0.7347122724713073
0.690690131292393 0.7347122724713073
0.6947305353327969 0.7347122724713073
0.6543264949287566 0.7387526765117113
0.6583668989691606 0.7387526765117113
0.6624073030095646 0.7387526765117113
0.6664477070499686 0.7387526765117113
0.6704881110903727 0.7387526765117113
0.6745285151307767 0.7387526765117113
0.6785689191711808 0.7387526765117113
0.6826093232115849 0.7387526765117113
0.6866497272519889 0.7387526765117113
0.690690131292393 0.7387526765117113
0.6502860908883525 0.7427930805521153
0.6543264949287566 0.7427930805521153
0.6583668989691606 0.7427930805521153
0.6624073030095646 0.7427930805521153
0.6664477070499686 0.7427930805521153
0.6704881110903727 0.7427930805521153
0.6745285151307767 0.7427930805521153
0.6785689191711808 0.7427930805521153
0.6826093232115849 0.7427930805521153
0.6462456868479485 0.7468334845925194
0.6502860908883525 0.7468334845925194
0.6543264949287566 0.7468334845925194
0.6583668989691606 0.7468334845925194
0.6624073030095646 0.7468334845925194
0.6664477070499686 0.7468334845925194
0.6704881110903727 0.7468334845925194
0.6745285151307767 0.7468334845925194
0.6785689191711808 0.7468334845925194
0.6826093232115849 0.7468334845925194
0.6381648787671403 0.7508738886329235
0.6422052828075444 0.7508738886329235
0.6462456868479485 0.7508738886329235
0.6502860908883525 0.7508738886329235
0.6543264949287566 0.7508738886329235
0.6583668989691606 0.7508738886329235
0.6624073030095646 0.7508738886329235
0.6664477070499686 0.7508738886329235
0.6704881110903727 0.7508738886329235
0.6745285151307767 0.7508738886329235
0.6341244747267363 0.7549142926733274
0.6381648787671403 0.7549142926733274
0.6422052828075444 0.7549142926733274
0.6462456868479485 0.7549142926733274
0.6502860908883525 0.7549142926733274
0.6543264949287566 0.7549142926733274
0.6583668989691606 0.7549142926733274
0.6624073030095646 0.7549142926733274
0.6664477070499686 0.7549142926733274
0.6704881110903727 0.7549142926733274
0.6745285151307767 0.7549142926733274
0.6300840706863323 0.7589546967137315
0.6341244747267363 0.7589546967137315
0.6381648787671403 0.7589546967137315
0.6422052828075444 0.7589546967137315
0.6462456868479485 0.7589546967137315
0.6502860908883525 0.7589546967137315
0.6543264949287566 0.7589546967137315
0.6583668989691606 0.7589546967137315
0.6624073030095646 0.7589546967137315
0.6664477070499686 0.7589546967137315
0.6704881110903727 0.7589546967137315
0.6260436666459283 0.7629951007541356
0.6300840706863323 0.7629951007541356
0.6341244747267363 0.7629951007541356
0.6381648787671403 0.7629951007541356
0.6422052828075444 0.7629951007541356
0.6462456868479485 0.7629951007541356
0.6502860908883525 0.7629951007541356
0.6543264949287566 0.7629951007541356
0.6583668989691606 0.7629951007541356
0.6624073030095646 0.7629951007541356
0.6664477070499686 0.7629951007541356
0.6220032626055242 0.7670355047945396
0.6260436666459283 0.7670355047945396
0.6300840706863323 0.7670355047945396
0.6341244747267363 0.7670355047945396
0.6381648787671403 0.7670355047945396
0.6422052828075444 0.7670355047945396
0.6462456868479485 0.7670355047945396
0.6502860908883525 0.7670355047945396
0.6543264949287566 0.7670355047945396
0.6583668989691606 0.7670355047945396
0.6179628585651202 0.7710759088349436
0.6220032626055242 0.7710759088349436
0.6260436666459283 0.7710759088349436
0.6300840706863323 0.7710759088349436
0.6341244747267363 0.7710759088349436
0.6381648787671403 0.7710759088349436
0.6422052828075444 0.7710759088349436
0.6462456868479485 0.7710759088349436
0.6502860908883525 0.7710759088349436
0.6543264949287566 0.7710759088349436
0.6098820504843121 0.7751163128753477
0.6139224545247162 0.7751163128753477
0.6179628585651202 0.7751163128753477
0.6220032626055242 0.7751163128753477
0.6260436666459283 0.7751163128753477
0.6300840706863323 0.7751163128753477
0.6341244747267363 0.7751163128753477
0.6381648787671403 0.7751163128753477
0.6422052828075444 0.7751163128753477
0.6462456868479485 0.7751163128753477
0.6502860908883525 0.7751163128753477
0.605841646443908 0.7791567169157517
0.6098820504843121 0.7791567169157517
0.6139224545247162 0.7791567169157517
0.6179628585651202 0.7791567169157517
0.6220032626055242 0.7791567169157517
0.6260436666459283 0.7791567169157517
0.6300840706863323 0.7791567169157517
0.6341244747267363 0.7791567169157517
0.6381648787671403 0.7791567169157517
0.6422052828075444 0.7791567169157517
0.6462456868479485 0.7791567169157517
0.601801242403504 0.7831971209561558
0.605841646443908 0.7831971209561558
0.6098820504843121 0.7831971209561558
0.6139224545247162 0.7831971209561558
0.6179628585651202 0.7831971209561558
0.6220032626055242 0.7831971209561558
0.6260436666459283 0.7831971209561558
0.6300840706863323 0.7831971209561558
0.6341244747267363 0.7831971209561558
0.6381648787671403 0.7831971209561558
0.6422052828075444 0.7831971209561558
0.593720434322696 0.7872375249965597
0.5977608383630999 0.7872375249965597
0.601801242403504 0.7872375249965597
0.605841646443908 0.7872375249965597
0.6098820504843121 0.7872375249965597
0.6139224545247162 0.7872375249965597
0.6179628585651202 0.7872375249965597
0.6220032626055242 0.7872375249965597
0.6260436666459283 0.7872375249965597
0.6300840706863323 0.7872375249965597
0.6341244747267363 0.7872375249965597
0.6381648787671403 0.7872375249965597
0.5896800302822919 0.7912779290369638
0.593720434322696 0.7912779290369638
0.5977608383630999 0.7912779290369638
0.601801242403504 0.7912779290369638
0.605841646443908 0.7912779290369638
0.6098820504843121 0.7912779290369638
0.6139224545247162 0.7912779290369638
0.6179628585651202 0.7912779290369638
0.6220032626055242 0.7912779290369638
0.6260436666459283 0.7912779290369638
0.6300840706863323 0.7912779290369638
0.5815992222014839 0.7953183330773679
0.5856396262418879 0.7953183330773679
0.5896800302822919 0.7953183330773679
0.593720434322696 0.7953183330773679
0.5977608383630999 0.7953183330773679
0.601801242403504 0.7953183330773679
0.605841646443908 0.7953183330773679
0.6098820504843121 0.7953183330773679
0.6139224545247162 0.7953183330773679
0.6179628585651202 0.7953183330773679
0.6220032626055242 0.7953183330773679
0.6260436666459283 0.7953183330773679
0.5775588181610798 0.799358737117772
0.5815992222014839 0.799358737117772
0.5856396262418879 0.799358737117772
0.5896800302822919 0.799358737117772
0.593720434322696 0.799358737117772
0.5977608383630999 0.799358737117772
0.601801242403504 0.799358737117772
0.605841646443908 0.799358737117772
0.6098820504843121 0.799358737117772
0.6139224545247162 0.799358737117772
0.6179628585651202 0.799358737117772
0.5735184141206757 0.803399141158176
0.5775588181610798 0.803399141158176
0.5815992222014839 0.803399141158176
0.5856396262418879 0.803399141158176
0.5896800302822919 0.803399141158176
0.593720434322696 0.803399141158176
0.5977608383630999 0.803399141158176
0.601801242403504 0.803399141158176
0.605841646443908 0.803399141158176
0.6098820504843121 0.803399141158176
0.6139224545247162 0.803399141158176
0.5654376060398676 0.80743954519858
0.5694780100802717 0.80743954519858
0.5735184141206757 0.80743954519858
0.5775588181610798 0.80743954519858
0.5815992222014839 0.80743954519858
0.5856396262418879 0.80743954519858
0.5896800302822919 0.80743954519858
0.593720434322696 0.80743954519858
0.5977608383630999 0.80743954519858
0.601801242403504 0.80743954519858
0.605841646443908 0.80743954519858
0.6098820504843121 0.80743954519858
0.5613972019994636 0.811479949238984
0.5654376060398676 0.811479949238984
0.5694780100802717 0.811479949238984
0.5735184141206757 0.811479949238984
0.5775588181610798 0.811479949238984
0.5815992222014839 0.811479949238984
0.5856396262418879 0.811479949238984
0.5896800302822919 0.811479949238984
0.593720434322696 0.811479949238984
0.5977608383630999 0.811479949238984
0.601801242403504 0.811479949238984
0.5533163939186555 0.8155203532793881
0.5573567979590596 0.8155203532793881
0.5613972019994636 0.8155203532793881
0.5654376060398676 0.8155203532793881
0.5694780100802717 0.8155203532793881
0.5735184141206757 0.8155203532793881
0.5775588181610798 0.8155203532793881
0.5815992222014839 0.8155203532793881
0.5856396262418879 0.8155203532793881
0.5896800302822919 0.8155203532793881
0.593720434322696 0.8155203532793881
0.5977608383630999 0.8155203532793881
0.5492759898782515 0.819560757319792
0.5533163939186555 0.819560757319792
0.5573567979590596 0.819560757319792
0.5613972019994636 0.819560757319792
0.5654376060398676 0.819560757319792
0.5694780100802717 0.819560757319792
0.5735184141206757 0.819560757319792
0.5775588181610798 0.819560757319792
0.5815992222014839 0.819560757319792
0.5856396262418879 0.819560757319792
0.5896800302822919 0.819560757319792
0.5452355858378475 0.8236011613601961
0.5492759898782515 0.8236011613601961
0.5533163939186555 0.8236011613601961
0.5573567979590596 0.8236011613601961
0.5613972019994636 0.8236011613601961
0.5654376060398676 0.8236011613601961
0.5694780100802717 0.8236011613601961
0.5735184141206757 0.8236011613601961
0.5775588181610798 0.8236011613601961
0.5815992222014839 0.8236011613601961
0.5856396262418879 0.8236011613601961
0.5371547777570393 0.8276415654006002
0.5411951817974434 0.8276415654006002
0.5452355858378475 0.8276415654006002
0.5492759898782515 0.8276415654006002
0.5533163939186555 0.8276415654006002
0.5573567979590596 0.8276415654006002
0.5613972019994636 0.8276415654006002
0.5654376060398676 0.8276415654006002
0.5694780100802717 0.8276415654006002
0.5735184141206757 0.8276415654006002
0.5775588181610798 0.8276415654006002
0.5815992222014839 0.8276415654006002
0.5290739696762313 0.8316819694410043
0.5331143737166353 0.8316819694410043
0.5371547777570393 0.8316819694410043
0.5411951817974434 0.8316819694410043
0.5452355858378475 0.8316819694410043
0.5492759898782515 0.8316819694410043
0.5533163939186555 0.8316819694410043
0.5573567979590596 0.8316819694410043
0.5613972019994636 0.8316819694410043
0.5654376060398676 0.8316819694410043
0.5694780100802717 0.8316819694410043
0.5735184141206757 0.8316819694410043
0.5775588181610798 0.8316819694410043
0.5250335656358273 0.8357223734814083
0.5290739696762313 0.8357223734814083
0.5331143737166353 0.8357223734814083
0.5371547777570393 0.8357223734814083
0.5411951817974434 0.8357223734814083
0.5452355858378475 0.8357223734814083
0.5492759898782515 0.8357223734814083
0.5533163939186555 0.8357223734814083
0.5573567979590596 0.8357223734814083
0.5613972019994636 0.8357223734814083
0.5654376060398676 0.8357223734814083
0.5694780100802717 0.8357223734814083
0.5169527575550191 0.8397627775218124
0.5209931615954232 0.8397627775218124
0.5250335656358273 0.8397627775218124
0.5290739696762313 0.8397627775218124
0.5331143737166353 0.8397627775218124
0.5371547777570393 0.8397627775218124
0.5411951817974434 0.8397627775218124
0.5452355858378475 0.8397627775218124
0.5492759898782515 0.8397627775218124
0.5533163939186555 0.8397627775218124
0.5573567979590596 0.8397627775218124
0.5613972019994636 0.8397627775218124
0.5129123535146152 0.8438031815622163
0.5169527575550191 0.8438031815622163
0.5209931615954232 0.8438031815622163
0.5250335656358273 0.8438031815622163
0.5290739696762313 0.8438031815622163
0.5331143737166353 0.8438031815622163
0.5371547777570393 0.8438031815622163
0.5411951817974434 0.8438031815622163
0.5452355858378475 0.8438031815622163
0.5492759898782515 0.8438031815622163
0.5533163939186555 0.8438031815622163
0.5573567979590596 0.8438031815622163
0.504831545433807 0.8478435856026204
0.5088719494742111 0.8478435856026204
0.5129123535146152 0.8478435856026204
0.5169527575550191 0.8478435856026204
0.5209931615954232 0.8478435856026204
0.5250335656358273 0.8478435856026204
0.5290739696762313 0.8478435856026204
0.5331143737166353 0.8478435856026204
0.5371547777570393 0.8478435856026204
0.5411951817974434 0.8478435856026204
0.5452355858378475 0.8478435856026204
0.5492759898782515 0.8478435856026204
0.49675073735299896 0.8518839896430245
0.500791141393403 0.8518839896430245
0.504831545433807 0.8518839896430245
0.5088719494742111 0.8518839896430245
0.5129123535146152 0.8518839896430245
0.5169527575550191 0.8518839896430245
0.5209931615954232 0.8518839896430245
0.5250335656358273 0.8518839896430245
0.5290739696762313 0.8518839896430245
0.5331143737166353 0.8518839896430245
0.5371547777570393 0.8518839896430245
0.5411951817974434 0.8518839896430245
0.5452355858378475 0.8518839896430245
0.4886699292721909 0.8559243936834284
0.49271033331259495 0.8559243936834284
0.49675073735299896 0.8559243936834284
0.500791141393403 0.8559243936834284
0.504831545433807 0.8559243936834284
0.5088719494742111 0.8559243936834284
0.5129123535146152 0.8559243936834284
0.5169527575550191 0.8559243936834284
0.5209931615954232 0.8559243936834284
0.5250335656358273 0.8559243936834284
0.5290739696762313 0.8559243936834284
0.5331143737166353 0.8559243936834284
0.5371547777570393 0.8559243936834284
0.4805891211913828 0.8599647977238325
0.4846295252317868 0.8599647977238325
0.4886699292721909 0.8599647977238325
0.49271033331259495 0.8599647977238325
0.49675073735299896 0.8599647977238325
0.500791141393403 0.8599647977238325
0.504831545433807 0.8599647977238325
0.5088719494742111 0.8599647977238325
0.5129123535146152 0.8599647977238325
0.5169527575550191 0.8599647977238325
0.5209931615954232 0.8599647977238325
0.5250335656358273 0.8599647977238325
0.5290739696762313 0.8599647977238325
0.5331143737166353 0.8599647977238325
0.4765487171509788 0.8640052017642366
0.4805891211913828 0.8640052017642366
0.4846295252317868 0.8640052017642366
0.4886699292721909 0.8640052017642366
0.49271033331259495 0.8640052017642366
0.49675073735299896 0.8640052017642366
0.500791141393403 0.8640052017642366
0.504831545433807 0.8640052017642366
0.5088719494742111 0.8640052017642366
0.5129123535146152 0.8640052017642366
0.5169527575550191 0.8640052017642366
0.5209931615954232 0.8640052017642366
0.5250335656358273 0.8640052017642366
0.47250831311057473 0.8680456058046406
0.4765487171509788 0.8680456058046406
0.4805891211913828 0.8680456058046406
0.4846295252317868 0.8680456058046406
0.4886699292721909 0.8680456058046406
0.49271033331259495 0.8680456058046406
0.49675073735299896 0.8680456058046406
0.500791141393403 0.8680456058046406
0.504831545433807 0.8680456058046406
0.5088719494742111 0.8680456058046406
0.5129123535146152 0.8680456058046406
0.5169527575550191 0.8680456058046406
0.4603871009893626 0.8720860098450447
0.46442750502976665 0.8720860098450447
0.46846790907017066 0.8720860098450447
0.47250831311057473 0.8720860098450447
0.4765487171509788 0.8720860098450447
0.4805891211913828 0.8720860098450447
0.4846295252317868 0.8720860098450447
0.4886699292721909 0.8720860098450447
0.49271033331259495 0.8720860098450447
0.49675073735299896 0.8720860098450447
0.500791141393403 0.8720860098450447
0.504831545433807 0.8720860098450447
0.5088719494742111 0.8720860098450447
0.4523062929085545 0.8761264138854487
0.4563466969489586 0.8761264138854487
0.4603871009893626 0.8761264138854487
0.46442750502976665 0.8761264138854487
0.46846790907017066 0.8761264138854487
0.47250831311057473 0.8761264138854487
0.4765487171509788 0.8761264138854487
0.4805891211913828 0.8761264138854487
0.4846295252317868 0.8761264138854487
0.4886699292721909 0.8761264138854487
0.49271033331259495 0.8761264138854487
0.49675073735299896 0.8761264138854487
0.500791141393403 0.8761264138854487
0.504831545433807 0.8761264138854487
0.44422548482774643 0.8801668179258527
0.44826588886815044 0.8801668179258527
0.4523062929085545 0.8801668179258527
0.4563466969489586 0.8801668179258527
0.4603871009893626 0.8801668179258527
0.46442750502976665 0.8801668179258527
0.46846790907017066 0.8801668179258527
0.47250831311057473 0.8801668179258527
0.4765487171509788 0.8801668179258527
0.4805891211913828 0.8801668179258527
0.4846295252317868 0.8801668179258527
0.4886699292721909 0.8801668179258527
0.49271033331259495 0.8801668179258527
0.49675073735299896 0.8801668179258527
0.43614467674693835 0.8842072219662568
0.4401850807873424 0.8842072219662568
0.44422548482774643 0.8842072219662568
0.44826588886815044 0.8842072219662568
0.4523062929085545 0.8842072219662568
0.4563466969489586 0.8842072219662568
0.4603871009893626 0.8842072219662568
0.46442750502976665 0.8842072219662568
0.46846790907017066 0.8842072219662568
0.47250831311057473 0.8842072219662568
0.4765487171509788 0.8842072219662568
0.4805891211913828 0.8842072219662568
0.4846295252317868 0.8842072219662568
0.4886699292721909 0.8842072219662568
0.4280638686661303 0.8882476260066607
0.4321042727065343 0.8882476260066607
0.43614467674693835 0.8882476260066607
0.4401850807873424 0.8882476260066607
0.44422548482774643 0.8882476260066607
0.44826588886815044 0.8882476260066607
0.4523062929085545 0.8882476260066607
0.4563466969489586 0.8882476260066607
0.4603871009893626 0.8882476260066607
0.46442750502976665 0.8882476260066607
0.46846790907017066 0.8882476260066607
0.47250831311057473 0.8882476260066607
0.4765487171509788 0.8882476260066607
0.4805891211913828 0.8882476260066607
0.4846295252317868 0.8882476260066607
0.4199830605853222 0.8922880300470648
0.42402346462572627 0.8922880300470648
0.4280638686661303 0.8922880300470648
0.4321042727065343 0.8922880300470648
0.43614467674693835 0.8922880300470648
0.4401850807873424 0.8922880300470648
0.44422548482774643 0.8922880300470648
0.44826588886815044 0.8922880300470648
0.4523062929085545 0.8922880300470648
0.4563466969489586 0.8922880300470648
0.4603871009893626 0.8922880300470648
0.46442750502976665 0.8922880300470648
0.46846790907017066 0.8922880300470648
0.47250831311057473 0.8922880300470648
0.4765487171509788 0.8922880300470648
0.4119022525045141 0.8963284340874689
0.41594265654491813 0.8963284340874689
0.4199830605853222 0.8963284340874689
0.42402346462572627 0.8963284340874689
0.4280638686661303 0.8963284340874689
0.4321042727065343 0.8963284340874689
0.43614467674693835 0.8963284340874689
0.4401850807873424 0.8963284340874689
0.44422548482774643 0.8963284340874689
0.44826588886815044 0.8963284340874689
0.4523062929085545 0.8963284340874689
0.4563466969489586 0.8963284340874689
0.4603871009893626 0.8963284340874689
0.46442750502976665 0.8963284340874689
0.46846790907017066 0.8963284340874689
0.40382144442370604 0.9003688381278729
0.40786184846411006 0.9003688381278729
0.4119022525045141 0.9003688381278729
0.41594265654491813 0.9003688381278729
0.4199830605853222 0.9003688381278729
0.42402346462572627 0.9003688381278729
0.4280638686661303 0.9003688381278729
0.4321042727065343 0.9003688381278729
0.43614467674693835 0.9003688381278729
0.4401850807873424 0.9003688381278729
0.44422548482774643 0.9003688381278729
0.44826588886815044 0.9003688381278729
0.4523062929085545 0.9003688381278729
0.4563466969489586 0.9003688381278729
0.4603871009893626 0.9003688381278729
0.39574063634289797 0.904409242168277
0.399781040383302 0.904409242168277
0.40382144442370604 0.904409242168277
0.40786184846411006 0.904409242168277
0.4119022525045141 0.904409242168277
0.41594265654491813 0.904409242168277
0.4199830605853222 0.904409242168277
0.42402346462572627 0.904409242168277
0.4280638686661303 0.904409242168277
0.4321042727065343 0.904409242168277
0.43614467674693835 0.904409242168277
0.4401850807873424 0.904409242168277
0.44422548482774643 0.904409242168277
0.44826588886815044 0.904409242168277
0.4523062929085545 0.904409242168277
0.3836194242216858 0.9084496462086811
0.3876598282620899 0.9084496462086811
0.3917002323024939 0.9084496462086811
0.39574063634289797 0.9084496462086811
0.399781040383302 0.9084496462086811
0.40382144442370604 0.9084496462086811
0.40786184846411006 0.9084496462086811
0.4119022525045141 0.9084496462086811
0.41594265654491813 0.9084496462086811
0.4199830605853222 0.9084496462086811
0.42402346462572627 0.9084496462086811
0.4280638686661303 0.9084496462086811
0.4321042727065343 0.9084496462086811
0.43614467674693835 0.9084496462086811
0.4401850807873424 0.9084496462086811
0.44422548482774643 0.9084496462086811
0.37553861614087775 0.912490050249085
0.37957902018128176 0.912490050249085
0.3836194242216858 0.912490050249085
0.3876598282620899 0.912490050249085
0.3917002323024939 0.912490050249085
0.39574063634289797 0.912490050249085
0.399781040383302 0.912490050249085
0.40382144442370604 0.912490050249085
0.40786184846411006 0.912490050249085
0.4119022525045141 0.912490050249085
0.41594265654491813 0.912490050249085
0.4199830605853222 0.912490050249085
0.42402346462572627 0.912490050249085
0.4280638686661303 0.912490050249085
0.4321042727065343 0.912490050249085
0.43614467674693835 0.912490050249085
0.36745780806006967 0.9165304542894891
0.37149821210047373 0.9165304542894891
0.37553861614087775 0.9165304542894891
0.37957902018128176 0.9165304542894891
0.3836194242216858 0.9165304542894891
0.3876598282620899 0.9165304542894891
0.3917002323024939 0.9165304542894891
0.39574063634289797 0.9165304542894891
0.399781040383302 0.9165304542894891
0.40382144442370604 0.9165304542894891
0.40786184846411006 0.9165304542894891
0.4119022525045141 0.9165304542894891
0.41594265654491813 0.9165304542894891
0.4199830605853222 0.9165304542894891
0.42402346462572627 0.9165304542894891
0.4280638686661303 0.9165304542894891
0.3553365959388576 0.920570858329893
0.3593769999792616 0.920570858329893
0.3634174040196656 0.920570858329893
0.36745780806006967 0.920570858329893
0.37149821210047373 0.920570858329893
0.37553861614087775 0.920570858329893
0.37957902018128176 0.920570858329893
0.3836194242216858 0.920570858329893
0.3876598282620899 0.920570858329893
0.3917002323024939 0.920570858329893
0.39574063634289797 0.920570858329893
0.399781040383302 0.920570858329893
0.40382144442370604 0.920570858329893
0.40786184846411006 0.920570858329893
0.4119022525045141 0.920570858329893
0.41594265654491813 0.920570858329893
0.34321538381764544 0.9246112623702971
0.34725578785804945 0.9246112623702971
0.3512961918984535 0.9246112623702971
0.3553365959388576 0.9246112623702971
0.3593769999792616 0.9246112623702971
0.3634174040196656 0.9246112623702971
0.36745780806006967 0.9246112623702971
0.37149821210047373 0.9246112623702971
0.37553861614087775 0.9246112623702971
0.37957902018128176 0.9246112623702971
0.3836194242216858 0.9246112623702971
0.3876598282620899 0.9246112623702971
0.3917002323024939 0.9246112623702971
0.39574063634289797 0.9246112623702971
0.399781040383302 0.9246112623702971
0.40382144442370604 0.9246112623702971
0.40786184846411006 0.9246112623702971
0.3310941716964333 0.9286516664107012
0.33513457573683736 0.9286516664107012
0.33917497977724137 0.9286516664107012
0.34321538381764544 0.9286516664107012
0.34725578785804945 0.9286516664107012
0.3512961918984535 0.9286516664107012
0.3553365959388576 0.9286516664107012
0.3593769999792616 0.9286516664107012
0.3634174040196656 0.9286516664107012
0.36745780806006967 0.9286516664107012
0.37149821210047373 0.9286516664107012
0.37553861614087775 0.9286516664107012
0.37957902018128176 0.9286516664107012
0.3836194242216858 0.9286516664107012
0.3876598282620899 0.9286516664107012
0.3917002323024939 0.9286516664107012
0.39574063634289797 0.9286516664107012
0.399781040383302 0.9286516664107012
0.40382144442370604 0.9286516664107012
0.3189729595752212 0.9326920704511052
0.3230133636156252 0.9326920704511052
0.3270537676560293 0.9326920704511052
0.3310941716964333 0.9326920704511052
0.33513457573683736 0.9326920704511052
0.33917497977724137 0.9326920704511052
0.34321538381764544 0.9326920704511052
0.34725578785804945 0.9326920704511052
0.3512961918984535 0.9326920704511052
0.3553365959388576 0.9326920704511052
0.3593769999792616 0.9326920704511052
0.3634174040196656 0.9326920704511052
0.36745780806006967 0.9326920704511052
0.37149821210047373 0.9326920704511052
0.37553861614087775 0.9326920704511052
0.37957902018128176 0.9326920704511052
0.3836194242216858 0.9326920704511052
0.3876598282620899 0.9326920704511052
0.3917002323024939 0.9326920704511052
0.31089215149441307 0.9367324744915093
0.31493255553481714 0.9367324744915093
0.3189729595752212 0.9367324744915093
0.3230133636156252 0.9367324744915093
0.3270537676560293 0.9367324744915093
0.3310941716964333 0.9367324744915093
0.33513457573683736 0.9367324744915093
0.33917497977724137 0.9367324744915093
0.34321538381764544 0.9367324744915093
0.34725578785804945 0.9367324744915093
0.3512961918984535 0.9367324744915093
0.3553365959388576 0.9367324744915093
0.3593769999792616 0.9367324744915093
0.3634174040196656 0.9367324744915093
0.36745780806006967 0.9367324744915093
0.37149821210047373 0.9367324744915093
0.37553861614087775 0.9367324744915093
0.37957902018128176 0.9367324744915093
0.3836194242216858 0.9367324744915093
0.298770939373201 0.9407728785319134
0.30281134341360505 0.9407728785319134
0.30685174745400906 0.9407728785319134
0.31089215149441307 0.9407728785319134
0.31493255553481714 0.9407728785319134
0.3189729595752212 0.9407728785319134
0.3230133636156252 0.9407728785319134
0.3270537676560293 0.9407728785319134
0.3310941716964333 0.9407728785319134
0.33513457573683736 0.9407728785319134
0.33917497977724137 0.9407728785319134
0.34321538381764544 0.9407728785319134
0.34725578785804945 0.9407728785319134
0.3512961918984535 0.9407728785319134
0.3553365959388576 0.9407728785319134
0.3593769999792616 0.9407728785319134
0.3634174040196656 0.9407728785319134
0.36745780806006967 0.9407728785319134
0.37149821210047373 0.9407728785319134
0.298770939373201 0.9448132825723174
0.30281134341360505 0.9448132825723174
0.30685174745400906 0.9448132825723174
0.31089215149441307 0.9448132825723174
0.31493255553481714 0.9448132825723174
0.3189729595752212 0.9448132825723174
0.3230133636156252 0.9448132825723174
0.3270537676560293 0.9448132825723174
0.3310941716964333 0.9448132825723174
0.33513457573683736 0.9448132825723174
0.33917497977724137 0.9448132825723174
0.34321538381764544 0.9448132825723174
0.34725578785804945 0.9448132825723174
0.3512961918984535 0.9448132825723174
0.3553365959388576 0.9448132825723174
0.3593769999792616 0.9448132825723174
0.3634174040196656 0.9448132825723174
0.298770939373201 0.9488536866127214
0.30281134341360505 0.9488536866127214
0.30685174745400906 0.9488536866127214
0.31089215149441307 0.9488536866127214
0.31493255553481714 0.9488536866127214
0.3189729595752212 0.9488536866127214
0.3230133636156252 0.9488536866127214
0.3270537676560293 0.9488536866127214
0.3310941716964333 0.9488536866127214
0.33513457573683736 0.9488536866127214
0.33917497977724137 0.9488536866127214
0.34321538381764544 0.9488536866127214
0.34725578785804945 0.9488536866127214
0.3512961918984535 0.9488536866127214
0.298770939373201 0.9528940906531255
0.30281134341360505 0.9528940906531255
0.30685174745400906 0.9528940906531255
0.31089215149441307 0.9528940906531255
0.31493255553481714 0.9528940906531255
0.3189729595752212 0.9528940906531255
0.3230133636156252 0.9528940906531255
0.3270537676560293 0.9528940906531255
0.3310941716964333 0.9528940906531255
0.33513457573683736 0.9528940906531255
0.33917497977724137 0.9528940906531255
0.34321538381764544 0.9528940906531255
0.298770939373201 0.9569344946935294
0.30281134341360505 0.9569344946935294
0.30685174745400906 0.9569344946935294
0.31089215149441307 0.9569344946935294
0.31493255553481714 0.9569344946935294
0.3189729595752212 0.9569344946935294
0.3230133636156252 0.9569344946935294
0.3270537676560293 0.9569344946935294
0.3310941716964333 0.9569344946935294
0.298770939373201 0.9609748987339335
0.30281134341360505 0.9609748987339335
0.30685174745400906 0.9609748987339335
0.31089215149441307 0.9609748987339335
0.31493255553481714 0.9609748987339335
0.298770939373201 0.9650153027743376
0.30281134341360505 0.9650153027743376
0.30685174745400906 0.9650153027743376
