# x y
0.6999099326980682 0.710469848228883
0.6958695286576642 0.7145102522692871
0.6999099326980682 0.7145102522692871
0.6918291246172602 0.7185506563096911
0.6958695286576642 0.7185506563096911
0.6999099326980682 0.7185506563096911
0.6877887205768561 0.7225910603500951
0.6918291246172602 0.7225910603500951
0.6958695286576642 0.7225910603500951
0.6837483165364521 0.7266314643904992
0.6877887205768561 0.7266314643904992
0.6918291246172602 0.7266314643904992
0.6797079124960481 0.7306718684309033
0.6837483165364521 0.7306718684309033
0.6877887205768561 0.7306718684309033
0.675667508455644 0.7347122724713073
0.6797079124960481 0.7347122724713073
0.6837483165364521 0.7347122724713073
0.67162710441524 0.7387526765117113
0.675667508455644 0.7387526765117113
0.6675867003748359 0.7427930805521153
0.67162710441524 0.7427930805521153
0.6595058922940278 0.7468334845925194
0.6635462963344319 0.7468334845925194
0.6675867003748359 0.7468334845925194
0.6554654882536238 0.7508738886329235
0.6595058922940278 0.7508738886329235
0.6635462963344319 0.7508738886329235
0.6514250842132198 0.7549142926733274
0.6554654882536238 0.7549142926733274
0.6595058922940278 0.7549142926733274
0.6473846801728158 0.7589546967137315
0.6514250842132198 0.7589546967137315
0.6554654882536238 0.7589546967137315
0.6433442761324117 0.7629951007541356
0.6473846801728158 0.7629951007541356
0.6514250842132198 0.7629951007541356
0.6393038720920077 0.7670355047945396
0.6433442761324117 0.7670355047945396
0.6312230640111995 0.7710759088349436
0.6352634680516036 0.7710759088349436
0.6393038720920077 0.7710759088349436
0.6271826599707955 0.7751163128753477
0.6312230640111995 0.7751163128753477
0.6352634680516036 0.7751163128753477
0.6231422559303914 0.7791567169157517
0.6271826599707955 0.7791567169157517
0.6312230640111995 0.7791567169157517
0.6191018518899875 0.7831971209561558
0.6231422559303914 0.7831971209561558
0.6271826599707955 0.7831971209561558
0.6110210438091794 0.7872375249965597
0.6150614478495834 0.7872375249965597
0.6191018518899875 0.7872375249965597
0.6069806397687754 0.7912779290369638
0.6110210438091794 0.7912779290369638
0.6150614478495834 0.7912779290369638
0.6029402357283713 0.7953183330773679
0.6069806397687754 0.7953183330773679
0.6110210438091794 0.7953183330773679
0.5948594276475632 0.799358737117772
0.5988998316879672 0.799358737117772
0.6029402357283713 0.799358737117772
0.6069806397687754 0.799358737117772
0.5908190236071591 0.803399141158176
0.5948594276475632 0.803399141158176
0.5988998316879672 0.803399141158176
0.5867786195667551 0.80743954519858
0.5908190236071591 0.80743954519858
0.5948594276475632 0.80743954519858
0.5786978114859471 0.811479949238984
0.5827382155263511 0.811479949238984
0.5867786195667551 0.811479949238984
0.5746574074455431 0.8155203532793881
0.5786978114859471 0.8155203532793881
0.5827382155263511 0.8155203532793881
0.5665765993647349 0.819560757319792
0.570617003405139 0.819560757319792
0.5746574074455431 0.819560757319792
0.5786978114859471 0.819560757319792
0.5625361953243309 0.8236011613601961
0.5665765993647349 0.8236011613601961
0.570617003405139 0.8236011613601961
0.5544553872435227 0.8276415654006002
0.5584957912839268 0.8276415654006002
0.5625361953243309 0.8276415654006002
0.5665765993647349 0.8276415654006002
0.5504149832031188 0.8316819694410043
0.5544553872435227 0.8316819694410043
0.5584957912839268 0.8316819694410043
0.5423341751223107 0.8357223734814083
0.5463745791627147 0.8357223734814083
0.5504149832031188 0.8357223734814083
0.5544553872435227 0.8357223734814083
0.5382937710819067 0.8397627775218124
0.5423341751223107 0.8397627775218124
0.5463745791627147 0.8397627775218124
0.5302129630010985 0.8438031815622163
0.5342533670415026 0.8438031815622163
0.5382937710819067 0.8438031815622163
0.5423341751223107 0.8438031815622163
0.5261725589606945 0.8478435856026204
0.5302129630010985 0.8478435856026204
0.5342533670415026 0.8478435856026204
0.5180917508798865 0.8518839896430245
0.5221321549202904 0.8518839896430245
0.5261725589606945 0.8518839896430245
0.5302129630010985 0.8518839896430245
0.5100109427990783 0.8559243936834284
0.5140513468394824 0.8559243936834284
0.5180917508798865 0.8559243936834284
0.5221321549202904 0.8559243936834284
0.5059705387586744 0.8599647977238325
0.5100109427990783 0.8599647977238325
0.5140513468394824 0.8599647977238325
0.49788973067786624 0.8640052017642366
0.5019301347182703 0.8640052017642366
0.5059705387586744 0.8640052017642366
0.5100109427990783 0.8640052017642366
0.48980892259705816 0.8680456058046406
0.49384932663746217 0.8680456058046406
0.49788973067786624 0.8680456058046406
0.5019301347182703 0.8680456058046406
0.4817281145162501 0.8720860098450447
0.48576851855665415 0.8720860098450447
0.48980892259705816 0.8720860098450447
0.49384932663746217 0.8720860098450447
0.477687710475846 0.8761264138854487
0.4817281145162501 0.8761264138854487
0.48576851855665415 0.8761264138854487
0.48980892259705816 0.8761264138854487
0.469606902395038 0.8801668179258527
0.473647306435442 0.8801668179258527
0.477687710475846 0.8801668179258527
0.4817281145162501 0.8801668179258527
0.46152609431422986 0.8842072219662568
0.46556649835463393 0.8842072219662568
0.469606902395038 0.8842072219662568
0.473647306435442 0.8842072219662568
0.4534452862334218 0.8882476260066607
0.4574856902738258 0.8882476260066607
0.46152609431422986 0.8882476260066607
0.46556649835463393 0.8882476260066607
0.4453644781526137 0.8922880300470648
0.4494048821930178 0.8922880300470648
0.4534452862334218 0.8922880300470648
0.4574856902738258 0.8922880300470648
0.43728367007180563 0.8963284340874689
0.44132407411220964 0.8963284340874689
0.4453644781526137 0.8963284340874689
0.4494048821930178 0.8963284340874689
0.42920286199099755 0.9003688381278729
0.4332432660314016 0.9003688381278729
0.43728367007180563 0.9003688381278729
0.44132407411220964 0.9003688381278729
0.4211220539101895 0.904409242168277
0.4251624579505935 0.904409242168277
0.42920286199099755 0.904409242168277
0.4332432660314016 0.904409242168277
0.40900084178897733 0.9084496462086811
0.4130412458293814 0.9084496462086811
0.41708164986978546 0.9084496462086811
0.4211220539101895 0.9084496462086811
0.4251624579505935 0.9084496462086811
0.40092003370816925 0.912490050249085
0.4049604377485733 0.912490050249085
0.40900084178897733 0.912490050249085
0.4130412458293814 0.912490050249085
0.41708164986978546 0.912490050249085
0.3928392256273612 0.9165304542894891
0.39687962966776524 0.9165304542894891
0.40092003370816925 0.9165304542894891
0.4049604377485733 0.9165304542894891
0.40900084178897733 0.9165304542894891
0.3807180135061491 0.920570858329893
0.3847584175465531 0.920570858329893
0.38879882158695717 0.920570858329893
0.3928392256273612 0.920570858329893
0.39687962966776524 0.920570858329893
0.37263720542534096 0.9246112623702971
0.376677609465745 0.9246112623702971
0.3807180135061491 0.9246112623702971
0.3847584175465531 0.9246112623702971
0.38879882158695717 0.9246112623702971
0.36051599330412887 0.9286516664107012
0.36455639734453293 0.9286516664107012
0.36859680138493695 0.9286516664107012
0.37263720542534096 0.9286516664107012
0.376677609465745 0.9286516664107012
0.3807180135061491 0.9286516664107012
0.3524351852233208 0.9326920704511052
0.3564755892637248 0.9326920704511052
0.36051599330412887 0.9326920704511052
0.36455639734453293 0.9326920704511052
0.36859680138493695 0.9326920704511052
0.34031397310210865 0.9367324744915093
0.3443543771425127 0.9367324744915093
0.3483947811829168 0.9367324744915093
0.3524351852233208 0.9367324744915093
0.3564755892637248 0.9367324744915093
0.36051599330412887 0.9367324744915093
0.32819276098089656 0.9407728785319134
0.33223316502130057 0.9407728785319134
0.33627356906170464 0.9407728785319134
0.34031397310210865 0.9407728785319134
0.3443543771425127 0.9407728785319134
0.3483947811829168 0.9407728785319134
0.3160715488596844 0.9448132825723174
0.3201119529000884 0.9448132825723174
0.3241523569404925 0.9448132825723174
0.32819276098089656 0.9448132825723174
0.33223316502130057 0.9448132825723174
0.33627356906170464 0.9448132825723174
0.30395033673847227 0.9488536866127214
0.30799074077887634 0.9488536866127214
0.3120311448192804 0.9488536866127214
0.3160715488596844 0.9488536866127214
0.3201119529000884 0.9488536866127214
0.3241523569404925 0.9488536866127214
0.29990993269806826 0.9528940906531255
0.30395033673847227 0.9528940906531255
0.30799074077887634 0.9528940906531255
0.3120311448192804 0.9528940906531255
0.29990993269806826 0.9569344946935294
