# x y
0.6999835453175379 0.7145102522692871
0.6959431412771339 0.7185506563096911
0.6919027372367299 0.7225910603500951
0.6878623331963258 0.7266314643904992
0.6838219291559218 0.7306718684309033
0.6797815251155177 0.7347122724713073
0.6717007170347096 0.7387526765117113
0.6757411210751136 0.7387526765117113
0.6676603129943055 0.7427930805521153
0.6717007170347096 0.7427930805521153
0.6636199089539015 0.7468334845925194
0.6595795049134975 0.7508738886329235
0.6555391008730935 0.7549142926733274
0.6514986968326895 0.7589546967137315
0.6474582927922854 0.7629951007541356
0.6393774847114773 0.7670355047945396
0.6434178887518813 0.7670355047945396
0.6353370806710732 0.7710759088349436
0.6393774847114773 0.7710759088349436
0.6312966766306692 0.7751163128753477
0.6272562725902652 0.7791567169157517
0.6191754645094572 0.7831971209561558
0.6232158685498611 0.7831971209561558
0.6151350604690531 0.7872375249965597
0.6191754645094572 0.7872375249965597
0.611094656428649 0.7912779290369638
0.607054252388245 0.7953183330773679
0.5989734443074368 0.799358737117772
0.6030138483478409 0.799358737117772
0.5949330402670329 0.803399141158176
0.5908926362266288 0.80743954519858
0.5828118281458208 0.811479949238984
0.5868522321862248 0.811479949238984
0.5787714241054167 0.8155203532793881
0.5706906160246086 0.819560757319792
0.5747310200650126 0.819560757319792
0.5666502119842045 0.8236011613601961
0.5585694039033965 0.8276415654006002
0.5626098079438006 0.8276415654006002
0.5545289998629924 0.8316819694410043
0.5464481917821844 0.8357223734814083
0.5504885958225885 0.8357223734814083
0.5424077877417803 0.8397627775218124
0.5343269796609722 0.8438031815622163
0.5383673837013763 0.8438031815622163
0.5302865756205682 0.8478435856026204
0.5222057675397601 0.8518839896430245
0.5262461715801642 0.8518839896430245
0.5141249594589521 0.8559243936834284
0.518165363499356 0.8559243936834284
0.510084555418548 0.8599647977238325
0.5020037473377399 0.8640052017642366
0.506044151378144 0.8640052017642366
0.49392293925693187 0.8680456058046406
0.4979633432973359 0.8680456058046406
0.4898825352165278 0.8720860098450447
0.4818017271357197 0.8761264138854487
0.47372091905491165 0.8801668179258527
0.4777613230953157 0.8801668179258527
0.46564011097410357 0.8842072219662568
0.4696805150145076 0.8842072219662568
0.4575593028932955 0.8882476260066607
0.4615997069336995 0.8882476260066607
0.44947849481248736 0.8922880300470648
0.45351889885289143 0.8922880300470648
0.44139768673167934 0.8963284340874689
0.44543809077208335 0.8963284340874689
0.4333168786508712 0.9003688381278729
0.4373572826912753 0.9003688381278729
0.4252360705700632 0.904409242168277
0.4292764746104672 0.904409242168277
0.41715526248925505 0.9084496462086811
0.4211956665296591 0.9084496462086811
0.40503405036804296 0.912490050249085
0.409074454408447 0.912490050249085
0.41311485844885104 0.912490050249085
0.3969532422872349 0.9165304542894891
0.4009936463276389 0.9165304542894891
0.3888724342064268 0.920570858329893
0.3929128382468308 0.920570858329893
0.37675122208521467 0.9246112623702971
0.3807916261256187 0.9246112623702971
0.38483203016602274 0.9246112623702971
0.3686704140044066 0.9286516664107012
0.37271081804481065 0.9286516664107012
0.3565492018831945 0.9326920704511052
0.3605896059235985 0.9326920704511052
0.3646300099640025 0.9326920704511052
0.34846839380238637 0.9367324744915093
0.35250879784279043 0.9367324744915093
0.3363471816811743 0.9407728785319134
0.3403875857215783 0.9407728785319134
0.32422596955996213 0.9448132825723174
0.3282663736003662 0.9448132825723174
0.3323067776407702 0.9448132825723174
0.31210475743875 0.9488536866127214
0.31614516147915406 0.9488536866127214
0.3201855655195581 0.9488536866127214
0.2999835453175379 0.9528940906531255
0.30402394935794197 0.9528940906531255
0.308064353398346 0.9528940906531255
