# x y
0.6635779971131638 0.7629951007541356
0.6554971890323558 0.7670355047945396
0.6312547647899315 0.7872375249965597
0.6352951688303354 0.7872375249965597
0.5746891082242749 0.8316819694410043
0.5302446637798305 0.8761264138854487
0.4736790072141739 0.8922880300470648
0.4655981991333658 0.8963284340874689
0.4736790072141739 0.9084496462086811
0.4251941587293254 0.9165304542894891
0.4171133506485173 0.9246112623702971
0.38883052236568905 0.9326920704511052
0.3807497142848809 0.9407728785319134
0.36054769408286075 0.9488536866127214
0.33226486580003245 0.9528940906531255
0.3363052698404365 0.9569344946935294
0.32822446175962844 0.9609748987339335
0.36458809812326476 0.9609748987339335
