# x y
0.6393725808596535 0.7791567169157517
0.6595746010616736 0.7791567169157517
0.6272513687384413 0.7872375249965597
0.5989685404556131 0.8155203532793881
0.5464432879303606 0.8478435856026204
0.5222008636879363 0.8680456058046406
0.5302816717687444 0.8761264138854487
0.5019988434859161 0.8801668179258527
0.4333119747990474 0.9084496462086811
0.40098874247581506 0.9246112623702971
0.37674631823339083 0.9367324744915093
0.392907934395007 0.9488536866127214
0.3161402576273302 0.9650153027743376
0.30401904550611814 0.9690557068147416
