# x y
0.6999786414657141 0.7145102522692871
0.69593823742531 0.7185506563096911
0.691897833384906 0.7225910603500951
0.6878574293445019 0.7266314643904992
0.6838170253040978 0.7306718684309033
0.6757362172232898 0.7347122724713073
0.6797766212636939 0.7347122724713073
0.6716958131828858 0.7387526765117113
0.6757362172232898 0.7387526765117113
0.6676554091424818 0.7427930805521153
0.6716958131828858 0.7427930805521153
0.6636150051020777 0.7468334845925194
0.6676554091424818 0.7468334845925194
0.6595746010616736 0.7508738886329235
0.6555341970212696 0.7549142926733274
0.6514937929808655 0.7589546967137315
0.6474533889404616 0.7629951007541356
0.6393725808596535 0.7670355047945396
0.6434129849000575 0.7670355047945396
0.6353321768192495 0.7710759088349436
0.6393725808596535 0.7710759088349436
0.6312917727788454 0.7751163128753477
0.6272513687384413 0.7791567169157517
0.6191705606576332 0.7831971209561558
0.6232109646980373 0.7831971209561558
0.6151301566172291 0.7872375249965597
0.6191705606576332 0.7872375249965597
0.6110897525768252 0.7912779290369638
0.6070493485364211 0.7953183330773679
0.5989685404556131 0.799358737117772
0.6030089444960172 0.799358737117772
0.594928136415209 0.803399141158176
0.5868473283344009 0.80743954519858
0.590887732374805 0.80743954519858
0.5828069242939968 0.811479949238984
0.5868473283344009 0.811479949238984
0.5787665202535929 0.8155203532793881
0.5706857121727849 0.819560757319792
0.5747261162131888 0.819560757319792
0.5666453081323808 0.8236011613601961
0.5585645000515727 0.8276415654006002
0.5626049040919767 0.8276415654006002
0.5545240960111686 0.8316819694410043
0.5585645000515727 0.8316819694410043
0.5464432879303606 0.8357223734814083
0.5504836919707645 0.8357223734814083
0.5424028838899565 0.8397627775218124
0.5464432879303606 0.8397627775218124
0.5343220758091485 0.8438031815622163
0.5383624798495524 0.8438031815622163
0.5302816717687444 0.8478435856026204
0.5222008636879363 0.8518839896430245
0.5262412677283403 0.8518839896430245
0.5141200556071281 0.8559243936834284
0.5181604596475322 0.8559243936834284
0.5100796515667242 0.8599647977238325
0.5019988434859161 0.8640052017642366
0.5060392475263201 0.8640052017642366
0.49391803540510804 0.8680456058046406
0.49795843944551205 0.8680456058046406
0.4858372273242999 0.8720860098450447
0.48987763136470397 0.8720860098450447
0.4817968232838959 0.8761264138854487
0.4858372273242999 0.8761264138854487
0.4737160152030878 0.8801668179258527
0.4777564192434919 0.8801668179258527
0.46563520712227974 0.8842072219662568
0.46967561116268375 0.8842072219662568
0.45755439904147166 0.8882476260066607
0.46159480308187567 0.8882476260066607
0.4494735909606635 0.8922880300470648
0.4535139950010676 0.8922880300470648
0.4413927828798555 0.8963284340874689
0.4454331869202595 0.8963284340874689
0.4333119747990474 0.9003688381278729
0.43735237883945144 0.9003688381278729
0.42523116671823935 0.904409242168277
0.42927157075864336 0.904409242168277
0.4171503586374312 0.9084496462086811
0.4211907626778353 0.9084496462086811
0.40502914651621913 0.912490050249085
0.40906955055662314 0.912490050249085
0.4131099545970272 0.912490050249085
0.39694833843541105 0.9165304542894891
0.40098874247581506 0.9165304542894891
0.388867530354603 0.920570858329893
0.392907934395007 0.920570858329893
0.37674631823339083 0.9246112623702971
0.38078672227379484 0.9246112623702971
0.3848271263141989 0.9246112623702971
0.36866551015258275 0.9286516664107012
0.3727059141929868 0.9286516664107012
0.35654429803137067 0.9326920704511052
0.3605847020717747 0.9326920704511052
0.3646251061121787 0.9326920704511052
0.34846348995056253 0.9367324744915093
0.3525038939909666 0.9367324744915093
0.33634227782935044 0.9407728785319134
0.34038268186975446 0.9407728785319134
0.3444230859101585 0.9407728785319134
0.3242210657081383 0.9448132825723174
0.32826146974854237 0.9448132825723174
0.3323018737889464 0.9448132825723174
0.31209985358692616 0.9488536866127214
0.3161402576273302 0.9488536866127214
0.3201806616677343 0.9488536866127214
0.29997864146571407 0.9528940906531255
0.30401904550611814 0.9528940906531255
0.30805944954652215 0.9528940906531255
