# x y
0.6999897164958974 0.7145102522692871
0.6959493124554933 0.7185506563096911
0.6919089084150893 0.7225910603500951
0.6878685043746853 0.7266314643904992
0.6838281003342812 0.7306718684309033
0.6797876962938771 0.7347122724713073
0.6757472922534731 0.7387526765117113
0.6676664841726649 0.7427930805521153
0.671706888213069 0.7427930805521153
0.663626080132261 0.7468334845925194
0.6595856760918569 0.7508738886329235
0.655545272051453 0.7549142926733274
0.6515048680110489 0.7589546967137315
0.6474644639706448 0.7629951007541356
0.6434240599302408 0.7670355047945396
0.6353432518494326 0.7710759088349436
0.6313028478090287 0.7751163128753477
0.6272624437686246 0.7791567169157517
0.6232220397282205 0.7831971209561558
0.6151412316474125 0.7872375249965597
0.6111008276070085 0.7912779290369638
0.6070604235666044 0.7953183330773679
0.5989796154857963 0.799358737117772
0.6030200195262003 0.799358737117772
0.5949392114453923 0.803399141158176
0.5908988074049882 0.80743954519858
0.5828179993241802 0.811479949238984
0.5868584033645843 0.811479949238984
0.5787775952837761 0.8155203532793881
0.570696787202968 0.819560757319792
0.5747371912433721 0.819560757319792
0.566656383162564 0.8236011613601961
0.56261597912216 0.8276415654006002
0.5545351710413519 0.8316819694410043
0.5504947670009479 0.8357223734814083
0.5424139589201398 0.8397627775218124
0.5343331508393316 0.8438031815622163
0.5383735548797357 0.8438031815622163
0.5302927467989277 0.8478435856026204
0.5222119387181196 0.8518839896430245
0.5262523427585236 0.8518839896430245
0.5181715346777155 0.8559243936834284
0.5100907265969075 0.8599647977238325
0.5020099185160993 0.8640052017642366
0.5060503225565034 0.8640052017642366
0.4939291104352913 0.8680456058046406
0.4979695144756953 0.8680456058046406
0.48988870639488724 0.8720860098450447
0.48180789831407916 0.8761264138854487
0.4737270902332711 0.8801668179258527
0.47776749427367515 0.8801668179258527
0.465646282152463 0.8842072219662568
0.469686686192867 0.8842072219662568
0.45756547407165493 0.8882476260066607
0.46160587811205894 0.8882476260066607
0.4494846659908468 0.8922880300470648
0.45352507003125087 0.8922880300470648
0.4414038579100388 0.8963284340874689
0.4454442619504428 0.8963284340874689
0.43332304982923064 0.9003688381278729
0.4373634538696347 0.9003688381278729
0.4252422417484226 0.904409242168277
0.42928264578882663 0.904409242168277
0.4171614336676145 0.9084496462086811
0.42120183770801856 0.9084496462086811
0.4090806255868064 0.912490050249085
0.3969594134655943 0.9165304542894891
0.40099981750599833 0.9165304542894891
0.38887860538478625 0.920570858329893
0.39291900942519026 0.920570858329893
0.3807977973039781 0.9246112623702971
0.3848382013443822 0.9246112623702971
0.368676585182766 0.9286516664107012
0.3727169892231701 0.9286516664107012
0.36059577710195795 0.9326920704511052
0.36463618114236196 0.9326920704511052
0.3484745649807458 0.9367324744915093
0.35251496902114987 0.9367324744915093
0.3363533528595337 0.9407728785319134
0.3403937568999377 0.9407728785319134
0.3242321407383216 0.9448132825723174
0.32827254477872564 0.9448132825723174
0.33231294881912965 0.9448132825723174
0.31211092861710943 0.9488536866127214
0.3161513326575135 0.9488536866127214
0.32019173669791756 0.9488536866127214
0.29998971649589734 0.9528940906531255
0.3040301205363014 0.9528940906531255
0.3080705245767054 0.9528940906531255
