# x y
0.6676570438595932 0.7549142926733274
0.651495427697977 0.7670355047945396
0.647455023657573 0.7710759088349436
0.639374215576765 0.7791567169157517
0.6595762357787851 0.7791567169157517
0.5989701751727246 0.8155203532793881
0.6151317913343406 0.8155203532793881
0.5585661347686841 0.8397627775218124
0.546444922647472 0.8478435856026204
0.5222024984050477 0.8680456058046406
0.5302833064858559 0.8761264138854487
0.5020004782030275 0.8801668179258527
0.5100812862838356 0.8882476260066607
0.449475225677775 0.9003688381278729
0.44139441759696696 0.904409242168277
0.4252328014353508 0.912490050249085
0.4009903771929265 0.9246112623702971
0.4050307812333306 0.9246112623702971
0.3686671448696942 0.9367324744915093
0.39290956911211844 0.9488536866127214
0.3161418923444417 0.9650153027743376
0.3040206802232296 0.9690557068147416
