# x y
0.6999307081473676 0.710469848228883
0.6958903041069635 0.7145102522692871
0.6999307081473676 0.7145102522692871
0.6918499000665594 0.7185506563096911
0.6958903041069635 0.7185506563096911
0.6999307081473676 0.7185506563096911
0.6878094960261554 0.7225910603500951
0.6918499000665594 0.7225910603500951
0.6837690919857513 0.7266314643904992
0.6878094960261554 0.7266314643904992
0.6797286879453472 0.7306718684309033
0.6837690919857513 0.7306718684309033
0.6756882839049432 0.7347122724713073
0.6797286879453472 0.7347122724713073
0.6716478798645392 0.7387526765117113
0.6756882839049432 0.7387526765117113
0.6676074758241352 0.7427930805521153
0.6716478798645392 0.7427930805521153
0.6635670717837312 0.7468334845925194
0.6676074758241352 0.7468334845925194
0.6554862637029231 0.7508738886329235
0.6595266677433271 0.7508738886329235
0.6635670717837312 0.7508738886329235
0.651445859662519 0.7549142926733274
0.6554862637029231 0.7549142926733274
0.6595266677433271 0.7549142926733274
0.6474054556221149 0.7589546967137315
0.651445859662519 0.7589546967137315
0.6554862637029231 0.7589546967137315
0.6433650515817109 0.7629951007541356
0.6474054556221149 0.7629951007541356
0.6393246475413069 0.7670355047945396
0.6433650515817109 0.7670355047945396
0.6352842435009028 0.7710759088349436
0.6393246475413069 0.7710759088349436
0.6272034354200948 0.7751163128753477
0.6312438394604989 0.7751163128753477
0.6352842435009028 0.7751163128753477
0.6231630313796908 0.7791567169157517
0.6272034354200948 0.7791567169157517
0.6312438394604989 0.7791567169157517
0.6191226273392867 0.7831971209561558
0.6231630313796908 0.7831971209561558
0.6150822232988826 0.7872375249965597
0.6191226273392867 0.7872375249965597
0.6070014152180745 0.7912779290369638
0.6110418192584786 0.7912779290369638
0.6150822232988826 0.7912779290369638
0.6029610111776705 0.7953183330773679
0.6070014152180745 0.7953183330773679
0.6110418192584786 0.7953183330773679
0.5989206071372665 0.799358737117772
0.6029610111776705 0.799358737117772
0.5908397990564584 0.803399141158176
0.5948802030968625 0.803399141158176
0.5989206071372665 0.803399141158176
0.5867993950160544 0.80743954519858
0.5908397990564584 0.80743954519858
0.5948802030968625 0.80743954519858
0.5787185869352462 0.811479949238984
0.5827589909756503 0.811479949238984
0.5867993950160544 0.811479949238984
0.5746781828948422 0.8155203532793881
0.5787185869352462 0.8155203532793881
0.5827589909756503 0.8155203532793881
0.5706377788544382 0.819560757319792
0.5746781828948422 0.819560757319792
0.5787185869352462 0.819560757319792
0.5625569707736302 0.8236011613601961
0.5665973748140342 0.8236011613601961
0.5706377788544382 0.8236011613601961
0.5585165667332261 0.8276415654006002
0.5625569707736302 0.8276415654006002
0.5665973748140342 0.8276415654006002
0.550435758652418 0.8316819694410043
0.5544761626928221 0.8316819694410043
0.5585165667332261 0.8316819694410043
0.5463953546120139 0.8357223734814083
0.550435758652418 0.8357223734814083
0.5544761626928221 0.8357223734814083
0.5383145465312059 0.8397627775218124
0.5423549505716099 0.8397627775218124
0.5463953546120139 0.8397627775218124
0.5302337384503978 0.8438031815622163
0.5342741424908019 0.8438031815622163
0.5383145465312059 0.8438031815622163
0.5423549505716099 0.8438031815622163
0.5261933344099938 0.8478435856026204
0.5302337384503978 0.8478435856026204
0.5342741424908019 0.8478435856026204
0.5181125263291857 0.8518839896430245
0.5221529303695898 0.8518839896430245
0.5261933344099938 0.8518839896430245
0.5140721222887816 0.8559243936834284
0.5181125263291857 0.8559243936834284
0.5221529303695898 0.8559243936834284
0.5059913142079735 0.8599647977238325
0.5100317182483776 0.8599647977238325
0.5140721222887816 0.8599647977238325
0.4979105061271655 0.8640052017642366
0.5019509101675695 0.8640052017642366
0.5059913142079735 0.8640052017642366
0.5100317182483776 0.8640052017642366
0.4898296980463574 0.8680456058046406
0.4938701020867614 0.8680456058046406
0.4979105061271655 0.8680456058046406
0.5019509101675695 0.8680456058046406
0.4857892940059534 0.8720860098450447
0.4898296980463574 0.8720860098450447
0.4938701020867614 0.8720860098450447
0.47770848592514525 0.8761264138854487
0.4817488899655493 0.8761264138854487
0.4857892940059534 0.8761264138854487
0.46962767784433723 0.8801668179258527
0.47366808188474124 0.8801668179258527
0.47770848592514525 0.8801668179258527
0.4615468697635291 0.8842072219662568
0.46558727380393317 0.8842072219662568
0.46962767784433723 0.8842072219662568
0.47366808188474124 0.8842072219662568
0.453466061682721 0.8882476260066607
0.45750646572312503 0.8882476260066607
0.4615468697635291 0.8882476260066607
0.46558727380393317 0.8882476260066607
0.44538525360191294 0.8922880300470648
0.449425657642317 0.8922880300470648
0.453466061682721 0.8922880300470648
0.45750646572312503 0.8922880300470648
0.43730444552110487 0.8963284340874689
0.4413448495615089 0.8963284340874689
0.44538525360191294 0.8963284340874689
0.449425657642317 0.8963284340874689
0.4292236374402968 0.9003688381278729
0.43326404148070086 0.9003688381278729
0.43730444552110487 0.9003688381278729
0.4413448495615089 0.9003688381278729
0.4211428293594887 0.904409242168277
0.4251832333998927 0.904409242168277
0.4292236374402968 0.904409242168277
0.43326404148070086 0.904409242168277
0.41306202127868064 0.9084496462086811
0.4171024253190847 0.9084496462086811
0.4211428293594887 0.9084496462086811
0.4251832333998927 0.9084496462086811
0.4009408091574685 0.912490050249085
0.40498121319787256 0.912490050249085
0.40902161723827657 0.912490050249085
0.41306202127868064 0.912490050249085
0.4171024253190847 0.912490050249085
0.3928600010766604 0.9165304542894891
0.3969004051170645 0.9165304542894891
0.4009408091574685 0.9165304542894891
0.40498121319787256 0.9165304542894891
0.38477919299585234 0.920570858329893
0.3888195970362564 0.920570858329893
0.3928600010766604 0.920570858329893
0.3969004051170645 0.920570858329893
0.3726579808746402 0.9246112623702971
0.37669838491504426 0.9246112623702971
0.3807387889554483 0.9246112623702971
0.38477919299585234 0.9246112623702971
0.3888195970362564 0.9246112623702971
0.36457717279383217 0.9286516664107012
0.3686175768342362 0.9286516664107012
0.3726579808746402 0.9286516664107012
0.37669838491504426 0.9286516664107012
0.35245596067262003 0.9326920704511052
0.35649636471302404 0.9326920704511052
0.3605367687534281 0.9326920704511052
0.36457717279383217 0.9326920704511052
0.3686175768342362 0.9326920704511052
0.3403347485514079 0.9367324744915093
0.34437515259181195 0.9367324744915093
0.348415556632216 0.9367324744915093
0.35245596067262003 0.9367324744915093
0.35649636471302404 0.9367324744915093
0.3322539404705998 0.9407728785319134
0.3362943445110039 0.9407728785319134
0.3403347485514079 0.9407728785319134
0.34437515259181195 0.9407728785319134
0.348415556632216 0.9407728785319134
0.32013272834938766 0.9448132825723174
0.32417313238979173 0.9448132825723174
0.3282135364301958 0.9448132825723174
0.3322539404705998 0.9448132825723174
0.3362943445110039 0.9448132825723174
0.3080115162281756 0.9488536866127214
0.31205192026857964 0.9488536866127214
0.31609232430898365 0.9488536866127214
0.32013272834938766 0.9488536866127214
0.32417313238979173 0.9488536866127214
0.2999307081473675 0.9528940906531255
0.3039711121877715 0.9528940906531255
0.3080115162281756 0.9528940906531255
0.31205192026857964 0.9528940906531255
0.2999307081473675 0.9569344946935294
