# x y
0.6963491919641023 0.698348636107671
0.680187575802486 0.702389040148075
0.6923087879236982 0.702389040148075
0.6963491919641023 0.702389040148075
0.6882683838832941 0.706429444188479
0.6923087879236982 0.706429444188479
0.6963491919641023 0.706429444188479
0.6761471717620819 0.710469848228883
0.6842279798428901 0.710469848228883
0.6882683838832941 0.710469848228883
0.6923087879236982 0.710469848228883
0.6963491919641023 0.710469848228883
0.680187575802486 0.7145102522692871
0.6842279798428901 0.7145102522692871
0.6882683838832941 0.7145102522692871
0.6923087879236982 0.7145102522692871
0.6963491919641023 0.7145102522692871
0.6761471717620819 0.7185506563096911
0.680187575802486 0.7185506563096911
0.6842279798428901 0.7185506563096911
0.6882683838832941 0.7185506563096911
0.6923087879236982 0.7185506563096911
0.6963491919641023 0.7185506563096911
0.6721067677216779 0.7225910603500951
0.6761471717620819 0.7225910603500951
0.680187575802486 0.7225910603500951
0.6842279798428901 0.7225910603500951
0.6882683838832941 0.7225910603500951
0.6923087879236982 0.7225910603500951
0.6963491919641023 0.7225910603500951
0.6680663636812739 0.7266314643904992
0.6721067677216779 0.7266314643904992
0.6761471717620819 0.7266314643904992
0.680187575802486 0.7266314643904992
0.6842279798428901 0.7266314643904992
0.6882683838832941 0.7266314643904992
0.6923087879236982 0.7266314643904992
0.6963491919641023 0.7266314643904992
0.6599855556004659 0.7306718684309033
0.6640259596408699 0.7306718684309033
0.6680663636812739 0.7306718684309033
0.6721067677216779 0.7306718684309033
0.6761471717620819 0.7306718684309033
0.680187575802486 0.7306718684309033
0.6842279798428901 0.7306718684309033
0.6882683838832941 0.7306718684309033
0.6923087879236982 0.7306718684309033
0.6963491919641023 0.7306718684309033
0.6438239394388496 0.7347122724713073
0.6519047475196578 0.7347122724713073
0.6559451515600618 0.7347122724713073
0.6599855556004659 0.7347122724713073
0.6640259596408699 0.7347122724713073
0.6680663636812739 0.7347122724713073
0.6721067677216779 0.7347122724713073
0.6761471717620819 0.7347122724713073
0.680187575802486 0.7347122724713073
0.6842279798428901 0.7347122724713073
0.6882683838832941 0.7347122724713073
0.6923087879236982 0.7347122724713073
0.6357431313580416 0.7387526765117113
0.6438239394388496 0.7387526765117113
0.6478643434792537 0.7387526765117113
0.6519047475196578 0.7387526765117113
0.6559451515600618 0.7387526765117113
0.6599855556004659 0.7387526765117113
0.6640259596408699 0.7387526765117113
0.6680663636812739 0.7387526765117113
0.6721067677216779 0.7387526765117113
0.6761471717620819 0.7387526765117113
0.680187575802486 0.7387526765117113
0.6842279798428901 0.7387526765117113
0.6882683838832941 0.7387526765117113
0.6478643434792537 0.7427930805521153
0.6519047475196578 0.7427930805521153
0.6559451515600618 0.7427930805521153
0.6599855556004659 0.7427930805521153
0.6640259596408699 0.7427930805521153
0.6680663636812739 0.7427930805521153
0.6721067677216779 0.7427930805521153
0.6761471717620819 0.7427930805521153
0.680187575802486 0.7427930805521153
0.6842279798428901 0.7427930805521153
0.6357431313580416 0.7468334845925194
0.6438239394388496 0.7468334845925194
0.6478643434792537 0.7468334845925194
0.6519047475196578 0.7468334845925194
0.6559451515600618 0.7468334845925194
0.6599855556004659 0.7468334845925194
0.6640259596408699 0.7468334845925194
0.6680663636812739 0.7468334845925194
0.6721067677216779 0.7468334845925194
0.6761471717620819 0.7468334845925194
0.680187575802486 0.7468334845925194
0.6397835353984456 0.7508738886329235
0.6438239394388496 0.7508738886329235
0.6478643434792537 0.7508738886329235
0.6519047475196578 0.7508738886329235
0.6559451515600618 0.7508738886329235
0.6599855556004659 0.7508738886329235
0.6640259596408699 0.7508738886329235
0.6680663636812739 0.7508738886329235
0.6721067677216779 0.7508738886329235
0.6155411111560214 0.7549142926733274
0.6236219192368295 0.7549142926733274
0.6276623232772336 0.7549142926733274
0.6317027273176375 0.7549142926733274
0.6357431313580416 0.7549142926733274
0.6397835353984456 0.7549142926733274
0.6438239394388496 0.7549142926733274
0.6478643434792537 0.7549142926733274
0.6519047475196578 0.7549142926733274
0.6559451515600618 0.7549142926733274
0.6599855556004659 0.7549142926733274
0.6640259596408699 0.7549142926733274
0.6680663636812739 0.7549142926733274
0.6276623232772336 0.7589546967137315
0.6317027273176375 0.7589546967137315
0.6357431313580416 0.7589546967137315
0.6397835353984456 0.7589546967137315
0.6438239394388496 0.7589546967137315
0.6478643434792537 0.7589546967137315
0.6519047475196578 0.7589546967137315
0.6559451515600618 0.7589546967137315
0.6599855556004659 0.7589546967137315
0.6640259596408699 0.7589546967137315
0.6155411111560214 0.7629951007541356
0.6236219192368295 0.7629951007541356
0.6276623232772336 0.7629951007541356
0.6317027273176375 0.7629951007541356
0.6357431313580416 0.7629951007541356
0.6397835353984456 0.7629951007541356
0.6438239394388496 0.7629951007541356
0.6478643434792537 0.7629951007541356
0.6519047475196578 0.7629951007541356
0.6559451515600618 0.7629951007541356
0.6599855556004659 0.7629951007541356
0.6074603030752133 0.7670355047945396
0.6155411111560214 0.7670355047945396
0.6195815151964255 0.7670355047945396
0.6236219192368295 0.7670355047945396
0.6276623232772336 0.7670355047945396
0.6317027273176375 0.7670355047945396
0.6357431313580416 0.7670355047945396
0.6397835353984456 0.7670355047945396
0.6438239394388496 0.7670355047945396
0.6478643434792537 0.7670355047945396
0.6519047475196578 0.7670355047945396
0.6559451515600618 0.7670355047945396
0.6115007071156173 0.7710759088349436
0.6155411111560214 0.7710759088349436
0.6195815151964255 0.7710759088349436
0.6236219192368295 0.7710759088349436
0.6276623232772336 0.7710759088349436
0.6317027273176375 0.7710759088349436
0.6357431313580416 0.7710759088349436
0.6397835353984456 0.7710759088349436
0.6438239394388496 0.7710759088349436
0.6478643434792537 0.7710759088349436
0.6519047475196578 0.7710759088349436
0.5912986869135972 0.7751163128753477
0.5993794949944052 0.7751163128753477
0.6074603030752133 0.7751163128753477
0.6115007071156173 0.7751163128753477
0.6155411111560214 0.7751163128753477
0.6195815151964255 0.7751163128753477
0.6236219192368295 0.7751163128753477
0.6276623232772336 0.7751163128753477
0.6317027273176375 0.7751163128753477
0.6357431313580416 0.7751163128753477
0.6397835353984456 0.7751163128753477
0.6438239394388496 0.7751163128753477
0.6478643434792537 0.7751163128753477
0.6034198990348092 0.7791567169157517
0.6074603030752133 0.7791567169157517
0.6115007071156173 0.7791567169157517
0.6155411111560214 0.7791567169157517
0.6195815151964255 0.7791567169157517
0.6236219192368295 0.7791567169157517
0.6276623232772336 0.7791567169157517
0.6317027273176375 0.7791567169157517
0.6357431313580416 0.7791567169157517
0.6397835353984456 0.7791567169157517
0.6438239394388496 0.7791567169157517
0.6478643434792537 0.7791567169157517
0.5872582828731931 0.7831971209561558
0.5953390909540012 0.7831971209561558
0.5993794949944052 0.7831971209561558
0.6034198990348092 0.7831971209561558
0.6074603030752133 0.7831971209561558
0.6115007071156173 0.7831971209561558
0.6155411111560214 0.7831971209561558
0.6195815151964255 0.7831971209561558
0.6236219192368295 0.7831971209561558
0.6276623232772336 0.7831971209561558
0.6317027273176375 0.7831971209561558
0.6357431313580416 0.7831971209561558
0.5912986869135972 0.7872375249965597
0.5953390909540012 0.7872375249965597
0.5993794949944052 0.7872375249965597
0.6034198990348092 0.7872375249965597
0.6074603030752133 0.7872375249965597
0.6115007071156173 0.7872375249965597
0.6155411111560214 0.7872375249965597
0.6195815151964255 0.7872375249965597
0.6236219192368295 0.7872375249965597
0.6276623232772336 0.7872375249965597
0.6317027273176375 0.7872375249965597
0.5710966667115769 0.7912779290369638
0.5832178788327891 0.7912779290369638
0.5872582828731931 0.7912779290369638
0.5912986869135972 0.7912779290369638
0.5953390909540012 0.7912779290369638
0.5993794949944052 0.7912779290369638
0.6034198990348092 0.7912779290369638
0.6074603030752133 0.7912779290369638
0.6115007071156173 0.7912779290369638
0.6155411111560214 0.7912779290369638
0.6195815151964255 0.7912779290369638
0.6236219192368295 0.7912779290369638
0.6276623232772336 0.7912779290369638
0.5710966667115769 0.7953183330773679
0.579177474792385 0.7953183330773679
0.5832178788327891 0.7953183330773679
0.5872582828731931 0.7953183330773679
0.5912986869135972 0.7953183330773679
0.5953390909540012 0.7953183330773679
0.5993794949944052 0.7953183330773679
0.6034198990348092 0.7953183330773679
0.6074603030752133 0.7953183330773679
0.6115007071156173 0.7953183330773679
0.6155411111560214 0.7953183330773679
0.6195815151964255 0.7953183330773679
0.6236219192368295 0.7953183330773679
0.575137070751981 0.799358737117772
0.579177474792385 0.799358737117772
0.5832178788327891 0.799358737117772
0.5872582828731931 0.799358737117772
0.5912986869135972 0.799358737117772
0.5953390909540012 0.799358737117772
0.5993794949944052 0.799358737117772
0.6034198990348092 0.799358737117772
0.6074603030752133 0.799358737117772
0.6115007071156173 0.799358737117772
0.6155411111560214 0.799358737117772
0.6195815151964255 0.799358737117772
0.6236219192368295 0.799358737117772
0.5670562626711729 0.803399141158176
0.5710966667115769 0.803399141158176
0.575137070751981 0.803399141158176
0.579177474792385 0.803399141158176
0.5832178788327891 0.803399141158176
0.5872582828731931 0.803399141158176
0.5912986869135972 0.803399141158176
0.5953390909540012 0.803399141158176
0.5993794949944052 0.803399141158176
0.6034198990348092 0.803399141158176
0.6074603030752133 0.803399141158176
0.6115007071156173 0.803399141158176
0.5630158586307689 0.80743954519858
0.5670562626711729 0.80743954519858
0.5710966667115769 0.80743954519858
0.575137070751981 0.80743954519858
0.579177474792385 0.80743954519858
0.5832178788327891 0.80743954519858
0.5872582828731931 0.80743954519858
0.5912986869135972 0.80743954519858
0.5953390909540012 0.80743954519858
0.5993794949944052 0.80743954519858
0.6034198990348092 0.80743954519858
0.6074603030752133 0.80743954519858
0.5549350505499608 0.811479949238984
0.5589754545903649 0.811479949238984
0.5630158586307689 0.811479949238984
0.5670562626711729 0.811479949238984
0.5710966667115769 0.811479949238984
0.575137070751981 0.811479949238984
0.579177474792385 0.811479949238984
0.5832178788327891 0.811479949238984
0.5872582828731931 0.811479949238984
0.5912986869135972 0.811479949238984
0.5953390909540012 0.811479949238984
0.5993794949944052 0.811479949238984
0.6034198990348092 0.811479949238984
0.5508946465095568 0.8155203532793881
0.5549350505499608 0.8155203532793881
0.5589754545903649 0.8155203532793881
0.5630158586307689 0.8155203532793881
0.5670562626711729 0.8155203532793881
0.5710966667115769 0.8155203532793881
0.575137070751981 0.8155203532793881
0.579177474792385 0.8155203532793881
0.5832178788327891 0.8155203532793881
0.5872582828731931 0.8155203532793881
0.5912986869135972 0.8155203532793881
0.5953390909540012 0.8155203532793881
0.5428138384287486 0.819560757319792
0.5468542424691527 0.819560757319792
0.5508946465095568 0.819560757319792
0.5549350505499608 0.819560757319792
0.5589754545903649 0.819560757319792
0.5630158586307689 0.819560757319792
0.5670562626711729 0.819560757319792
0.5710966667115769 0.819560757319792
0.575137070751981 0.819560757319792
0.579177474792385 0.819560757319792
0.5832178788327891 0.819560757319792
0.5872582828731931 0.819560757319792
0.5912986869135972 0.819560757319792
0.5387734343883446 0.8236011613601961
0.5428138384287486 0.8236011613601961
0.5468542424691527 0.8236011613601961
0.5508946465095568 0.8236011613601961
0.5549350505499608 0.8236011613601961
0.5589754545903649 0.8236011613601961
0.5630158586307689 0.8236011613601961
0.5670562626711729 0.8236011613601961
0.5710966667115769 0.8236011613601961
0.575137070751981 0.8236011613601961
0.579177474792385 0.8236011613601961
0.5832178788327891 0.8236011613601961
0.5872582828731931 0.8236011613601961
0.5226118182267285 0.8276415654006002
0.5306926263075366 0.8276415654006002
0.5347330303479406 0.8276415654006002
0.5387734343883446 0.8276415654006002
0.5428138384287486 0.8276415654006002
0.5468542424691527 0.8276415654006002
0.5508946465095568 0.8276415654006002
0.5549350505499608 0.8276415654006002
0.5589754545903649 0.8276415654006002
0.5630158586307689 0.8276415654006002
0.5670562626711729 0.8276415654006002
0.5710966667115769 0.8276415654006002
0.575137070751981 0.8276415654006002
0.579177474792385 0.8276415654006002
0.5832178788327891 0.8276415654006002
0.5145310101459204 0.8316819694410043
0.5226118182267285 0.8316819694410043
0.5266522222671325 0.8316819694410043
0.5306926263075366 0.8316819694410043
0.5347330303479406 0.8316819694410043
0.5387734343883446 0.8316819694410043
0.5428138384287486 0.8316819694410043
0.5468542424691527 0.8316819694410043
0.5508946465095568 0.8316819694410043
0.5549350505499608 0.8316819694410043
0.5589754545903649 0.8316819694410043
0.5630158586307689 0.8316819694410043
0.5670562626711729 0.8316819694410043
0.5710966667115769 0.8316819694410043
0.575137070751981 0.8316819694410043
0.5185714141863245 0.8357223734814083
0.5226118182267285 0.8357223734814083
0.5266522222671325 0.8357223734814083
0.5306926263075366 0.8357223734814083
0.5347330303479406 0.8357223734814083
0.5387734343883446 0.8357223734814083
0.5428138384287486 0.8357223734814083
0.5468542424691527 0.8357223734814083
0.5508946465095568 0.8357223734814083
0.5549350505499608 0.8357223734814083
0.5589754545903649 0.8357223734814083
0.5630158586307689 0.8357223734814083
0.5670562626711729 0.8357223734814083
0.5710966667115769 0.8357223734814083
0.5024097980247082 0.8397627775218124
0.5104906061055163 0.8397627775218124
0.5145310101459204 0.8397627775218124
0.5185714141863245 0.8397627775218124
0.5226118182267285 0.8397627775218124
0.5266522222671325 0.8397627775218124
0.5306926263075366 0.8397627775218124
0.5347330303479406 0.8397627775218124
0.5387734343883446 0.8397627775218124
0.5428138384287486 0.8397627775218124
0.5468542424691527 0.8397627775218124
0.5508946465095568 0.8397627775218124
0.5549350505499608 0.8397627775218124
0.5589754545903649 0.8397627775218124
0.5630158586307689 0.8397627775218124
0.5024097980247082 0.8438031815622163
0.5064502020651123 0.8438031815622163
0.5104906061055163 0.8438031815622163
0.5145310101459204 0.8438031815622163
0.5185714141863245 0.8438031815622163
0.5226118182267285 0.8438031815622163
0.5266522222671325 0.8438031815622163
0.5306926263075366 0.8438031815622163
0.5347330303479406 0.8438031815622163
0.5387734343883446 0.8438031815622163
0.5428138384287486 0.8438031815622163
0.5468542424691527 0.8438031815622163
0.5508946465095568 0.8438031815622163
0.5549350505499608 0.8438031815622163
0.5589754545903649 0.8438031815622163
0.49836939398430424 0.8478435856026204
0.5024097980247082 0.8478435856026204
0.5064502020651123 0.8478435856026204
0.5104906061055163 0.8478435856026204
0.5145310101459204 0.8478435856026204
0.5185714141863245 0.8478435856026204
0.5226118182267285 0.8478435856026204
0.5266522222671325 0.8478435856026204
0.5306926263075366 0.8478435856026204
0.5347330303479406 0.8478435856026204
0.5387734343883446 0.8478435856026204
0.5428138384287486 0.8478435856026204
0.5468542424691527 0.8478435856026204
0.5508946465095568 0.8478435856026204
0.4902885859034961 0.8518839896430245
0.4943289899439002 0.8518839896430245
0.49836939398430424 0.8518839896430245
0.5024097980247082 0.8518839896430245
0.5064502020651123 0.8518839896430245
0.5104906061055163 0.8518839896430245
0.5145310101459204 0.8518839896430245
0.5185714141863245 0.8518839896430245
0.5226118182267285 0.8518839896430245
0.5266522222671325 0.8518839896430245
0.5306926263075366 0.8518839896430245
0.5347330303479406 0.8518839896430245
0.5387734343883446 0.8518839896430245
0.5428138384287486 0.8518839896430245
0.5468542424691527 0.8518839896430245
0.4822077778226881 0.8559243936834284
0.4862481818630921 0.8559243936834284
0.4902885859034961 0.8559243936834284
0.4943289899439002 0.8559243936834284
0.49836939398430424 0.8559243936834284
0.5024097980247082 0.8559243936834284
0.5064502020651123 0.8559243936834284
0.5104906061055163 0.8559243936834284
0.5145310101459204 0.8559243936834284
0.5185714141863245 0.8559243936834284
0.5226118182267285 0.8559243936834284
0.5266522222671325 0.8559243936834284
0.5306926263075366 0.8559243936834284
0.5347330303479406 0.8559243936834284
0.5387734343883446 0.8559243936834284
0.47412696974187996 0.8599647977238325
0.478167373782284 0.8599647977238325
0.4822077778226881 0.8599647977238325
0.4862481818630921 0.8599647977238325
0.4902885859034961 0.8599647977238325
0.4943289899439002 0.8599647977238325
0.49836939398430424 0.8599647977238325
0.5024097980247082 0.8599647977238325
0.5064502020651123 0.8599647977238325
0.5104906061055163 0.8599647977238325
0.5145310101459204 0.8599647977238325
0.5185714141863245 0.8599647977238325
0.5226118182267285 0.8599647977238325
0.5266522222671325 0.8599647977238325
0.5306926263075366 0.8599647977238325
0.5347330303479406 0.8599647977238325
0.46604616166107193 0.8640052017642366
0.47008656570147594 0.8640052017642366
0.47412696974187996 0.8640052017642366
0.478167373782284 0.8640052017642366
0.4822077778226881 0.8640052017642366
0.4862481818630921 0.8640052017642366
0.4902885859034961 0.8640052017642366
0.4943289899439002 0.8640052017642366
0.49836939398430424 0.8640052017642366
0.5024097980247082 0.8640052017642366
0.5064502020651123 0.8640052017642366
0.5104906061055163 0.8640052017642366
0.5145310101459204 0.8640052017642366
0.5185714141863245 0.8640052017642366
0.5226118182267285 0.8640052017642366
0.5266522222671325 0.8640052017642366
0.4579653535802638 0.8680456058046406
0.46200575762066787 0.8680456058046406
0.46604616166107193 0.8680456058046406
0.47008656570147594 0.8680456058046406
0.47412696974187996 0.8680456058046406
0.478167373782284 0.8680456058046406
0.4822077778226881 0.8680456058046406
0.4862481818630921 0.8680456058046406
0.4902885859034961 0.8680456058046406
0.4943289899439002 0.8680456058046406
0.49836939398430424 0.8680456058046406
0.5024097980247082 0.8680456058046406
0.5064502020651123 0.8680456058046406
0.5104906061055163 0.8680456058046406
0.5145310101459204 0.8680456058046406
0.5185714141863245 0.8680456058046406
0.45392494953985973 0.8720860098450447
0.4579653535802638 0.8720860098450447
0.46200575762066787 0.8720860098450447
0.46604616166107193 0.8720860098450447
0.47008656570147594 0.8720860098450447
0.47412696974187996 0.8720860098450447
0.478167373782284 0.8720860098450447
0.4822077778226881 0.8720860098450447
0.4862481818630921 0.8720860098450447
0.4902885859034961 0.8720860098450447
0.4943289899439002 0.8720860098450447
0.49836939398430424 0.8720860098450447
0.5024097980247082 0.8720860098450447
0.5064502020651123 0.8720860098450447
0.5104906061055163 0.8720860098450447
0.5145310101459204 0.8720860098450447
0.4458441414590517 0.8761264138854487
0.4498845454994557 0.8761264138854487
0.45392494953985973 0.8761264138854487
0.4579653535802638 0.8761264138854487
0.46200575762066787 0.8761264138854487
0.46604616166107193 0.8761264138854487
0.47008656570147594 0.8761264138854487
0.47412696974187996 0.8761264138854487
0.478167373782284 0.8761264138854487
0.4822077778226881 0.8761264138854487
0.4862481818630921 0.8761264138854487
0.4902885859034961 0.8761264138854487
0.4943289899439002 0.8761264138854487
0.49836939398430424 0.8761264138854487
0.5024097980247082 0.8761264138854487
0.5064502020651123 0.8761264138854487
0.5104906061055163 0.8761264138854487
0.4377633333782436 0.8801668179258527
0.44180373741864765 0.8801668179258527
0.4458441414590517 0.8801668179258527
0.4498845454994557 0.8801668179258527
0.45392494953985973 0.8801668179258527
0.4579653535802638 0.8801668179258527
0.46200575762066787 0.8801668179258527
0.46604616166107193 0.8801668179258527
0.47008656570147594 0.8801668179258527
0.47412696974187996 0.8801668179258527
0.478167373782284 0.8801668179258527
0.4822077778226881 0.8801668179258527
0.4862481818630921 0.8801668179258527
0.4902885859034961 0.8801668179258527
0.4943289899439002 0.8801668179258527
0.49836939398430424 0.8801668179258527
0.5024097980247082 0.8801668179258527
0.4256421212570315 0.8842072219662568
0.42968252529743556 0.8842072219662568
0.43372292933783957 0.8842072219662568
0.4377633333782436 0.8842072219662568
0.44180373741864765 0.8842072219662568
0.4458441414590517 0.8842072219662568
0.4498845454994557 0.8842072219662568
0.45392494953985973 0.8842072219662568
0.4579653535802638 0.8842072219662568
0.46200575762066787 0.8842072219662568
0.46604616166107193 0.8842072219662568
0.47008656570147594 0.8842072219662568
0.47412696974187996 0.8842072219662568
0.478167373782284 0.8842072219662568
0.4822077778226881 0.8842072219662568
0.4862481818630921 0.8842072219662568
0.4902885859034961 0.8842072219662568
0.4943289899439002 0.8842072219662568
0.40948050509541534 0.8882476260066607
0.4175613131762234 0.8882476260066607
0.4216017172166274 0.8882476260066607
0.4256421212570315 0.8882476260066607
0.42968252529743556 0.8882476260066607
0.43372292933783957 0.8882476260066607
0.4377633333782436 0.8882476260066607
0.44180373741864765 0.8882476260066607
0.4458441414590517 0.8882476260066607
0.4498845454994557 0.8882476260066607
0.45392494953985973 0.8882476260066607
0.4579653535802638 0.8882476260066607
0.46200575762066787 0.8882476260066607
0.46604616166107193 0.8882476260066607
0.47008656570147594 0.8882476260066607
0.47412696974187996 0.8882476260066607
0.478167373782284 0.8882476260066607
0.4822077778226881 0.8882476260066607
0.4862481818630921 0.8882476260066607
0.40948050509541534 0.8922880300470648
0.4135209091358194 0.8922880300470648
0.4175613131762234 0.8922880300470648
0.4216017172166274 0.8922880300470648
0.4256421212570315 0.8922880300470648
0.42968252529743556 0.8922880300470648
0.43372292933783957 0.8922880300470648
0.4377633333782436 0.8922880300470648
0.44180373741864765 0.8922880300470648
0.4458441414590517 0.8922880300470648
0.4498845454994557 0.8922880300470648
0.45392494953985973 0.8922880300470648
0.4579653535802638 0.8922880300470648
0.46200575762066787 0.8922880300470648
0.46604616166107193 0.8922880300470648
0.47008656570147594 0.8922880300470648
0.47412696974187996 0.8922880300470648
0.478167373782284 0.8922880300470648
0.38119767681258704 0.8963284340874689
0.40544010105501127 0.8963284340874689
0.40948050509541534 0.8963284340874689
0.4135209091358194 0.8963284340874689
0.4175613131762234 0.8963284340874689
0.4216017172166274 0.8963284340874689
0.4256421212570315 0.8963284340874689
0.42968252529743556 0.8963284340874689
0.43372292933783957 0.8963284340874689
0.4377633333782436 0.8963284340874689
0.44180373741864765 0.8963284340874689
0.4458441414590517 0.8963284340874689
0.4498845454994557 0.8963284340874689
0.45392494953985973 0.8963284340874689
0.4579653535802638 0.8963284340874689
0.46200575762066787 0.8963284340874689
0.46604616166107193 0.8963284340874689
0.47008656570147594 0.8963284340874689
0.478167373782284 0.8963284340874689
0.3933188889337992 0.9003688381278729
0.3973592929742032 0.9003688381278729
0.40139969701460726 0.9003688381278729
0.40544010105501127 0.9003688381278729
0.40948050509541534 0.9003688381278729
0.4135209091358194 0.9003688381278729
0.4175613131762234 0.9003688381278729
0.4216017172166274 0.9003688381278729
0.4256421212570315 0.9003688381278729
0.42968252529743556 0.9003688381278729
0.43372292933783957 0.9003688381278729
0.4377633333782436 0.9003688381278729
0.44180373741864765 0.9003688381278729
0.4458441414590517 0.9003688381278729
0.4498845454994557 0.9003688381278729
0.45392494953985973 0.9003688381278729
0.4579653535802638 0.9003688381278729
0.46200575762066787 0.9003688381278729
0.3852380808529911 0.904409242168277
0.3892784848933951 0.904409242168277
0.3933188889337992 0.904409242168277
0.3973592929742032 0.904409242168277
0.40139969701460726 0.904409242168277
0.40544010105501127 0.904409242168277
0.40948050509541534 0.904409242168277
0.4135209091358194 0.904409242168277
0.4175613131762234 0.904409242168277
0.4216017172166274 0.904409242168277
0.4256421212570315 0.904409242168277
0.42968252529743556 0.904409242168277
0.43372292933783957 0.904409242168277
0.4377633333782436 0.904409242168277
0.44180373741864765 0.904409242168277
0.4458441414590517 0.904409242168277
0.4498845454994557 0.904409242168277
0.45392494953985973 0.904409242168277
0.377157272772183 0.9084496462086811
0.38119767681258704 0.9084496462086811
0.3852380808529911 0.9084496462086811
0.3892784848933951 0.9084496462086811
0.3933188889337992 0.9084496462086811
0.3973592929742032 0.9084496462086811
0.40139969701460726 0.9084496462086811
0.40544010105501127 0.9084496462086811
0.40948050509541534 0.9084496462086811
0.4135209091358194 0.9084496462086811
0.4175613131762234 0.9084496462086811
0.4216017172166274 0.9084496462086811
0.4256421212570315 0.9084496462086811
0.42968252529743556 0.9084496462086811
0.43372292933783957 0.9084496462086811
0.4377633333782436 0.9084496462086811
0.44180373741864765 0.9084496462086811
0.4458441414590517 0.9084496462086811
0.35291484852975874 0.912490050249085
0.3609956566105669 0.912490050249085
0.3690764646913749 0.912490050249085
0.37311686873177896 0.912490050249085
0.377157272772183 0.912490050249085
0.38119767681258704 0.912490050249085
0.3852380808529911 0.912490050249085
0.3892784848933951 0.912490050249085
0.3933188889337992 0.912490050249085
0.3973592929742032 0.912490050249085
0.40139969701460726 0.912490050249085
0.40544010105501127 0.912490050249085
0.40948050509541534 0.912490050249085
0.4135209091358194 0.912490050249085
0.4175613131762234 0.912490050249085
0.4216017172166274 0.912490050249085
0.4256421212570315 0.912490050249085
0.42968252529743556 0.912490050249085
0.43372292933783957 0.912490050249085
0.4377633333782436 0.912490050249085
0.3569552525701628 0.9165304542894891
0.3609956566105669 0.9165304542894891
0.3650360606509709 0.9165304542894891
0.3690764646913749 0.9165304542894891
0.37311686873177896 0.9165304542894891
0.377157272772183 0.9165304542894891
0.38119767681258704 0.9165304542894891
0.3852380808529911 0.9165304542894891
0.3892784848933951 0.9165304542894891
0.3933188889337992 0.9165304542894891
0.3973592929742032 0.9165304542894891
0.40139969701460726 0.9165304542894891
0.40544010105501127 0.9165304542894891
0.40948050509541534 0.9165304542894891
0.4135209091358194 0.9165304542894891
0.4175613131762234 0.9165304542894891
0.4216017172166274 0.9165304542894891
0.4256421212570315 0.9165304542894891
0.42968252529743556 0.9165304542894891
0.34079363640854665 0.920570858329893
0.34887444448935473 0.920570858329893
0.35291484852975874 0.920570858329893
0.3569552525701628 0.920570858329893
0.3609956566105669 0.920570858329893
0.3650360606509709 0.920570858329893
0.3690764646913749 0.920570858329893
0.37311686873177896 0.920570858329893
0.377157272772183 0.920570858329893
0.38119767681258704 0.920570858329893
0.3852380808529911 0.920570858329893
0.3892784848933951 0.920570858329893
0.3933188889337992 0.920570858329893
0.3973592929742032 0.920570858329893
0.40139969701460726 0.920570858329893
0.40544010105501127 0.920570858329893
0.40948050509541534 0.920570858329893
0.4135209091358194 0.920570858329893
0.4175613131762234 0.920570858329893
0.4216017172166274 0.920570858329893
0.3367532323681426 0.9246112623702971
0.34079363640854665 0.9246112623702971
0.3448340404489507 0.9246112623702971
0.34887444448935473 0.9246112623702971
0.35291484852975874 0.9246112623702971
0.3569552525701628 0.9246112623702971
0.3609956566105669 0.9246112623702971
0.3650360606509709 0.9246112623702971
0.3690764646913749 0.9246112623702971
0.37311686873177896 0.9246112623702971
0.377157272772183 0.9246112623702971
0.38119767681258704 0.9246112623702971
0.3852380808529911 0.9246112623702971
0.3892784848933951 0.9246112623702971
0.3933188889337992 0.9246112623702971
0.3973592929742032 0.9246112623702971
0.40139969701460726 0.9246112623702971
0.40544010105501127 0.9246112623702971
0.40948050509541534 0.9246112623702971
0.4135209091358194 0.9246112623702971
0.4175613131762234 0.9246112623702971
0.3286724242873345 0.9286516664107012
0.3327128283277386 0.9286516664107012
0.3367532323681426 0.9286516664107012
0.34079363640854665 0.9286516664107012
0.3448340404489507 0.9286516664107012
0.34887444448935473 0.9286516664107012
0.35291484852975874 0.9286516664107012
0.3569552525701628 0.9286516664107012
0.3609956566105669 0.9286516664107012
0.3650360606509709 0.9286516664107012
0.3690764646913749 0.9286516664107012
0.37311686873177896 0.9286516664107012
0.377157272772183 0.9286516664107012
0.38119767681258704 0.9286516664107012
0.3852380808529911 0.9286516664107012
0.3892784848933951 0.9286516664107012
0.3933188889337992 0.9286516664107012
0.3973592929742032 0.9286516664107012
0.40139969701460726 0.9286516664107012
0.40544010105501127 0.9286516664107012
0.31655121216612236 0.9326920704511052
0.32059161620652643 0.9326920704511052
0.3246320202469305 0.9326920704511052
0.3286724242873345 0.9326920704511052
0.3327128283277386 0.9326920704511052
0.3367532323681426 0.9326920704511052
0.34079363640854665 0.9326920704511052
0.3448340404489507 0.9326920704511052
0.34887444448935473 0.9326920704511052
0.35291484852975874 0.9326920704511052
0.3569552525701628 0.9326920704511052
0.3609956566105669 0.9326920704511052
0.3650360606509709 0.9326920704511052
0.3690764646913749 0.9326920704511052
0.37311686873177896 0.9326920704511052
0.377157272772183 0.9326920704511052
0.38119767681258704 0.9326920704511052
0.3852380808529911 0.9326920704511052
0.3892784848933951 0.9326920704511052
0.3933188889337992 0.9326920704511052
0.3973592929742032 0.9326920704511052
0.3044300000449103 0.9367324744915093
0.30847040408531434 0.9367324744915093
0.31251080812571835 0.9367324744915093
0.31655121216612236 0.9367324744915093
0.32059161620652643 0.9367324744915093
0.3246320202469305 0.9367324744915093
0.3286724242873345 0.9367324744915093
0.3327128283277386 0.9367324744915093
0.3367532323681426 0.9367324744915093
0.34079363640854665 0.9367324744915093
0.3448340404489507 0.9367324744915093
0.34887444448935473 0.9367324744915093
0.35291484852975874 0.9367324744915093
0.3569552525701628 0.9367324744915093
0.3609956566105669 0.9367324744915093
0.3650360606509709 0.9367324744915093
0.3690764646913749 0.9367324744915093
0.37311686873177896 0.9367324744915093
0.377157272772183 0.9367324744915093
0.38119767681258704 0.9367324744915093
0.3852380808529911 0.9367324744915093
0.2963491919641022 0.9407728785319134
0.3003895960045062 0.9407728785319134
0.3044300000449103 0.9407728785319134
0.30847040408531434 0.9407728785319134
0.31251080812571835 0.9407728785319134
0.31655121216612236 0.9407728785319134
0.32059161620652643 0.9407728785319134
0.3246320202469305 0.9407728785319134
0.3286724242873345 0.9407728785319134
0.3327128283277386 0.9407728785319134
0.3367532323681426 0.9407728785319134
0.34079363640854665 0.9407728785319134
0.3448340404489507 0.9407728785319134
0.34887444448935473 0.9407728785319134
0.35291484852975874 0.9407728785319134
0.3569552525701628 0.9407728785319134
0.3609956566105669 0.9407728785319134
0.3650360606509709 0.9407728785319134
0.3690764646913749 0.9407728785319134
0.37311686873177896 0.9407728785319134
0.377157272772183 0.9407728785319134
0.2963491919641022 0.9448132825723174
0.3003895960045062 0.9448132825723174
0.3044300000449103 0.9448132825723174
0.30847040408531434 0.9448132825723174
0.31251080812571835 0.9448132825723174
0.31655121216612236 0.9448132825723174
0.32059161620652643 0.9448132825723174
0.3246320202469305 0.9448132825723174
0.3286724242873345 0.9448132825723174
0.3327128283277386 0.9448132825723174
0.3367532323681426 0.9448132825723174
0.34079363640854665 0.9448132825723174
0.3448340404489507 0.9448132825723174
0.34887444448935473 0.9448132825723174
0.35291484852975874 0.9448132825723174
0.3569552525701628 0.9448132825723174
0.3609956566105669 0.9448132825723174
0.3650360606509709 0.9448132825723174
0.377157272772183 0.9448132825723174
0.2963491919641022 0.9488536866127214
0.3003895960045062 0.9488536866127214
0.3044300000449103 0.9488536866127214
0.30847040408531434 0.9488536866127214
0.31251080812571835 0.9488536866127214
0.31655121216612236 0.9488536866127214
0.32059161620652643 0.9488536866127214
0.3246320202469305 0.9488536866127214
0.3286724242873345 0.9488536866127214
0.3327128283277386 0.9488536866127214
0.3367532323681426 0.9488536866127214
0.34079363640854665 0.9488536866127214
0.3448340404489507 0.9488536866127214
0.34887444448935473 0.9488536866127214
0.35291484852975874 0.9488536866127214
0.3569552525701628 0.9488536866127214
0.2963491919641022 0.9528940906531255
0.3003895960045062 0.9528940906531255
0.3044300000449103 0.9528940906531255
0.30847040408531434 0.9528940906531255
0.31251080812571835 0.9528940906531255
0.31655121216612236 0.9528940906531255
0.32059161620652643 0.9528940906531255
0.3246320202469305 0.9528940906531255
0.3286724242873345 0.9528940906531255
0.3327128283277386 0.9528940906531255
0.3367532323681426 0.9528940906531255
0.34079363640854665 0.9528940906531255
0.3448340404489507 0.9528940906531255
0.35291484852975874 0.9528940906531255
0.3569552525701628 0.9528940906531255
0.2963491919641022 0.9569344946935294
0.3003895960045062 0.9569344946935294
0.3044300000449103 0.9569344946935294
0.30847040408531434 0.9569344946935294
0.31251080812571835 0.9569344946935294
0.31655121216612236 0.9569344946935294
0.32059161620652643 0.9569344946935294
0.3246320202469305 0.9569344946935294
0.3286724242873345 0.9569344946935294
0.3327128283277386 0.9569344946935294
0.3367532323681426 0.9569344946935294
0.2963491919641022 0.9609748987339335
0.3003895960045062 0.9609748987339335
0.3044300000449103 0.9609748987339335
0.30847040408531434 0.9609748987339335
0.31251080812571835 0.9609748987339335
0.31655121216612236 0.9609748987339335
0.32059161620652643 0.9609748987339335
0.3246320202469305 0.9609748987339335
0.3327128283277386 0.9609748987339335
0.2963491919641022 0.9650153027743376
0.3003895960045062 0.9650153027743376
0.3044300000449103 0.9650153027743376
0.30847040408531434 0.9650153027743376
0.31655121216612236 0.9650153027743376
