# x y
0.6978216978413698 0.698348636107671
0.6937812938009658 0.702389040148075
0.6978216978413698 0.702389040148075
0.6857004857201576 0.706429444188479
0.6897408897605617 0.706429444188479
0.6937812938009658 0.706429444188479
0.6978216978413698 0.706429444188479
0.6857004857201576 0.710469848228883
0.6897408897605617 0.710469848228883
0.6937812938009658 0.710469848228883
0.6978216978413698 0.710469848228883
0.6776196776393496 0.7145102522692871
0.6816600816797536 0.7145102522692871
0.6857004857201576 0.7145102522692871
0.6897408897605617 0.7145102522692871
0.6937812938009658 0.7145102522692871
0.6978216978413698 0.7145102522692871
0.6735792735989455 0.7185506563096911
0.6776196776393496 0.7185506563096911
0.6816600816797536 0.7185506563096911
0.6857004857201576 0.7185506563096911
0.6897408897605617 0.7185506563096911
0.6937812938009658 0.7185506563096911
0.6978216978413698 0.7185506563096911
0.6695388695585416 0.7225910603500951
0.6735792735989455 0.7225910603500951
0.6776196776393496 0.7225910603500951
0.6816600816797536 0.7225910603500951
0.6857004857201576 0.7225910603500951
0.6897408897605617 0.7225910603500951
0.6937812938009658 0.7225910603500951
0.6978216978413698 0.7225910603500951
0.6654984655181375 0.7266314643904992
0.6695388695585416 0.7266314643904992
0.6735792735989455 0.7266314643904992
0.6776196776393496 0.7266314643904992
0.6816600816797536 0.7266314643904992
0.6857004857201576 0.7266314643904992
0.6897408897605617 0.7266314643904992
0.6937812938009658 0.7266314643904992
0.6978216978413698 0.7266314643904992
0.6614580614777334 0.7306718684309033
0.6654984655181375 0.7306718684309033
0.6695388695585416 0.7306718684309033
0.6735792735989455 0.7306718684309033
0.6776196776393496 0.7306718684309033
0.6816600816797536 0.7306718684309033
0.6857004857201576 0.7306718684309033
0.6897408897605617 0.7306718684309033
0.6937812938009658 0.7306718684309033
0.6978216978413698 0.7306718684309033
0.6574176574373294 0.7347122724713073
0.6614580614777334 0.7347122724713073
0.6654984655181375 0.7347122724713073
0.6695388695585416 0.7347122724713073
0.6735792735989455 0.7347122724713073
0.6776196776393496 0.7347122724713073
0.6816600816797536 0.7347122724713073
0.6857004857201576 0.7347122724713073
0.6897408897605617 0.7347122724713073
0.6937812938009658 0.7347122724713073
0.6493368493565213 0.7387526765117113
0.6533772533969253 0.7387526765117113
0.6574176574373294 0.7387526765117113
0.6614580614777334 0.7387526765117113
0.6654984655181375 0.7387526765117113
0.6695388695585416 0.7387526765117113
0.6735792735989455 0.7387526765117113
0.6776196776393496 0.7387526765117113
0.6816600816797536 0.7387526765117113
0.6857004857201576 0.7387526765117113
0.6897408897605617 0.7387526765117113
0.6493368493565213 0.7427930805521153
0.6533772533969253 0.7427930805521153
0.6574176574373294 0.7427930805521153
0.6614580614777334 0.7427930805521153
0.6654984655181375 0.7427930805521153
0.6695388695585416 0.7427930805521153
0.6735792735989455 0.7427930805521153
0.6776196776393496 0.7427930805521153
0.6816600816797536 0.7427930805521153
0.6857004857201576 0.7427930805521153
0.6412560412757132 0.7468334845925194
0.6452964453161173 0.7468334845925194
0.6493368493565213 0.7468334845925194
0.6533772533969253 0.7468334845925194
0.6574176574373294 0.7468334845925194
0.6614580614777334 0.7468334845925194
0.6654984655181375 0.7468334845925194
0.6695388695585416 0.7468334845925194
0.6735792735989455 0.7468334845925194
0.6776196776393496 0.7468334845925194
0.6816600816797536 0.7468334845925194
0.6857004857201576 0.7468334845925194
0.6372156372353093 0.7508738886329235
0.6412560412757132 0.7508738886329235
0.6452964453161173 0.7508738886329235
0.6493368493565213 0.7508738886329235
0.6533772533969253 0.7508738886329235
0.6574176574373294 0.7508738886329235
0.6614580614777334 0.7508738886329235
0.6654984655181375 0.7508738886329235
0.6695388695585416 0.7508738886329235
0.6735792735989455 0.7508738886329235
0.6776196776393496 0.7508738886329235
0.6291348291545011 0.7549142926733274
0.6331752331949052 0.7549142926733274
0.6372156372353093 0.7549142926733274
0.6412560412757132 0.7549142926733274
0.6452964453161173 0.7549142926733274
0.6493368493565213 0.7549142926733274
0.6533772533969253 0.7549142926733274
0.6574176574373294 0.7549142926733274
0.6614580614777334 0.7549142926733274
0.6654984655181375 0.7549142926733274
0.6695388695585416 0.7549142926733274
0.6735792735989455 0.7549142926733274
0.6291348291545011 0.7589546967137315
0.6331752331949052 0.7589546967137315
0.6372156372353093 0.7589546967137315
0.6412560412757132 0.7589546967137315
0.6452964453161173 0.7589546967137315
0.6493368493565213 0.7589546967137315
0.6533772533969253 0.7589546967137315
0.6574176574373294 0.7589546967137315
0.6614580614777334 0.7589546967137315
0.6654984655181375 0.7589546967137315
0.6695388695585416 0.7589546967137315
0.6170136170332889 0.7629951007541356
0.6250944251140971 0.7629951007541356
0.6291348291545011 0.7629951007541356
0.6331752331949052 0.7629951007541356
0.6372156372353093 0.7629951007541356
0.6412560412757132 0.7629951007541356
0.6452964453161173 0.7629951007541356
0.6493368493565213 0.7629951007541356
0.6533772533969253 0.7629951007541356
0.6574176574373294 0.7629951007541356
0.6614580614777334 0.7629951007541356
0.6654984655181375 0.7629951007541356
0.6170136170332889 0.7670355047945396
0.621054021073693 0.7670355047945396
0.6250944251140971 0.7670355047945396
0.6291348291545011 0.7670355047945396
0.6331752331949052 0.7670355047945396
0.6372156372353093 0.7670355047945396
0.6412560412757132 0.7670355047945396
0.6452964453161173 0.7670355047945396
0.6493368493565213 0.7670355047945396
0.6533772533969253 0.7670355047945396
0.6574176574373294 0.7670355047945396
0.6614580614777334 0.7670355047945396
0.6089328089524809 0.7710759088349436
0.6129732129928849 0.7710759088349436
0.6170136170332889 0.7710759088349436
0.621054021073693 0.7710759088349436
0.6250944251140971 0.7710759088349436
0.6291348291545011 0.7710759088349436
0.6331752331949052 0.7710759088349436
0.6372156372353093 0.7710759088349436
0.6412560412757132 0.7710759088349436
0.6452964453161173 0.7710759088349436
0.6493368493565213 0.7710759088349436
0.6533772533969253 0.7710759088349436
0.6008520008716729 0.7751163128753477
0.6089328089524809 0.7751163128753477
0.6129732129928849 0.7751163128753477
0.6170136170332889 0.7751163128753477
0.621054021073693 0.7751163128753477
0.6250944251140971 0.7751163128753477
0.6291348291545011 0.7751163128753477
0.6331752331949052 0.7751163128753477
0.6372156372353093 0.7751163128753477
0.6412560412757132 0.7751163128753477
0.6452964453161173 0.7751163128753477
0.6493368493565213 0.7751163128753477
0.6533772533969253 0.7751163128753477
0.6008520008716729 0.7791567169157517
0.6048924049120769 0.7791567169157517
0.6089328089524809 0.7791567169157517
0.6129732129928849 0.7791567169157517
0.6170136170332889 0.7791567169157517
0.621054021073693 0.7791567169157517
0.6250944251140971 0.7791567169157517
0.6291348291545011 0.7791567169157517
0.6331752331949052 0.7791567169157517
0.6372156372353093 0.7791567169157517
0.6412560412757132 0.7791567169157517
0.6452964453161173 0.7791567169157517
0.5927711927908648 0.7831971209561558
0.5968115968312688 0.7831971209561558
0.6008520008716729 0.7831971209561558
0.6048924049120769 0.7831971209561558
0.6089328089524809 0.7831971209561558
0.6129732129928849 0.7831971209561558
0.6170136170332889 0.7831971209561558
0.621054021073693 0.7831971209561558
0.6250944251140971 0.7831971209561558
0.6291348291545011 0.7831971209561558
0.6331752331949052 0.7831971209561558
0.6372156372353093 0.7831971209561558
0.6412560412757132 0.7831971209561558
0.5927711927908648 0.7872375249965597
0.5968115968312688 0.7872375249965597
0.6008520008716729 0.7872375249965597
0.6048924049120769 0.7872375249965597
0.6089328089524809 0.7872375249965597
0.6129732129928849 0.7872375249965597
0.6170136170332889 0.7872375249965597
0.621054021073693 0.7872375249965597
0.6250944251140971 0.7872375249965597
0.6291348291545011 0.7872375249965597
0.6331752331949052 0.7872375249965597
0.6372156372353093 0.7872375249965597
0.5846903847100566 0.7912779290369638
0.5887307887504607 0.7912779290369638
0.5927711927908648 0.7912779290369638
0.5968115968312688 0.7912779290369638
0.6008520008716729 0.7912779290369638
0.6048924049120769 0.7912779290369638
0.6089328089524809 0.7912779290369638
0.6129732129928849 0.7912779290369638
0.6170136170332889 0.7912779290369638
0.621054021073693 0.7912779290369638
0.6250944251140971 0.7912779290369638
0.6291348291545011 0.7912779290369638
0.5806499806696526 0.7953183330773679
0.5846903847100566 0.7953183330773679
0.5887307887504607 0.7953183330773679
0.5927711927908648 0.7953183330773679
0.5968115968312688 0.7953183330773679
0.6008520008716729 0.7953183330773679
0.6048924049120769 0.7953183330773679
0.6089328089524809 0.7953183330773679
0.6129732129928849 0.7953183330773679
0.6170136170332889 0.7953183330773679
0.621054021073693 0.7953183330773679
0.6250944251140971 0.7953183330773679
0.6291348291545011 0.7953183330773679
0.5766095766292486 0.799358737117772
0.5806499806696526 0.799358737117772
0.5846903847100566 0.799358737117772
0.5887307887504607 0.799358737117772
0.5927711927908648 0.799358737117772
0.5968115968312688 0.799358737117772
0.6008520008716729 0.799358737117772
0.6048924049120769 0.799358737117772
0.6089328089524809 0.799358737117772
0.6129732129928849 0.799358737117772
0.6170136170332889 0.799358737117772
0.621054021073693 0.799358737117772
0.5685287685484406 0.803399141158176
0.5725691725888445 0.803399141158176
0.5766095766292486 0.803399141158176
0.5806499806696526 0.803399141158176
0.5846903847100566 0.803399141158176
0.5887307887504607 0.803399141158176
0.5927711927908648 0.803399141158176
0.5968115968312688 0.803399141158176
0.6008520008716729 0.803399141158176
0.6048924049120769 0.803399141158176
0.6089328089524809 0.803399141158176
0.6129732129928849 0.803399141158176
0.6170136170332889 0.803399141158176
0.5644883645080365 0.80743954519858
0.5685287685484406 0.80743954519858
0.5725691725888445 0.80743954519858
0.5766095766292486 0.80743954519858
0.5806499806696526 0.80743954519858
0.5846903847100566 0.80743954519858
0.5887307887504607 0.80743954519858
0.5927711927908648 0.80743954519858
0.5968115968312688 0.80743954519858
0.6008520008716729 0.80743954519858
0.6048924049120769 0.80743954519858
0.6089328089524809 0.80743954519858
0.5523671523868243 0.811479949238984
0.5564075564272284 0.811479949238984
0.5604479604676325 0.811479949238984
0.5644883645080365 0.811479949238984
0.5685287685484406 0.811479949238984
0.5725691725888445 0.811479949238984
0.5766095766292486 0.811479949238984
0.5806499806696526 0.811479949238984
0.5846903847100566 0.811479949238984
0.5887307887504607 0.811479949238984
0.5927711927908648 0.811479949238984
0.5968115968312688 0.811479949238984
0.6008520008716729 0.811479949238984
0.6048924049120769 0.811479949238984
0.5523671523868243 0.8155203532793881
0.5564075564272284 0.8155203532793881
0.5604479604676325 0.8155203532793881
0.5644883645080365 0.8155203532793881
0.5685287685484406 0.8155203532793881
0.5725691725888445 0.8155203532793881
0.5766095766292486 0.8155203532793881
0.5806499806696526 0.8155203532793881
0.5846903847100566 0.8155203532793881
0.5887307887504607 0.8155203532793881
0.5927711927908648 0.8155203532793881
0.5968115968312688 0.8155203532793881
0.6008520008716729 0.8155203532793881
0.6048924049120769 0.8155203532793881
0.5442863443060163 0.819560757319792
0.5483267483464203 0.819560757319792
0.5523671523868243 0.819560757319792
0.5564075564272284 0.819560757319792
0.5604479604676325 0.819560757319792
0.5644883645080365 0.819560757319792
0.5685287685484406 0.819560757319792
0.5725691725888445 0.819560757319792
0.5766095766292486 0.819560757319792
0.5806499806696526 0.819560757319792
0.5846903847100566 0.819560757319792
0.5887307887504607 0.819560757319792
0.5927711927908648 0.819560757319792
0.5402459402656122 0.8236011613601961
0.5442863443060163 0.8236011613601961
0.5483267483464203 0.8236011613601961
0.5523671523868243 0.8236011613601961
0.5564075564272284 0.8236011613601961
0.5604479604676325 0.8236011613601961
0.5644883645080365 0.8236011613601961
0.5685287685484406 0.8236011613601961
0.5725691725888445 0.8236011613601961
0.5766095766292486 0.8236011613601961
0.5806499806696526 0.8236011613601961
0.5846903847100566 0.8236011613601961
0.5887307887504607 0.8236011613601961
0.5927711927908648 0.8236011613601961
0.5321651321848042 0.8276415654006002
0.5362055362252082 0.8276415654006002
0.5402459402656122 0.8276415654006002
0.5442863443060163 0.8276415654006002
0.5483267483464203 0.8276415654006002
0.5523671523868243 0.8276415654006002
0.5564075564272284 0.8276415654006002
0.5604479604676325 0.8276415654006002
0.5644883645080365 0.8276415654006002
0.5685287685484406 0.8276415654006002
0.5725691725888445 0.8276415654006002
0.5766095766292486 0.8276415654006002
0.5806499806696526 0.8276415654006002
0.5846903847100566 0.8276415654006002
0.5240843241039961 0.8316819694410043
0.5281247281444001 0.8316819694410043
0.5321651321848042 0.8316819694410043
0.5362055362252082 0.8316819694410043
0.5402459402656122 0.8316819694410043
0.5442863443060163 0.8316819694410043
0.5483267483464203 0.8316819694410043
0.5523671523868243 0.8316819694410043
0.5564075564272284 0.8316819694410043
0.5604479604676325 0.8316819694410043
0.5644883645080365 0.8316819694410043
0.5685287685484406 0.8316819694410043
0.5725691725888445 0.8316819694410043
0.5766095766292486 0.8316819694410043
0.5119631119827839 0.8357223734814083
0.516003516023188 0.8357223734814083
0.520043920063592 0.8357223734814083
0.5240843241039961 0.8357223734814083
0.5281247281444001 0.8357223734814083
0.5321651321848042 0.8357223734814083
0.5362055362252082 0.8357223734814083
0.5402459402656122 0.8357223734814083
0.5442863443060163 0.8357223734814083
0.5483267483464203 0.8357223734814083
0.5523671523868243 0.8357223734814083
0.5564075564272284 0.8357223734814083
0.5604479604676325 0.8357223734814083
0.5644883645080365 0.8357223734814083
0.5685287685484406 0.8357223734814083
0.5725691725888445 0.8357223734814083
0.5119631119827839 0.8397627775218124
0.516003516023188 0.8397627775218124
0.520043920063592 0.8397627775218124
0.5240843241039961 0.8397627775218124
0.5281247281444001 0.8397627775218124
0.5321651321848042 0.8397627775218124
0.5362055362252082 0.8397627775218124
0.5402459402656122 0.8397627775218124
0.5442863443060163 0.8397627775218124
0.5483267483464203 0.8397627775218124
0.5523671523868243 0.8397627775218124
0.5564075564272284 0.8397627775218124
0.5604479604676325 0.8397627775218124
0.5644883645080365 0.8397627775218124
0.5079227079423799 0.8438031815622163
0.5119631119827839 0.8438031815622163
0.516003516023188 0.8438031815622163
0.520043920063592 0.8438031815622163
0.5240843241039961 0.8438031815622163
0.5281247281444001 0.8438031815622163
0.5321651321848042 0.8438031815622163
0.5362055362252082 0.8438031815622163
0.5402459402656122 0.8438031815622163
0.5442863443060163 0.8438031815622163
0.5483267483464203 0.8438031815622163
0.5523671523868243 0.8438031815622163
0.5564075564272284 0.8438031815622163
0.5604479604676325 0.8438031815622163
0.5038823039019759 0.8478435856026204
0.5079227079423799 0.8478435856026204
0.5119631119827839 0.8478435856026204
0.516003516023188 0.8478435856026204
0.520043920063592 0.8478435856026204
0.5240843241039961 0.8478435856026204
0.5281247281444001 0.8478435856026204
0.5321651321848042 0.8478435856026204
0.5362055362252082 0.8478435856026204
0.5402459402656122 0.8478435856026204
0.5442863443060163 0.8478435856026204
0.5483267483464203 0.8478435856026204
0.5523671523868243 0.8478435856026204
0.49176109178076377 0.8518839896430245
0.4958014958211678 0.8518839896430245
0.4998418998615718 0.8518839896430245
0.5038823039019759 0.8518839896430245
0.5079227079423799 0.8518839896430245
0.5119631119827839 0.8518839896430245
0.516003516023188 0.8518839896430245
0.520043920063592 0.8518839896430245
0.5240843241039961 0.8518839896430245
0.5281247281444001 0.8518839896430245
0.5321651321848042 0.8518839896430245
0.5362055362252082 0.8518839896430245
0.5402459402656122 0.8518839896430245
0.5442863443060163 0.8518839896430245
0.4877206877403597 0.8559243936834284
0.49176109178076377 0.8559243936834284
0.4958014958211678 0.8559243936834284
0.4998418998615718 0.8559243936834284
0.5038823039019759 0.8559243936834284
0.5079227079423799 0.8559243936834284
0.5119631119827839 0.8559243936834284
0.516003516023188 0.8559243936834284
0.520043920063592 0.8559243936834284
0.5240843241039961 0.8559243936834284
0.5281247281444001 0.8559243936834284
0.5321651321848042 0.8559243936834284
0.5362055362252082 0.8559243936834284
0.5402459402656122 0.8559243936834284
0.4796398796595516 0.8599647977238325
0.48368028369995564 0.8599647977238325
0.4877206877403597 0.8599647977238325
0.49176109178076377 0.8599647977238325
0.4958014958211678 0.8599647977238325
0.4998418998615718 0.8599647977238325
0.5038823039019759 0.8599647977238325
0.5079227079423799 0.8599647977238325
0.5119631119827839 0.8599647977238325
0.516003516023188 0.8599647977238325
0.520043920063592 0.8599647977238325
0.5240843241039961 0.8599647977238325
0.5281247281444001 0.8599647977238325
0.5321651321848042 0.8599647977238325
0.47155907157874355 0.8640052017642366
0.4755994756191476 0.8640052017642366
0.4796398796595516 0.8640052017642366
0.48368028369995564 0.8640052017642366
0.4877206877403597 0.8640052017642366
0.49176109178076377 0.8640052017642366
0.4958014958211678 0.8640052017642366
0.4998418998615718 0.8640052017642366
0.5038823039019759 0.8640052017642366
0.5079227079423799 0.8640052017642366
0.5119631119827839 0.8640052017642366
0.516003516023188 0.8640052017642366
0.520043920063592 0.8640052017642366
0.5240843241039961 0.8640052017642366
0.5281247281444001 0.8640052017642366
0.5321651321848042 0.8640052017642366
0.4675186675383395 0.8680456058046406
0.47155907157874355 0.8680456058046406
0.4755994756191476 0.8680456058046406
0.4796398796595516 0.8680456058046406
0.48368028369995564 0.8680456058046406
0.4877206877403597 0.8680456058046406
0.49176109178076377 0.8680456058046406
0.4958014958211678 0.8680456058046406
0.4998418998615718 0.8680456058046406
0.5038823039019759 0.8680456058046406
0.5079227079423799 0.8680456058046406
0.5119631119827839 0.8680456058046406
0.516003516023188 0.8680456058046406
0.520043920063592 0.8680456058046406
0.44731664733631926 0.8720860098450447
0.4594378594575314 0.8720860098450447
0.46347826349793547 0.8720860098450447
0.4675186675383395 0.8720860098450447
0.47155907157874355 0.8720860098450447
0.4755994756191476 0.8720860098450447
0.4796398796595516 0.8720860098450447
0.48368028369995564 0.8720860098450447
0.4877206877403597 0.8720860098450447
0.49176109178076377 0.8720860098450447
0.4958014958211678 0.8720860098450447
0.4998418998615718 0.8720860098450447
0.5038823039019759 0.8720860098450447
0.5079227079423799 0.8720860098450447
0.5119631119827839 0.8720860098450447
0.43923583925551124 0.8761264138854487
0.45135705137672333 0.8761264138854487
0.4553974554171274 0.8761264138854487
0.4594378594575314 0.8761264138854487
0.46347826349793547 0.8761264138854487
0.4675186675383395 0.8761264138854487
0.47155907157874355 0.8761264138854487
0.4755994756191476 0.8761264138854487
0.4796398796595516 0.8761264138854487
0.48368028369995564 0.8761264138854487
0.4877206877403597 0.8761264138854487
0.49176109178076377 0.8761264138854487
0.4958014958211678 0.8761264138854487
0.4998418998615718 0.8761264138854487
0.5038823039019759 0.8761264138854487
0.5119631119827839 0.8761264138854487
0.44327624329591525 0.8801668179258527
0.44731664733631926 0.8801668179258527
0.45135705137672333 0.8801668179258527
0.4553974554171274 0.8801668179258527
0.4594378594575314 0.8801668179258527
0.46347826349793547 0.8801668179258527
0.4675186675383395 0.8801668179258527
0.47155907157874355 0.8801668179258527
0.4755994756191476 0.8801668179258527
0.4796398796595516 0.8801668179258527
0.48368028369995564 0.8801668179258527
0.4877206877403597 0.8801668179258527
0.49176109178076377 0.8801668179258527
0.4958014958211678 0.8801668179258527
0.4998418998615718 0.8801668179258527
0.5038823039019759 0.8801668179258527
0.5079227079423799 0.8801668179258527
0.4271146271342991 0.8842072219662568
0.4311550311747031 0.8842072219662568
0.4351954352151072 0.8842072219662568
0.43923583925551124 0.8842072219662568
0.44327624329591525 0.8842072219662568
0.44731664733631926 0.8842072219662568
0.45135705137672333 0.8842072219662568
0.4553974554171274 0.8842072219662568
0.4594378594575314 0.8842072219662568
0.46347826349793547 0.8842072219662568
0.4675186675383395 0.8842072219662568
0.47155907157874355 0.8842072219662568
0.4755994756191476 0.8842072219662568
0.4796398796595516 0.8842072219662568
0.48368028369995564 0.8842072219662568
0.4877206877403597 0.8842072219662568
0.49176109178076377 0.8842072219662568
0.4958014958211678 0.8842072219662568
0.4271146271342991 0.8882476260066607
0.4311550311747031 0.8882476260066607
0.4351954352151072 0.8882476260066607
0.43923583925551124 0.8882476260066607
0.44327624329591525 0.8882476260066607
0.44731664733631926 0.8882476260066607
0.45135705137672333 0.8882476260066607
0.4553974554171274 0.8882476260066607
0.4594378594575314 0.8882476260066607
0.46347826349793547 0.8882476260066607
0.4675186675383395 0.8882476260066607
0.47155907157874355 0.8882476260066607
0.4755994756191476 0.8882476260066607
0.4796398796595516 0.8882476260066607
0.48368028369995564 0.8882476260066607
0.4877206877403597 0.8882476260066607
0.419033819053491 0.8922880300470648
0.4230742230938951 0.8922880300470648
0.4271146271342991 0.8922880300470648
0.4311550311747031 0.8922880300470648
0.4351954352151072 0.8922880300470648
0.43923583925551124 0.8922880300470648
0.44327624329591525 0.8922880300470648
0.44731664733631926 0.8922880300470648
0.45135705137672333 0.8922880300470648
0.4553974554171274 0.8922880300470648
0.4594378594575314 0.8922880300470648
0.46347826349793547 0.8922880300470648
0.4675186675383395 0.8922880300470648
0.47155907157874355 0.8922880300470648
0.4755994756191476 0.8922880300470648
0.4796398796595516 0.8922880300470648
0.4069126069322789 0.8963284340874689
0.41095301097268294 0.8963284340874689
0.41499341501308695 0.8963284340874689
0.419033819053491 0.8963284340874689
0.4230742230938951 0.8963284340874689
0.4271146271342991 0.8963284340874689
0.4311550311747031 0.8963284340874689
0.4351954352151072 0.8963284340874689
0.43923583925551124 0.8963284340874689
0.44327624329591525 0.8963284340874689
0.44731664733631926 0.8963284340874689
0.45135705137672333 0.8963284340874689
0.4553974554171274 0.8963284340874689
0.4594378594575314 0.8963284340874689
0.46347826349793547 0.8963284340874689
0.4675186675383395 0.8963284340874689
0.47155907157874355 0.8963284340874689
0.3947913948110668 0.9003688381278729
0.3988317988514708 0.9003688381278729
0.40287220289187486 0.9003688381278729
0.4069126069322789 0.9003688381278729
0.41095301097268294 0.9003688381278729
0.41499341501308695 0.9003688381278729
0.419033819053491 0.9003688381278729
0.4230742230938951 0.9003688381278729
0.4271146271342991 0.9003688381278729
0.4311550311747031 0.9003688381278729
0.4351954352151072 0.9003688381278729
0.43923583925551124 0.9003688381278729
0.44327624329591525 0.9003688381278729
0.44731664733631926 0.9003688381278729
0.45135705137672333 0.9003688381278729
0.4553974554171274 0.9003688381278729
0.4594378594575314 0.9003688381278729
0.46347826349793547 0.9003688381278729
0.3907509907706627 0.904409242168277
0.3947913948110668 0.904409242168277
0.3988317988514708 0.904409242168277
0.40287220289187486 0.904409242168277
0.4069126069322789 0.904409242168277
0.41095301097268294 0.904409242168277
0.41499341501308695 0.904409242168277
0.419033819053491 0.904409242168277
0.4230742230938951 0.904409242168277
0.4271146271342991 0.904409242168277
0.4311550311747031 0.904409242168277
0.4351954352151072 0.904409242168277
0.43923583925551124 0.904409242168277
0.44327624329591525 0.904409242168277
0.44731664733631926 0.904409242168277
0.45135705137672333 0.904409242168277
0.4553974554171274 0.904409242168277
0.38267018268985464 0.9084496462086811
0.3867105867302587 0.9084496462086811
0.3907509907706627 0.9084496462086811
0.3947913948110668 0.9084496462086811
0.3988317988514708 0.9084496462086811
0.40287220289187486 0.9084496462086811
0.4069126069322789 0.9084496462086811
0.41095301097268294 0.9084496462086811
0.41499341501308695 0.9084496462086811
0.419033819053491 0.9084496462086811
0.4230742230938951 0.9084496462086811
0.4271146271342991 0.9084496462086811
0.4311550311747031 0.9084496462086811
0.4351954352151072 0.9084496462086811
0.43923583925551124 0.9084496462086811
0.44327624329591525 0.9084496462086811
0.44731664733631926 0.9084496462086811
0.3624681624878344 0.912490050249085
0.3665085665282385 0.912490050249085
0.37054897056864256 0.912490050249085
0.37458937460904657 0.912490050249085
0.3786297786494506 0.912490050249085
0.38267018268985464 0.912490050249085
0.3867105867302587 0.912490050249085
0.3907509907706627 0.912490050249085
0.3947913948110668 0.912490050249085
0.3988317988514708 0.912490050249085
0.40287220289187486 0.912490050249085
0.4069126069322789 0.912490050249085
0.41095301097268294 0.912490050249085
0.41499341501308695 0.912490050249085
0.419033819053491 0.912490050249085
0.4230742230938951 0.912490050249085
0.4271146271342991 0.912490050249085
0.4311550311747031 0.912490050249085
0.4351954352151072 0.912490050249085
0.43923583925551124 0.912490050249085
0.44731664733631926 0.912490050249085
0.3624681624878344 0.9165304542894891
0.3665085665282385 0.9165304542894891
0.37054897056864256 0.9165304542894891
0.37458937460904657 0.9165304542894891
0.3786297786494506 0.9165304542894891
0.38267018268985464 0.9165304542894891
0.3867105867302587 0.9165304542894891
0.3907509907706627 0.9165304542894891
0.3947913948110668 0.9165304542894891
0.3988317988514708 0.9165304542894891
0.40287220289187486 0.9165304542894891
0.4069126069322789 0.9165304542894891
0.41095301097268294 0.9165304542894891
0.41499341501308695 0.9165304542894891
0.419033819053491 0.9165304542894891
0.4230742230938951 0.9165304542894891
0.4271146271342991 0.9165304542894891
0.4311550311747031 0.9165304542894891
0.4351954352151072 0.9165304542894891
0.35034695036662233 0.920570858329893
0.3543873544070264 0.920570858329893
0.3584277584474304 0.920570858329893
0.3624681624878344 0.920570858329893
0.3665085665282385 0.920570858329893
0.37054897056864256 0.920570858329893
0.37458937460904657 0.920570858329893
0.3786297786494506 0.920570858329893
0.38267018268985464 0.920570858329893
0.3867105867302587 0.920570858329893
0.3907509907706627 0.920570858329893
0.3947913948110668 0.920570858329893
0.3988317988514708 0.920570858329893
0.40287220289187486 0.920570858329893
0.4069126069322789 0.920570858329893
0.41095301097268294 0.920570858329893
0.41499341501308695 0.920570858329893
0.419033819053491 0.920570858329893
0.4230742230938951 0.920570858329893
0.3301449301646021 0.9246112623702971
0.34226614228581426 0.9246112623702971
0.34630654632621827 0.9246112623702971
0.35034695036662233 0.9246112623702971
0.3543873544070264 0.9246112623702971
0.3584277584474304 0.9246112623702971
0.3624681624878344 0.9246112623702971
0.3665085665282385 0.9246112623702971
0.37054897056864256 0.9246112623702971
0.37458937460904657 0.9246112623702971
0.3786297786494506 0.9246112623702971
0.38267018268985464 0.9246112623702971
0.3867105867302587 0.9246112623702971
0.3907509907706627 0.9246112623702971
0.3947913948110668 0.9246112623702971
0.3988317988514708 0.9246112623702971
0.40287220289187486 0.9246112623702971
0.4069126069322789 0.9246112623702971
0.41095301097268294 0.9246112623702971
0.41499341501308695 0.9246112623702971
0.4271146271342991 0.9246112623702971
0.3301449301646021 0.9286516664107012
0.3341853342050062 0.9286516664107012
0.3382257382454102 0.9286516664107012
0.34226614228581426 0.9286516664107012
0.34630654632621827 0.9286516664107012
0.35034695036662233 0.9286516664107012
0.3543873544070264 0.9286516664107012
0.3584277584474304 0.9286516664107012
0.3624681624878344 0.9286516664107012
0.3665085665282385 0.9286516664107012
0.37054897056864256 0.9286516664107012
0.37458937460904657 0.9286516664107012
0.3786297786494506 0.9286516664107012
0.38267018268985464 0.9286516664107012
0.3867105867302587 0.9286516664107012
0.3907509907706627 0.9286516664107012
0.3947913948110668 0.9286516664107012
0.3988317988514708 0.9286516664107012
0.40287220289187486 0.9286516664107012
0.4069126069322789 0.9286516664107012
0.41499341501308695 0.9286516664107012
0.31802371804339 0.9326920704511052
0.32206412208379404 0.9326920704511052
0.3261045261241981 0.9326920704511052
0.3301449301646021 0.9326920704511052
0.3341853342050062 0.9326920704511052
0.3382257382454102 0.9326920704511052
0.34226614228581426 0.9326920704511052
0.34630654632621827 0.9326920704511052
0.35034695036662233 0.9326920704511052
0.3543873544070264 0.9326920704511052
0.3584277584474304 0.9326920704511052
0.3624681624878344 0.9326920704511052
0.3665085665282385 0.9326920704511052
0.37054897056864256 0.9326920704511052
0.37458937460904657 0.9326920704511052
0.3786297786494506 0.9326920704511052
0.38267018268985464 0.9326920704511052
0.3867105867302587 0.9326920704511052
0.3907509907706627 0.9326920704511052
0.3947913948110668 0.9326920704511052
0.2978216978413698 0.9367324744915093
0.30186210188177387 0.9367324744915093
0.3059025059221779 0.9367324744915093
0.3099429099625819 0.9367324744915093
0.31398331400298596 0.9367324744915093
0.31802371804339 0.9367324744915093
0.32206412208379404 0.9367324744915093
0.3261045261241981 0.9367324744915093
0.3301449301646021 0.9367324744915093
0.3341853342050062 0.9367324744915093
0.3382257382454102 0.9367324744915093
0.34226614228581426 0.9367324744915093
0.34630654632621827 0.9367324744915093
0.35034695036662233 0.9367324744915093
0.3543873544070264 0.9367324744915093
0.3584277584474304 0.9367324744915093
0.3624681624878344 0.9367324744915093
0.3665085665282385 0.9367324744915093
0.37054897056864256 0.9367324744915093
0.37458937460904657 0.9367324744915093
0.3786297786494506 0.9367324744915093
0.38267018268985464 0.9367324744915093
0.3907509907706627 0.9367324744915093
0.2978216978413698 0.9407728785319134
0.30186210188177387 0.9407728785319134
0.3059025059221779 0.9407728785319134
0.3099429099625819 0.9407728785319134
0.31398331400298596 0.9407728785319134
0.31802371804339 0.9407728785319134
0.32206412208379404 0.9407728785319134
0.3261045261241981 0.9407728785319134
0.3301449301646021 0.9407728785319134
0.3341853342050062 0.9407728785319134
0.3382257382454102 0.9407728785319134
0.34226614228581426 0.9407728785319134
0.34630654632621827 0.9407728785319134
0.35034695036662233 0.9407728785319134
0.3543873544070264 0.9407728785319134
0.3584277584474304 0.9407728785319134
0.3624681624878344 0.9407728785319134
0.3665085665282385 0.9407728785319134
0.37054897056864256 0.9407728785319134
0.37458937460904657 0.9407728785319134
0.3786297786494506 0.9407728785319134
0.2978216978413698 0.9448132825723174
0.30186210188177387 0.9448132825723174
0.3059025059221779 0.9448132825723174
0.3099429099625819 0.9448132825723174
0.31398331400298596 0.9448132825723174
0.31802371804339 0.9448132825723174
0.32206412208379404 0.9448132825723174
0.3261045261241981 0.9448132825723174
0.3301449301646021 0.9448132825723174
0.3341853342050062 0.9448132825723174
0.3382257382454102 0.9448132825723174
0.34226614228581426 0.9448132825723174
0.34630654632621827 0.9448132825723174
0.35034695036662233 0.9448132825723174
0.3543873544070264 0.9448132825723174
0.3584277584474304 0.9448132825723174
0.3624681624878344 0.9448132825723174
0.38267018268985464 0.9448132825723174
0.2978216978413698 0.9488536866127214
0.30186210188177387 0.9488536866127214
0.3059025059221779 0.9488536866127214
0.3099429099625819 0.9488536866127214
0.31398331400298596 0.9488536866127214
0.31802371804339 0.9488536866127214
0.32206412208379404 0.9488536866127214
0.3261045261241981 0.9488536866127214
0.3301449301646021 0.9488536866127214
0.3341853342050062 0.9488536866127214
0.3382257382454102 0.9488536866127214
0.34226614228581426 0.9488536866127214
0.34630654632621827 0.9488536866127214
0.35034695036662233 0.9488536866127214
0.2978216978413698 0.9528940906531255
0.30186210188177387 0.9528940906531255
0.3059025059221779 0.9528940906531255
0.3099429099625819 0.9528940906531255
0.31398331400298596 0.9528940906531255
0.31802371804339 0.9528940906531255
0.32206412208379404 0.9528940906531255
0.3261045261241981 0.9528940906531255
0.3301449301646021 0.9528940906531255
0.3341853342050062 0.9528940906531255
0.3382257382454102 0.9528940906531255
0.3665085665282385 0.9528940906531255
0.2978216978413698 0.9569344946935294
0.30186210188177387 0.9569344946935294
0.3059025059221779 0.9569344946935294
0.3099429099625819 0.9569344946935294
0.31398331400298596 0.9569344946935294
0.31802371804339 0.9569344946935294
0.32206412208379404 0.9569344946935294
0.3261045261241981 0.9569344946935294
0.3301449301646021 0.9569344946935294
0.3341853342050062 0.9569344946935294
0.2978216978413698 0.9609748987339335
0.30186210188177387 0.9609748987339335
0.3059025059221779 0.9609748987339335
0.3099429099625819 0.9609748987339335
0.31398331400298596 0.9609748987339335
0.31802371804339 0.9609748987339335
0.32206412208379404 0.9609748987339335
0.2978216978413698 0.9650153027743376
0.30186210188177387 0.9650153027743376
0.3059025059221779 0.9650153027743376
