# x y
0.6919061539222652 0.7306718684309033
0.671704133720245 0.7508738886329235
0.6595829215990328 0.7791567169157517
0.6191788811949924 0.7953183330773679
0.6353404973566086 0.799358737117772
0.5989768609929722 0.8155203532793881
0.5949364569525681 0.8316819694410043
0.5585728205889318 0.8397627775218124
0.5464516084677197 0.8478435856026204
0.5666536286697399 0.8518839896430245
0.5020071640232753 0.8720860098450447
0.5302899923061035 0.8761264138854487
0.473724335740447 0.8882476260066607
0.48988595190206313 0.9003688381278729
0.42523948725559846 0.920570858329893
0.38887585089196214 0.9367324744915093
0.3444314064475177 0.9448132825723174
0.3161485781646894 0.9650153027743376
0.30402736604347724 0.9690557068147416
