# x y
0.6999931560815007 0.7145102522692871
0.6959527520410966 0.7185506563096911
0.6919123480006927 0.7225910603500951
0.6878719439602886 0.7266314643904992
0.6838315399198845 0.7306718684309033
0.6797911358794806 0.7347122724713073
0.6757507318390765 0.7387526765117113
0.6636295197178643 0.7468334845925194
0.6595891156774603 0.7508738886329235
0.6555487116370563 0.7549142926733274
0.6515083075966522 0.7589546967137315
0.6474679035562483 0.7629951007541356
0.6434274995158442 0.7670355047945396
0.6353466914350361 0.7710759088349436
0.631306287394632 0.7751163128753477
0.627265883354228 0.7791567169157517
0.6232254793138239 0.7831971209561558
0.6151446712330159 0.7872375249965597
0.6111042671926119 0.7912779290369638
0.6070638631522078 0.7953183330773679
0.5989830550713997 0.799358737117772
0.6030234591118038 0.799358737117772
0.5949426510309956 0.803399141158176
0.5909022469905916 0.80743954519858
0.5828214389097836 0.811479949238984
0.5868618429501876 0.811479949238984
0.5787810348693796 0.8155203532793881
0.5747406308289755 0.819560757319792
0.5666598227481674 0.8236011613601961
0.5626194187077633 0.8276415654006002
0.5545386106269552 0.8316819694410043
0.5504982065865512 0.8357223734814083
0.5424173985057432 0.8397627775218124
0.5383769944653392 0.8438031815622163
0.530296186384531 0.8478435856026204
0.5222153783037229 0.8518839896430245
0.526255782344127 0.8518839896430245
0.5181749742633189 0.8559243936834284
0.5100941661825108 0.8599647977238325
0.5020133581017028 0.8640052017642366
0.5060537621421068 0.8640052017642366
0.4979729540612987 0.8680456058046406
0.48989214598049063 0.8720860098450447
0.48181133789968256 0.8761264138854487
0.4737305298188745 0.8801668179258527
0.4777709338592785 0.8801668179258527
0.4656497217380664 0.8842072219662568
0.46969012577847047 0.8842072219662568
0.45756891365725827 0.8882476260066607
0.46160931769766234 0.8882476260066607
0.44948810557645025 0.8922880300470648
0.45352850961685426 0.8922880300470648
0.4414072974956421 0.8963284340874689
0.4454477015360462 0.8963284340874689
0.4333264894148341 0.9003688381278729
0.4373668934552381 0.9003688381278729
0.42524568133402596 0.904409242168277
0.42928608537443 0.904409242168277
0.41716487325321794 0.9084496462086811
0.42120527729362195 0.9084496462086811
0.4090840651724098 0.912490050249085
0.40100325709160173 0.9165304542894891
0.38888204497038964 0.920570858329893
0.39292244901079365 0.920570858329893
0.38080123688958156 0.9246112623702971
0.3848416409299856 0.9246112623702971
0.3686800247683694 0.9286516664107012
0.37272042880877343 0.9286516664107012
0.36059921668756134 0.9326920704511052
0.3646396207279654 0.9326920704511052
0.34847800456634925 0.9367324744915093
0.35251840860675326 0.9367324744915093
0.3363567924451371 0.9407728785319134
0.3403971964855411 0.9407728785319134
0.32423558032392497 0.9448132825723174
0.32827598436432903 0.9448132825723174
0.3161547722431169 0.9488536866127214
0.3201951762835209 0.9488536866127214
0.29999315608150073 0.9528940906531255
0.30403356012190474 0.9528940906531255
0.3080739641623088 0.9528940906531255
