# x y
0.6999799393587325 0.7145102522692871
0.6959395353183284 0.7185506563096911
0.6918991312779244 0.7225910603500951
0.6878587272375203 0.7266314643904992
0.6838183231971162 0.7306718684309033
0.6797779191567122 0.7347122724713073
0.6716971110759041 0.7387526765117113
0.6757375151163081 0.7387526765117113
0.6676567070355001 0.7427930805521153
0.6716971110759041 0.7427930805521153
0.6636163029950961 0.7468334845925194
0.6676567070355001 0.7468334845925194
0.659575898954692 0.7508738886329235
0.655535494914288 0.7549142926733274
0.6514950908738839 0.7589546967137315
0.6474546868334798 0.7629951007541356
0.6393738787526718 0.7670355047945396
0.6434142827930758 0.7670355047945396
0.6353334747122678 0.7710759088349436
0.6393738787526718 0.7710759088349436
0.6312930706718638 0.7751163128753477
0.6272526666314597 0.7791567169157517
0.6191718585506516 0.7831971209561558
0.6232122625910557 0.7831971209561558
0.6151314545102475 0.7872375249965597
0.6191718585506516 0.7872375249965597
0.6110910504698435 0.7912779290369638
0.6070506464294394 0.7953183330773679
0.5989698383486314 0.799358737117772
0.6030102423890354 0.799358737117772
0.5949294343082274 0.803399141158176
0.5868486262274193 0.80743954519858
0.5908890302678234 0.80743954519858
0.5828082221870152 0.811479949238984
0.5868486262274193 0.811479949238984
0.5787678181466112 0.8155203532793881
0.5706870100658031 0.819560757319792
0.5747274141062071 0.819560757319792
0.5666466060253991 0.8236011613601961
0.558565797944591 0.8276415654006002
0.5626062019849951 0.8276415654006002
0.554525393904187 0.8316819694410043
0.558565797944591 0.8316819694410043
0.5464445858233788 0.8357223734814083
0.5504849898637829 0.8357223734814083
0.5424041817829748 0.8397627775218124
0.5343233737021668 0.8438031815622163
0.5383637777425708 0.8438031815622163
0.5302829696617627 0.8478435856026204
0.5222021615809547 0.8518839896430245
0.5262425656213587 0.8518839896430245
0.5141213535001465 0.8559243936834284
0.5181617575405506 0.8559243936834284
0.5100809494597425 0.8599647977238325
0.5020001413789345 0.8640052017642366
0.5060405454193384 0.8640052017642366
0.4939193332981263 0.8680456058046406
0.4979597373385304 0.8680456058046406
0.4858385252173183 0.8720860098450447
0.4898789292577223 0.8720860098450447
0.48179812117691423 0.8761264138854487
0.4858385252173183 0.8761264138854487
0.47371731309610615 0.8801668179258527
0.47775771713651016 0.8801668179258527
0.4656365050152981 0.8842072219662568
0.46967690905570214 0.8842072219662568
0.45755569693448994 0.8882476260066607
0.461596100974894 0.8882476260066607
0.4494748888536819 0.8922880300470648
0.45351529289408593 0.8922880300470648
0.4413940807728738 0.8963284340874689
0.44543448481327785 0.8963284340874689
0.43331327269206577 0.9003688381278729
0.4373536767324698 0.9003688381278729
0.42523246461125763 0.904409242168277
0.4292728686516617 0.904409242168277
0.4171516565304496 0.9084496462086811
0.4211920605708536 0.9084496462086811
0.40503044440923747 0.912490050249085
0.4090708484496415 0.912490050249085
0.41311125249004554 0.912490050249085
0.3969496363284294 0.9165304542894891
0.4009900403688334 0.9165304542894891
0.3888688282476213 0.920570858329893
0.3929092322880253 0.920570858329893
0.37674761612640917 0.9246112623702971
0.38078802016681323 0.9246112623702971
0.38482842420721725 0.9246112623702971
0.3686668080456011 0.9286516664107012
0.3727072120860051 0.9286516664107012
0.35654559592438895 0.9326920704511052
0.360585999964793 0.9326920704511052
0.3646264040051971 0.9326920704511052
0.3484647878435809 0.9367324744915093
0.35250519188398494 0.9367324744915093
0.3363435757223688 0.9407728785319134
0.3403839797627728 0.9407728785319134
0.34442438380317686 0.9407728785319134
0.32422236360115664 0.9448132825723174
0.3282627676415607 0.9448132825723174
0.3323031716819647 0.9448132825723174
0.31210115147994455 0.9488536866127214
0.31614155552034856 0.9488536866127214
0.32018195956075257 0.9488536866127214
0.2999799393587324 0.9528940906531255
0.3040203433991364 0.9528940906531255
0.3080607474395405 0.9528940906531255
