# x y
0.6636268954277742 0.7549142926733274
0.6555460873469661 0.7629951007541356
0.6595864913873701 0.7791567169157517
0.5989804307813096 0.80743954519858
0.5989804307813096 0.8155203532793881
0.5706976024984813 0.8276415654006002
0.5949400267409055 0.8316819694410043
0.534333966134845 0.8518839896430245
0.5100915418924207 0.8680456058046406
0.4939299257308045 0.8761264138854487
0.47776830956918837 0.8842072219662568
0.4656470974479762 0.9003688381278729
0.42524305704393583 0.920570858329893
0.3242329560338348 0.9528940906531255
0.29999053179141055 0.9609748987339335
0.3161521479530267 0.9650153027743376
0.3040309358318146 0.9690557068147416
