# x y
0.6999723152493693 0.7145102522692871
0.6959319112089652 0.7185506563096911
0.6918915071685613 0.7225910603500951
0.6878511031281572 0.7266314643904992
0.6797702950473492 0.7306718684309033
0.6838106990877532 0.7306718684309033
0.6757298910069451 0.7347122724713073
0.6797702950473492 0.7347122724713073
0.6716894869665411 0.7387526765117113
0.6757298910069451 0.7387526765117113
0.667649082926137 0.7427930805521153
0.6716894869665411 0.7427930805521153
0.6636086788857329 0.7468334845925194
0.667649082926137 0.7468334845925194
0.6595682748453289 0.7508738886329235
0.6555278708049249 0.7549142926733274
0.6514874667645209 0.7589546967137315
0.6434066586837128 0.7629951007541356
0.6474470627241169 0.7629951007541356
0.6393662546433088 0.7670355047945396
0.6434066586837128 0.7670355047945396
0.6353258506029047 0.7710759088349436
0.6393662546433088 0.7710759088349436
0.6312854465625006 0.7751163128753477
0.6272450425220966 0.7791567169157517
0.6191642344412885 0.7831971209561558
0.6232046384816925 0.7831971209561558
0.6151238304008845 0.7872375249965597
0.6191642344412885 0.7872375249965597
0.6110834263604805 0.7912779290369638
0.6030026182796724 0.7953183330773679
0.6070430223200765 0.7953183330773679
0.5989622142392683 0.799358737117772
0.6030026182796724 0.799358737117772
0.5949218101988643 0.803399141158176
0.5989622142392683 0.803399141158176
0.5868410021180562 0.80743954519858
0.5908814061584602 0.80743954519858
0.5828005980776522 0.811479949238984
0.5868410021180562 0.811479949238984
0.5787601940372482 0.8155203532793881
0.5706793859564401 0.819560757319792
0.5747197899968441 0.819560757319792
0.566638981916036 0.8236011613601961
0.5706793859564401 0.8236011613601961
0.5585581738352279 0.8276415654006002
0.5625985778756319 0.8276415654006002
0.5545177697948238 0.8316819694410043
0.5585581738352279 0.8316819694410043
0.5464369617140158 0.8357223734814083
0.5504773657544199 0.8357223734814083
0.5423965576736118 0.8397627775218124
0.5464369617140158 0.8397627775218124
0.5343157495928037 0.8438031815622163
0.5383561536332078 0.8438031815622163
0.5262349415119956 0.8478435856026204
0.5302753455523996 0.8478435856026204
0.5221945374715915 0.8518839896430245
0.5262349415119956 0.8518839896430245
0.5141137293907835 0.8559243936834284
0.5181541334311875 0.8559243936834284
0.5100733253503794 0.8599647977238325
0.5141137293907835 0.8599647977238325
0.5019925172695714 0.8640052017642366
0.5060329213099755 0.8640052017642366
0.49391170918876326 0.8680456058046406
0.4979521132291673 0.8680456058046406
0.48583090110795524 0.8720860098450447
0.48987130514835925 0.8720860098450447
0.4777500930271471 0.8761264138854487
0.48179049706755117 0.8761264138854487
0.48583090110795524 0.8761264138854487
0.4737096889867431 0.8801668179258527
0.4777500930271471 0.8801668179258527
0.465628880905935 0.8842072219662568
0.4696692849463391 0.8842072219662568
0.4575480728251269 0.8882476260066607
0.46158847686553095 0.8882476260066607
0.44946726474431886 0.8922880300470648
0.4535076687847229 0.8922880300470648
0.44138645666351073 0.8963284340874689
0.4454268607039148 0.8963284340874689
0.4333056485827027 0.9003688381278729
0.4373460526231067 0.9003688381278729
0.4252248405018946 0.904409242168277
0.42926524454229864 0.904409242168277
0.4131036283806825 0.9084496462086811
0.41714403242108655 0.9084496462086811
0.42118443646149056 0.9084496462086811
0.4050228202998744 0.912490050249085
0.4090632243402784 0.912490050249085
0.4131036283806825 0.912490050249085
0.39694201221906633 0.9165304542894891
0.40098241625947034 0.9165304542894891
0.4050228202998744 0.9165304542894891
0.38886120413825825 0.920570858329893
0.39290160817866226 0.920570858329893
0.3767399920170461 0.9246112623702971
0.3807803960574502 0.9246112623702971
0.3848208000978542 0.9246112623702971
0.36865918393623803 0.9286516664107012
0.37269958797664204 0.9286516664107012
0.3565379718150259 0.9326920704511052
0.36057837585542996 0.9326920704511052
0.364618779895834 0.9326920704511052
0.3444167596938138 0.9367324744915093
0.34845716373421787 0.9367324744915093
0.3524975677746219 0.9367324744915093
0.3363359516130057 0.9407728785319134
0.34037635565340973 0.9407728785319134
0.3444167596938138 0.9407728785319134
0.3242147394917936 0.9448132825723174
0.32825514353219765 0.9448132825723174
0.33229554757260166 0.9448132825723174
0.3120935273705815 0.9488536866127214
0.3161339314109855 0.9488536866127214
0.3201743354513895 0.9488536866127214
0.29997231524936935 0.9528940906531255
0.30401271928977336 0.9528940906531255
0.3080531233301774 0.9528940906531255
