# x y
0.699999607147878 0.7145102522692871
0.695959203107474 0.7185506563096911
0.69191879906707 0.7225910603500951
0.6878783950266659 0.7266314643904992
0.6838379909862619 0.7306718684309033
0.6797975869458579 0.7347122724713073
0.6757571829054538 0.7387526765117113
0.6595955667438376 0.7508738886329235
0.6555551627034336 0.7549142926733274
0.6515147586630295 0.7589546967137315
0.6474743546226256 0.7629951007541356
0.6434339505822215 0.7670355047945396
0.6313127384610093 0.7751163128753477
0.6272723344206053 0.7791567169157517
0.6232319303802012 0.7831971209561558
0.6111107182589892 0.7912779290369638
0.6070703142185851 0.7953183330773679
0.6030299101781811 0.799358737117772
0.594949102097373 0.803399141158176
0.5909086980569689 0.80743954519858
0.5787874859357569 0.8155203532793881
0.5747470818953528 0.819560757319792
0.5666662738145447 0.8236011613601961
0.5626258697741406 0.8276415654006002
0.5545450616933325 0.8316819694410043
0.5505046576529286 0.8357223734814083
0.5424238495721205 0.8397627775218124
0.5383834455317165 0.8438031815622163
0.5303026374509083 0.8478435856026204
0.5262622334105043 0.8518839896430245
0.5181814253296962 0.8559243936834284
0.5101006172488881 0.8599647977238325
0.5060602132084842 0.8640052017642366
0.497979405127676 0.8680456058046406
0.48989859704686795 0.8720860098450447
0.48181778896605987 0.8761264138854487
0.4737369808852518 0.8801668179258527
0.4656561728044437 0.8842072219662568
0.4696965768448478 0.8842072219662568
0.46161576876403965 0.8882476260066607
0.45353496068323157 0.8922880300470648
0.4454541526024235 0.8963284340874689
0.4373733445216154 0.9003688381278729
0.42525213240040327 0.904409242168277
0.42929253644080734 0.904409242168277
0.41717132431959525 0.9084496462086811
0.42121172835999926 0.9084496462086811
0.4090905162387871 0.912490050249085
0.40100970815797904 0.9165304542894891
0.38888849603676695 0.920570858329893
0.39292890007717096 0.920570858329893
0.3808076879559589 0.9246112623702971
0.3848480919963629 0.9246112623702971
0.37272687987515074 0.9286516664107012
0.36060566775393865 0.9326920704511052
0.34848445563272656 0.9367324744915093
0.3525248596731306 0.9367324744915093
0.34040364755191843 0.9407728785319134
0.32828243543070634 0.9448132825723174
0.3161612233094942 0.9488536866127214
0.3202016273498982 0.9488536866127214
0.30404001118828206 0.9528940906531255
0.3080804152286861 0.9528940906531255
