# x y
0.6999710904922607 0.7145102522692871
0.6959306864518566 0.7185506563096911
0.6918902824114527 0.7225910603500951
0.6878498783710486 0.7266314643904992
0.6797690702902406 0.7306718684309033
0.6838094743306445 0.7306718684309033
0.6757286662498365 0.7347122724713073
0.6797690702902406 0.7347122724713073
0.6716882622094325 0.7387526765117113
0.6757286662498365 0.7387526765117113
0.6676478581690284 0.7427930805521153
0.6716882622094325 0.7427930805521153
0.6636074541286243 0.7468334845925194
0.6676478581690284 0.7468334845925194
0.6595670500882203 0.7508738886329235
0.6636074541286243 0.7508738886329235
0.6555266460478163 0.7549142926733274
0.6514862420074122 0.7589546967137315
0.6434054339266042 0.7629951007541356
0.6474458379670083 0.7629951007541356
0.6393650298862001 0.7670355047945396
0.6434054339266042 0.7670355047945396
0.6353246258457961 0.7710759088349436
0.6393650298862001 0.7710759088349436
0.631284221805392 0.7751163128753477
0.6272438177649879 0.7791567169157517
0.6191630096841799 0.7831971209561558
0.6232034137245839 0.7831971209561558
0.6151226056437759 0.7872375249965597
0.6191630096841799 0.7872375249965597
0.6110822016033719 0.7912779290369638
0.6030013935225638 0.7953183330773679
0.6070417975629678 0.7953183330773679
0.5989609894821597 0.799358737117772
0.6030013935225638 0.799358737117772
0.5949205854417556 0.803399141158176
0.5989609894821597 0.803399141158176
0.5868397773609476 0.80743954519858
0.5908801814013516 0.80743954519858
0.5827993733205435 0.811479949238984
0.5868397773609476 0.811479949238984
0.5787589692801396 0.8155203532793881
0.5706781611993315 0.819560757319792
0.5747185652397355 0.819560757319792
0.5666377571589274 0.8236011613601961
0.5706781611993315 0.8236011613601961
0.5585569490781193 0.8276415654006002
0.5625973531185233 0.8276415654006002
0.5545165450377152 0.8316819694410043
0.5585569490781193 0.8316819694410043
0.5464357369569072 0.8357223734814083
0.5504761409973112 0.8357223734814083
0.5423953329165032 0.8397627775218124
0.5464357369569072 0.8397627775218124
0.5343145248356951 0.8438031815622163
0.5383549288760991 0.8438031815622163
0.526233716754887 0.8478435856026204
0.530274120795291 0.8478435856026204
0.5343145248356951 0.8478435856026204
0.5221933127144829 0.8518839896430245
0.526233716754887 0.8518839896430245
0.5141125046336749 0.8559243936834284
0.5181529086740789 0.8559243936834284
0.5060316965528668 0.8599647977238325
0.5100721005932708 0.8599647977238325
0.5141125046336749 0.8599647977238325
0.5019912925124628 0.8640052017642366
0.5060316965528668 0.8640052017642366
0.49391048443165464 0.8680456058046406
0.4979508884720587 0.8680456058046406
0.4858296763508466 0.8720860098450447
0.48987008039125063 0.8720860098450447
0.4777488682700385 0.8761264138854487
0.48178927231044255 0.8761264138854487
0.4858296763508466 0.8761264138854487
0.4737084642296345 0.8801668179258527
0.4777488682700385 0.8801668179258527
0.4656276561488264 0.8842072219662568
0.46966806018923046 0.8842072219662568
0.45754684806801826 0.8882476260066607
0.46158725210842233 0.8882476260066607
0.44946603998721024 0.8922880300470648
0.45350644402761425 0.8922880300470648
0.4413852319064021 0.8963284340874689
0.4454256359468062 0.8963284340874689
0.4333044238255941 0.9003688381278729
0.4373448278659981 0.9003688381278729
0.42522361574478595 0.904409242168277
0.42926401978519 0.904409242168277
0.41310240362357387 0.9084496462086811
0.41714280766397793 0.9084496462086811
0.42118321170438194 0.9084496462086811
0.4050215955427658 0.912490050249085
0.4090619995831698 0.912490050249085
0.41310240362357387 0.912490050249085
0.3969407874619577 0.9165304542894891
0.4009811915023617 0.9165304542894891
0.4050215955427658 0.9165304542894891
0.38885997938114963 0.920570858329893
0.39290038342155365 0.920570858329893
0.3767387672599375 0.9246112623702971
0.38077917130034156 0.9246112623702971
0.38481957534074557 0.9246112623702971
0.3686579591791294 0.9286516664107012
0.3726983632195334 0.9286516664107012
0.3767387672599375 0.9286516664107012
0.35653674705791727 0.9326920704511052
0.36057715109832134 0.9326920704511052
0.3646175551387254 0.9326920704511052
0.3444155349367052 0.9367324744915093
0.34845593897710925 0.9367324744915093
0.35249634301751326 0.9367324744915093
0.3363347268558971 0.9407728785319134
0.3403751308963011 0.9407728785319134
0.3444155349367052 0.9407728785319134
0.32421351473468496 0.9448132825723174
0.328253918775089 0.9448132825723174
0.33229432281549304 0.9448132825723174
0.31209230261347287 0.9488536866127214
0.3161327066538769 0.9488536866127214
0.3201731106942809 0.9488536866127214
0.29997109049226073 0.9528940906531255
0.30401149453266474 0.9528940906531255
0.3080518985730688 0.9528940906531255
