# x y
0.6999804942532444 0.7145102522692871
0.6959400902128403 0.7185506563096911
0.6918996861724362 0.7225910603500951
0.6878592821320322 0.7266314643904992
0.6838188780916281 0.7306718684309033
0.6797784740512242 0.7347122724713073
0.6716976659704161 0.7387526765117113
0.6757380700108201 0.7387526765117113
0.6676572619300121 0.7427930805521153
0.6716976659704161 0.7427930805521153
0.663616857889608 0.7468334845925194
0.6676572619300121 0.7468334845925194
0.6595764538492039 0.7508738886329235
0.6555360498087999 0.7549142926733274
0.6514956457683958 0.7589546967137315
0.6474552417279918 0.7629951007541356
0.6393744336471838 0.7670355047945396
0.6434148376875878 0.7670355047945396
0.6353340296067798 0.7710759088349436
0.6393744336471838 0.7710759088349436
0.6312936255663757 0.7751163128753477
0.6272532215259716 0.7791567169157517
0.6191724134451635 0.7831971209561558
0.6232128174855676 0.7831971209561558
0.6151320094047594 0.7872375249965597
0.6191724134451635 0.7872375249965597
0.6110916053643555 0.7912779290369638
0.6070512013239514 0.7953183330773679
0.5989703932431434 0.799358737117772
0.6030107972835475 0.799358737117772
0.5949299892027393 0.803399141158176
0.5908895851623353 0.80743954519858
0.5828087770815271 0.811479949238984
0.5868491811219312 0.811479949238984
0.5787683730411232 0.8155203532793881
0.5706875649603151 0.819560757319792
0.5747279690007191 0.819560757319792
0.5666471609199111 0.8236011613601961
0.5585663528391029 0.8276415654006002
0.562606756879507 0.8276415654006002
0.5545259487986989 0.8316819694410043
0.5464451407178909 0.8357223734814083
0.5504855447582948 0.8357223734814083
0.5424047366774868 0.8397627775218124
0.5343239285966788 0.8438031815622163
0.5383643326370827 0.8438031815622163
0.5302835245562747 0.8478435856026204
0.5222027164754666 0.8518839896430245
0.5262431205158706 0.8518839896430245
0.5141219083946584 0.8559243936834284
0.5181623124350625 0.8559243936834284
0.5100815043542545 0.8599647977238325
0.5020006962734463 0.8640052017642366
0.5060411003138504 0.8640052017642366
0.4939198881926383 0.8680456058046406
0.49796029223304233 0.8680456058046406
0.4858390801118302 0.8720860098450447
0.48987948415223426 0.8720860098450447
0.4817986760714262 0.8761264138854487
0.4858390801118302 0.8761264138854487
0.4737178679906181 0.8801668179258527
0.47775827203102217 0.8801668179258527
0.46563705990981 0.8842072219662568
0.46967746395021404 0.8842072219662568
0.45755625182900195 0.8882476260066607
0.46159665586940596 0.8882476260066607
0.4494754437481938 0.8922880300470648
0.4535158477885979 0.8922880300470648
0.4413946356673858 0.8963284340874689
0.4454350397077898 0.8963284340874689
0.43331382758657766 0.9003688381278729
0.4373542316269817 0.9003688381278729
0.42523301950576964 0.904409242168277
0.42927342354617365 0.904409242168277
0.4171522114249615 0.9084496462086811
0.42119261546536557 0.9084496462086811
0.4050309993037494 0.912490050249085
0.40907140334415343 0.912490050249085
0.4131118073845575 0.912490050249085
0.39695019122294134 0.9165304542894891
0.40099059526334535 0.9165304542894891
0.38886938314213326 0.920570858329893
0.3929097871825373 0.920570858329893
0.3767481710209211 0.9246112623702971
0.38078857506132513 0.9246112623702971
0.3848289791017292 0.9246112623702971
0.36866736294011304 0.9286516664107012
0.3727077669805171 0.9286516664107012
0.35654615081890095 0.9326920704511052
0.36058655485930496 0.9326920704511052
0.364626958899709 0.9326920704511052
0.3484653427380928 0.9367324744915093
0.3525057467784969 0.9367324744915093
0.33634413061688073 0.9407728785319134
0.34038453465728474 0.9407728785319134
0.3444249386976888 0.9407728785319134
0.3242229184956686 0.9448132825723174
0.32826332253607265 0.9448132825723174
0.33230372657647667 0.9448132825723174
0.31210170637445644 0.9488536866127214
0.3161421104148605 0.9488536866127214
0.3201825144552646 0.9488536866127214
0.29998049425324436 0.9528940906531255
0.3040208982936484 0.9528940906531255
0.30806130233405243 0.9528940906531255
