# x y
0.6999398246656039 0.710469848228883
0.6958994206251998 0.7145102522692871
0.6999398246656039 0.7145102522692871
0.6918590165847959 0.7185506563096911
0.6958994206251998 0.7185506563096911
0.6878186125443918 0.7225910603500951
0.6918590165847959 0.7225910603500951
0.6837782085039877 0.7266314643904992
0.6878186125443918 0.7266314643904992
0.6797378044635838 0.7306718684309033
0.6837782085039877 0.7306718684309033
0.6756974004231797 0.7347122724713073
0.6797378044635838 0.7347122724713073
0.6716569963827757 0.7387526765117113
0.6756974004231797 0.7387526765117113
0.6676165923423716 0.7427930805521153
0.6716569963827757 0.7427930805521153
0.6635761883019675 0.7468334845925194
0.6676165923423716 0.7468334845925194
0.6595357842615635 0.7508738886329235
0.6635761883019675 0.7508738886329235
0.6514549761807554 0.7549142926733274
0.6554953802211595 0.7549142926733274
0.6595357842615635 0.7549142926733274
0.6474145721403515 0.7589546967137315
0.6514549761807554 0.7589546967137315
0.6554953802211595 0.7589546967137315
0.6433741680999474 0.7629951007541356
0.6474145721403515 0.7629951007541356
0.6393337640595433 0.7670355047945396
0.6433741680999474 0.7670355047945396
0.6352933600191393 0.7710759088349436
0.6393337640595433 0.7710759088349436
0.6272125519383311 0.7751163128753477
0.6312529559787352 0.7751163128753477
0.6352933600191393 0.7751163128753477
0.6231721478979271 0.7791567169157517
0.6272125519383311 0.7791567169157517
0.6312529559787352 0.7791567169157517
0.6191317438575231 0.7831971209561558
0.6231721478979271 0.7831971209561558
0.615091339817119 0.7872375249965597
0.6191317438575231 0.7872375249965597
0.607010531736311 0.7912779290369638
0.6110509357767151 0.7912779290369638
0.615091339817119 0.7912779290369638
0.602970127695907 0.7953183330773679
0.607010531736311 0.7953183330773679
0.6110509357767151 0.7953183330773679
0.5989297236555029 0.799358737117772
0.602970127695907 0.799358737117772
0.5908489155746948 0.803399141158176
0.5948893196150988 0.803399141158176
0.5989297236555029 0.803399141158176
0.5868085115342908 0.80743954519858
0.5908489155746948 0.80743954519858
0.5948893196150988 0.80743954519858
0.5827681074938867 0.811479949238984
0.5868085115342908 0.811479949238984
0.5746872994130787 0.8155203532793881
0.5787277034534828 0.8155203532793881
0.5827681074938867 0.8155203532793881
0.5706468953726747 0.819560757319792
0.5746872994130787 0.819560757319792
0.5625660872918665 0.8236011613601961
0.5666064913322706 0.8236011613601961
0.5706468953726747 0.8236011613601961
0.5585256832514625 0.8276415654006002
0.5625660872918665 0.8276415654006002
0.5666064913322706 0.8276415654006002
0.5504448751706544 0.8316819694410043
0.5544852792110584 0.8316819694410043
0.5585256832514625 0.8316819694410043
0.5464044711302504 0.8357223734814083
0.5504448751706544 0.8357223734814083
0.5544852792110584 0.8357223734814083
0.5383236630494423 0.8397627775218124
0.5423640670898464 0.8397627775218124
0.5464044711302504 0.8397627775218124
0.5342832590090383 0.8438031815622163
0.5383236630494423 0.8438031815622163
0.5423640670898464 0.8438031815622163
0.5262024509282301 0.8478435856026204
0.5302428549686342 0.8478435856026204
0.5342832590090383 0.8478435856026204
0.5181216428474221 0.8518839896430245
0.5221620468878261 0.8518839896430245
0.5262024509282301 0.8518839896430245
0.5140812388070181 0.8559243936834284
0.5181216428474221 0.8559243936834284
0.5221620468878261 0.8559243936834284
0.50600043072621 0.8599647977238325
0.510040834766614 0.8599647977238325
0.5140812388070181 0.8599647977238325
0.4979196226454019 0.8640052017642366
0.501960026685806 0.8640052017642366
0.50600043072621 0.8640052017642366
0.49387921860499784 0.8680456058046406
0.4979196226454019 0.8680456058046406
0.501960026685806 0.8680456058046406
0.4857984105241898 0.8720860098450447
0.4898388145645938 0.8720860098450447
0.49387921860499784 0.8720860098450447
0.4777176024433817 0.8761264138854487
0.48175800648378575 0.8761264138854487
0.4857984105241898 0.8761264138854487
0.46963679436257366 0.8801668179258527
0.4736771984029777 0.8801668179258527
0.4777176024433817 0.8801668179258527
0.46155598628176553 0.8842072219662568
0.4655963903221696 0.8842072219662568
0.46963679436257366 0.8842072219662568
0.4736771984029777 0.8842072219662568
0.45347517820095745 0.8882476260066607
0.45751558224136146 0.8882476260066607
0.46155598628176553 0.8882476260066607
0.4655963903221696 0.8882476260066607
0.4453943701201494 0.8922880300470648
0.44943477416055344 0.8922880300470648
0.45347517820095745 0.8922880300470648
0.45751558224136146 0.8922880300470648
0.4373135620393413 0.8963284340874689
0.4413539660797453 0.8963284340874689
0.4453943701201494 0.8963284340874689
0.44943477416055344 0.8963284340874689
0.4292327539585332 0.9003688381278729
0.4332731579989373 0.9003688381278729
0.4373135620393413 0.9003688381278729
0.4413539660797453 0.9003688381278729
0.42115194587772514 0.904409242168277
0.42519234991812915 0.904409242168277
0.4292327539585332 0.904409242168277
0.4332731579989373 0.904409242168277
0.41307113779691707 0.9084496462086811
0.41711154183732113 0.9084496462086811
0.42115194587772514 0.9084496462086811
0.42519234991812915 0.9084496462086811
0.404990329716109 0.912490050249085
0.409030733756513 0.912490050249085
0.41307113779691707 0.912490050249085
0.39286911759489684 0.9165304542894891
0.3969095216353009 0.9165304542894891
0.4009499256757049 0.9165304542894891
0.404990329716109 0.9165304542894891
0.38478830951408877 0.920570858329893
0.38882871355449283 0.920570858329893
0.39286911759489684 0.920570858329893
0.3969095216353009 0.920570858329893
0.3726670973928766 0.9246112623702971
0.3767075014332807 0.9246112623702971
0.38074790547368476 0.9246112623702971
0.38478830951408877 0.9246112623702971
0.38882871355449283 0.9246112623702971
0.3645862893120686 0.9286516664107012
0.3686266933524726 0.9286516664107012
0.3726670973928766 0.9286516664107012
0.3767075014332807 0.9286516664107012
0.35246507719085646 0.9326920704511052
0.35650548123126047 0.9326920704511052
0.36054588527166453 0.9326920704511052
0.3645862893120686 0.9326920704511052
0.3686266933524726 0.9326920704511052
0.3443842691100484 0.9367324744915093
0.34842467315045245 0.9367324744915093
0.35246507719085646 0.9367324744915093
0.35650548123126047 0.9367324744915093
0.33226305698883624 0.9407728785319134
0.3363034610292403 0.9407728785319134
0.3403438650696443 0.9407728785319134
0.3443842691100484 0.9407728785319134
0.3201418448676241 0.9448132825723174
0.32418224890802816 0.9448132825723174
0.3282226529484322 0.9448132825723174
0.33226305698883624 0.9448132825723174
0.3363034610292403 0.9448132825723174
0.308020632746412 0.9488536866127214
0.31206103678681607 0.9488536866127214
0.3161014408272201 0.9488536866127214
0.3201418448676241 0.9488536866127214
0.32418224890802816 0.9488536866127214
0.2999398246656039 0.9528940906531255
0.30398022870600794 0.9528940906531255
0.308020632746412 0.9528940906531255
0.31206103678681607 0.9528940906531255
0.2999398246656039 0.9569344946935294
