# x y
0.6999204397139527 0.710469848228883
0.6958800356735486 0.7145102522692871
0.6999204397139527 0.7145102522692871
0.6918396316331445 0.7185506563096911
0.6958800356735486 0.7185506563096911
0.6999204397139527 0.7185506563096911
0.6877992275927405 0.7225910603500951
0.6918396316331445 0.7225910603500951
0.6958800356735486 0.7225910603500951
0.6837588235523364 0.7266314643904992
0.6877992275927405 0.7266314643904992
0.6918396316331445 0.7266314643904992
0.6797184195119323 0.7306718684309033
0.6837588235523364 0.7306718684309033
0.6756780154715283 0.7347122724713073
0.6797184195119323 0.7347122724713073
0.6716376114311243 0.7387526765117113
0.6756780154715283 0.7387526765117113
0.6675972073907203 0.7427930805521153
0.6716376114311243 0.7427930805521153
0.6635568033503163 0.7468334845925194
0.6675972073907203 0.7468334845925194
0.6554759952695082 0.7508738886329235
0.6595163993099122 0.7508738886329235
0.6635568033503163 0.7508738886329235
0.6514355912291041 0.7549142926733274
0.6554759952695082 0.7549142926733274
0.6595163993099122 0.7549142926733274
0.6473951871887 0.7589546967137315
0.6514355912291041 0.7589546967137315
0.6554759952695082 0.7589546967137315
0.643354783148296 0.7629951007541356
0.6473951871887 0.7629951007541356
0.6514355912291041 0.7629951007541356
0.639314379107892 0.7670355047945396
0.643354783148296 0.7670355047945396
0.631233571027084 0.7710759088349436
0.635273975067488 0.7710759088349436
0.639314379107892 0.7710759088349436
0.6271931669866799 0.7751163128753477
0.631233571027084 0.7751163128753477
0.635273975067488 0.7751163128753477
0.6231527629462759 0.7791567169157517
0.6271931669866799 0.7791567169157517
0.631233571027084 0.7791567169157517
0.6191123589058718 0.7831971209561558
0.6231527629462759 0.7831971209561558
0.6271931669866799 0.7831971209561558
0.6110315508250637 0.7872375249965597
0.6150719548654677 0.7872375249965597
0.6191123589058718 0.7872375249965597
0.6069911467846596 0.7912779290369638
0.6110315508250637 0.7912779290369638
0.6150719548654677 0.7912779290369638
0.6029507427442556 0.7953183330773679
0.6069911467846596 0.7953183330773679
0.6110315508250637 0.7953183330773679
0.5948699346634476 0.799358737117772
0.5989103387038516 0.799358737117772
0.6029507427442556 0.799358737117772
0.5908295306230436 0.803399141158176
0.5948699346634476 0.803399141158176
0.5989103387038516 0.803399141158176
0.5867891265826395 0.80743954519858
0.5908295306230436 0.80743954519858
0.5948699346634476 0.80743954519858
0.5787083185018314 0.811479949238984
0.5827487225422354 0.811479949238984
0.5867891265826395 0.811479949238984
0.5746679144614273 0.8155203532793881
0.5787083185018314 0.8155203532793881
0.5827487225422354 0.8155203532793881
0.5665871063806193 0.819560757319792
0.5706275104210233 0.819560757319792
0.5746679144614273 0.819560757319792
0.5787083185018314 0.819560757319792
0.5625467023402153 0.8236011613601961
0.5665871063806193 0.8236011613601961
0.5706275104210233 0.8236011613601961
0.5585062982998112 0.8276415654006002
0.5625467023402153 0.8276415654006002
0.5665871063806193 0.8276415654006002
0.5504254902190031 0.8316819694410043
0.5544658942594072 0.8316819694410043
0.5585062982998112 0.8316819694410043
0.546385086178599 0.8357223734814083
0.5504254902190031 0.8357223734814083
0.5544658942594072 0.8357223734814083
0.538304278097791 0.8397627775218124
0.542344682138195 0.8397627775218124
0.546385086178599 0.8397627775218124
0.5302234700169829 0.8438031815622163
0.534263874057387 0.8438031815622163
0.538304278097791 0.8438031815622163
0.542344682138195 0.8438031815622163
0.5261830659765789 0.8478435856026204
0.5302234700169829 0.8478435856026204
0.534263874057387 0.8478435856026204
0.5181022578957708 0.8518839896430245
0.5221426619361749 0.8518839896430245
0.5261830659765789 0.8518839896430245
0.5302234700169829 0.8518839896430245
0.5100214498149627 0.8559243936834284
0.5140618538553667 0.8559243936834284
0.5181022578957708 0.8559243936834284
0.5221426619361749 0.8559243936834284
0.5059810457745586 0.8599647977238325
0.5100214498149627 0.8599647977238325
0.5140618538553667 0.8599647977238325
0.4979002376937506 0.8640052017642366
0.5019406417341546 0.8640052017642366
0.5059810457745586 0.8640052017642366
0.5100214498149627 0.8640052017642366
0.4898194296129425 0.8680456058046406
0.4938598336533465 0.8680456058046406
0.4979002376937506 0.8680456058046406
0.5019406417341546 0.8680456058046406
0.4857790255725385 0.8720860098450447
0.4898194296129425 0.8720860098450447
0.4938598336533465 0.8720860098450447
0.47769821749173036 0.8761264138854487
0.4817386215321344 0.8761264138854487
0.4857790255725385 0.8761264138854487
0.46961740941092234 0.8801668179258527
0.47365781345132635 0.8801668179258527
0.47769821749173036 0.8801668179258527
0.4817386215321344 0.8801668179258527
0.4615366013301142 0.8842072219662568
0.46557700537051827 0.8842072219662568
0.46961740941092234 0.8842072219662568
0.47365781345132635 0.8842072219662568
0.4534557932493061 0.8882476260066607
0.45749619728971014 0.8882476260066607
0.4615366013301142 0.8882476260066607
0.46557700537051827 0.8882476260066607
0.44537498516849805 0.8922880300470648
0.4494153892089021 0.8922880300470648
0.4534557932493061 0.8922880300470648
0.45749619728971014 0.8922880300470648
0.43729417708769 0.8963284340874689
0.441334581128094 0.8963284340874689
0.44537498516849805 0.8963284340874689
0.4494153892089021 0.8963284340874689
0.4292133690068819 0.9003688381278729
0.43325377304728596 0.9003688381278729
0.43729417708769 0.9003688381278729
0.441334581128094 0.9003688381278729
0.4211325609260738 0.904409242168277
0.42517296496647783 0.904409242168277
0.4292133690068819 0.904409242168277
0.43325377304728596 0.904409242168277
0.41305175284526574 0.9084496462086811
0.4170921568856698 0.9084496462086811
0.4211325609260738 0.9084496462086811
0.42517296496647783 0.9084496462086811
0.4009305407240536 0.912490050249085
0.40497094476445766 0.912490050249085
0.4090113488048617 0.912490050249085
0.41305175284526574 0.912490050249085
0.4170921568856698 0.912490050249085
0.3928497326432455 0.9165304542894891
0.3968901366836496 0.9165304542894891
0.4009305407240536 0.9165304542894891
0.40497094476445766 0.9165304542894891
0.38476892456243744 0.920570858329893
0.3888093286028415 0.920570858329893
0.3928497326432455 0.920570858329893
0.3968901366836496 0.920570858329893
0.3726477124412253 0.9246112623702971
0.37668811648162936 0.9246112623702971
0.38072852052203343 0.9246112623702971
0.38476892456243744 0.9246112623702971
0.3888093286028415 0.9246112623702971
0.3645669043604173 0.9286516664107012
0.3686073084008213 0.9286516664107012
0.3726477124412253 0.9286516664107012
0.37668811648162936 0.9286516664107012
0.35244569223920513 0.9326920704511052
0.35648609627960914 0.9326920704511052
0.3605265003200132 0.9326920704511052
0.3645669043604173 0.9326920704511052
0.3686073084008213 0.9326920704511052
0.340324480117993 0.9367324744915093
0.34436488415839706 0.9367324744915093
0.3484052881988011 0.9367324744915093
0.35244569223920513 0.9367324744915093
0.35648609627960914 0.9367324744915093
0.3282032679967809 0.9407728785319134
0.3322436720371849 0.9407728785319134
0.336284076077589 0.9407728785319134
0.340324480117993 0.9407728785319134
0.34436488415839706 0.9407728785319134
0.3484052881988011 0.9407728785319134
0.32012245991597277 0.9448132825723174
0.32416286395637683 0.9448132825723174
0.3282032679967809 0.9448132825723174
0.3322436720371849 0.9448132825723174
0.336284076077589 0.9448132825723174
0.3080012477947607 0.9488536866127214
0.31204165183516475 0.9488536866127214
0.31608205587556876 0.9488536866127214
0.32012245991597277 0.9488536866127214
0.32416286395637683 0.9488536866127214
0.2999204397139526 0.9528940906531255
0.3039608437543566 0.9528940906531255
0.3080012477947607 0.9528940906531255
0.31204165183516475 0.9528940906531255
0.2999204397139526 0.9569344946935294
