# x y
0.6999306925355344 0.710469848228883
0.6958902884951303 0.7145102522692871
0.6999306925355344 0.7145102522692871
0.6918498844547263 0.7185506563096911
0.6958902884951303 0.7185506563096911
0.6999306925355344 0.7185506563096911
0.6878094804143222 0.7225910603500951
0.6918498844547263 0.7225910603500951
0.6837690763739181 0.7266314643904992
0.6878094804143222 0.7266314643904992
0.6797286723335141 0.7306718684309033
0.6837690763739181 0.7306718684309033
0.67568826829311 0.7347122724713073
0.6797286723335141 0.7347122724713073
0.6716478642527061 0.7387526765117113
0.67568826829311 0.7387526765117113
0.667607460212302 0.7427930805521153
0.6716478642527061 0.7427930805521153
0.663567056171898 0.7468334845925194
0.667607460212302 0.7468334845925194
0.6554862480910899 0.7508738886329235
0.659526652131494 0.7508738886329235
0.663567056171898 0.7508738886329235
0.6514458440506858 0.7549142926733274
0.6554862480910899 0.7549142926733274
0.659526652131494 0.7549142926733274
0.6474054400102818 0.7589546967137315
0.6514458440506858 0.7589546967137315
0.6554862480910899 0.7589546967137315
0.6433650359698777 0.7629951007541356
0.6474054400102818 0.7629951007541356
0.6393246319294738 0.7670355047945396
0.6433650359698777 0.7670355047945396
0.6352842278890697 0.7710759088349436
0.6393246319294738 0.7710759088349436
0.6272034198082617 0.7751163128753477
0.6312438238486657 0.7751163128753477
0.6352842278890697 0.7751163128753477
0.6231630157678576 0.7791567169157517
0.6272034198082617 0.7791567169157517
0.6312438238486657 0.7791567169157517
0.6191226117274535 0.7831971209561558
0.6231630157678576 0.7831971209561558
0.6150822076870495 0.7872375249965597
0.6191226117274535 0.7872375249965597
0.6070013996062413 0.7912779290369638
0.6110418036466454 0.7912779290369638
0.6150822076870495 0.7912779290369638
0.6029609955658374 0.7953183330773679
0.6070013996062413 0.7953183330773679
0.6110418036466454 0.7953183330773679
0.5989205915254333 0.799358737117772
0.6029609955658374 0.799358737117772
0.5908397834446253 0.803399141158176
0.5948801874850294 0.803399141158176
0.5989205915254333 0.803399141158176
0.5867993794042212 0.80743954519858
0.5908397834446253 0.80743954519858
0.5948801874850294 0.80743954519858
0.5787185713234131 0.811479949238984
0.5827589753638172 0.811479949238984
0.5867993794042212 0.811479949238984
0.574678167283009 0.8155203532793881
0.5787185713234131 0.8155203532793881
0.5827589753638172 0.8155203532793881
0.5706377632426051 0.819560757319792
0.574678167283009 0.819560757319792
0.5787185713234131 0.819560757319792
0.562556955161797 0.8236011613601961
0.566597359202201 0.8236011613601961
0.5706377632426051 0.8236011613601961
0.558516551121393 0.8276415654006002
0.562556955161797 0.8276415654006002
0.566597359202201 0.8276415654006002
0.5504357430405848 0.8316819694410043
0.5544761470809889 0.8316819694410043
0.558516551121393 0.8316819694410043
0.5463953390001808 0.8357223734814083
0.5504357430405848 0.8357223734814083
0.5544761470809889 0.8357223734814083
0.5383145309193728 0.8397627775218124
0.5423549349597767 0.8397627775218124
0.5463953390001808 0.8397627775218124
0.5302337228385646 0.8438031815622163
0.5342741268789687 0.8438031815622163
0.5383145309193728 0.8438031815622163
0.5423549349597767 0.8438031815622163
0.5261933187981607 0.8478435856026204
0.5302337228385646 0.8478435856026204
0.5342741268789687 0.8478435856026204
0.5181125107173525 0.8518839896430245
0.5221529147577566 0.8518839896430245
0.5261933187981607 0.8518839896430245
0.5140721066769485 0.8559243936834284
0.5181125107173525 0.8559243936834284
0.5221529147577566 0.8559243936834284
0.5059912985961403 0.8599647977238325
0.5100317026365444 0.8599647977238325
0.5140721066769485 0.8599647977238325
0.4979104905153323 0.8640052017642366
0.5019508945557364 0.8640052017642366
0.5059912985961403 0.8640052017642366
0.5100317026365444 0.8640052017642366
0.48982968243452424 0.8680456058046406
0.49387008647492825 0.8680456058046406
0.4979104905153323 0.8680456058046406
0.5019508945557364 0.8680456058046406
0.4857892783941202 0.8720860098450447
0.48982968243452424 0.8720860098450447
0.49387008647492825 0.8720860098450447
0.4777084703133121 0.8761264138854487
0.48174887435371616 0.8761264138854487
0.4857892783941202 0.8761264138854487
0.4696276622325041 0.8801668179258527
0.4736680662729081 0.8801668179258527
0.4777084703133121 0.8801668179258527
0.46154685415169594 0.8842072219662568
0.4655872581921 0.8842072219662568
0.4696276622325041 0.8842072219662568
0.4736680662729081 0.8842072219662568
0.45346604607088786 0.8882476260066607
0.4575064501112919 0.8882476260066607
0.46154685415169594 0.8882476260066607
0.4655872581921 0.8882476260066607
0.4453852379900798 0.8922880300470648
0.44942564203048385 0.8922880300470648
0.45346604607088786 0.8922880300470648
0.4575064501112919 0.8922880300470648
0.4373044299092717 0.8963284340874689
0.4413448339496757 0.8963284340874689
0.4453852379900798 0.8963284340874689
0.44942564203048385 0.8963284340874689
0.42922362182846363 0.9003688381278729
0.4332640258688677 0.9003688381278729
0.4373044299092717 0.9003688381278729
0.4413448339496757 0.9003688381278729
0.42114281374765555 0.904409242168277
0.42518321778805956 0.904409242168277
0.42922362182846363 0.904409242168277
0.4332640258688677 0.904409242168277
0.4130620056668475 0.9084496462086811
0.41710240970725154 0.9084496462086811
0.42114281374765555 0.9084496462086811
0.42518321778805956 0.9084496462086811
0.40094079354563533 0.912490050249085
0.4049811975860394 0.912490050249085
0.4090216016264434 0.912490050249085
0.4130620056668475 0.912490050249085
0.41710240970725154 0.912490050249085
0.39285998546482725 0.9165304542894891
0.3969003895052313 0.9165304542894891
0.40094079354563533 0.9165304542894891
0.4049811975860394 0.9165304542894891
0.3847791773840192 0.920570858329893
0.38881958142442324 0.920570858329893
0.39285998546482725 0.920570858329893
0.3969003895052313 0.920570858329893
0.37265796526280703 0.9246112623702971
0.3766983693032111 0.9246112623702971
0.38073877334361517 0.9246112623702971
0.3847791773840192 0.9246112623702971
0.38881958142442324 0.9246112623702971
0.364577157181999 0.9286516664107012
0.368617561222403 0.9286516664107012
0.37265796526280703 0.9286516664107012
0.3766983693032111 0.9286516664107012
0.35245594506078687 0.9326920704511052
0.3564963491011909 0.9326920704511052
0.36053675314159495 0.9326920704511052
0.364577157181999 0.9326920704511052
0.368617561222403 0.9326920704511052
0.3403347329395747 0.9367324744915093
0.3443751369799788 0.9367324744915093
0.34841554102038286 0.9367324744915093
0.35245594506078687 0.9367324744915093
0.3564963491011909 0.9367324744915093
0.33225392485876665 0.9407728785319134
0.3362943288991707 0.9407728785319134
0.3403347329395747 0.9407728785319134
0.3443751369799788 0.9407728785319134
0.34841554102038286 0.9407728785319134
0.3201327127375545 0.9448132825723174
0.32417311677795857 0.9448132825723174
0.32821352081836264 0.9448132825723174
0.33225392485876665 0.9448132825723174
0.3362943288991707 0.9448132825723174
0.3080115006163424 0.9488536866127214
0.3120519046567465 0.9488536866127214
0.3160923086971505 0.9488536866127214
0.3201327127375545 0.9488536866127214
0.32417311677795857 0.9488536866127214
0.29993069253553434 0.9528940906531255
0.30397109657593835 0.9528940906531255
0.3080115006163424 0.9528940906531255
0.3120519046567465 0.9528940906531255
0.29993069253553434 0.9569344946935294
