# x y
0.695926103129821 0.7306718684309033
0.6918856990894169 0.7347122724713073
0.6636028708065886 0.7629951007541356
0.6595624667661846 0.7791567169157517
0.6393604465641645 0.7953183330773679
0.6312796384833563 0.803399141158176
0.6110776182813361 0.819560757319792
0.5827947899985078 0.8236011613601961
0.5868351940389118 0.8236011613601961
0.59491600211972 0.8316819694410043
0.5141079213116391 0.8720860098450447
0.49390590110961896 0.8801668179258527
0.501986709190427 0.8801668179258527
0.4696634768671947 0.8922880300470648
0.47370388090759874 0.8963284340874689
0.43734024454396236 0.9084496462086811
0.41309782030153813 0.920570858329893
0.41713822434194214 0.9246112623702971
0.3686533758570937 0.9407728785319134
0.3646129718166896 0.9609748987339335
