# x y
0.6636275107877585 0.7549142926733274
0.6676679148281626 0.7589546967137315
0.6555467027069504 0.7629951007541356
0.5989810461412939 0.80743954519858
0.5989810461412939 0.8155203532793881
0.5706982178584656 0.8276415654006002
0.5343345814948293 0.8518839896430245
0.510092157252405 0.8680456058046406
0.5141325612928089 0.8680456058046406
0.4939305410907888 0.8761264138854487
0.4656477128079605 0.9003688381278729
0.4414052885655363 0.912490050249085
0.413122460282708 0.9165304542894891
0.4050416522018999 0.920570858329893
0.42524367240392014 0.920570858329893
0.39696084412109184 0.9286516664107012
0.3767588239190716 0.9326920704511052
0.36059720775745546 0.9407728785319134
0.3444355915958393 0.9448132825723174
0.3242335713938191 0.9528940906531255
0.316152763313011 0.9569344946935294
0.29999114715139485 0.9609748987339335
0.316152763313011 0.9650153027743376
0.3040315511917989 0.9690557068147416
