# x y
0.6999118911493931 0.710469848228883
0.695871487108989 0.7145102522692871
0.6999118911493931 0.7145102522692871
0.6918310830685851 0.7185506563096911
0.695871487108989 0.7185506563096911
0.6999118911493931 0.7185506563096911
0.687790679028181 0.7225910603500951
0.6918310830685851 0.7225910603500951
0.695871487108989 0.7225910603500951
0.683750274987777 0.7266314643904992
0.687790679028181 0.7266314643904992
0.6918310830685851 0.7266314643904992
0.679709870947373 0.7306718684309033
0.683750274987777 0.7306718684309033
0.687790679028181 0.7306718684309033
0.6756694669069689 0.7347122724713073
0.679709870947373 0.7347122724713073
0.6716290628665649 0.7387526765117113
0.6756694669069689 0.7387526765117113
0.6675886588261608 0.7427930805521153
0.6716290628665649 0.7427930805521153
0.6595078507453527 0.7468334845925194
0.6635482547857567 0.7468334845925194
0.6675886588261608 0.7468334845925194
0.6554674467049487 0.7508738886329235
0.6595078507453527 0.7508738886329235
0.6635482547857567 0.7508738886329235
0.6514270426645447 0.7549142926733274
0.6554674467049487 0.7549142926733274
0.6595078507453527 0.7549142926733274
0.6473866386241407 0.7589546967137315
0.6514270426645447 0.7589546967137315
0.6554674467049487 0.7589546967137315
0.6433462345837366 0.7629951007541356
0.6473866386241407 0.7629951007541356
0.6514270426645447 0.7629951007541356
0.6393058305433326 0.7670355047945396
0.6433462345837366 0.7670355047945396
0.6312250224625244 0.7710759088349436
0.6352654265029285 0.7710759088349436
0.6393058305433326 0.7710759088349436
0.6271846184221204 0.7751163128753477
0.6312250224625244 0.7751163128753477
0.6352654265029285 0.7751163128753477
0.6231442143817163 0.7791567169157517
0.6271846184221204 0.7791567169157517
0.6312250224625244 0.7791567169157517
0.6191038103413123 0.7831971209561558
0.6231442143817163 0.7831971209561558
0.6271846184221204 0.7831971209561558
0.6110230022605043 0.7872375249965597
0.6150634063009083 0.7872375249965597
0.6191038103413123 0.7872375249965597
0.6069825982201003 0.7912779290369638
0.6110230022605043 0.7912779290369638
0.6150634063009083 0.7912779290369638
0.6029421941796962 0.7953183330773679
0.6069825982201003 0.7953183330773679
0.6110230022605043 0.7953183330773679
0.5948613860988881 0.799358737117772
0.5989017901392921 0.799358737117772
0.6029421941796962 0.799358737117772
0.6069825982201003 0.799358737117772
0.590820982058484 0.803399141158176
0.5948613860988881 0.803399141158176
0.5989017901392921 0.803399141158176
0.58678057801808 0.80743954519858
0.590820982058484 0.80743954519858
0.5948613860988881 0.80743954519858
0.578699769937272 0.811479949238984
0.582740173977676 0.811479949238984
0.58678057801808 0.811479949238984
0.574659365896868 0.8155203532793881
0.578699769937272 0.8155203532793881
0.582740173977676 0.8155203532793881
0.5665785578160598 0.819560757319792
0.5706189618564639 0.819560757319792
0.574659365896868 0.819560757319792
0.578699769937272 0.819560757319792
0.5625381537756557 0.8236011613601961
0.5665785578160598 0.8236011613601961
0.5706189618564639 0.8236011613601961
0.5544573456948476 0.8276415654006002
0.5584977497352517 0.8276415654006002
0.5625381537756557 0.8276415654006002
0.5665785578160598 0.8276415654006002
0.5504169416544437 0.8316819694410043
0.5544573456948476 0.8316819694410043
0.5584977497352517 0.8316819694410043
0.5423361335736356 0.8357223734814083
0.5463765376140396 0.8357223734814083
0.5504169416544437 0.8357223734814083
0.5544573456948476 0.8357223734814083
0.5382957295332316 0.8397627775218124
0.5423361335736356 0.8397627775218124
0.5463765376140396 0.8397627775218124
0.5302149214524234 0.8438031815622163
0.5342553254928275 0.8438031815622163
0.5382957295332316 0.8438031815622163
0.5423361335736356 0.8438031815622163
0.5261745174120194 0.8478435856026204
0.5302149214524234 0.8478435856026204
0.5342553254928275 0.8478435856026204
0.5180937093312113 0.8518839896430245
0.5221341133716153 0.8518839896430245
0.5261745174120194 0.8518839896430245
0.5302149214524234 0.8518839896430245
0.5100129012504032 0.8559243936834284
0.5140533052908073 0.8559243936834284
0.5180937093312113 0.8559243936834284
0.5221341133716153 0.8559243936834284
0.5059724972099993 0.8599647977238325
0.5100129012504032 0.8599647977238325
0.5140533052908073 0.8599647977238325
0.49789168912919113 0.8640052017642366
0.5019320931695952 0.8640052017642366
0.5059724972099993 0.8640052017642366
0.5100129012504032 0.8640052017642366
0.48981088104838305 0.8680456058046406
0.49385128508878706 0.8680456058046406
0.49789168912919113 0.8680456058046406
0.5019320931695952 0.8680456058046406
0.481730072967575 0.8720860098450447
0.48577047700797904 0.8720860098450447
0.48981088104838305 0.8720860098450447
0.49385128508878706 0.8720860098450447
0.4776896689271709 0.8761264138854487
0.481730072967575 0.8761264138854487
0.48577047700797904 0.8761264138854487
0.48981088104838305 0.8761264138854487
0.4696088608463629 0.8801668179258527
0.4736492648867669 0.8801668179258527
0.4776896689271709 0.8801668179258527
0.481730072967575 0.8801668179258527
0.46152805276555475 0.8842072219662568
0.4655684568059588 0.8842072219662568
0.4696088608463629 0.8842072219662568
0.4736492648867669 0.8842072219662568
0.4534472446847467 0.8882476260066607
0.4574876487251507 0.8882476260066607
0.46152805276555475 0.8882476260066607
0.4655684568059588 0.8882476260066607
0.4453664366039386 0.8922880300470648
0.44940684064434266 0.8922880300470648
0.4534472446847467 0.8922880300470648
0.4574876487251507 0.8922880300470648
0.4372856285231305 0.8963284340874689
0.44132603256353453 0.8963284340874689
0.4453664366039386 0.8963284340874689
0.44940684064434266 0.8963284340874689
0.42920482044232244 0.9003688381278729
0.4332452244827265 0.9003688381278729
0.4372856285231305 0.9003688381278729
0.44132603256353453 0.9003688381278729
0.42112401236151437 0.904409242168277
0.4251644164019184 0.904409242168277
0.42920482044232244 0.904409242168277
0.4332452244827265 0.904409242168277
0.4090028002403022 0.9084496462086811
0.4130432042807063 0.9084496462086811
0.41708360832111036 0.9084496462086811
0.42112401236151437 0.9084496462086811
0.4251644164019184 0.9084496462086811
0.40092199215949414 0.912490050249085
0.4049623961998982 0.912490050249085
0.4090028002403022 0.912490050249085
0.4130432042807063 0.912490050249085
0.41708360832111036 0.912490050249085
0.39284118407868607 0.9165304542894891
0.39688158811909013 0.9165304542894891
0.40092199215949414 0.9165304542894891
0.4049623961998982 0.9165304542894891
0.4090028002403022 0.9165304542894891
0.380719971957474 0.920570858329893
0.384760375997878 0.920570858329893
0.38880078003828206 0.920570858329893
0.39284118407868607 0.920570858329893
0.39688158811909013 0.920570858329893
0.37263916387666585 0.9246112623702971
0.3766795679170699 0.9246112623702971
0.380719971957474 0.9246112623702971
0.384760375997878 0.9246112623702971
0.38880078003828206 0.9246112623702971
0.36051795175545376 0.9286516664107012
0.3645583557958578 0.9286516664107012
0.36859875983626184 0.9286516664107012
0.37263916387666585 0.9286516664107012
0.3766795679170699 0.9286516664107012
0.380719971957474 0.9286516664107012
0.3524371436746457 0.9326920704511052
0.3564775477150497 0.9326920704511052
0.36051795175545376 0.9326920704511052
0.3645583557958578 0.9326920704511052
0.36859875983626184 0.9326920704511052
0.34031593155343354 0.9367324744915093
0.3443563355938376 0.9367324744915093
0.34839673963424167 0.9367324744915093
0.3524371436746457 0.9367324744915093
0.3564775477150497 0.9367324744915093
0.36051795175545376 0.9367324744915093
0.32819471943222145 0.9407728785319134
0.33223512347262546 0.9407728785319134
0.3362755275130295 0.9407728785319134
0.34031593155343354 0.9407728785319134
0.3443563355938376 0.9407728785319134
0.34839673963424167 0.9407728785319134
0.3160735073110093 0.9448132825723174
0.3201139113514133 0.9448132825723174
0.3241543153918174 0.9448132825723174
0.32819471943222145 0.9448132825723174
0.33223512347262546 0.9448132825723174
0.3362755275130295 0.9448132825723174
0.30395229518979716 0.9488536866127214
0.30799269923020123 0.9488536866127214
0.3120331032706053 0.9488536866127214
0.3160735073110093 0.9488536866127214
0.3201139113514133 0.9488536866127214
0.3241543153918174 0.9488536866127214
0.29991189114939315 0.9528940906531255
0.30395229518979716 0.9528940906531255
0.30799269923020123 0.9528940906531255
0.3120331032706053 0.9528940906531255
0.29991189114939315 0.9569344946935294
