# x y
0.6998884876579836 0.710469848228883
0.6958480836175795 0.7145102522692871
0.6998884876579836 0.7145102522692871
0.6918076795771755 0.7185506563096911
0.6958480836175795 0.7185506563096911
0.6998884876579836 0.7185506563096911
0.6877672755367714 0.7225910603500951
0.6918076795771755 0.7225910603500951
0.6958480836175795 0.7225910603500951
0.6837268714963673 0.7266314643904992
0.6877672755367714 0.7266314643904992
0.6918076795771755 0.7266314643904992
0.6796864674559633 0.7306718684309033
0.6837268714963673 0.7306718684309033
0.6877672755367714 0.7306718684309033
0.6756460634155592 0.7347122724713073
0.6796864674559633 0.7347122724713073
0.6837268714963673 0.7347122724713073
0.6716056593751553 0.7387526765117113
0.6756460634155592 0.7387526765117113
0.6796864674559633 0.7387526765117113
0.6635248512943472 0.7427930805521153
0.6675652553347512 0.7427930805521153
0.6716056593751553 0.7427930805521153
0.6594844472539432 0.7468334845925194
0.6635248512943472 0.7468334845925194
0.6675652553347512 0.7468334845925194
0.6554440432135391 0.7508738886329235
0.6594844472539432 0.7508738886329235
0.6635248512943472 0.7508738886329235
0.651403639173135 0.7549142926733274
0.6554440432135391 0.7549142926733274
0.6594844472539432 0.7549142926733274
0.647363235132731 0.7589546967137315
0.651403639173135 0.7589546967137315
0.6554440432135391 0.7589546967137315
0.6433228310923269 0.7629951007541356
0.647363235132731 0.7629951007541356
0.651403639173135 0.7629951007541356
0.6352420230115189 0.7670355047945396
0.639282427051923 0.7670355047945396
0.6433228310923269 0.7670355047945396
0.647363235132731 0.7670355047945396
0.6312016189711149 0.7710759088349436
0.6352420230115189 0.7710759088349436
0.639282427051923 0.7710759088349436
0.6271612149307109 0.7751163128753477
0.6312016189711149 0.7751163128753477
0.6352420230115189 0.7751163128753477
0.6231208108903068 0.7791567169157517
0.6271612149307109 0.7791567169157517
0.6312016189711149 0.7791567169157517
0.6150400028094987 0.7831971209561558
0.6190804068499027 0.7831971209561558
0.6231208108903068 0.7831971209561558
0.6271612149307109 0.7831971209561558
0.6109995987690946 0.7872375249965597
0.6150400028094987 0.7872375249965597
0.6190804068499027 0.7872375249965597
0.6231208108903068 0.7872375249965597
0.6069591947286905 0.7912779290369638
0.6109995987690946 0.7912779290369638
0.6150400028094987 0.7912779290369638
0.6029187906882866 0.7953183330773679
0.6069591947286905 0.7953183330773679
0.6109995987690946 0.7953183330773679
0.5948379826074786 0.799358737117772
0.5988783866478825 0.799358737117772
0.6029187906882866 0.799358737117772
0.6069591947286905 0.799358737117772
0.5907975785670745 0.803399141158176
0.5948379826074786 0.803399141158176
0.5988783866478825 0.803399141158176
0.5827167704862664 0.80743954519858
0.5867571745266704 0.80743954519858
0.5907975785670745 0.80743954519858
0.5948379826074786 0.80743954519858
0.5786763664458623 0.811479949238984
0.5827167704862664 0.811479949238984
0.5867571745266704 0.811479949238984
0.5907975785670745 0.811479949238984
0.5746359624054582 0.8155203532793881
0.5786763664458623 0.8155203532793881
0.5827167704862664 0.8155203532793881
0.5665551543246502 0.819560757319792
0.5705955583650543 0.819560757319792
0.5746359624054582 0.819560757319792
0.5786763664458623 0.819560757319792
0.5625147502842462 0.8236011613601961
0.5665551543246502 0.8236011613601961
0.5705955583650543 0.8236011613601961
0.5544339422034381 0.8276415654006002
0.5584743462438422 0.8276415654006002
0.5625147502842462 0.8276415654006002
0.5665551543246502 0.8276415654006002
0.550393538163034 0.8316819694410043
0.5544339422034381 0.8316819694410043
0.5584743462438422 0.8316819694410043
0.5625147502842462 0.8316819694410043
0.5423127300822259 0.8357223734814083
0.54635313412263 0.8357223734814083
0.550393538163034 0.8357223734814083
0.5544339422034381 0.8357223734814083
0.538272326041822 0.8397627775218124
0.5423127300822259 0.8397627775218124
0.54635313412263 0.8397627775218124
0.550393538163034 0.8397627775218124
0.5301915179610138 0.8438031815622163
0.5342319220014179 0.8438031815622163
0.538272326041822 0.8438031815622163
0.5423127300822259 0.8438031815622163
0.5221107098802058 0.8478435856026204
0.5261511139206099 0.8478435856026204
0.5301915179610138 0.8478435856026204
0.5342319220014179 0.8478435856026204
0.5180703058398017 0.8518839896430245
0.5221107098802058 0.8518839896430245
0.5261511139206099 0.8518839896430245
0.5301915179610138 0.8518839896430245
0.5099894977589936 0.8559243936834284
0.5140299017993977 0.8559243936834284
0.5180703058398017 0.8559243936834284
0.5221107098802058 0.8559243936834284
0.5019086896781856 0.8599647977238325
0.5059490937185895 0.8599647977238325
0.5099894977589936 0.8599647977238325
0.5140299017993977 0.8599647977238325
0.5180703058398017 0.8599647977238325
0.4978682856377815 0.8640052017642366
0.5019086896781856 0.8640052017642366
0.5059490937185895 0.8640052017642366
0.5099894977589936 0.8640052017642366
0.48978747755697344 0.8680456058046406
0.49382788159737745 0.8680456058046406
0.4978682856377815 0.8680456058046406
0.5019086896781856 0.8680456058046406
0.48170666947616536 0.8720860098450447
0.4857470735165694 0.8720860098450447
0.48978747755697344 0.8720860098450447
0.49382788159737745 0.8720860098450447
0.4978682856377815 0.8720860098450447
0.4736258613953573 0.8761264138854487
0.4776662654357613 0.8761264138854487
0.48170666947616536 0.8761264138854487
0.4857470735165694 0.8761264138854487
0.48978747755697344 0.8761264138854487
0.4655450533145492 0.8801668179258527
0.4695854573549533 0.8801668179258527
0.4736258613953573 0.8801668179258527
0.4776662654357613 0.8801668179258527
0.48170666947616536 0.8801668179258527
0.46150464927414514 0.8842072219662568
0.4655450533145492 0.8842072219662568
0.4695854573549533 0.8842072219662568
0.4736258613953573 0.8842072219662568
0.45342384119333706 0.8882476260066607
0.4574642452337411 0.8882476260066607
0.46150464927414514 0.8882476260066607
0.4655450533145492 0.8882476260066607
0.445343033112529 0.8922880300470648
0.44938343715293305 0.8922880300470648
0.45342384119333706 0.8922880300470648
0.4574642452337411 0.8922880300470648
0.4372622250317209 0.8963284340874689
0.4413026290721249 0.8963284340874689
0.445343033112529 0.8963284340874689
0.44938343715293305 0.8963284340874689
0.42514101291050876 0.9003688381278729
0.42918141695091283 0.9003688381278729
0.4332218209913169 0.9003688381278729
0.4372622250317209 0.9003688381278729
0.4413026290721249 0.9003688381278729
0.41706020482970074 0.904409242168277
0.42110060887010475 0.904409242168277
0.42514101291050876 0.904409242168277
0.42918141695091283 0.904409242168277
0.4332218209913169 0.904409242168277
0.4089793967488926 0.9084496462086811
0.4130198007892967 0.9084496462086811
0.41706020482970074 0.9084496462086811
0.42110060887010475 0.9084496462086811
0.42514101291050876 0.9084496462086811
0.40089858866808453 0.912490050249085
0.4049389927084886 0.912490050249085
0.4089793967488926 0.912490050249085
0.4130198007892967 0.912490050249085
0.41706020482970074 0.912490050249085
0.39281778058727645 0.9165304542894891
0.3968581846276805 0.9165304542894891
0.40089858866808453 0.9165304542894891
0.4049389927084886 0.9165304542894891
0.4089793967488926 0.9165304542894891
0.38069656846606437 0.920570858329893
0.3847369725064684 0.920570858329893
0.38877737654687244 0.920570858329893
0.39281778058727645 0.920570858329893
0.3968581846276805 0.920570858329893
0.40089858866808453 0.920570858329893
0.37261576038525623 0.9246112623702971
0.3766561644256603 0.9246112623702971
0.38069656846606437 0.9246112623702971
0.3847369725064684 0.9246112623702971
0.38877737654687244 0.9246112623702971
0.36049454826404415 0.9286516664107012
0.3645349523044482 0.9286516664107012
0.3685753563448522 0.9286516664107012
0.37261576038525623 0.9286516664107012
0.3766561644256603 0.9286516664107012
0.38069656846606437 0.9286516664107012
0.35241374018323607 0.9326920704511052
0.3564541442236401 0.9326920704511052
0.36049454826404415 0.9326920704511052
0.3645349523044482 0.9326920704511052
0.3685753563448522 0.9326920704511052
0.3402925280620239 0.9367324744915093
0.344332932102428 0.9367324744915093
0.34837333614283206 0.9367324744915093
0.35241374018323607 0.9367324744915093
0.3564541442236401 0.9367324744915093
0.36049454826404415 0.9367324744915093
0.32817131594081184 0.9407728785319134
0.33221171998121585 0.9407728785319134
0.3362521240216199 0.9407728785319134
0.3402925280620239 0.9407728785319134
0.344332932102428 0.9407728785319134
0.34837333614283206 0.9407728785319134
0.3160501038195997 0.9448132825723174
0.3200905078600037 0.9448132825723174
0.32413091190040777 0.9448132825723174
0.32817131594081184 0.9448132825723174
0.33221171998121585 0.9448132825723174
0.3362521240216199 0.9448132825723174
0.30392889169838755 0.9488536866127214
0.3079692957387916 0.9488536866127214
0.3120096997791957 0.9488536866127214
0.3160501038195997 0.9488536866127214
0.3200905078600037 0.9488536866127214
0.32413091190040777 0.9488536866127214
0.32817131594081184 0.9488536866127214
0.29988848765798354 0.9528940906531255
0.30392889169838755 0.9528940906531255
0.3079692957387916 0.9528940906531255
0.3120096997791957 0.9528940906531255
0.3160501038195997 0.9528940906531255
0.29988848765798354 0.9569344946935294
0.30392889169838755 0.9569344946935294
