# x y
0.6919058149796491 0.7306718684309033
0.683825006898841 0.7387526765117113
0.6717037947776289 0.7508738886329235
0.6191785422523763 0.7953183330773679
0.6353401584139925 0.799358737117772
0.5989765220503561 0.8155203532793881
0.5949361180099522 0.8316819694410043
0.5585724816463158 0.8397627775218124
0.5464512695251036 0.8478435856026204
0.5666532897271238 0.8518839896430245
0.5020068250806592 0.8720860098450447
0.5302896533634874 0.8761264138854487
0.4737239967978309 0.8882476260066607
0.48988561295944705 0.9003688381278729
0.4252391483129824 0.920570858329893
0.39695632003015413 0.9286516664107012
0.38887551194934605 0.9367324744915093
0.3161482392220733 0.9650153027743376
0.30402702710086116 0.9690557068147416
