# x y
0.6676484098044062 0.7549142926733274
0.643405985561982 0.7791567169157517
0.6595676017235982 0.7791567169157517
0.6312847734407699 0.803399141158176
0.5989615411175375 0.811479949238984
0.5989615411175375 0.8155203532793881
0.6110827532387497 0.819560757319792
0.5949211370771336 0.8316819694410043
0.538355480511477 0.8518839896430245
0.5060322481882447 0.8720860098450447
0.49391103606703257 0.8801668179258527
0.5019918441478406 0.8801668179258527
0.4777494199054164 0.8882476260066607
0.4656282077842043 0.9003688381278729
0.4898706320266285 0.9003688381278729
0.3605777027336992 0.9488536866127214
