# x y
0.6993190239499514 0.702389040148075
0.6952786199095473 0.706429444188479
0.6993190239499514 0.706429444188479
0.6912382158691434 0.710469848228883
0.6952786199095473 0.710469848228883
0.6993190239499514 0.710469848228883
0.6871978118287393 0.7145102522692871
0.6912382158691434 0.7145102522692871
0.6952786199095473 0.7145102522692871
0.6993190239499514 0.7145102522692871
0.6831574077883352 0.7185506563096911
0.6871978118287393 0.7185506563096911
0.6912382158691434 0.7185506563096911
0.6952786199095473 0.7185506563096911
0.6993190239499514 0.7185506563096911
0.6791170037479313 0.7225910603500951
0.6831574077883352 0.7225910603500951
0.6871978118287393 0.7225910603500951
0.6912382158691434 0.7225910603500951
0.6952786199095473 0.7225910603500951
0.6993190239499514 0.7225910603500951
0.6750765997075272 0.7266314643904992
0.6791170037479313 0.7266314643904992
0.6831574077883352 0.7266314643904992
0.6871978118287393 0.7266314643904992
0.6912382158691434 0.7266314643904992
0.6952786199095473 0.7266314643904992
0.6993190239499514 0.7266314643904992
0.6669957916267191 0.7306718684309033
0.6710361956671231 0.7306718684309033
0.6750765997075272 0.7306718684309033
0.6791170037479313 0.7306718684309033
0.6831574077883352 0.7306718684309033
0.6871978118287393 0.7306718684309033
0.6912382158691434 0.7306718684309033
0.6952786199095473 0.7306718684309033
0.662955387586315 0.7347122724713073
0.6669957916267191 0.7347122724713073
0.6710361956671231 0.7347122724713073
0.6750765997075272 0.7347122724713073
0.6791170037479313 0.7347122724713073
0.6831574077883352 0.7347122724713073
0.6871978118287393 0.7347122724713073
0.6912382158691434 0.7347122724713073
0.6589149835459109 0.7387526765117113
0.662955387586315 0.7387526765117113
0.6669957916267191 0.7387526765117113
0.6710361956671231 0.7387526765117113
0.6750765997075272 0.7387526765117113
0.6791170037479313 0.7387526765117113
0.6831574077883352 0.7387526765117113
0.6871978118287393 0.7387526765117113
0.654874579505507 0.7427930805521153
0.6589149835459109 0.7427930805521153
0.662955387586315 0.7427930805521153
0.6669957916267191 0.7427930805521153
0.6710361956671231 0.7427930805521153
0.6750765997075272 0.7427930805521153
0.6791170037479313 0.7427930805521153
0.6831574077883352 0.7427930805521153
0.6508341754651029 0.7468334845925194
0.654874579505507 0.7468334845925194
0.6589149835459109 0.7468334845925194
0.662955387586315 0.7468334845925194
0.6669957916267191 0.7468334845925194
0.6710361956671231 0.7468334845925194
0.6750765997075272 0.7468334845925194
0.646793771424699 0.7508738886329235
0.6508341754651029 0.7508738886329235
0.654874579505507 0.7508738886329235
0.6589149835459109 0.7508738886329235
0.662955387586315 0.7508738886329235
0.6669957916267191 0.7508738886329235
0.6710361956671231 0.7508738886329235
0.6427533673842949 0.7549142926733274
0.646793771424699 0.7549142926733274
0.6508341754651029 0.7549142926733274
0.654874579505507 0.7549142926733274
0.6589149835459109 0.7549142926733274
0.662955387586315 0.7549142926733274
0.6669957916267191 0.7549142926733274
0.6346725593034868 0.7589546967137315
0.6387129633438908 0.7589546967137315
0.6427533673842949 0.7589546967137315
0.646793771424699 0.7589546967137315
0.6508341754651029 0.7589546967137315
0.654874579505507 0.7589546967137315
0.6589149835459109 0.7589546967137315
0.662955387586315 0.7589546967137315
0.6306321552630827 0.7629951007541356
0.6346725593034868 0.7629951007541356
0.6387129633438908 0.7629951007541356
0.6427533673842949 0.7629951007541356
0.646793771424699 0.7629951007541356
0.6508341754651029 0.7629951007541356
0.654874579505507 0.7629951007541356
0.6589149835459109 0.7629951007541356
0.6265917512226786 0.7670355047945396
0.6306321552630827 0.7670355047945396
0.6346725593034868 0.7670355047945396
0.6387129633438908 0.7670355047945396
0.6427533673842949 0.7670355047945396
0.646793771424699 0.7670355047945396
0.6508341754651029 0.7670355047945396
0.654874579505507 0.7670355047945396
0.6225513471822746 0.7710759088349436
0.6265917512226786 0.7710759088349436
0.6306321552630827 0.7710759088349436
0.6346725593034868 0.7710759088349436
0.6387129633438908 0.7710759088349436
0.6427533673842949 0.7710759088349436
0.646793771424699 0.7710759088349436
0.6508341754651029 0.7710759088349436
0.6144705391014665 0.7751163128753477
0.6185109431418706 0.7751163128753477
0.6225513471822746 0.7751163128753477
0.6265917512226786 0.7751163128753477
0.6306321552630827 0.7751163128753477
0.6346725593034868 0.7751163128753477
0.6387129633438908 0.7751163128753477
0.6427533673842949 0.7751163128753477
0.646793771424699 0.7751163128753477
0.6104301350610626 0.7791567169157517
0.6144705391014665 0.7791567169157517
0.6185109431418706 0.7791567169157517
0.6225513471822746 0.7791567169157517
0.6265917512226786 0.7791567169157517
0.6306321552630827 0.7791567169157517
0.6346725593034868 0.7791567169157517
0.6387129633438908 0.7791567169157517
0.6063897310206585 0.7831971209561558
0.6104301350610626 0.7831971209561558
0.6144705391014665 0.7831971209561558
0.6185109431418706 0.7831971209561558
0.6225513471822746 0.7831971209561558
0.6265917512226786 0.7831971209561558
0.6306321552630827 0.7831971209561558
0.6346725593034868 0.7831971209561558
0.6023493269802545 0.7872375249965597
0.6063897310206585 0.7872375249965597
0.6104301350610626 0.7872375249965597
0.6144705391014665 0.7872375249965597
0.6185109431418706 0.7872375249965597
0.6225513471822746 0.7872375249965597
0.6265917512226786 0.7872375249965597
0.6306321552630827 0.7872375249965597
0.5942685188994463 0.7912779290369638
0.5983089229398504 0.7912779290369638
0.6023493269802545 0.7912779290369638
0.6063897310206585 0.7912779290369638
0.6104301350610626 0.7912779290369638
0.6144705391014665 0.7912779290369638
0.6185109431418706 0.7912779290369638
0.6225513471822746 0.7912779290369638
0.6265917512226786 0.7912779290369638
0.5902281148590423 0.7953183330773679
0.5942685188994463 0.7953183330773679
0.5983089229398504 0.7953183330773679
0.6023493269802545 0.7953183330773679
0.6063897310206585 0.7953183330773679
0.6104301350610626 0.7953183330773679
0.6144705391014665 0.7953183330773679
0.6185109431418706 0.7953183330773679
0.5861877108186383 0.799358737117772
0.5902281148590423 0.799358737117772
0.5942685188994463 0.799358737117772
0.5983089229398504 0.799358737117772
0.6023493269802545 0.799358737117772
0.6063897310206585 0.799358737117772
0.6104301350610626 0.799358737117772
0.6144705391014665 0.799358737117772
0.5781069027378303 0.803399141158176
0.5821473067782342 0.803399141158176
0.5861877108186383 0.803399141158176
0.5902281148590423 0.803399141158176
0.5942685188994463 0.803399141158176
0.5983089229398504 0.803399141158176
0.6023493269802545 0.803399141158176
0.6063897310206585 0.803399141158176
0.6104301350610626 0.803399141158176
0.5740664986974262 0.80743954519858
0.5781069027378303 0.80743954519858
0.5821473067782342 0.80743954519858
0.5861877108186383 0.80743954519858
0.5902281148590423 0.80743954519858
0.5942685188994463 0.80743954519858
0.5983089229398504 0.80743954519858
0.6023493269802545 0.80743954519858
0.6063897310206585 0.80743954519858
0.5659856906166181 0.811479949238984
0.5700260946570221 0.811479949238984
0.5740664986974262 0.811479949238984
0.5781069027378303 0.811479949238984
0.5821473067782342 0.811479949238984
0.5861877108186383 0.811479949238984
0.5902281148590423 0.811479949238984
0.5942685188994463 0.811479949238984
0.5983089229398504 0.811479949238984
0.561945286576214 0.8155203532793881
0.5659856906166181 0.8155203532793881
0.5700260946570221 0.8155203532793881
0.5740664986974262 0.8155203532793881
0.5781069027378303 0.8155203532793881
0.5821473067782342 0.8155203532793881
0.5861877108186383 0.8155203532793881
0.5902281148590423 0.8155203532793881
0.5942685188994463 0.8155203532793881
0.5538644784954059 0.819560757319792
0.5579048825358099 0.819560757319792
0.561945286576214 0.819560757319792
0.5659856906166181 0.819560757319792
0.5700260946570221 0.819560757319792
0.5740664986974262 0.819560757319792
0.5781069027378303 0.819560757319792
0.5821473067782342 0.819560757319792
0.5861877108186383 0.819560757319792
0.5498240744550019 0.8236011613601961
0.5538644784954059 0.8236011613601961
0.5579048825358099 0.8236011613601961
0.561945286576214 0.8236011613601961
0.5659856906166181 0.8236011613601961
0.5700260946570221 0.8236011613601961
0.5740664986974262 0.8236011613601961
0.5781069027378303 0.8236011613601961
0.5821473067782342 0.8236011613601961
0.5417432663741939 0.8276415654006002
0.5457836704145979 0.8276415654006002
0.5498240744550019 0.8276415654006002
0.5538644784954059 0.8276415654006002
0.5579048825358099 0.8276415654006002
0.561945286576214 0.8276415654006002
0.5659856906166181 0.8276415654006002
0.5700260946570221 0.8276415654006002
0.5740664986974262 0.8276415654006002
0.5781069027378303 0.8276415654006002
0.5377028623337898 0.8316819694410043
0.5417432663741939 0.8316819694410043
0.5457836704145979 0.8316819694410043
0.5498240744550019 0.8316819694410043
0.5538644784954059 0.8316819694410043
0.5579048825358099 0.8316819694410043
0.561945286576214 0.8316819694410043
0.5659856906166181 0.8316819694410043
0.5700260946570221 0.8316819694410043
0.5296220542529817 0.8357223734814083
0.5336624582933858 0.8357223734814083
0.5377028623337898 0.8357223734814083
0.5417432663741939 0.8357223734814083
0.5457836704145979 0.8357223734814083
0.5498240744550019 0.8357223734814083
0.5538644784954059 0.8357223734814083
0.5579048825358099 0.8357223734814083
0.561945286576214 0.8357223734814083
0.5659856906166181 0.8357223734814083
0.5255816502125776 0.8397627775218124
0.5296220542529817 0.8397627775218124
0.5336624582933858 0.8397627775218124
0.5377028623337898 0.8397627775218124
0.5417432663741939 0.8397627775218124
0.5457836704145979 0.8397627775218124
0.5498240744550019 0.8397627775218124
0.5538644784954059 0.8397627775218124
0.5579048825358099 0.8397627775218124
0.5175008421317696 0.8438031815622163
0.5215412461721736 0.8438031815622163
0.5255816502125776 0.8438031815622163
0.5296220542529817 0.8438031815622163
0.5336624582933858 0.8438031815622163
0.5377028623337898 0.8438031815622163
0.5417432663741939 0.8438031815622163
0.5457836704145979 0.8438031815622163
0.5498240744550019 0.8438031815622163
0.5538644784954059 0.8438031815622163
0.5094200340509615 0.8478435856026204
0.5134604380913655 0.8478435856026204
0.5175008421317696 0.8478435856026204
0.5215412461721736 0.8478435856026204
0.5255816502125776 0.8478435856026204
0.5296220542529817 0.8478435856026204
0.5336624582933858 0.8478435856026204
0.5377028623337898 0.8478435856026204
0.5417432663741939 0.8478435856026204
0.5457836704145979 0.8478435856026204
0.5053796300105575 0.8518839896430245
0.5094200340509615 0.8518839896430245
0.5134604380913655 0.8518839896430245
0.5175008421317696 0.8518839896430245
0.5215412461721736 0.8518839896430245
0.5255816502125776 0.8518839896430245
0.5296220542529817 0.8518839896430245
0.5336624582933858 0.8518839896430245
0.5377028623337898 0.8518839896430245
0.5417432663741939 0.8518839896430245
0.4972988219297494 0.8559243936834284
0.5013392259701535 0.8559243936834284
0.5053796300105575 0.8559243936834284
0.5094200340509615 0.8559243936834284
0.5134604380913655 0.8559243936834284
0.5175008421317696 0.8559243936834284
0.5215412461721736 0.8559243936834284
0.5255816502125776 0.8559243936834284
0.5296220542529817 0.8559243936834284
0.5336624582933858 0.8559243936834284
0.4892180138489413 0.8599647977238325
0.4932584178893453 0.8599647977238325
0.4972988219297494 0.8599647977238325
0.5013392259701535 0.8599647977238325
0.5053796300105575 0.8599647977238325
0.5094200340509615 0.8599647977238325
0.5134604380913655 0.8599647977238325
0.5175008421317696 0.8599647977238325
0.5215412461721736 0.8599647977238325
0.5255816502125776 0.8599647977238325
0.5296220542529817 0.8599647977238325
0.4851776098085373 0.8640052017642366
0.4892180138489413 0.8640052017642366
0.4932584178893453 0.8640052017642366
0.4972988219297494 0.8640052017642366
0.5013392259701535 0.8640052017642366
0.5053796300105575 0.8640052017642366
0.5094200340509615 0.8640052017642366
0.5134604380913655 0.8640052017642366
0.5175008421317696 0.8640052017642366
0.5215412461721736 0.8640052017642366
0.47709680172772917 0.8680456058046406
0.48113720576813324 0.8680456058046406
0.4851776098085373 0.8680456058046406
0.4892180138489413 0.8680456058046406
0.4932584178893453 0.8680456058046406
0.4972988219297494 0.8680456058046406
0.5013392259701535 0.8680456058046406
0.5053796300105575 0.8680456058046406
0.5094200340509615 0.8680456058046406
0.5134604380913655 0.8680456058046406
0.46901599364692115 0.8720860098450447
0.47305639768732516 0.8720860098450447
0.47709680172772917 0.8720860098450447
0.48113720576813324 0.8720860098450447
0.4851776098085373 0.8720860098450447
0.4892180138489413 0.8720860098450447
0.4932584178893453 0.8720860098450447
0.4972988219297494 0.8720860098450447
0.5013392259701535 0.8720860098450447
0.5053796300105575 0.8720860098450447
0.5094200340509615 0.8720860098450447
0.460935185566113 0.8761264138854487
0.4649755896065171 0.8761264138854487
0.46901599364692115 0.8761264138854487
0.47305639768732516 0.8761264138854487
0.47709680172772917 0.8761264138854487
0.48113720576813324 0.8761264138854487
0.4851776098085373 0.8761264138854487
0.4892180138489413 0.8761264138854487
0.4932584178893453 0.8761264138854487
0.4972988219297494 0.8761264138854487
0.5013392259701535 0.8761264138854487
0.45285437748530494 0.8801668179258527
0.45689478152570895 0.8801668179258527
0.460935185566113 0.8801668179258527
0.4649755896065171 0.8801668179258527
0.46901599364692115 0.8801668179258527
0.47305639768732516 0.8801668179258527
0.47709680172772917 0.8801668179258527
0.48113720576813324 0.8801668179258527
0.4851776098085373 0.8801668179258527
0.4892180138489413 0.8801668179258527
0.4932584178893453 0.8801668179258527
0.44477356940449686 0.8842072219662568
0.4488139734449009 0.8842072219662568
0.45285437748530494 0.8842072219662568
0.45689478152570895 0.8842072219662568
0.460935185566113 0.8842072219662568
0.4649755896065171 0.8842072219662568
0.46901599364692115 0.8842072219662568
0.47305639768732516 0.8842072219662568
0.47709680172772917 0.8842072219662568
0.48113720576813324 0.8842072219662568
0.4851776098085373 0.8842072219662568
0.4366927613236888 0.8882476260066607
0.4407331653640928 0.8882476260066607
0.44477356940449686 0.8882476260066607
0.4488139734449009 0.8882476260066607
0.45285437748530494 0.8882476260066607
0.45689478152570895 0.8882476260066607
0.460935185566113 0.8882476260066607
0.4649755896065171 0.8882476260066607
0.46901599364692115 0.8882476260066607
0.47305639768732516 0.8882476260066607
0.47709680172772917 0.8882476260066607
0.48113720576813324 0.8882476260066607
0.4286119532428807 0.8922880300470648
0.43265235728328477 0.8922880300470648
0.4366927613236888 0.8922880300470648
0.4407331653640928 0.8922880300470648
0.44477356940449686 0.8922880300470648
0.4488139734449009 0.8922880300470648
0.45285437748530494 0.8922880300470648
0.45689478152570895 0.8922880300470648
0.460935185566113 0.8922880300470648
0.4649755896065171 0.8922880300470648
0.46901599364692115 0.8922880300470648
0.47305639768732516 0.8922880300470648
0.42053114516207263 0.8963284340874689
0.42457154920247664 0.8963284340874689
0.4286119532428807 0.8963284340874689
0.43265235728328477 0.8963284340874689
0.4366927613236888 0.8963284340874689
0.4407331653640928 0.8963284340874689
0.44477356940449686 0.8963284340874689
0.4488139734449009 0.8963284340874689
0.45285437748530494 0.8963284340874689
0.45689478152570895 0.8963284340874689
0.460935185566113 0.8963284340874689
0.4649755896065171 0.8963284340874689
0.41245033708126455 0.9003688381278729
0.4164907411216686 0.9003688381278729
0.42053114516207263 0.9003688381278729
0.42457154920247664 0.9003688381278729
0.4286119532428807 0.9003688381278729
0.43265235728328477 0.9003688381278729
0.4366927613236888 0.9003688381278729
0.4407331653640928 0.9003688381278729
0.44477356940449686 0.9003688381278729
0.4488139734449009 0.9003688381278729
0.45285437748530494 0.9003688381278729
0.45689478152570895 0.9003688381278729
0.4043695290004565 0.904409242168277
0.4084099330408605 0.904409242168277
0.41245033708126455 0.904409242168277
0.4164907411216686 0.904409242168277
0.42053114516207263 0.904409242168277
0.42457154920247664 0.904409242168277
0.4286119532428807 0.904409242168277
0.43265235728328477 0.904409242168277
0.4366927613236888 0.904409242168277
0.4407331653640928 0.904409242168277
0.44477356940449686 0.904409242168277
0.4488139734449009 0.904409242168277
0.39224831687924433 0.9084496462086811
0.3962887209196484 0.9084496462086811
0.4003291249600524 0.9084496462086811
0.4043695290004565 0.9084496462086811
0.4084099330408605 0.9084496462086811
0.41245033708126455 0.9084496462086811
0.4164907411216686 0.9084496462086811
0.42053114516207263 0.9084496462086811
0.42457154920247664 0.9084496462086811
0.4286119532428807 0.9084496462086811
0.43265235728328477 0.9084496462086811
0.4366927613236888 0.9084496462086811
0.4407331653640928 0.9084496462086811
0.38416750879843625 0.912490050249085
0.3882079128388403 0.912490050249085
0.39224831687924433 0.912490050249085
0.3962887209196484 0.912490050249085
0.4003291249600524 0.912490050249085
0.4043695290004565 0.912490050249085
0.4084099330408605 0.912490050249085
0.41245033708126455 0.912490050249085
0.4164907411216686 0.912490050249085
0.42053114516207263 0.912490050249085
0.42457154920247664 0.912490050249085
0.4286119532428807 0.912490050249085
0.43265235728328477 0.912490050249085
0.3720462966772241 0.9165304542894891
0.3760867007176282 0.9165304542894891
0.38012710475803224 0.9165304542894891
0.38416750879843625 0.9165304542894891
0.3882079128388403 0.9165304542894891
0.39224831687924433 0.9165304542894891
0.3962887209196484 0.9165304542894891
0.4003291249600524 0.9165304542894891
0.4043695290004565 0.9165304542894891
0.4084099330408605 0.9165304542894891
0.41245033708126455 0.9165304542894891
0.4164907411216686 0.9165304542894891
0.42053114516207263 0.9165304542894891
0.3639654885964161 0.920570858329893
0.3680058926368201 0.920570858329893
0.3720462966772241 0.920570858329893
0.3760867007176282 0.920570858329893
0.38012710475803224 0.920570858329893
0.38416750879843625 0.920570858329893
0.3882079128388403 0.920570858329893
0.39224831687924433 0.920570858329893
0.3962887209196484 0.920570858329893
0.4003291249600524 0.920570858329893
0.4043695290004565 0.920570858329893
0.4084099330408605 0.920570858329893
0.41245033708126455 0.920570858329893
0.35184427647520394 0.9246112623702971
0.35588468051560795 0.9246112623702971
0.359925084556012 0.9246112623702971
0.3639654885964161 0.9246112623702971
0.3680058926368201 0.9246112623702971
0.3720462966772241 0.9246112623702971
0.3760867007176282 0.9246112623702971
0.38012710475803224 0.9246112623702971
0.38416750879843625 0.9246112623702971
0.3882079128388403 0.9246112623702971
0.39224831687924433 0.9246112623702971
0.3962887209196484 0.9246112623702971
0.4003291249600524 0.9246112623702971
0.4043695290004565 0.9246112623702971
0.34376346839439587 0.9286516664107012
0.34780387243479993 0.9286516664107012
0.35184427647520394 0.9286516664107012
0.35588468051560795 0.9286516664107012
0.359925084556012 0.9286516664107012
0.3639654885964161 0.9286516664107012
0.3680058926368201 0.9286516664107012
0.3720462966772241 0.9286516664107012
0.3760867007176282 0.9286516664107012
0.38012710475803224 0.9286516664107012
0.38416750879843625 0.9286516664107012
0.3882079128388403 0.9286516664107012
0.39224831687924433 0.9286516664107012
0.3962887209196484 0.9286516664107012
0.3316422562731837 0.9326920704511052
0.3356826603135878 0.9326920704511052
0.3397230643539918 0.9326920704511052
0.34376346839439587 0.9326920704511052
0.34780387243479993 0.9326920704511052
0.35184427647520394 0.9326920704511052
0.35588468051560795 0.9326920704511052
0.359925084556012 0.9326920704511052
0.3639654885964161 0.9326920704511052
0.3680058926368201 0.9326920704511052
0.3720462966772241 0.9326920704511052
0.3760867007176282 0.9326920704511052
0.38012710475803224 0.9326920704511052
0.38416750879843625 0.9326920704511052
0.3195210441519716 0.9367324744915093
0.32356144819237564 0.9367324744915093
0.3276018522327797 0.9367324744915093
0.3316422562731837 0.9367324744915093
0.3356826603135878 0.9367324744915093
0.3397230643539918 0.9367324744915093
0.34376346839439587 0.9367324744915093
0.34780387243479993 0.9367324744915093
0.35184427647520394 0.9367324744915093
0.35588468051560795 0.9367324744915093
0.359925084556012 0.9367324744915093
0.3639654885964161 0.9367324744915093
0.3680058926368201 0.9367324744915093
0.3720462966772241 0.9367324744915093
0.3760867007176282 0.9367324744915093
0.3073998320307595 0.9407728785319134
0.31144023607116356 0.9407728785319134
0.31548064011156757 0.9407728785319134
0.3195210441519716 0.9407728785319134
0.32356144819237564 0.9407728785319134
0.3276018522327797 0.9407728785319134
0.3316422562731837 0.9407728785319134
0.3356826603135878 0.9407728785319134
0.3397230643539918 0.9407728785319134
0.34376346839439587 0.9407728785319134
0.34780387243479993 0.9407728785319134
0.35184427647520394 0.9407728785319134
0.35588468051560795 0.9407728785319134
0.359925084556012 0.9407728785319134
0.3639654885964161 0.9407728785319134
0.2993190239499514 0.9448132825723174
0.3033594279903554 0.9448132825723174
0.3073998320307595 0.9448132825723174
0.31144023607116356 0.9448132825723174
0.31548064011156757 0.9448132825723174
0.3195210441519716 0.9448132825723174
0.32356144819237564 0.9448132825723174
0.3276018522327797 0.9448132825723174
0.3316422562731837 0.9448132825723174
0.3356826603135878 0.9448132825723174
0.3397230643539918 0.9448132825723174
0.34376346839439587 0.9448132825723174
0.34780387243479993 0.9448132825723174
0.35184427647520394 0.9448132825723174
0.35588468051560795 0.9448132825723174
0.2993190239499514 0.9488536866127214
0.3033594279903554 0.9488536866127214
0.3073998320307595 0.9488536866127214
0.31144023607116356 0.9488536866127214
0.31548064011156757 0.9488536866127214
0.3195210441519716 0.9488536866127214
0.32356144819237564 0.9488536866127214
0.3276018522327797 0.9488536866127214
0.3316422562731837 0.9488536866127214
0.3356826603135878 0.9488536866127214
0.3397230643539918 0.9488536866127214
0.34376346839439587 0.9488536866127214
0.2993190239499514 0.9528940906531255
0.3033594279903554 0.9528940906531255
0.3073998320307595 0.9528940906531255
0.31144023607116356 0.9528940906531255
0.31548064011156757 0.9528940906531255
0.3195210441519716 0.9528940906531255
0.32356144819237564 0.9528940906531255
0.3276018522327797 0.9528940906531255
0.3316422562731837 0.9528940906531255
0.2993190239499514 0.9569344946935294
0.3033594279903554 0.9569344946935294
0.3073998320307595 0.9569344946935294
0.31144023607116356 0.9569344946935294
0.31548064011156757 0.9569344946935294
0.3195210441519716 0.9569344946935294
0.2993190239499514 0.9609748987339335
0.3033594279903554 0.9609748987339335
0.3073998320307595 0.9609748987339335
