# x y
0.6999674996179861 0.7145102522692871
0.695927095577582 0.7185506563096911
0.691886691537178 0.7225910603500951
0.6838058834563698 0.7266314643904992
0.6878462874967739 0.7266314643904992
0.6797654794159658 0.7306718684309033
0.6838058834563698 0.7306718684309033
0.6757250753755617 0.7347122724713073
0.6797654794159658 0.7347122724713073
0.6716846713351577 0.7387526765117113
0.6757250753755617 0.7387526765117113
0.6676442672947537 0.7427930805521153
0.6716846713351577 0.7427930805521153
0.6636038632543497 0.7468334845925194
0.6676442672947537 0.7468334845925194
0.6595634592139457 0.7508738886329235
0.6636038632543497 0.7508738886329235
0.6555230551735416 0.7549142926733274
0.6514826511331375 0.7589546967137315
0.6434018430523294 0.7629951007541356
0.6474422470927335 0.7629951007541356
0.6393614390119254 0.7670355047945396
0.6434018430523294 0.7670355047945396
0.6353210349715214 0.7710759088349436
0.6393614390119254 0.7710759088349436
0.6312806309311174 0.7751163128753477
0.6353210349715214 0.7751163128753477
0.6231998228503093 0.7791567169157517
0.6272402268907133 0.7791567169157517
0.6191594188099052 0.7831971209561558
0.6231998228503093 0.7831971209561558
0.6151190147695011 0.7872375249965597
0.6191594188099052 0.7872375249965597
0.6110786107290971 0.7912779290369638
0.6151190147695011 0.7912779290369638
0.6029978026482891 0.7953183330773679
0.607038206688693 0.7953183330773679
0.598957398607885 0.799358737117772
0.6029978026482891 0.799358737117772
0.594916994567481 0.803399141158176
0.598957398607885 0.803399141158176
0.5868361864866729 0.80743954519858
0.590876590527077 0.80743954519858
0.5827957824462688 0.811479949238984
0.5868361864866729 0.811479949238984
0.5747149743654607 0.8155203532793881
0.5787553784058648 0.8155203532793881
0.5706745703250568 0.819560757319792
0.5747149743654607 0.819560757319792
0.5666341662846527 0.8236011613601961
0.5706745703250568 0.8236011613601961
0.5585533582038447 0.8276415654006002
0.5625937622442487 0.8276415654006002
0.5545129541634406 0.8316819694410043
0.5585533582038447 0.8316819694410043
0.5464321460826325 0.8357223734814083
0.5504725501230365 0.8357223734814083
0.5423917420422284 0.8397627775218124
0.5464321460826325 0.8397627775218124
0.5343109339614204 0.8438031815622163
0.5383513380018244 0.8438031815622163
0.5262301258806124 0.8478435856026204
0.5302705299210163 0.8478435856026204
0.5343109339614204 0.8478435856026204
0.5221897218402083 0.8518839896430245
0.5262301258806124 0.8518839896430245
0.5141089137594002 0.8559243936834284
0.5181493177998042 0.8559243936834284
0.506028105678592 0.8599647977238325
0.5100685097189961 0.8599647977238325
0.5141089137594002 0.8599647977238325
0.5019877016381881 0.8640052017642366
0.506028105678592 0.8640052017642366
0.49390689355737993 0.8680456058046406
0.497947297597784 0.8680456058046406
0.4858260854765719 0.8720860098450447
0.4898664895169759 0.8720860098450447
0.49390689355737993 0.8720860098450447
0.4777452773957638 0.8761264138854487
0.48178568143616785 0.8761264138854487
0.4858260854765719 0.8761264138854487
0.47370487335535977 0.8801668179258527
0.4777452773957638 0.8801668179258527
0.4656240652745517 0.8842072219662568
0.46966446931495576 0.8842072219662568
0.45754325719374356 0.8882476260066607
0.4615836612341476 0.8882476260066607
0.44946244911293554 0.8922880300470648
0.45350285315333955 0.8922880300470648
0.4413816410321274 0.8963284340874689
0.44542204507253147 0.8963284340874689
0.4333008329513194 0.9003688381278729
0.4373412369917234 0.9003688381278729
0.42117962083010724 0.904409242168277
0.42522002487051125 0.904409242168277
0.4292604289109153 0.904409242168277
0.41309881274929916 0.9084496462086811
0.4171392167897032 0.9084496462086811
0.42117962083010724 0.9084496462086811
0.4050180046684911 0.912490050249085
0.4090584087088951 0.912490050249085
0.41309881274929916 0.912490050249085
0.396937196587683 0.9165304542894891
0.400977600628087 0.9165304542894891
0.4050180046684911 0.9165304542894891
0.38481598446647086 0.920570858329893
0.38885638850687493 0.920570858329893
0.39289679254727894 0.920570858329893
0.3767351763856628 0.9246112623702971
0.38077558042606685 0.9246112623702971
0.38481598446647086 0.9246112623702971
0.3686543683048547 0.9286516664107012
0.3726947723452587 0.9286516664107012
0.3767351763856628 0.9286516664107012
0.35653315618364256 0.9326920704511052
0.36057356022404663 0.9326920704511052
0.3646139642644507 0.9326920704511052
0.3444119440624305 0.9367324744915093
0.34845234810283454 0.9367324744915093
0.35249275214323855 0.9367324744915093
0.33229073194121833 0.9407728785319134
0.3363311359816224 0.9407728785319134
0.3403715400220264 0.9407728785319134
0.3444119440624305 0.9407728785319134
0.32420992386041025 0.9448132825723174
0.3282503279008143 0.9448132825723174
0.33229073194121833 0.9448132825723174
0.31208871173919817 0.9488536866127214
0.3161291157796022 0.9488536866127214
0.3201695198200062 0.9488536866127214
0.299967499617986 0.9528940906531255
0.30400790365839003 0.9528940906531255
0.3080483076987941 0.9528940906531255
