# x y
0.6999654356697125 0.7266314643904992
0.6959250316293084 0.7306718684309033
0.6918846275889043 0.7347122724713073
0.6838038195080962 0.7427930805521153
0.6636017993060761 0.7629951007541356
0.659561395265672 0.7791567169157517
0.6353189710232479 0.7872375249965597
0.6312785669828438 0.803399141158176
0.6110765467808236 0.819560757319792
0.5949149306192074 0.8316819694410043
0.49794523364951043 0.8761264138854487
0.4939048296091064 0.8801668179258527
0.5019856376899144 0.8801668179258527
0.4130967488010256 0.920570858329893
0.4171371528414296 0.9246112623702971
0.3726927083969852 0.9367324744915093
0.36865230435658114 0.9407728785319134
0.3646119003161771 0.9609748987339335
0.3201674558717327 0.9771365148955498
