# x y
0.6635821042825398 0.7629951007541356
0.6352992759997116 0.7872375249965597
0.5948952355956711 0.8155203532793881
0.5948952355956711 0.8316819694410043
0.5302487709492065 0.8761264138854487
0.5221679628683984 0.8801668179258527
0.485804326504762 0.8882476260066607
0.41711745781789333 0.9246112623702971
0.3645922052926408 0.9407728785319134
0.38075382145425696 0.9407728785319134
0.3605518012522368 0.9488536866127214
0.3201477608481964 0.9569344946935294
0.30802654872698426 0.9609748987339335
0.3282285689290045 0.9609748987339335
0.3645922052926408 0.9609748987339335
