# x y
0.6999847914194406 0.7145102522692871
0.6959443873790365 0.7185506563096911
0.6919039833386325 0.7225910603500951
0.6878635792982284 0.7266314643904992
0.6838231752578243 0.7306718684309033
0.6797827712174203 0.7347122724713073
0.6717019631366122 0.7387526765117113
0.6757423671770162 0.7387526765117113
0.6676615590962082 0.7427930805521153
0.6717019631366122 0.7427930805521153
0.6636211550558042 0.7468334845925194
0.6595807510154001 0.7508738886329235
0.6555403469749961 0.7549142926733274
0.651499942934592 0.7589546967137315
0.647459538894188 0.7629951007541356
0.6393787308133799 0.7670355047945396
0.6434191348537839 0.7670355047945396
0.6353383267729759 0.7710759088349436
0.6312979227325719 0.7751163128753477
0.6272575186921678 0.7791567169157517
0.6232171146517638 0.7831971209561558
0.6151363065709556 0.7872375249965597
0.6191767106113597 0.7872375249965597
0.6110959025305516 0.7912779290369638
0.6070554984901475 0.7953183330773679
0.5989746904093395 0.799358737117772
0.6030150944497435 0.799358737117772
0.5949342863689355 0.803399141158176
0.5908938823285315 0.80743954519858
0.5828130742477233 0.811479949238984
0.5868534782881274 0.811479949238984
0.5787726702073193 0.8155203532793881
0.5706918621265112 0.819560757319792
0.5747322661669152 0.819560757319792
0.5666514580861072 0.8236011613601961
0.5585706500052992 0.8276415654006002
0.5626110540457032 0.8276415654006002
0.5545302459648951 0.8316819694410043
0.546449437884087 0.8357223734814083
0.550489841924491 0.8357223734814083
0.5424090338436829 0.8397627775218124
0.5343282257628749 0.8438031815622163
0.5383686298032789 0.8438031815622163
0.5302878217224708 0.8478435856026204
0.5222070136416628 0.8518839896430245
0.5262474176820668 0.8518839896430245
0.5141262055608546 0.8559243936834284
0.5181666096012587 0.8559243936834284
0.5100858015204506 0.8599647977238325
0.5020049934396426 0.8640052017642366
0.5060453974800465 0.8640052017642366
0.4939241853588344 0.8680456058046406
0.4979645893992385 0.8680456058046406
0.4898837813184304 0.8720860098450447
0.48180297323762233 0.8761264138854487
0.47372216515681426 0.8801668179258527
0.47776256919721827 0.8801668179258527
0.4656413570760062 0.8842072219662568
0.46968176111641025 0.8842072219662568
0.45756054899519805 0.8882476260066607
0.4616009530356021 0.8882476260066607
0.44947974091439 0.8922880300470648
0.45352014495479404 0.8922880300470648
0.4413989328335819 0.8963284340874689
0.44543933687398596 0.8963284340874689
0.43331812475277387 0.9003688381278729
0.4373585287931779 0.9003688381278729
0.42523731667196574 0.904409242168277
0.4292777207123698 0.904409242168277
0.4171565085911577 0.9084496462086811
0.4211969126315617 0.9084496462086811
0.4090757005103496 0.912490050249085
0.41311610455075365 0.912490050249085
0.3969544883891375 0.9165304542894891
0.4009948924295415 0.9165304542894891
0.3888736803083294 0.920570858329893
0.39291408434873343 0.920570858329893
0.3767524681871173 0.9246112623702971
0.38079287222752134 0.9246112623702971
0.38483327626792535 0.9246112623702971
0.3686716601063092 0.9286516664107012
0.3727120641467132 0.9286516664107012
0.35655044798509705 0.9326920704511052
0.3605908520255011 0.9326920704511052
0.3646312560659052 0.9326920704511052
0.34846963990428903 0.9367324744915093
0.35251004394469304 0.9367324744915093
0.3363484277830769 0.9407728785319134
0.3403888318234809 0.9407728785319134
0.32422721566186474 0.9448132825723174
0.3282676197022688 0.9448132825723174
0.3323080237426728 0.9448132825723174
0.31210600354065265 0.9488536866127214
0.31614640758105667 0.9488536866127214
0.3201868116214607 0.9488536866127214
0.2999847914194405 0.9528940906531255
0.3040251954598445 0.9528940906531255
0.3080655995002486 0.9528940906531255
