# x y
0.6999847914194406 0.7225910603500951
0.6959443873790365 0.7266314643904992
0.6717019631366122 0.7508738886329235
0.6191767106113597 0.7953183330773679
0.6353383267729759 0.799358737117772
0.5989746904093395 0.8155203532793881
0.5949342863689355 0.8316819694410043
0.5585706500052992 0.8397627775218124
0.546449437884087 0.8478435856026204
0.5222070136416628 0.8599647977238325
0.5020049934396426 0.8720860098450447
0.5302878217224708 0.8761264138854487
0.4656413570760062 0.9003688381278729
0.3969544883891375 0.9286516664107012
0.31614640758105667 0.9650153027743376
0.3040251954598445 0.9690557068147416
