# x y
0.631269399505369 0.7872375249965597
0.6353098035457729 0.7872375249965597
0.6151077833437528 0.803399141158176
0.5949057631417326 0.8316819694410043
0.5221784904144599 0.8640052017642366
0.5019764702124396 0.8801668179258527
0.437330005565975 0.9084496462086811
0.4171279853639548 0.9246112623702971
0.3686431368791063 0.9407728785319134
0.3807643490003184 0.9407728785319134
0.40096636920233863 0.9448132825723174
0.3484411166770861 0.9488536866127214
0.36460273283870226 0.9609748987339335
0.3080370762730457 0.9811769189359537
