# x y
0.6999911441790605 0.7145102522692871
0.6959507401386564 0.7185506563096911
0.6919103360982525 0.7225910603500951
0.6878699320578484 0.7266314643904992
0.6838295280174443 0.7306718684309033
0.6797891239770404 0.7347122724713073
0.6757487199366363 0.7387526765117113
0.6676679118558282 0.7427930805521153
0.6636275078154241 0.7468334845925194
0.6595871037750201 0.7508738886329235
0.6555466997346161 0.7549142926733274
0.651506295694212 0.7589546967137315
0.6474658916538081 0.7629951007541356
0.643425487613404 0.7670355047945396
0.6353446795325959 0.7710759088349436
0.6313042754921918 0.7751163128753477
0.6272638714517877 0.7791567169157517
0.6232234674113837 0.7831971209561558
0.6151426593305757 0.7872375249965597
0.6111022552901717 0.7912779290369638
0.6070618512497676 0.7953183330773679
0.5989810431689595 0.799358737117772
0.6030214472093636 0.799358737117772
0.5949406391285554 0.803399141158176
0.5909002350881514 0.80743954519858
0.5828194270073433 0.811479949238984
0.5868598310477474 0.811479949238984
0.5787790229669394 0.8155203532793881
0.5747386189265353 0.819560757319792
0.5666578108457272 0.8236011613601961
0.5626174068053231 0.8276415654006002
0.554536598724515 0.8316819694410043
0.550496194684111 0.8357223734814083
0.542415386603303 0.8397627775218124
0.5343345785224949 0.8438031815622163
0.538374982562899 0.8438031815622163
0.5302941744820908 0.8478435856026204
0.5222133664012827 0.8518839896430245
0.5262537704416868 0.8518839896430245
0.5181729623608787 0.8559243936834284
0.5100921542800706 0.8599647977238325
0.5020113461992626 0.8640052017642366
0.5060517502396666 0.8640052017642366
0.49393053811845444 0.8680456058046406
0.4979709421588585 0.8680456058046406
0.48989013407805043 0.8720860098450447
0.48180932599724235 0.8761264138854487
0.4737285179164343 0.8801668179258527
0.4777689219568383 0.8801668179258527
0.4656477098356262 0.8842072219662568
0.46968811387603027 0.8842072219662568
0.45756690175481807 0.8882476260066607
0.46160730579522213 0.8882476260066607
0.44948609367401005 0.8922880300470648
0.45352649771441406 0.8922880300470648
0.4414052855932019 0.8963284340874689
0.445445689633606 0.8963284340874689
0.4333244775123939 0.9003688381278729
0.4373648815527979 0.9003688381278729
0.42524366943158576 0.904409242168277
0.4292840734719898 0.904409242168277
0.41716286135077774 0.9084496462086811
0.42120326539118175 0.9084496462086811
0.4090820532699696 0.912490050249085
0.3969608411487575 0.9165304542894891
0.4010012451891615 0.9165304542894891
0.38888003306794944 0.920570858329893
0.39292043710835345 0.920570858329893
0.38079922498714136 0.9246112623702971
0.38483962902754537 0.9246112623702971
0.3686780128659292 0.9286516664107012
0.3727184169063332 0.9286516664107012
0.36059720478512114 0.9326920704511052
0.3646376088255252 0.9326920704511052
0.34847599266390905 0.9367324744915093
0.35251639670431306 0.9367324744915093
0.3363547805426969 0.9407728785319134
0.3403951845831009 0.9407728785319134
0.32423356842148476 0.9448132825723174
0.32827397246188883 0.9448132825723174
0.33231437650229284 0.9448132825723174
0.3121123563002727 0.9488536866127214
0.3161527603406767 0.9488536866127214
0.3201931643810807 0.9488536866127214
0.29999114417906053 0.9528940906531255
0.30403154821946454 0.9528940906531255
0.3080719522598686 0.9528940906531255
