# x y
0.6636275078154241 0.7549142926733274
0.6676679118558282 0.7589546967137315
0.6555466997346161 0.7629951007541356
0.5989810431689595 0.80743954519858
0.5989810431689595 0.8155203532793881
0.5706982148861313 0.8276415654006002
0.5343345785224949 0.8518839896430245
0.5100921542800706 0.8680456058046406
0.5141325583204747 0.8680456058046406
0.49393053811845444 0.8761264138854487
0.4656477098356262 0.9003688381278729
0.4414052855932019 0.912490050249085
0.41312245731037367 0.9165304542894891
0.4050416492295656 0.920570858329893
0.42524366943158576 0.920570858329893
0.3969608411487575 0.9286516664107012
0.3767588209467373 0.9326920704511052
0.36059720478512114 0.9407728785319134
0.344435588623505 0.9448132825723174
0.32423356842148476 0.9528940906531255
0.3161527603406767 0.9569344946935294
0.29999114417906053 0.9609748987339335
0.3161527603406767 0.9650153027743376
0.30403154821946454 0.9690557068147416
