# x y
0.6969638199264573 0.6943082320672669
0.6969638199264573 0.698348636107671
0.6929234158860532 0.702389040148075
0.6969638199264573 0.702389040148075
0.6888830118456493 0.706429444188479
0.6929234158860532 0.706429444188479
0.6969638199264573 0.706429444188479
0.6848426078052452 0.710469848228883
0.6888830118456493 0.710469848228883
0.6929234158860532 0.710469848228883
0.6969638199264573 0.710469848228883
0.6808022037648411 0.7145102522692871
0.6848426078052452 0.7145102522692871
0.6888830118456493 0.7145102522692871
0.6929234158860532 0.7145102522692871
0.6969638199264573 0.7145102522692871
0.672721395684033 0.7185506563096911
0.6767617997244371 0.7185506563096911
0.6808022037648411 0.7185506563096911
0.6848426078052452 0.7185506563096911
0.6888830118456493 0.7185506563096911
0.6929234158860532 0.7185506563096911
0.6969638199264573 0.7185506563096911
0.6686809916436289 0.7225910603500951
0.672721395684033 0.7225910603500951
0.6767617997244371 0.7225910603500951
0.6808022037648411 0.7225910603500951
0.6848426078052452 0.7225910603500951
0.6888830118456493 0.7225910603500951
0.6929234158860532 0.7225910603500951
0.6969638199264573 0.7225910603500951
0.6606001835628209 0.7266314643904992
0.6646405876032249 0.7266314643904992
0.6686809916436289 0.7266314643904992
0.672721395684033 0.7266314643904992
0.6767617997244371 0.7266314643904992
0.6808022037648411 0.7266314643904992
0.6848426078052452 0.7266314643904992
0.6888830118456493 0.7266314643904992
0.6929234158860532 0.7266314643904992
0.6969638199264573 0.7266314643904992
0.6606001835628209 0.7306718684309033
0.6646405876032249 0.7306718684309033
0.6686809916436289 0.7306718684309033
0.672721395684033 0.7306718684309033
0.6767617997244371 0.7306718684309033
0.6808022037648411 0.7306718684309033
0.6848426078052452 0.7306718684309033
0.6888830118456493 0.7306718684309033
0.6929234158860532 0.7306718684309033
0.6969638199264573 0.7306718684309033
0.6565597795224168 0.7347122724713073
0.6606001835628209 0.7347122724713073
0.6646405876032249 0.7347122724713073
0.6686809916436289 0.7347122724713073
0.672721395684033 0.7347122724713073
0.6767617997244371 0.7347122724713073
0.6808022037648411 0.7347122724713073
0.6848426078052452 0.7347122724713073
0.6888830118456493 0.7347122724713073
0.6929234158860532 0.7347122724713073
0.6444385674012048 0.7387526765117113
0.6525193754820129 0.7387526765117113
0.6565597795224168 0.7387526765117113
0.6606001835628209 0.7387526765117113
0.6646405876032249 0.7387526765117113
0.6686809916436289 0.7387526765117113
0.672721395684033 0.7387526765117113
0.6767617997244371 0.7387526765117113
0.6808022037648411 0.7387526765117113
0.6848426078052452 0.7387526765117113
0.6888830118456493 0.7387526765117113
0.6484789714416088 0.7427930805521153
0.6525193754820129 0.7427930805521153
0.6565597795224168 0.7427930805521153
0.6606001835628209 0.7427930805521153
0.6646405876032249 0.7427930805521153
0.6686809916436289 0.7427930805521153
0.672721395684033 0.7427930805521153
0.6767617997244371 0.7427930805521153
0.6808022037648411 0.7427930805521153
0.6848426078052452 0.7427930805521153
0.6403981633608007 0.7468334845925194
0.6444385674012048 0.7468334845925194
0.6484789714416088 0.7468334845925194
0.6525193754820129 0.7468334845925194
0.6565597795224168 0.7468334845925194
0.6606001835628209 0.7468334845925194
0.6646405876032249 0.7468334845925194
0.6686809916436289 0.7468334845925194
0.672721395684033 0.7468334845925194
0.6767617997244371 0.7468334845925194
0.6808022037648411 0.7468334845925194
0.6363577593203966 0.7508738886329235
0.6403981633608007 0.7508738886329235
0.6444385674012048 0.7508738886329235
0.6484789714416088 0.7508738886329235
0.6525193754820129 0.7508738886329235
0.6565597795224168 0.7508738886329235
0.6606001835628209 0.7508738886329235
0.6646405876032249 0.7508738886329235
0.6686809916436289 0.7508738886329235
0.672721395684033 0.7508738886329235
0.6767617997244371 0.7508738886329235
0.6323173552799926 0.7549142926733274
0.6363577593203966 0.7549142926733274
0.6403981633608007 0.7549142926733274
0.6444385674012048 0.7549142926733274
0.6484789714416088 0.7549142926733274
0.6525193754820129 0.7549142926733274
0.6565597795224168 0.7549142926733274
0.6606001835628209 0.7549142926733274
0.6646405876032249 0.7549142926733274
0.6686809916436289 0.7549142926733274
0.672721395684033 0.7549142926733274
0.6282769512395886 0.7589546967137315
0.6323173552799926 0.7589546967137315
0.6363577593203966 0.7589546967137315
0.6403981633608007 0.7589546967137315
0.6444385674012048 0.7589546967137315
0.6484789714416088 0.7589546967137315
0.6525193754820129 0.7589546967137315
0.6565597795224168 0.7589546967137315
0.6606001835628209 0.7589546967137315
0.6646405876032249 0.7589546967137315
0.6686809916436289 0.7589546967137315
0.6161557391183765 0.7629951007541356
0.6201961431587805 0.7629951007541356
0.6242365471991845 0.7629951007541356
0.6282769512395886 0.7629951007541356
0.6323173552799926 0.7629951007541356
0.6363577593203966 0.7629951007541356
0.6403981633608007 0.7629951007541356
0.6444385674012048 0.7629951007541356
0.6484789714416088 0.7629951007541356
0.6525193754820129 0.7629951007541356
0.6565597795224168 0.7629951007541356
0.6606001835628209 0.7629951007541356
0.6646405876032249 0.7629951007541356
0.6121153350779724 0.7670355047945396
0.6161557391183765 0.7670355047945396
0.6201961431587805 0.7670355047945396
0.6242365471991845 0.7670355047945396
0.6282769512395886 0.7670355047945396
0.6323173552799926 0.7670355047945396
0.6363577593203966 0.7670355047945396
0.6403981633608007 0.7670355047945396
0.6444385674012048 0.7670355047945396
0.6484789714416088 0.7670355047945396
0.6525193754820129 0.7670355047945396
0.6565597795224168 0.7670355047945396
0.6121153350779724 0.7710759088349436
0.6161557391183765 0.7710759088349436
0.6201961431587805 0.7710759088349436
0.6242365471991845 0.7710759088349436
0.6282769512395886 0.7710759088349436
0.6323173552799926 0.7710759088349436
0.6363577593203966 0.7710759088349436
0.6403981633608007 0.7710759088349436
0.6444385674012048 0.7710759088349436
0.6484789714416088 0.7710759088349436
0.6525193754820129 0.7710759088349436
0.5999941229567602 0.7751163128753477
0.6040345269971643 0.7751163128753477
0.6080749310375684 0.7751163128753477
0.6121153350779724 0.7751163128753477
0.6161557391183765 0.7751163128753477
0.6201961431587805 0.7751163128753477
0.6242365471991845 0.7751163128753477
0.6282769512395886 0.7751163128753477
0.6323173552799926 0.7751163128753477
0.6363577593203966 0.7751163128753477
0.6403981633608007 0.7751163128753477
0.6444385674012048 0.7751163128753477
0.6484789714416088 0.7751163128753477
0.5999941229567602 0.7791567169157517
0.6040345269971643 0.7791567169157517
0.6080749310375684 0.7791567169157517
0.6121153350779724 0.7791567169157517
0.6161557391183765 0.7791567169157517
0.6201961431587805 0.7791567169157517
0.6242365471991845 0.7791567169157517
0.6282769512395886 0.7791567169157517
0.6323173552799926 0.7791567169157517
0.6363577593203966 0.7791567169157517
0.6403981633608007 0.7791567169157517
0.6444385674012048 0.7791567169157517
0.5959537189163562 0.7831971209561558
0.5999941229567602 0.7831971209561558
0.6040345269971643 0.7831971209561558
0.6080749310375684 0.7831971209561558
0.6121153350779724 0.7831971209561558
0.6161557391183765 0.7831971209561558
0.6201961431587805 0.7831971209561558
0.6242365471991845 0.7831971209561558
0.6282769512395886 0.7831971209561558
0.6323173552799926 0.7831971209561558
0.6363577593203966 0.7831971209561558
0.6403981633608007 0.7831971209561558
0.5838325067951442 0.7872375249965597
0.5878729108355482 0.7872375249965597
0.5919133148759522 0.7872375249965597
0.5959537189163562 0.7872375249965597
0.5999941229567602 0.7872375249965597
0.6040345269971643 0.7872375249965597
0.6080749310375684 0.7872375249965597
0.6121153350779724 0.7872375249965597
0.6161557391183765 0.7872375249965597
0.6201961431587805 0.7872375249965597
0.6242365471991845 0.7872375249965597
0.6282769512395886 0.7872375249965597
0.6323173552799926 0.7872375249965597
0.6363577593203966 0.7872375249965597
0.6403981633608007 0.7872375249965597
0.5838325067951442 0.7912779290369638
0.5878729108355482 0.7912779290369638
0.5919133148759522 0.7912779290369638
0.5959537189163562 0.7912779290369638
0.5999941229567602 0.7912779290369638
0.6040345269971643 0.7912779290369638
0.6080749310375684 0.7912779290369638
0.6121153350779724 0.7912779290369638
0.6161557391183765 0.7912779290369638
0.6201961431587805 0.7912779290369638
0.6242365471991845 0.7912779290369638
0.6282769512395886 0.7912779290369638
0.5797921027547401 0.7953183330773679
0.5838325067951442 0.7953183330773679
0.5878729108355482 0.7953183330773679
0.5919133148759522 0.7953183330773679
0.5959537189163562 0.7953183330773679
0.5999941229567602 0.7953183330773679
0.6040345269971643 0.7953183330773679
0.6080749310375684 0.7953183330773679
0.6121153350779724 0.7953183330773679
0.6161557391183765 0.7953183330773679
0.6201961431587805 0.7953183330773679
0.6242365471991845 0.7953183330773679
0.571711294673932 0.799358737117772
0.5757516987143361 0.799358737117772
0.5797921027547401 0.799358737117772
0.5838325067951442 0.799358737117772
0.5878729108355482 0.799358737117772
0.5919133148759522 0.799358737117772
0.5959537189163562 0.799358737117772
0.5999941229567602 0.799358737117772
0.6040345269971643 0.799358737117772
0.6080749310375684 0.799358737117772
0.6121153350779724 0.799358737117772
0.6161557391183765 0.799358737117772
0.6201961431587805 0.799358737117772
0.5676708906335279 0.803399141158176
0.571711294673932 0.803399141158176
0.5757516987143361 0.803399141158176
0.5797921027547401 0.803399141158176
0.5838325067951442 0.803399141158176
0.5878729108355482 0.803399141158176
0.5919133148759522 0.803399141158176
0.5959537189163562 0.803399141158176
0.5999941229567602 0.803399141158176
0.6040345269971643 0.803399141158176
0.6080749310375684 0.803399141158176
0.6121153350779724 0.803399141158176
0.6161557391183765 0.803399141158176
0.5595900825527199 0.80743954519858
0.5636304865931239 0.80743954519858
0.5676708906335279 0.80743954519858
0.571711294673932 0.80743954519858
0.5757516987143361 0.80743954519858
0.5797921027547401 0.80743954519858
0.5838325067951442 0.80743954519858
0.5878729108355482 0.80743954519858
0.5919133148759522 0.80743954519858
0.5959537189163562 0.80743954519858
0.5999941229567602 0.80743954519858
0.6040345269971643 0.80743954519858
0.6080749310375684 0.80743954519858
0.5555496785123158 0.811479949238984
0.5595900825527199 0.811479949238984
0.5636304865931239 0.811479949238984
0.5676708906335279 0.811479949238984
0.571711294673932 0.811479949238984
0.5757516987143361 0.811479949238984
0.5797921027547401 0.811479949238984
0.5838325067951442 0.811479949238984
0.5878729108355482 0.811479949238984
0.5919133148759522 0.811479949238984
0.5959537189163562 0.811479949238984
0.5999941229567602 0.811479949238984
0.6040345269971643 0.811479949238984
0.5474688704315078 0.8155203532793881
0.5515092744719118 0.8155203532793881
0.5555496785123158 0.8155203532793881
0.5595900825527199 0.8155203532793881
0.5636304865931239 0.8155203532793881
0.5676708906335279 0.8155203532793881
0.571711294673932 0.8155203532793881
0.5757516987143361 0.8155203532793881
0.5797921027547401 0.8155203532793881
0.5838325067951442 0.8155203532793881
0.5878729108355482 0.8155203532793881
0.5919133148759522 0.8155203532793881
0.5959537189163562 0.8155203532793881
0.5999941229567602 0.8155203532793881
0.6040345269971643 0.8155203532793881
0.5313072542698916 0.819560757319792
0.5434284663911038 0.819560757319792
0.5474688704315078 0.819560757319792
0.5515092744719118 0.819560757319792
0.5555496785123158 0.819560757319792
0.5595900825527199 0.819560757319792
0.5636304865931239 0.819560757319792
0.5676708906335279 0.819560757319792
0.571711294673932 0.819560757319792
0.5757516987143361 0.819560757319792
0.5797921027547401 0.819560757319792
0.5838325067951442 0.819560757319792
0.5878729108355482 0.819560757319792
0.5919133148759522 0.819560757319792
0.5353476583102956 0.8236011613601961
0.5393880623506997 0.8236011613601961
0.5434284663911038 0.8236011613601961
0.5474688704315078 0.8236011613601961
0.5515092744719118 0.8236011613601961
0.5555496785123158 0.8236011613601961
0.5595900825527199 0.8236011613601961
0.5636304865931239 0.8236011613601961
0.5676708906335279 0.8236011613601961
0.571711294673932 0.8236011613601961
0.5757516987143361 0.8236011613601961
0.5797921027547401 0.8236011613601961
0.5838325067951442 0.8236011613601961
0.5878729108355482 0.8236011613601961
0.5232264461890835 0.8276415654006002
0.5313072542698916 0.8276415654006002
0.5353476583102956 0.8276415654006002
0.5393880623506997 0.8276415654006002
0.5434284663911038 0.8276415654006002
0.5474688704315078 0.8276415654006002
0.5515092744719118 0.8276415654006002
0.5555496785123158 0.8276415654006002
0.5595900825527199 0.8276415654006002
0.5636304865931239 0.8276415654006002
0.5676708906335279 0.8276415654006002
0.571711294673932 0.8276415654006002
0.5757516987143361 0.8276415654006002
0.5797921027547401 0.8276415654006002
0.5838325067951442 0.8276415654006002
0.5191860421486795 0.8316819694410043
0.5232264461890835 0.8316819694410043
0.5272668502294876 0.8316819694410043
0.5313072542698916 0.8316819694410043
0.5353476583102956 0.8316819694410043
0.5393880623506997 0.8316819694410043
0.5434284663911038 0.8316819694410043
0.5474688704315078 0.8316819694410043
0.5515092744719118 0.8316819694410043
0.5555496785123158 0.8316819694410043
0.5595900825527199 0.8316819694410043
0.5636304865931239 0.8316819694410043
0.5676708906335279 0.8316819694410043
0.571711294673932 0.8316819694410043
0.5757516987143361 0.8316819694410043
0.5111052340678715 0.8357223734814083
0.5151456381082754 0.8357223734814083
0.5191860421486795 0.8357223734814083
0.5232264461890835 0.8357223734814083
0.5272668502294876 0.8357223734814083
0.5313072542698916 0.8357223734814083
0.5353476583102956 0.8357223734814083
0.5393880623506997 0.8357223734814083
0.5434284663911038 0.8357223734814083
0.5474688704315078 0.8357223734814083
0.5515092744719118 0.8357223734814083
0.5555496785123158 0.8357223734814083
0.5595900825527199 0.8357223734814083
0.5636304865931239 0.8357223734814083
0.5676708906335279 0.8357223734814083
0.571711294673932 0.8357223734814083
0.5111052340678715 0.8397627775218124
0.5151456381082754 0.8397627775218124
0.5191860421486795 0.8397627775218124
0.5232264461890835 0.8397627775218124
0.5272668502294876 0.8397627775218124
0.5313072542698916 0.8397627775218124
0.5353476583102956 0.8397627775218124
0.5393880623506997 0.8397627775218124
0.5434284663911038 0.8397627775218124
0.5474688704315078 0.8397627775218124
0.5515092744719118 0.8397627775218124
0.5555496785123158 0.8397627775218124
0.5595900825527199 0.8397627775218124
0.5636304865931239 0.8397627775218124
0.5676708906335279 0.8397627775218124
0.49090321386585123 0.8438031815622163
0.5030244259870633 0.8438031815622163
0.5070648300274674 0.8438031815622163
0.5111052340678715 0.8438031815622163
0.5151456381082754 0.8438031815622163
0.5191860421486795 0.8438031815622163
0.5232264461890835 0.8438031815622163
0.5272668502294876 0.8438031815622163
0.5313072542698916 0.8438031815622163
0.5353476583102956 0.8438031815622163
0.5393880623506997 0.8438031815622163
0.5434284663911038 0.8438031815622163
0.5474688704315078 0.8438031815622163
0.5515092744719118 0.8438031815622163
0.5555496785123158 0.8438031815622163
0.5595900825527199 0.8438031815622163
0.48686280982544716 0.8478435856026204
0.49494361790625524 0.8478435856026204
0.49898402194665925 0.8478435856026204
0.5030244259870633 0.8478435856026204
0.5070648300274674 0.8478435856026204
0.5111052340678715 0.8478435856026204
0.5151456381082754 0.8478435856026204
0.5191860421486795 0.8478435856026204
0.5232264461890835 0.8478435856026204
0.5272668502294876 0.8478435856026204
0.5313072542698916 0.8478435856026204
0.5353476583102956 0.8478435856026204
0.5393880623506997 0.8478435856026204
0.5434284663911038 0.8478435856026204
0.5474688704315078 0.8478435856026204
0.5515092744719118 0.8478435856026204
0.5555496785123158 0.8478435856026204
0.49090321386585123 0.8518839896430245
0.49494361790625524 0.8518839896430245
0.49898402194665925 0.8518839896430245
0.5030244259870633 0.8518839896430245
0.5070648300274674 0.8518839896430245
0.5111052340678715 0.8518839896430245
0.5151456381082754 0.8518839896430245
0.5191860421486795 0.8518839896430245
0.5232264461890835 0.8518839896430245
0.5272668502294876 0.8518839896430245
0.5313072542698916 0.8518839896430245
0.5353476583102956 0.8518839896430245
0.5393880623506997 0.8518839896430245
0.5434284663911038 0.8518839896430245
0.5474688704315078 0.8518839896430245
0.5515092744719118 0.8518839896430245
0.4828224057850431 0.8559243936834284
0.48686280982544716 0.8559243936834284
0.49090321386585123 0.8559243936834284
0.49494361790625524 0.8559243936834284
0.49898402194665925 0.8559243936834284
0.5030244259870633 0.8559243936834284
0.5070648300274674 0.8559243936834284
0.5111052340678715 0.8559243936834284
0.5151456381082754 0.8559243936834284
0.5191860421486795 0.8559243936834284
0.5232264461890835 0.8559243936834284
0.5272668502294876 0.8559243936834284
0.5313072542698916 0.8559243936834284
0.5353476583102956 0.8559243936834284
0.5393880623506997 0.8559243936834284
0.5474688704315078 0.8559243936834284
0.4747415977042351 0.8599647977238325
0.4787820017446391 0.8599647977238325
0.4828224057850431 0.8599647977238325
0.48686280982544716 0.8599647977238325
0.49090321386585123 0.8599647977238325
0.49494361790625524 0.8599647977238325
0.49898402194665925 0.8599647977238325
0.5030244259870633 0.8599647977238325
0.5070648300274674 0.8599647977238325
0.5111052340678715 0.8599647977238325
0.5151456381082754 0.8599647977238325
0.5191860421486795 0.8599647977238325
0.5232264461890835 0.8599647977238325
0.5272668502294876 0.8599647977238325
0.5313072542698916 0.8599647977238325
0.5353476583102956 0.8599647977238325
0.5393880623506997 0.8599647977238325
0.470701193663831 0.8640052017642366
0.4747415977042351 0.8640052017642366
0.4787820017446391 0.8640052017642366
0.4828224057850431 0.8640052017642366
0.48686280982544716 0.8640052017642366
0.49090321386585123 0.8640052017642366
0.49494361790625524 0.8640052017642366
0.49898402194665925 0.8640052017642366
0.5030244259870633 0.8640052017642366
0.5070648300274674 0.8640052017642366
0.5111052340678715 0.8640052017642366
0.5151456381082754 0.8640052017642366
0.5191860421486795 0.8640052017642366
0.5232264461890835 0.8640052017642366
0.5272668502294876 0.8640052017642366
0.45857998154261886 0.8680456058046406
0.46262038558302293 0.8680456058046406
0.46666078962342694 0.8680456058046406
0.470701193663831 0.8680456058046406
0.4747415977042351 0.8680456058046406
0.4787820017446391 0.8680456058046406
0.4828224057850431 0.8680456058046406
0.48686280982544716 0.8680456058046406
0.49090321386585123 0.8680456058046406
0.49494361790625524 0.8680456058046406
0.49898402194665925 0.8680456058046406
0.5030244259870633 0.8680456058046406
0.5070648300274674 0.8680456058046406
0.5111052340678715 0.8680456058046406
0.5151456381082754 0.8680456058046406
0.5191860421486795 0.8680456058046406
0.5232264461890835 0.8680456058046406
0.4504991734618108 0.8720860098450447
0.45453957750221485 0.8720860098450447
0.45857998154261886 0.8720860098450447
0.46262038558302293 0.8720860098450447
0.46666078962342694 0.8720860098450447
0.470701193663831 0.8720860098450447
0.4747415977042351 0.8720860098450447
0.4787820017446391 0.8720860098450447
0.4828224057850431 0.8720860098450447
0.48686280982544716 0.8720860098450447
0.49090321386585123 0.8720860098450447
0.49494361790625524 0.8720860098450447
0.49898402194665925 0.8720860098450447
0.5030244259870633 0.8720860098450447
0.5070648300274674 0.8720860098450447
0.5111052340678715 0.8720860098450447
0.5151456381082754 0.8720860098450447
0.4424183653810027 0.8761264138854487
0.4464587694214067 0.8761264138854487
0.4504991734618108 0.8761264138854487
0.45453957750221485 0.8761264138854487
0.45857998154261886 0.8761264138854487
0.46262038558302293 0.8761264138854487
0.46666078962342694 0.8761264138854487
0.470701193663831 0.8761264138854487
0.4747415977042351 0.8761264138854487
0.4787820017446391 0.8761264138854487
0.4828224057850431 0.8761264138854487
0.48686280982544716 0.8761264138854487
0.49090321386585123 0.8761264138854487
0.49494361790625524 0.8761264138854487
0.49898402194665925 0.8761264138854487
0.5030244259870633 0.8761264138854487
0.5070648300274674 0.8761264138854487
0.5151456381082754 0.8761264138854487
0.43433755730019463 0.8801668179258527
0.4383779613405987 0.8801668179258527
0.4424183653810027 0.8801668179258527
0.4464587694214067 0.8801668179258527
0.4504991734618108 0.8801668179258527
0.45453957750221485 0.8801668179258527
0.45857998154261886 0.8801668179258527
0.46262038558302293 0.8801668179258527
0.46666078962342694 0.8801668179258527
0.470701193663831 0.8801668179258527
0.4747415977042351 0.8801668179258527
0.4787820017446391 0.8801668179258527
0.4828224057850431 0.8801668179258527
0.48686280982544716 0.8801668179258527
0.49090321386585123 0.8801668179258527
0.49494361790625524 0.8801668179258527
0.49898402194665925 0.8801668179258527
0.5030244259870633 0.8801668179258527
0.42625674921938655 0.8842072219662568
0.43029715325979057 0.8842072219662568
0.43433755730019463 0.8842072219662568
0.4383779613405987 0.8842072219662568
0.4424183653810027 0.8842072219662568
0.4464587694214067 0.8842072219662568
0.4504991734618108 0.8842072219662568
0.45453957750221485 0.8842072219662568
0.45857998154261886 0.8842072219662568
0.46262038558302293 0.8842072219662568
0.46666078962342694 0.8842072219662568
0.470701193663831 0.8842072219662568
0.4747415977042351 0.8842072219662568
0.4787820017446391 0.8842072219662568
0.4828224057850431 0.8842072219662568
0.48686280982544716 0.8842072219662568
0.49090321386585123 0.8842072219662568
0.49494361790625524 0.8842072219662568
0.42221634517898254 0.8882476260066607
0.42625674921938655 0.8882476260066607
0.43029715325979057 0.8882476260066607
0.43433755730019463 0.8882476260066607
0.4383779613405987 0.8882476260066607
0.4424183653810027 0.8882476260066607
0.4464587694214067 0.8882476260066607
0.4504991734618108 0.8882476260066607
0.45453957750221485 0.8882476260066607
0.45857998154261886 0.8882476260066607
0.46262038558302293 0.8882476260066607
0.46666078962342694 0.8882476260066607
0.470701193663831 0.8882476260066607
0.4747415977042351 0.8882476260066607
0.4787820017446391 0.8882476260066607
0.4828224057850431 0.8882476260066607
0.48686280982544716 0.8882476260066607
0.4141355370981744 0.8922880300470648
0.4181759411385785 0.8922880300470648
0.42221634517898254 0.8922880300470648
0.42625674921938655 0.8922880300470648
0.43029715325979057 0.8922880300470648
0.43433755730019463 0.8922880300470648
0.4383779613405987 0.8922880300470648
0.4424183653810027 0.8922880300470648
0.4464587694214067 0.8922880300470648
0.4504991734618108 0.8922880300470648
0.45453957750221485 0.8922880300470648
0.45857998154261886 0.8922880300470648
0.46262038558302293 0.8922880300470648
0.46666078962342694 0.8922880300470648
0.470701193663831 0.8922880300470648
0.4747415977042351 0.8922880300470648
0.4787820017446391 0.8922880300470648
0.48686280982544716 0.8922880300470648
0.3898931128557502 0.8963284340874689
0.40605472901736633 0.8963284340874689
0.4100951330577704 0.8963284340874689
0.4141355370981744 0.8963284340874689
0.4181759411385785 0.8963284340874689
0.42221634517898254 0.8963284340874689
0.42625674921938655 0.8963284340874689
0.43029715325979057 0.8963284340874689
0.43433755730019463 0.8963284340874689
0.4383779613405987 0.8963284340874689
0.4424183653810027 0.8963284340874689
0.4464587694214067 0.8963284340874689
0.4504991734618108 0.8963284340874689
0.45453957750221485 0.8963284340874689
0.45857998154261886 0.8963284340874689
0.46262038558302293 0.8963284340874689
0.46666078962342694 0.8963284340874689
0.470701193663831 0.8963284340874689
0.3898931128557502 0.9003688381278729
0.39797392093655826 0.9003688381278729
0.4020143249769623 0.9003688381278729
0.40605472901736633 0.9003688381278729
0.4100951330577704 0.9003688381278729
0.4141355370981744 0.9003688381278729
0.4181759411385785 0.9003688381278729
0.42221634517898254 0.9003688381278729
0.42625674921938655 0.9003688381278729
0.43029715325979057 0.9003688381278729
0.43433755730019463 0.9003688381278729
0.4383779613405987 0.9003688381278729
0.4424183653810027 0.9003688381278729
0.4464587694214067 0.9003688381278729
0.4504991734618108 0.9003688381278729
0.45453957750221485 0.9003688381278729
0.45857998154261886 0.9003688381278729
0.46262038558302293 0.9003688381278729
0.3898931128557502 0.904409242168277
0.39393351689615425 0.904409242168277
0.39797392093655826 0.904409242168277
0.4020143249769623 0.904409242168277
0.40605472901736633 0.904409242168277
0.4100951330577704 0.904409242168277
0.4141355370981744 0.904409242168277
0.4181759411385785 0.904409242168277
0.42221634517898254 0.904409242168277
0.42625674921938655 0.904409242168277
0.43029715325979057 0.904409242168277
0.43433755730019463 0.904409242168277
0.4383779613405987 0.904409242168277
0.4424183653810027 0.904409242168277
0.4464587694214067 0.904409242168277
0.4504991734618108 0.904409242168277
0.45453957750221485 0.904409242168277
0.45857998154261886 0.904409242168277
0.46666078962342694 0.904409242168277
0.3818123047749421 0.9084496462086811
0.38585270881534617 0.9084496462086811
0.3898931128557502 0.9084496462086811
0.39393351689615425 0.9084496462086811
0.39797392093655826 0.9084496462086811
0.4020143249769623 0.9084496462086811
0.40605472901736633 0.9084496462086811
0.4100951330577704 0.9084496462086811
0.4141355370981744 0.9084496462086811
0.4181759411385785 0.9084496462086811
0.42221634517898254 0.9084496462086811
0.42625674921938655 0.9084496462086811
0.43029715325979057 0.9084496462086811
0.43433755730019463 0.9084496462086811
0.4383779613405987 0.9084496462086811
0.4424183653810027 0.9084496462086811
0.4464587694214067 0.9084496462086811
0.4504991734618108 0.9084496462086811
0.36969109265373 0.912490050249085
0.373731496694134 0.912490050249085
0.37777190073453804 0.912490050249085
0.3818123047749421 0.912490050249085
0.38585270881534617 0.912490050249085
0.3898931128557502 0.912490050249085
0.39393351689615425 0.912490050249085
0.39797392093655826 0.912490050249085
0.4020143249769623 0.912490050249085
0.40605472901736633 0.912490050249085
0.4100951330577704 0.912490050249085
0.4141355370981744 0.912490050249085
0.4181759411385785 0.912490050249085
0.42221634517898254 0.912490050249085
0.42625674921938655 0.912490050249085
0.43029715325979057 0.912490050249085
0.43433755730019463 0.912490050249085
0.4383779613405987 0.912490050249085
0.4424183653810027 0.912490050249085
0.3616102845729219 0.9165304542894891
0.36565068861332595 0.9165304542894891
0.36969109265373 0.9165304542894891
0.373731496694134 0.9165304542894891
0.37777190073453804 0.9165304542894891
0.3818123047749421 0.9165304542894891
0.38585270881534617 0.9165304542894891
0.3898931128557502 0.9165304542894891
0.39393351689615425 0.9165304542894891
0.39797392093655826 0.9165304542894891
0.4020143249769623 0.9165304542894891
0.40605472901736633 0.9165304542894891
0.4100951330577704 0.9165304542894891
0.4141355370981744 0.9165304542894891
0.4181759411385785 0.9165304542894891
0.42221634517898254 0.9165304542894891
0.42625674921938655 0.9165304542894891
0.43029715325979057 0.9165304542894891
0.43433755730019463 0.9165304542894891
0.4383779613405987 0.9165304542894891
0.3494890724517098 0.920570858329893
0.35352947649211386 0.920570858329893
0.35756988053251787 0.920570858329893
0.3616102845729219 0.920570858329893
0.36565068861332595 0.920570858329893
0.36969109265373 0.920570858329893
0.373731496694134 0.920570858329893
0.37777190073453804 0.920570858329893
0.3818123047749421 0.920570858329893
0.38585270881534617 0.920570858329893
0.3898931128557502 0.920570858329893
0.39393351689615425 0.920570858329893
0.39797392093655826 0.920570858329893
0.4020143249769623 0.920570858329893
0.40605472901736633 0.920570858329893
0.4100951330577704 0.920570858329893
0.4141355370981744 0.920570858329893
0.4181759411385785 0.920570858329893
0.42221634517898254 0.920570858329893
0.42625674921938655 0.920570858329893
0.43433755730019463 0.920570858329893
0.33332745629009364 0.9246112623702971
0.33736786033049765 0.9246112623702971
0.3414082643709017 0.9246112623702971
0.3454486684113057 0.9246112623702971
0.3494890724517098 0.9246112623702971
0.35352947649211386 0.9246112623702971
0.35756988053251787 0.9246112623702971
0.3616102845729219 0.9246112623702971
0.36565068861332595 0.9246112623702971
0.36969109265373 0.9246112623702971
0.373731496694134 0.9246112623702971
0.37777190073453804 0.9246112623702971
0.3818123047749421 0.9246112623702971
0.38585270881534617 0.9246112623702971
0.3898931128557502 0.9246112623702971
0.39393351689615425 0.9246112623702971
0.39797392093655826 0.9246112623702971
0.4020143249769623 0.9246112623702971
0.40605472901736633 0.9246112623702971
0.4100951330577704 0.9246112623702971
0.4141355370981744 0.9246112623702971
0.42625674921938655 0.9246112623702971
0.3212062441688815 0.9286516664107012
0.32928705224968957 0.9286516664107012
0.33332745629009364 0.9286516664107012
0.33736786033049765 0.9286516664107012
0.3414082643709017 0.9286516664107012
0.3454486684113057 0.9286516664107012
0.3494890724517098 0.9286516664107012
0.35352947649211386 0.9286516664107012
0.35756988053251787 0.9286516664107012
0.3616102845729219 0.9286516664107012
0.36565068861332595 0.9286516664107012
0.36969109265373 0.9286516664107012
0.373731496694134 0.9286516664107012
0.37777190073453804 0.9286516664107012
0.3818123047749421 0.9286516664107012
0.38585270881534617 0.9286516664107012
0.3898931128557502 0.9286516664107012
0.39393351689615425 0.9286516664107012
0.39797392093655826 0.9286516664107012
0.4020143249769623 0.9286516664107012
0.40605472901736633 0.9286516664107012
0.3171658401284775 0.9326920704511052
0.3212062441688815 0.9326920704511052
0.32524664820928556 0.9326920704511052
0.32928705224968957 0.9326920704511052
0.33332745629009364 0.9326920704511052
0.33736786033049765 0.9326920704511052
0.3414082643709017 0.9326920704511052
0.3454486684113057 0.9326920704511052
0.3494890724517098 0.9326920704511052
0.35352947649211386 0.9326920704511052
0.35756988053251787 0.9326920704511052
0.3616102845729219 0.9326920704511052
0.36565068861332595 0.9326920704511052
0.36969109265373 0.9326920704511052
0.373731496694134 0.9326920704511052
0.37777190073453804 0.9326920704511052
0.3818123047749421 0.9326920704511052
0.38585270881534617 0.9326920704511052
0.3898931128557502 0.9326920704511052
0.39393351689615425 0.9326920704511052
0.39797392093655826 0.9326920704511052
0.30504462800726534 0.9367324744915093
0.30908503204766935 0.9367324744915093
0.3131254360880734 0.9367324744915093
0.3171658401284775 0.9367324744915093
0.3212062441688815 0.9367324744915093
0.32524664820928556 0.9367324744915093
0.32928705224968957 0.9367324744915093
0.33332745629009364 0.9367324744915093
0.33736786033049765 0.9367324744915093
0.3414082643709017 0.9367324744915093
0.3454486684113057 0.9367324744915093
0.3494890724517098 0.9367324744915093
0.35352947649211386 0.9367324744915093
0.35756988053251787 0.9367324744915093
0.3616102845729219 0.9367324744915093
0.36565068861332595 0.9367324744915093
0.36969109265373 0.9367324744915093
0.373731496694134 0.9367324744915093
0.37777190073453804 0.9367324744915093
0.3818123047749421 0.9367324744915093
0.38585270881534617 0.9367324744915093
0.29696381992645726 0.9407728785319134
0.30100422396686133 0.9407728785319134
0.30504462800726534 0.9407728785319134
0.30908503204766935 0.9407728785319134
0.3131254360880734 0.9407728785319134
0.3171658401284775 0.9407728785319134
0.3212062441688815 0.9407728785319134
0.32524664820928556 0.9407728785319134
0.32928705224968957 0.9407728785319134
0.33332745629009364 0.9407728785319134
0.33736786033049765 0.9407728785319134
0.3414082643709017 0.9407728785319134
0.3454486684113057 0.9407728785319134
0.3494890724517098 0.9407728785319134
0.35352947649211386 0.9407728785319134
0.35756988053251787 0.9407728785319134
0.3616102845729219 0.9407728785319134
0.36565068861332595 0.9407728785319134
0.36969109265373 0.9407728785319134
0.373731496694134 0.9407728785319134
0.37777190073453804 0.9407728785319134
0.38585270881534617 0.9407728785319134
0.29696381992645726 0.9448132825723174
0.30100422396686133 0.9448132825723174
0.30504462800726534 0.9448132825723174
0.30908503204766935 0.9448132825723174
0.3131254360880734 0.9448132825723174
0.3171658401284775 0.9448132825723174
0.3212062441688815 0.9448132825723174
0.32524664820928556 0.9448132825723174
0.32928705224968957 0.9448132825723174
0.33332745629009364 0.9448132825723174
0.33736786033049765 0.9448132825723174
0.3414082643709017 0.9448132825723174
0.3454486684113057 0.9448132825723174
0.3494890724517098 0.9448132825723174
0.35352947649211386 0.9448132825723174
0.35756988053251787 0.9448132825723174
0.3616102845729219 0.9448132825723174
0.36565068861332595 0.9448132825723174
0.36969109265373 0.9448132825723174
0.373731496694134 0.9448132825723174
0.37777190073453804 0.9448132825723174
0.29696381992645726 0.9488536866127214
0.30100422396686133 0.9488536866127214
0.30504462800726534 0.9488536866127214
0.30908503204766935 0.9488536866127214
0.3131254360880734 0.9488536866127214
0.3171658401284775 0.9488536866127214
0.3212062441688815 0.9488536866127214
0.32524664820928556 0.9488536866127214
0.32928705224968957 0.9488536866127214
0.33332745629009364 0.9488536866127214
0.33736786033049765 0.9488536866127214
0.3414082643709017 0.9488536866127214
0.3454486684113057 0.9488536866127214
0.3494890724517098 0.9488536866127214
0.35352947649211386 0.9488536866127214
0.35756988053251787 0.9488536866127214
0.3616102845729219 0.9488536866127214
0.29696381992645726 0.9528940906531255
0.30100422396686133 0.9528940906531255
0.30504462800726534 0.9528940906531255
0.30908503204766935 0.9528940906531255
0.3131254360880734 0.9528940906531255
0.3171658401284775 0.9528940906531255
0.3212062441688815 0.9528940906531255
0.32524664820928556 0.9528940906531255
0.32928705224968957 0.9528940906531255
0.33332745629009364 0.9528940906531255
0.33736786033049765 0.9528940906531255
0.3414082643709017 0.9528940906531255
0.3454486684113057 0.9528940906531255
0.35756988053251787 0.9528940906531255
0.3616102845729219 0.9528940906531255
0.29696381992645726 0.9569344946935294
0.30100422396686133 0.9569344946935294
0.30504462800726534 0.9569344946935294
0.30908503204766935 0.9569344946935294
0.3131254360880734 0.9569344946935294
0.3171658401284775 0.9569344946935294
0.3212062441688815 0.9569344946935294
0.32524664820928556 0.9569344946935294
0.32928705224968957 0.9569344946935294
0.33332745629009364 0.9569344946935294
0.3494890724517098 0.9569344946935294
0.29696381992645726 0.9609748987339335
0.30100422396686133 0.9609748987339335
0.30504462800726534 0.9609748987339335
0.30908503204766935 0.9609748987339335
0.3131254360880734 0.9609748987339335
0.3171658401284775 0.9609748987339335
0.3414082643709017 0.9609748987339335
0.29696381992645726 0.9650153027743376
0.30100422396686133 0.9650153027743376
0.30504462800726534 0.9650153027743376
0.30908503204766935 0.9650153027743376
0.32928705224968957 0.9650153027743376
0.29696381992645726 0.9730961108551457
