# x y
0.6919025705052648 0.7306718684309033
0.6878621664648608 0.7347122724713073
0.6514985301012244 0.7670355047945396
0.6393773179800124 0.7791567169157517
0.6595793381820325 0.7791567169157517
0.598973277575972 0.8155203532793881
0.5949328735355679 0.8316819694410043
0.5585692371719315 0.8397627775218124
0.5585692371719315 0.8438031815622163
0.5464480250507194 0.8478435856026204
0.5302864088891033 0.8559243936834284
0.5302864088891033 0.8761264138854487
0.4656399442426386 0.8922880300470648
0.4171550957577901 0.9165304542894891
0.3969530755557699 0.9286516664107012
0.3363470149497093 0.9488536866127214
0.3161449947476891 0.9650153027743376
0.304023782626477 0.9690557068147416
