# x y
0.6595506446384956 0.7629951007541356
0.6474294325172836 0.7751163128753477
0.6312678163556673 0.7872375249965597
0.6353082203960714 0.7872375249965597
0.6151062001940512 0.803399141158176
0.5949041799920309 0.8316819694410043
0.5019748870627381 0.8761264138854487
0.5019748870627381 0.8801668179258527
0.4292476143354653 0.912490050249085
0.41712640221425323 0.9246112623702971
0.3686415537294047 0.9407728785319134
0.38076276585061686 0.9407728785319134
0.36056074564859664 0.9488536866127214
0.33227791736576834 0.9528940906531255
0.3646011496890007 0.9609748987339335
0.3080354931233441 0.9811769189359537
