# x y
0.6946072733259013 0.698348636107671
0.6986476773663054 0.698348636107671
0.6905668692854974 0.702389040148075
0.6946072733259013 0.702389040148075
0.6986476773663054 0.702389040148075
0.6905668692854974 0.706429444188479
0.6946072733259013 0.706429444188479
0.6986476773663054 0.706429444188479
0.6824860612046892 0.710469848228883
0.6865264652450933 0.710469848228883
0.6905668692854974 0.710469848228883
0.6946072733259013 0.710469848228883
0.6986476773663054 0.710469848228883
0.6784456571642852 0.7145102522692871
0.6824860612046892 0.7145102522692871
0.6865264652450933 0.7145102522692871
0.6905668692854974 0.7145102522692871
0.6946072733259013 0.7145102522692871
0.6986476773663054 0.7145102522692871
0.6744052531238811 0.7185506563096911
0.6784456571642852 0.7185506563096911
0.6824860612046892 0.7185506563096911
0.6865264652450933 0.7185506563096911
0.6905668692854974 0.7185506563096911
0.6946072733259013 0.7185506563096911
0.6986476773663054 0.7185506563096911
0.6744052531238811 0.7225910603500951
0.6784456571642852 0.7225910603500951
0.6824860612046892 0.7225910603500951
0.6865264652450933 0.7225910603500951
0.6905668692854974 0.7225910603500951
0.6946072733259013 0.7225910603500951
0.6986476773663054 0.7225910603500951
0.666324445043073 0.7266314643904992
0.670364849083477 0.7266314643904992
0.6744052531238811 0.7266314643904992
0.6784456571642852 0.7266314643904992
0.6824860612046892 0.7266314643904992
0.6865264652450933 0.7266314643904992
0.6905668692854974 0.7266314643904992
0.6946072733259013 0.7266314643904992
0.6986476773663054 0.7266314643904992
0.662284041002669 0.7306718684309033
0.666324445043073 0.7306718684309033
0.670364849083477 0.7306718684309033
0.6744052531238811 0.7306718684309033
0.6784456571642852 0.7306718684309033
0.6824860612046892 0.7306718684309033
0.6865264652450933 0.7306718684309033
0.6905668692854974 0.7306718684309033
0.6946072733259013 0.7306718684309033
0.6986476773663054 0.7306718684309033
0.658243636962265 0.7347122724713073
0.662284041002669 0.7347122724713073
0.666324445043073 0.7347122724713073
0.670364849083477 0.7347122724713073
0.6744052531238811 0.7347122724713073
0.6784456571642852 0.7347122724713073
0.6824860612046892 0.7347122724713073
0.6865264652450933 0.7347122724713073
0.6905668692854974 0.7347122724713073
0.6946072733259013 0.7347122724713073
0.6986476773663054 0.7347122724713073
0.654203232921861 0.7387526765117113
0.658243636962265 0.7387526765117113
0.662284041002669 0.7387526765117113
0.666324445043073 0.7387526765117113
0.670364849083477 0.7387526765117113
0.6744052531238811 0.7387526765117113
0.6784456571642852 0.7387526765117113
0.6824860612046892 0.7387526765117113
0.6865264652450933 0.7387526765117113
0.6905668692854974 0.7387526765117113
0.6501628288814569 0.7427930805521153
0.654203232921861 0.7427930805521153
0.658243636962265 0.7427930805521153
0.662284041002669 0.7427930805521153
0.666324445043073 0.7427930805521153
0.670364849083477 0.7427930805521153
0.6744052531238811 0.7427930805521153
0.6784456571642852 0.7427930805521153
0.6824860612046892 0.7427930805521153
0.6865264652450933 0.7427930805521153
0.6461224248410529 0.7468334845925194
0.6501628288814569 0.7468334845925194
0.654203232921861 0.7468334845925194
0.658243636962265 0.7468334845925194
0.662284041002669 0.7468334845925194
0.666324445043073 0.7468334845925194
0.670364849083477 0.7468334845925194
0.6744052531238811 0.7468334845925194
0.6784456571642852 0.7468334845925194
0.6824860612046892 0.7468334845925194
0.6420820208006488 0.7508738886329235
0.6461224248410529 0.7508738886329235
0.6501628288814569 0.7508738886329235
0.654203232921861 0.7508738886329235
0.658243636962265 0.7508738886329235
0.662284041002669 0.7508738886329235
0.666324445043073 0.7508738886329235
0.670364849083477 0.7508738886329235
0.6744052531238811 0.7508738886329235
0.6784456571642852 0.7508738886329235
0.6380416167602447 0.7549142926733274
0.6420820208006488 0.7549142926733274
0.6461224248410529 0.7549142926733274
0.6501628288814569 0.7549142926733274
0.654203232921861 0.7549142926733274
0.658243636962265 0.7549142926733274
0.662284041002669 0.7549142926733274
0.666324445043073 0.7549142926733274
0.670364849083477 0.7549142926733274
0.6744052531238811 0.7549142926733274
0.6340012127198407 0.7589546967137315
0.6380416167602447 0.7589546967137315
0.6420820208006488 0.7589546967137315
0.6461224248410529 0.7589546967137315
0.6501628288814569 0.7589546967137315
0.654203232921861 0.7589546967137315
0.658243636962265 0.7589546967137315
0.662284041002669 0.7589546967137315
0.666324445043073 0.7589546967137315
0.670364849083477 0.7589546967137315
0.6259204046390326 0.7629951007541356
0.6299608086794367 0.7629951007541356
0.6340012127198407 0.7629951007541356
0.6380416167602447 0.7629951007541356
0.6420820208006488 0.7629951007541356
0.6461224248410529 0.7629951007541356
0.6501628288814569 0.7629951007541356
0.654203232921861 0.7629951007541356
0.658243636962265 0.7629951007541356
0.662284041002669 0.7629951007541356
0.6218800005986286 0.7670355047945396
0.6259204046390326 0.7670355047945396
0.6299608086794367 0.7670355047945396
0.6340012127198407 0.7670355047945396
0.6380416167602447 0.7670355047945396
0.6420820208006488 0.7670355047945396
0.6461224248410529 0.7670355047945396
0.6501628288814569 0.7670355047945396
0.654203232921861 0.7670355047945396
0.658243636962265 0.7670355047945396
0.6137991925178206 0.7710759088349436
0.6178395965582246 0.7710759088349436
0.6218800005986286 0.7710759088349436
0.6259204046390326 0.7710759088349436
0.6299608086794367 0.7710759088349436
0.6340012127198407 0.7710759088349436
0.6380416167602447 0.7710759088349436
0.6420820208006488 0.7710759088349436
0.6461224248410529 0.7710759088349436
0.6501628288814569 0.7710759088349436
0.654203232921861 0.7710759088349436
0.6097587884774165 0.7751163128753477
0.6137991925178206 0.7751163128753477
0.6178395965582246 0.7751163128753477
0.6218800005986286 0.7751163128753477
0.6259204046390326 0.7751163128753477
0.6299608086794367 0.7751163128753477
0.6340012127198407 0.7751163128753477
0.6380416167602447 0.7751163128753477
0.6420820208006488 0.7751163128753477
0.6461224248410529 0.7751163128753477
0.6501628288814569 0.7751163128753477
0.6016779803966084 0.7791567169157517
0.6057183844370124 0.7791567169157517
0.6097587884774165 0.7791567169157517
0.6137991925178206 0.7791567169157517
0.6178395965582246 0.7791567169157517
0.6218800005986286 0.7791567169157517
0.6259204046390326 0.7791567169157517
0.6299608086794367 0.7791567169157517
0.6340012127198407 0.7791567169157517
0.6380416167602447 0.7791567169157517
0.6420820208006488 0.7791567169157517
0.6461224248410529 0.7791567169157517
0.6501628288814569 0.7791567169157517
0.6016779803966084 0.7831971209561558
0.6057183844370124 0.7831971209561558
0.6097587884774165 0.7831971209561558
0.6137991925178206 0.7831971209561558
0.6178395965582246 0.7831971209561558
0.6218800005986286 0.7831971209561558
0.6259204046390326 0.7831971209561558
0.6299608086794367 0.7831971209561558
0.6340012127198407 0.7831971209561558
0.6380416167602447 0.7831971209561558
0.5935971723158003 0.7872375249965597
0.5976375763562043 0.7872375249965597
0.6016779803966084 0.7872375249965597
0.6057183844370124 0.7872375249965597
0.6097587884774165 0.7872375249965597
0.6137991925178206 0.7872375249965597
0.6178395965582246 0.7872375249965597
0.6218800005986286 0.7872375249965597
0.6259204046390326 0.7872375249965597
0.6299608086794367 0.7872375249965597
0.6340012127198407 0.7872375249965597
0.5895567682753963 0.7912779290369638
0.5935971723158003 0.7912779290369638
0.5976375763562043 0.7912779290369638
0.6016779803966084 0.7912779290369638
0.6057183844370124 0.7912779290369638
0.6097587884774165 0.7912779290369638
0.6137991925178206 0.7912779290369638
0.6178395965582246 0.7912779290369638
0.6218800005986286 0.7912779290369638
0.6259204046390326 0.7912779290369638
0.6299608086794367 0.7912779290369638
0.5814759601945882 0.7953183330773679
0.5855163642349923 0.7953183330773679
0.5895567682753963 0.7953183330773679
0.5935971723158003 0.7953183330773679
0.5976375763562043 0.7953183330773679
0.6016779803966084 0.7953183330773679
0.6057183844370124 0.7953183330773679
0.6097587884774165 0.7953183330773679
0.6137991925178206 0.7953183330773679
0.6178395965582246 0.7953183330773679
0.6218800005986286 0.7953183330773679
0.6259204046390326 0.7953183330773679
0.5814759601945882 0.799358737117772
0.5855163642349923 0.799358737117772
0.5895567682753963 0.799358737117772
0.5935971723158003 0.799358737117772
0.5976375763562043 0.799358737117772
0.6016779803966084 0.799358737117772
0.6057183844370124 0.799358737117772
0.6097587884774165 0.799358737117772
0.6137991925178206 0.799358737117772
0.6178395965582246 0.799358737117772
0.6218800005986286 0.799358737117772
0.569354748073376 0.803399141158176
0.5733951521137801 0.803399141158176
0.5774355561541842 0.803399141158176
0.5814759601945882 0.803399141158176
0.5855163642349923 0.803399141158176
0.5895567682753963 0.803399141158176
0.5935971723158003 0.803399141158176
0.5976375763562043 0.803399141158176
0.6016779803966084 0.803399141158176
0.6057183844370124 0.803399141158176
0.6097587884774165 0.803399141158176
0.6137991925178206 0.803399141158176
0.565314344032972 0.80743954519858
0.569354748073376 0.80743954519858
0.5733951521137801 0.80743954519858
0.5774355561541842 0.80743954519858
0.5814759601945882 0.80743954519858
0.5855163642349923 0.80743954519858
0.5895567682753963 0.80743954519858
0.5935971723158003 0.80743954519858
0.5976375763562043 0.80743954519858
0.6016779803966084 0.80743954519858
0.6057183844370124 0.80743954519858
0.6097587884774165 0.80743954519858
0.561273939992568 0.811479949238984
0.565314344032972 0.811479949238984
0.569354748073376 0.811479949238984
0.5733951521137801 0.811479949238984
0.5774355561541842 0.811479949238984
0.5814759601945882 0.811479949238984
0.5855163642349923 0.811479949238984
0.5895567682753963 0.811479949238984
0.5935971723158003 0.811479949238984
0.5976375763562043 0.811479949238984
0.6016779803966084 0.811479949238984
0.6057183844370124 0.811479949238984
0.557233535952164 0.8155203532793881
0.561273939992568 0.8155203532793881
0.565314344032972 0.8155203532793881
0.569354748073376 0.8155203532793881
0.5733951521137801 0.8155203532793881
0.5774355561541842 0.8155203532793881
0.5814759601945882 0.8155203532793881
0.5855163642349923 0.8155203532793881
0.5895567682753963 0.8155203532793881
0.5935971723158003 0.8155203532793881
0.5976375763562043 0.8155203532793881
0.5451123238309519 0.819560757319792
0.5491527278713559 0.819560757319792
0.5531931319117599 0.819560757319792
0.557233535952164 0.819560757319792
0.561273939992568 0.819560757319792
0.565314344032972 0.819560757319792
0.569354748073376 0.819560757319792
0.5733951521137801 0.819560757319792
0.5774355561541842 0.819560757319792
0.5814759601945882 0.819560757319792
0.5855163642349923 0.819560757319792
0.5895567682753963 0.819560757319792
0.5935971723158003 0.819560757319792
0.5451123238309519 0.8236011613601961
0.5491527278713559 0.8236011613601961
0.5531931319117599 0.8236011613601961
0.557233535952164 0.8236011613601961
0.561273939992568 0.8236011613601961
0.565314344032972 0.8236011613601961
0.569354748073376 0.8236011613601961
0.5733951521137801 0.8236011613601961
0.5774355561541842 0.8236011613601961
0.5814759601945882 0.8236011613601961
0.5855163642349923 0.8236011613601961
0.5370315157501437 0.8276415654006002
0.5410719197905478 0.8276415654006002
0.5451123238309519 0.8276415654006002
0.5491527278713559 0.8276415654006002
0.5531931319117599 0.8276415654006002
0.557233535952164 0.8276415654006002
0.561273939992568 0.8276415654006002
0.565314344032972 0.8276415654006002
0.569354748073376 0.8276415654006002
0.5733951521137801 0.8276415654006002
0.5774355561541842 0.8276415654006002
0.5814759601945882 0.8276415654006002
0.5289507076693357 0.8316819694410043
0.5329911117097397 0.8316819694410043
0.5370315157501437 0.8316819694410043
0.5410719197905478 0.8316819694410043
0.5451123238309519 0.8316819694410043
0.5491527278713559 0.8316819694410043
0.5531931319117599 0.8316819694410043
0.557233535952164 0.8316819694410043
0.561273939992568 0.8316819694410043
0.565314344032972 0.8316819694410043
0.569354748073376 0.8316819694410043
0.5733951521137801 0.8316819694410043
0.5774355561541842 0.8316819694410043
0.5249103036289317 0.8357223734814083
0.5289507076693357 0.8357223734814083
0.5329911117097397 0.8357223734814083
0.5370315157501437 0.8357223734814083
0.5410719197905478 0.8357223734814083
0.5451123238309519 0.8357223734814083
0.5491527278713559 0.8357223734814083
0.5531931319117599 0.8357223734814083
0.557233535952164 0.8357223734814083
0.561273939992568 0.8357223734814083
0.565314344032972 0.8357223734814083
0.569354748073376 0.8357223734814083
0.5168294955481235 0.8397627775218124
0.5208698995885276 0.8397627775218124
0.5249103036289317 0.8397627775218124
0.5289507076693357 0.8397627775218124
0.5329911117097397 0.8397627775218124
0.5370315157501437 0.8397627775218124
0.5410719197905478 0.8397627775218124
0.5451123238309519 0.8397627775218124
0.5491527278713559 0.8397627775218124
0.5531931319117599 0.8397627775218124
0.557233535952164 0.8397627775218124
0.561273939992568 0.8397627775218124
0.565314344032972 0.8397627775218124
0.5127890915077196 0.8438031815622163
0.5168294955481235 0.8438031815622163
0.5208698995885276 0.8438031815622163
0.5249103036289317 0.8438031815622163
0.5289507076693357 0.8438031815622163
0.5329911117097397 0.8438031815622163
0.5370315157501437 0.8438031815622163
0.5410719197905478 0.8438031815622163
0.5451123238309519 0.8438031815622163
0.5491527278713559 0.8438031815622163
0.5531931319117599 0.8438031815622163
0.557233535952164 0.8438031815622163
0.5047082834269114 0.8478435856026204
0.5087486874673155 0.8478435856026204
0.5127890915077196 0.8478435856026204
0.5168294955481235 0.8478435856026204
0.5208698995885276 0.8478435856026204
0.5249103036289317 0.8478435856026204
0.5289507076693357 0.8478435856026204
0.5329911117097397 0.8478435856026204
0.5370315157501437 0.8478435856026204
0.5410719197905478 0.8478435856026204
0.5451123238309519 0.8478435856026204
0.5491527278713559 0.8478435856026204
0.5531931319117599 0.8478435856026204
0.49662747534610335 0.8518839896430245
0.5006678793865074 0.8518839896430245
0.5047082834269114 0.8518839896430245
0.5087486874673155 0.8518839896430245
0.5127890915077196 0.8518839896430245
0.5168294955481235 0.8518839896430245
0.5208698995885276 0.8518839896430245
0.5249103036289317 0.8518839896430245
0.5289507076693357 0.8518839896430245
0.5329911117097397 0.8518839896430245
0.5370315157501437 0.8518839896430245
0.5410719197905478 0.8518839896430245
0.5451123238309519 0.8518839896430245
0.4885466672652953 0.8559243936834284
0.49258707130569934 0.8559243936834284
0.49662747534610335 0.8559243936834284
0.5006678793865074 0.8559243936834284
0.5047082834269114 0.8559243936834284
0.5087486874673155 0.8559243936834284
0.5127890915077196 0.8559243936834284
0.5168294955481235 0.8559243936834284
0.5208698995885276 0.8559243936834284
0.5249103036289317 0.8559243936834284
0.5289507076693357 0.8559243936834284
0.5329911117097397 0.8559243936834284
0.5370315157501437 0.8559243936834284
0.5410719197905478 0.8559243936834284
0.4804658591844872 0.8599647977238325
0.4845062632248912 0.8599647977238325
0.4885466672652953 0.8599647977238325
0.49258707130569934 0.8599647977238325
0.49662747534610335 0.8599647977238325
0.5006678793865074 0.8599647977238325
0.5047082834269114 0.8599647977238325
0.5087486874673155 0.8599647977238325
0.5127890915077196 0.8599647977238325
0.5168294955481235 0.8599647977238325
0.5208698995885276 0.8599647977238325
0.5249103036289317 0.8599647977238325
0.5289507076693357 0.8599647977238325
0.5329911117097397 0.8599647977238325
0.4764254551440832 0.8640052017642366
0.4804658591844872 0.8640052017642366
0.4845062632248912 0.8640052017642366
0.4885466672652953 0.8640052017642366
0.49258707130569934 0.8640052017642366
0.49662747534610335 0.8640052017642366
0.5006678793865074 0.8640052017642366
0.5047082834269114 0.8640052017642366
0.5087486874673155 0.8640052017642366
0.5127890915077196 0.8640052017642366
0.5168294955481235 0.8640052017642366
0.5208698995885276 0.8640052017642366
0.5249103036289317 0.8640052017642366
0.46834464706327505 0.8680456058046406
0.4723850511036791 0.8680456058046406
0.4764254551440832 0.8680456058046406
0.4804658591844872 0.8680456058046406
0.4845062632248912 0.8680456058046406
0.4885466672652953 0.8680456058046406
0.49258707130569934 0.8680456058046406
0.49662747534610335 0.8680456058046406
0.5006678793865074 0.8680456058046406
0.5047082834269114 0.8680456058046406
0.5087486874673155 0.8680456058046406
0.5127890915077196 0.8680456058046406
0.5168294955481235 0.8680456058046406
0.5208698995885276 0.8680456058046406
0.460263838982467 0.8720860098450447
0.46430424302287104 0.8720860098450447
0.46834464706327505 0.8720860098450447
0.4723850511036791 0.8720860098450447
0.4764254551440832 0.8720860098450447
0.4804658591844872 0.8720860098450447
0.4845062632248912 0.8720860098450447
0.4885466672652953 0.8720860098450447
0.49258707130569934 0.8720860098450447
0.49662747534610335 0.8720860098450447
0.5006678793865074 0.8720860098450447
0.5047082834269114 0.8720860098450447
0.5087486874673155 0.8720860098450447
0.5127890915077196 0.8720860098450447
0.45622343494206297 0.8761264138854487
0.460263838982467 0.8761264138854487
0.46430424302287104 0.8761264138854487
0.46834464706327505 0.8761264138854487
0.4723850511036791 0.8761264138854487
0.4764254551440832 0.8761264138854487
0.4804658591844872 0.8761264138854487
0.4845062632248912 0.8761264138854487
0.4885466672652953 0.8761264138854487
0.49258707130569934 0.8761264138854487
0.49662747534610335 0.8761264138854487
0.5006678793865074 0.8761264138854487
0.5047082834269114 0.8761264138854487
0.4441022228208508 0.8801668179258527
0.44814262686125483 0.8801668179258527
0.4521830309016589 0.8801668179258527
0.45622343494206297 0.8801668179258527
0.460263838982467 0.8801668179258527
0.46430424302287104 0.8801668179258527
0.46834464706327505 0.8801668179258527
0.4723850511036791 0.8801668179258527
0.4764254551440832 0.8801668179258527
0.4804658591844872 0.8801668179258527
0.4845062632248912 0.8801668179258527
0.4885466672652953 0.8801668179258527
0.49258707130569934 0.8801668179258527
0.49662747534610335 0.8801668179258527
0.43602141474004275 0.8842072219662568
0.4400618187804468 0.8842072219662568
0.4441022228208508 0.8842072219662568
0.44814262686125483 0.8842072219662568
0.4521830309016589 0.8842072219662568
0.45622343494206297 0.8842072219662568
0.460263838982467 0.8842072219662568
0.46430424302287104 0.8842072219662568
0.46834464706327505 0.8842072219662568
0.4723850511036791 0.8842072219662568
0.4764254551440832 0.8842072219662568
0.4804658591844872 0.8842072219662568
0.4845062632248912 0.8842072219662568
0.4885466672652953 0.8842072219662568
0.49258707130569934 0.8842072219662568
0.4319810106996387 0.8882476260066607
0.43602141474004275 0.8882476260066607
0.4400618187804468 0.8882476260066607
0.4441022228208508 0.8882476260066607
0.44814262686125483 0.8882476260066607
0.4521830309016589 0.8882476260066607
0.45622343494206297 0.8882476260066607
0.460263838982467 0.8882476260066607
0.46430424302287104 0.8882476260066607
0.46834464706327505 0.8882476260066607
0.4723850511036791 0.8882476260066607
0.4764254551440832 0.8882476260066607
0.4804658591844872 0.8882476260066607
0.4845062632248912 0.8882476260066607
0.4198597985784266 0.8922880300470648
0.42390020261883066 0.8922880300470648
0.42794060665923467 0.8922880300470648
0.4319810106996387 0.8922880300470648
0.43602141474004275 0.8922880300470648
0.4400618187804468 0.8922880300470648
0.4441022228208508 0.8922880300470648
0.44814262686125483 0.8922880300470648
0.4521830309016589 0.8922880300470648
0.45622343494206297 0.8922880300470648
0.460263838982467 0.8922880300470648
0.46430424302287104 0.8922880300470648
0.46834464706327505 0.8922880300470648
0.4723850511036791 0.8922880300470648
0.4764254551440832 0.8922880300470648
0.4117789904976185 0.8963284340874689
0.4158193945380225 0.8963284340874689
0.4198597985784266 0.8963284340874689
0.42390020261883066 0.8963284340874689
0.42794060665923467 0.8963284340874689
0.4319810106996387 0.8963284340874689
0.43602141474004275 0.8963284340874689
0.4400618187804468 0.8963284340874689
0.4441022228208508 0.8963284340874689
0.44814262686125483 0.8963284340874689
0.4521830309016589 0.8963284340874689
0.45622343494206297 0.8963284340874689
0.460263838982467 0.8963284340874689
0.46430424302287104 0.8963284340874689
0.46834464706327505 0.8963284340874689
0.40369818241681044 0.9003688381278729
0.40773858645721445 0.9003688381278729
0.4117789904976185 0.9003688381278729
0.4158193945380225 0.9003688381278729
0.4198597985784266 0.9003688381278729
0.42390020261883066 0.9003688381278729
0.42794060665923467 0.9003688381278729
0.4319810106996387 0.9003688381278729
0.43602141474004275 0.9003688381278729
0.4400618187804468 0.9003688381278729
0.4441022228208508 0.9003688381278729
0.44814262686125483 0.9003688381278729
0.4521830309016589 0.9003688381278729
0.45622343494206297 0.9003688381278729
0.460263838982467 0.9003688381278729
0.3915769702955983 0.904409242168277
0.39561737433600236 0.904409242168277
0.39965777837640637 0.904409242168277
0.40369818241681044 0.904409242168277
0.40773858645721445 0.904409242168277
0.4117789904976185 0.904409242168277
0.4158193945380225 0.904409242168277
0.4198597985784266 0.904409242168277
0.42390020261883066 0.904409242168277
0.42794060665923467 0.904409242168277
0.4319810106996387 0.904409242168277
0.43602141474004275 0.904409242168277
0.4400618187804468 0.904409242168277
0.4441022228208508 0.904409242168277
0.44814262686125483 0.904409242168277
0.4521830309016589 0.904409242168277
0.3834961622147902 0.9084496462086811
0.3875365662551943 0.9084496462086811
0.3915769702955983 0.9084496462086811
0.39561737433600236 0.9084496462086811
0.39965777837640637 0.9084496462086811
0.40369818241681044 0.9084496462086811
0.40773858645721445 0.9084496462086811
0.4117789904976185 0.9084496462086811
0.4158193945380225 0.9084496462086811
0.4198597985784266 0.9084496462086811
0.42390020261883066 0.9084496462086811
0.42794060665923467 0.9084496462086811
0.4319810106996387 0.9084496462086811
0.43602141474004275 0.9084496462086811
0.4400618187804468 0.9084496462086811
0.4441022228208508 0.9084496462086811
0.3713749500935781 0.912490050249085
0.37541535413398214 0.912490050249085
0.37945575817438615 0.912490050249085
0.3834961622147902 0.912490050249085
0.3875365662551943 0.912490050249085
0.3915769702955983 0.912490050249085
0.39561737433600236 0.912490050249085
0.39965777837640637 0.912490050249085
0.40369818241681044 0.912490050249085
0.40773858645721445 0.912490050249085
0.4117789904976185 0.912490050249085
0.4158193945380225 0.912490050249085
0.4198597985784266 0.912490050249085
0.42390020261883066 0.912490050249085
0.42794060665923467 0.912490050249085
0.4319810106996387 0.912490050249085
0.43602141474004275 0.912490050249085
0.36329414201277 0.9165304542894891
0.36733454605317406 0.9165304542894891
0.3713749500935781 0.9165304542894891
0.37541535413398214 0.9165304542894891
0.37945575817438615 0.9165304542894891
0.3834961622147902 0.9165304542894891
0.3875365662551943 0.9165304542894891
0.3915769702955983 0.9165304542894891
0.39561737433600236 0.9165304542894891
0.39965777837640637 0.9165304542894891
0.40369818241681044 0.9165304542894891
0.40773858645721445 0.9165304542894891
0.4117789904976185 0.9165304542894891
0.4158193945380225 0.9165304542894891
0.4198597985784266 0.9165304542894891
0.42390020261883066 0.9165304542894891
0.42794060665923467 0.9165304542894891
0.3511729298915579 0.920570858329893
0.35521333393196197 0.920570858329893
0.359253737972366 0.920570858329893
0.36329414201277 0.920570858329893
0.36733454605317406 0.920570858329893
0.3713749500935781 0.920570858329893
0.37541535413398214 0.920570858329893
0.37945575817438615 0.920570858329893
0.3834961622147902 0.920570858329893
0.3875365662551943 0.920570858329893
0.3915769702955983 0.920570858329893
0.39561737433600236 0.920570858329893
0.39965777837640637 0.920570858329893
0.40369818241681044 0.920570858329893
0.40773858645721445 0.920570858329893
0.4117789904976185 0.920570858329893
0.4158193945380225 0.920570858329893
0.4198597985784266 0.920570858329893
0.34309212181074983 0.9246112623702971
0.34713252585115384 0.9246112623702971
0.3511729298915579 0.9246112623702971
0.35521333393196197 0.9246112623702971
0.359253737972366 0.9246112623702971
0.36329414201277 0.9246112623702971
0.36733454605317406 0.9246112623702971
0.3713749500935781 0.9246112623702971
0.37541535413398214 0.9246112623702971
0.37945575817438615 0.9246112623702971
0.3834961622147902 0.9246112623702971
0.3875365662551943 0.9246112623702971
0.3915769702955983 0.9246112623702971
0.39561737433600236 0.9246112623702971
0.39965777837640637 0.9246112623702971
0.40369818241681044 0.9246112623702971
0.40773858645721445 0.9246112623702971
0.4117789904976185 0.9246112623702971
0.33501131372994175 0.9286516664107012
0.33905171777034576 0.9286516664107012
0.34309212181074983 0.9286516664107012
0.34713252585115384 0.9286516664107012
0.3511729298915579 0.9286516664107012
0.35521333393196197 0.9286516664107012
0.359253737972366 0.9286516664107012
0.36329414201277 0.9286516664107012
0.36733454605317406 0.9286516664107012
0.3713749500935781 0.9286516664107012
0.37541535413398214 0.9286516664107012
0.37945575817438615 0.9286516664107012
0.3834961622147902 0.9286516664107012
0.3875365662551943 0.9286516664107012
0.3915769702955983 0.9286516664107012
0.39561737433600236 0.9286516664107012
0.39965777837640637 0.9286516664107012
0.40369818241681044 0.9286516664107012
0.3188496975683256 0.9326920704511052
0.3228901016087296 0.9326920704511052
0.3269305056491337 0.9326920704511052
0.3309709096895377 0.9326920704511052
0.33501131372994175 0.9326920704511052
0.33905171777034576 0.9326920704511052
0.34309212181074983 0.9326920704511052
0.34713252585115384 0.9326920704511052
0.3511729298915579 0.9326920704511052
0.35521333393196197 0.9326920704511052
0.359253737972366 0.9326920704511052
0.36329414201277 0.9326920704511052
0.36733454605317406 0.9326920704511052
0.3713749500935781 0.9326920704511052
0.37541535413398214 0.9326920704511052
0.37945575817438615 0.9326920704511052
0.3834961622147902 0.9326920704511052
0.3875365662551943 0.9326920704511052
0.3915769702955983 0.9326920704511052
0.30672848544711345 0.9367324744915093
0.31076888948751746 0.9367324744915093
0.31480929352792153 0.9367324744915093
0.3188496975683256 0.9367324744915093
0.3228901016087296 0.9367324744915093
0.3269305056491337 0.9367324744915093
0.3309709096895377 0.9367324744915093
0.33501131372994175 0.9367324744915093
0.33905171777034576 0.9367324744915093
0.34309212181074983 0.9367324744915093
0.34713252585115384 0.9367324744915093
0.3511729298915579 0.9367324744915093
0.35521333393196197 0.9367324744915093
0.359253737972366 0.9367324744915093
0.36329414201277 0.9367324744915093
0.36733454605317406 0.9367324744915093
0.3713749500935781 0.9367324744915093
0.37541535413398214 0.9367324744915093
0.37945575817438615 0.9367324744915093
0.2986476773663054 0.9407728785319134
0.30268808140670944 0.9407728785319134
0.30672848544711345 0.9407728785319134
0.31076888948751746 0.9407728785319134
0.31480929352792153 0.9407728785319134
0.3188496975683256 0.9407728785319134
0.3228901016087296 0.9407728785319134
0.3269305056491337 0.9407728785319134
0.3309709096895377 0.9407728785319134
0.33501131372994175 0.9407728785319134
0.33905171777034576 0.9407728785319134
0.34309212181074983 0.9407728785319134
0.34713252585115384 0.9407728785319134
0.3511729298915579 0.9407728785319134
0.35521333393196197 0.9407728785319134
0.359253737972366 0.9407728785319134
0.36329414201277 0.9407728785319134
0.36733454605317406 0.9407728785319134
0.3713749500935781 0.9407728785319134
0.2986476773663054 0.9448132825723174
0.30268808140670944 0.9448132825723174
0.30672848544711345 0.9448132825723174
0.31076888948751746 0.9448132825723174
0.31480929352792153 0.9448132825723174
0.3188496975683256 0.9448132825723174
0.3228901016087296 0.9448132825723174
0.3269305056491337 0.9448132825723174
0.3309709096895377 0.9448132825723174
0.33501131372994175 0.9448132825723174
0.33905171777034576 0.9448132825723174
0.34309212181074983 0.9448132825723174
0.34713252585115384 0.9448132825723174
0.3511729298915579 0.9448132825723174
0.35521333393196197 0.9448132825723174
0.359253737972366 0.9448132825723174
0.2986476773663054 0.9488536866127214
0.30268808140670944 0.9488536866127214
0.30672848544711345 0.9488536866127214
0.31076888948751746 0.9488536866127214
0.31480929352792153 0.9488536866127214
0.3188496975683256 0.9488536866127214
0.3228901016087296 0.9488536866127214
0.3269305056491337 0.9488536866127214
0.3309709096895377 0.9488536866127214
0.33501131372994175 0.9488536866127214
0.33905171777034576 0.9488536866127214
0.34309212181074983 0.9488536866127214
0.34713252585115384 0.9488536866127214
0.3511729298915579 0.9488536866127214
0.2986476773663054 0.9528940906531255
0.30268808140670944 0.9528940906531255
0.30672848544711345 0.9528940906531255
0.31076888948751746 0.9528940906531255
0.31480929352792153 0.9528940906531255
0.3188496975683256 0.9528940906531255
0.3228901016087296 0.9528940906531255
0.3269305056491337 0.9528940906531255
0.3309709096895377 0.9528940906531255
0.33501131372994175 0.9528940906531255
0.33905171777034576 0.9528940906531255
0.34309212181074983 0.9528940906531255
0.2986476773663054 0.9569344946935294
0.30268808140670944 0.9569344946935294
0.30672848544711345 0.9569344946935294
0.31076888948751746 0.9569344946935294
0.31480929352792153 0.9569344946935294
0.3188496975683256 0.9569344946935294
0.3228901016087296 0.9569344946935294
0.3269305056491337 0.9569344946935294
0.3309709096895377 0.9569344946935294
0.2986476773663054 0.9609748987339335
0.30268808140670944 0.9609748987339335
0.30672848544711345 0.9609748987339335
0.31076888948751746 0.9609748987339335
0.31480929352792153 0.9609748987339335
0.3188496975683256 0.9609748987339335
0.2986476773663054 0.9650153027743376
0.30268808140670944 0.9650153027743376
0.30672848544711345 0.9650153027743376
