# x y
0.6999600756933164 0.7145102522692871
0.6918792676125083 0.7185506563096911
0.6959196716529124 0.7185506563096911
0.6878388635721042 0.7225910603500951
0.6918792676125083 0.7225910603500951
0.6837984595317002 0.7266314643904992
0.6878388635721042 0.7266314643904992
0.6797580554912961 0.7306718684309033
0.6837984595317002 0.7306718684309033
0.675717651450892 0.7347122724713073
0.6797580554912961 0.7347122724713073
0.6716772474104881 0.7387526765117113
0.675717651450892 0.7387526765117113
0.667636843370084 0.7427930805521153
0.6716772474104881 0.7427930805521153
0.66359643932968 0.7468334845925194
0.667636843370084 0.7468334845925194
0.659556035289276 0.7508738886329235
0.66359643932968 0.7508738886329235
0.6555156312488719 0.7549142926733274
0.659556035289276 0.7549142926733274
0.6474348231680638 0.7589546967137315
0.6514752272084678 0.7589546967137315
0.6433944191276597 0.7629951007541356
0.6474348231680638 0.7629951007541356
0.6393540150872558 0.7670355047945396
0.6433944191276597 0.7670355047945396
0.6353136110468517 0.7710759088349436
0.6393540150872558 0.7710759088349436
0.6312732070064477 0.7751163128753477
0.6353136110468517 0.7751163128753477
0.6231923989256396 0.7791567169157517
0.6272328029660437 0.7791567169157517
0.6191519948852355 0.7831971209561558
0.6231923989256396 0.7831971209561558
0.6151115908448315 0.7872375249965597
0.6191519948852355 0.7872375249965597
0.6110711868044274 0.7912779290369638
0.6151115908448315 0.7912779290369638
0.6029903787236194 0.7953183330773679
0.6070307827640233 0.7953183330773679
0.5989499746832153 0.799358737117772
0.6029903787236194 0.799358737117772
0.5949095706428114 0.803399141158176
0.5989499746832153 0.803399141158176
0.5868287625620032 0.80743954519858
0.5908691666024073 0.80743954519858
0.5827883585215992 0.811479949238984
0.5868287625620032 0.811479949238984
0.574707550440791 0.8155203532793881
0.5787479544811951 0.8155203532793881
0.5827883585215992 0.8155203532793881
0.5706671464003871 0.819560757319792
0.574707550440791 0.819560757319792
0.562586338319579 0.8236011613601961
0.566626742359983 0.8236011613601961
0.5706671464003871 0.8236011613601961
0.558545934279175 0.8276415654006002
0.562586338319579 0.8276415654006002
0.5545055302387709 0.8316819694410043
0.558545934279175 0.8316819694410043
0.5464247221579628 0.8357223734814083
0.5504651261983668 0.8357223734814083
0.5383439140771548 0.8397627775218124
0.5423843181175587 0.8397627775218124
0.5464247221579628 0.8397627775218124
0.5343035100367507 0.8438031815622163
0.5383439140771548 0.8438031815622163
0.5262227019559427 0.8478435856026204
0.5302631059963466 0.8478435856026204
0.5343035100367507 0.8478435856026204
0.5221822979155386 0.8518839896430245
0.5262227019559427 0.8518839896430245
0.5141014898347305 0.8559243936834284
0.5181418938751345 0.8559243936834284
0.5060206817539223 0.8599647977238325
0.5100610857943264 0.8599647977238325
0.5141014898347305 0.8599647977238325
0.5019802777135184 0.8640052017642366
0.5060206817539223 0.8640052017642366
0.49389946963271025 0.8680456058046406
0.4979398736731143 0.8680456058046406
0.48581866155190223 0.8720860098450447
0.48985906559230624 0.8720860098450447
0.49389946963271025 0.8720860098450447
0.4777378534710941 0.8761264138854487
0.48177825751149816 0.8761264138854487
0.48581866155190223 0.8761264138854487
0.4696570453902861 0.8801668179258527
0.4736974494306901 0.8801668179258527
0.4777378534710941 0.8801668179258527
0.46157623730947794 0.8842072219662568
0.465616641349882 0.8842072219662568
0.4696570453902861 0.8842072219662568
0.4575358332690739 0.8882476260066607
0.46157623730947794 0.8882476260066607
0.44945502518826586 0.8922880300470648
0.45349542922866987 0.8922880300470648
0.4413742171074577 0.8963284340874689
0.4454146211478618 0.8963284340874689
0.42925300498624563 0.9003688381278729
0.4332934090266497 0.9003688381278729
0.4373338130670537 0.9003688381278729
0.42117219690543756 0.904409242168277
0.42521260094584157 0.904409242168277
0.42925300498624563 0.904409242168277
0.4130913888246295 0.9084496462086811
0.41713179286503355 0.9084496462086811
0.42117219690543756 0.9084496462086811
0.4050105807438214 0.912490050249085
0.4090509847842254 0.912490050249085
0.4130913888246295 0.912490050249085
0.3969297726630133 0.9165304542894891
0.40097017670341734 0.9165304542894891
0.4050105807438214 0.9165304542894891
0.3848085605418012 0.920570858329893
0.38884896458220525 0.920570858329893
0.39288936862260926 0.920570858329893
0.3969297726630133 0.920570858329893
0.3767277524609931 0.9246112623702971
0.38076815650139717 0.9246112623702971
0.3848085605418012 0.9246112623702971
0.364606540339781 0.9286516664107012
0.368646944380185 0.9286516664107012
0.37268734842058904 0.9286516664107012
0.3767277524609931 0.9286516664107012
0.3565257322589729 0.9326920704511052
0.36056613629937695 0.9326920704511052
0.364606540339781 0.9326920704511052
0.3444045201377608 0.9367324744915093
0.34844492417816486 0.9367324744915093
0.35248532821856887 0.9367324744915093
0.3565257322589729 0.9367324744915093
0.33228330801654865 0.9407728785319134
0.3363237120569527 0.9407728785319134
0.34036411609735673 0.9407728785319134
0.3444045201377608 0.9407728785319134
0.3201620958953365 0.9448132825723174
0.3242024999357406 0.9448132825723174
0.32824290397614464 0.9448132825723174
0.33228330801654865 0.9448132825723174
0.3080408837741244 0.9488536866127214
0.3120812878145285 0.9488536866127214
0.3161216918549325 0.9488536866127214
0.3201620958953365 0.9488536866127214
0.29996007569331634 0.9528940906531255
0.30400047973372035 0.9528940906531255
0.3080408837741244 0.9528940906531255
