# x y
0.6797704317186997 0.7468334845925194
0.6676492195974875 0.7549142926733274
0.6595684115166794 0.7791567169157517
0.6312855832338512 0.803399141158176
0.5989623509106188 0.811479949238984
0.5989623509106188 0.8155203532793881
0.611083563031831 0.819560757319792
0.5383562903045582 0.8518839896430245
0.5060330579813259 0.8720860098450447
0.5019926539409219 0.8801668179258527
0.4777502296984977 0.8882476260066607
0.46562901757728553 0.9003688381278729
0.48987144181970976 0.9003688381278729
0.36057851252678047 0.9488536866127214
0.3646189165671845 0.9609748987339335
