# x y
0.6999055921037307 0.710469848228883
0.6958651880633266 0.7145102522692871
0.6999055921037307 0.7145102522692871
0.6918247840229227 0.7185506563096911
0.6958651880633266 0.7185506563096911
0.6999055921037307 0.7185506563096911
0.6877843799825186 0.7225910603500951
0.6918247840229227 0.7225910603500951
0.6958651880633266 0.7225910603500951
0.6837439759421146 0.7266314643904992
0.6877843799825186 0.7266314643904992
0.6918247840229227 0.7266314643904992
0.6797035719017106 0.7306718684309033
0.6837439759421146 0.7306718684309033
0.6877843799825186 0.7306718684309033
0.6756631678613065 0.7347122724713073
0.6797035719017106 0.7347122724713073
0.6837439759421146 0.7347122724713073
0.6716227638209025 0.7387526765117113
0.6756631678613065 0.7387526765117113
0.6675823597804984 0.7427930805521153
0.6716227638209025 0.7427930805521153
0.6595015516996903 0.7468334845925194
0.6635419557400943 0.7468334845925194
0.6675823597804984 0.7468334845925194
0.6554611476592863 0.7508738886329235
0.6595015516996903 0.7508738886329235
0.6635419557400943 0.7508738886329235
0.6514207436188822 0.7549142926733274
0.6554611476592863 0.7549142926733274
0.6595015516996903 0.7549142926733274
0.6473803395784783 0.7589546967137315
0.6514207436188822 0.7589546967137315
0.6554611476592863 0.7589546967137315
0.6433399355380742 0.7629951007541356
0.6473803395784783 0.7629951007541356
0.6514207436188822 0.7629951007541356
0.6392995314976702 0.7670355047945396
0.6433399355380742 0.7670355047945396
0.6473803395784783 0.7670355047945396
0.631218723416862 0.7710759088349436
0.6352591274572661 0.7710759088349436
0.6392995314976702 0.7710759088349436
0.627178319376458 0.7751163128753477
0.631218723416862 0.7751163128753477
0.6352591274572661 0.7751163128753477
0.6231379153360539 0.7791567169157517
0.627178319376458 0.7791567169157517
0.631218723416862 0.7791567169157517
0.6190975112956499 0.7831971209561558
0.6231379153360539 0.7831971209561558
0.627178319376458 0.7831971209561558
0.6110167032148419 0.7872375249965597
0.6150571072552459 0.7872375249965597
0.6190975112956499 0.7872375249965597
0.6069762991744378 0.7912779290369638
0.6110167032148419 0.7912779290369638
0.6150571072552459 0.7912779290369638
0.6029358951340338 0.7953183330773679
0.6069762991744378 0.7953183330773679
0.6110167032148419 0.7953183330773679
0.5948550870532257 0.799358737117772
0.5988954910936297 0.799358737117772
0.6029358951340338 0.799358737117772
0.6069762991744378 0.799358737117772
0.5908146830128216 0.803399141158176
0.5948550870532257 0.803399141158176
0.5988954910936297 0.803399141158176
0.5867742789724176 0.80743954519858
0.5908146830128216 0.80743954519858
0.5948550870532257 0.80743954519858
0.5786934708916096 0.811479949238984
0.5827338749320136 0.811479949238984
0.5867742789724176 0.811479949238984
0.5908146830128216 0.811479949238984
0.5746530668512055 0.8155203532793881
0.5786934708916096 0.8155203532793881
0.5827338749320136 0.8155203532793881
0.5665722587703974 0.819560757319792
0.5706126628108015 0.819560757319792
0.5746530668512055 0.819560757319792
0.5786934708916096 0.819560757319792
0.5625318547299933 0.8236011613601961
0.5665722587703974 0.8236011613601961
0.5706126628108015 0.8236011613601961
0.5544510466491852 0.8276415654006002
0.5584914506895893 0.8276415654006002
0.5625318547299933 0.8276415654006002
0.5665722587703974 0.8276415654006002
0.5504106426087813 0.8316819694410043
0.5544510466491852 0.8316819694410043
0.5584914506895893 0.8316819694410043
0.5423298345279732 0.8357223734814083
0.5463702385683772 0.8357223734814083
0.5504106426087813 0.8357223734814083
0.5544510466491852 0.8357223734814083
0.5382894304875692 0.8397627775218124
0.5423298345279732 0.8397627775218124
0.5463702385683772 0.8397627775218124
0.530208622406761 0.8438031815622163
0.5342490264471651 0.8438031815622163
0.5382894304875692 0.8438031815622163
0.5423298345279732 0.8438031815622163
0.526168218366357 0.8478435856026204
0.530208622406761 0.8478435856026204
0.5342490264471651 0.8478435856026204
0.5180874102855489 0.8518839896430245
0.5221278143259529 0.8518839896430245
0.526168218366357 0.8518839896430245
0.530208622406761 0.8518839896430245
0.5100066022047408 0.8559243936834284
0.5140470062451449 0.8559243936834284
0.5180874102855489 0.8559243936834284
0.5221278143259529 0.8559243936834284
0.5059661981643369 0.8599647977238325
0.5100066022047408 0.8599647977238325
0.5140470062451449 0.8599647977238325
0.4978853900835287 0.8640052017642366
0.5019257941239328 0.8640052017642366
0.5059661981643369 0.8640052017642366
0.5100066022047408 0.8640052017642366
0.48980458200272065 0.8680456058046406
0.49384498604312466 0.8680456058046406
0.4978853900835287 0.8680456058046406
0.5019257941239328 0.8680456058046406
0.48172377392191257 0.8720860098450447
0.48576417796231663 0.8720860098450447
0.48980458200272065 0.8720860098450447
0.49384498604312466 0.8720860098450447
0.4776833698815085 0.8761264138854487
0.48172377392191257 0.8761264138854487
0.48576417796231663 0.8761264138854487
0.48980458200272065 0.8761264138854487
0.4696025618007005 0.8801668179258527
0.4736429658411045 0.8801668179258527
0.4776833698815085 0.8801668179258527
0.48172377392191257 0.8801668179258527
0.46152175371989235 0.8842072219662568
0.4655621577602964 0.8842072219662568
0.4696025618007005 0.8842072219662568
0.4736429658411045 0.8842072219662568
0.45344094563908427 0.8882476260066607
0.4574813496794883 0.8882476260066607
0.46152175371989235 0.8882476260066607
0.4655621577602964 0.8882476260066607
0.4453601375582762 0.8922880300470648
0.44940054159868026 0.8922880300470648
0.45344094563908427 0.8922880300470648
0.4574813496794883 0.8922880300470648
0.4372793294774681 0.8963284340874689
0.4413197335178721 0.8963284340874689
0.4453601375582762 0.8963284340874689
0.44940054159868026 0.8963284340874689
0.42919852139666004 0.9003688381278729
0.4332389254370641 0.9003688381278729
0.4372793294774681 0.9003688381278729
0.4413197335178721 0.9003688381278729
0.42111771331585196 0.904409242168277
0.42515811735625597 0.904409242168277
0.42919852139666004 0.904409242168277
0.4332389254370641 0.904409242168277
0.4089965011946398 0.9084496462086811
0.4130369052350439 0.9084496462086811
0.41707730927544795 0.9084496462086811
0.42111771331585196 0.9084496462086811
0.42515811735625597 0.9084496462086811
0.40091569311383174 0.912490050249085
0.4049560971542358 0.912490050249085
0.4089965011946398 0.912490050249085
0.4130369052350439 0.912490050249085
0.41707730927544795 0.912490050249085
0.39283488503302366 0.9165304542894891
0.39687528907342773 0.9165304542894891
0.40091569311383174 0.9165304542894891
0.4049560971542358 0.9165304542894891
0.4089965011946398 0.9165304542894891
0.3807136729118116 0.920570858329893
0.3847540769522156 0.920570858329893
0.38879448099261965 0.920570858329893
0.39283488503302366 0.920570858329893
0.39687528907342773 0.920570858329893
0.37263286483100344 0.9246112623702971
0.3766732688714075 0.9246112623702971
0.3807136729118116 0.9246112623702971
0.3847540769522156 0.9246112623702971
0.38879448099261965 0.9246112623702971
0.36051165270979135 0.9286516664107012
0.3645520567501954 0.9286516664107012
0.36859246079059943 0.9286516664107012
0.37263286483100344 0.9286516664107012
0.3766732688714075 0.9286516664107012
0.3807136729118116 0.9286516664107012
0.3524308446289833 0.9326920704511052
0.3564712486693873 0.9326920704511052
0.36051165270979135 0.9326920704511052
0.3645520567501954 0.9326920704511052
0.36859246079059943 0.9326920704511052
0.34030963250777113 0.9367324744915093
0.3443500365481752 0.9367324744915093
0.34839044058857926 0.9367324744915093
0.3524308446289833 0.9367324744915093
0.3564712486693873 0.9367324744915093
0.36051165270979135 0.9367324744915093
0.32818842038655904 0.9407728785319134
0.33222882442696305 0.9407728785319134
0.3362692284673671 0.9407728785319134
0.34030963250777113 0.9407728785319134
0.3443500365481752 0.9407728785319134
0.34839044058857926 0.9407728785319134
0.3160672082653469 0.9448132825723174
0.3201076123057509 0.9448132825723174
0.324148016346155 0.9448132825723174
0.32818842038655904 0.9448132825723174
0.33222882442696305 0.9448132825723174
0.3362692284673671 0.9448132825723174
0.30394599614413476 0.9488536866127214
0.3079864001845388 0.9488536866127214
0.3120268042249429 0.9488536866127214
0.3160672082653469 0.9488536866127214
0.3201076123057509 0.9488536866127214
0.324148016346155 0.9488536866127214
0.29990559210373074 0.9528940906531255
0.30394599614413476 0.9528940906531255
0.3079864001845388 0.9528940906531255
0.3120268042249429 0.9528940906531255
0.29990559210373074 0.9569344946935294
