# x y
0.6554611476592863 0.7710759088349436
0.6554611476592863 0.7831971209561558
0.6029358951340338 0.8236011613601961
0.530208622406761 0.8761264138854487
0.48980458200272065 0.8842072219662568
0.48172377392191257 0.8922880300470648
0.41707730927544795 0.920570858329893
0.45344094563908427 0.920570858329893
0.4453601375582762 0.9246112623702971
0.4089965011946398 0.9286516664107012
0.4372793294774681 0.9286516664107012
0.42919852139666004 0.9326920704511052
0.32818842038655904 0.9609748987339335
