# x y
0.6635835780402138 0.7629951007541356
0.6353007497573855 0.7872375249965597
0.5948967093533452 0.8155203532793881
0.5948967093533452 0.8316819694410043
0.5302502447068805 0.8761264138854487
0.5221694366260724 0.8801668179258527
0.41711893157556734 0.9246112623702971
0.3645936790503148 0.9407728785319134
0.38075529521193097 0.9407728785319134
0.3605532750099108 0.9488536866127214
0.3201492346058704 0.9569344946935294
0.30802802248465827 0.9609748987339335
0.3645936790503148 0.9609748987339335
