# x y
0.6999649718990404 0.7145102522692871
0.6959245678586363 0.7185506563096911
0.6918841638182323 0.7225910603500951
0.6838033557374241 0.7266314643904992
0.6878437597778282 0.7266314643904992
0.6797629516970201 0.7306718684309033
0.6838033557374241 0.7306718684309033
0.675722547656616 0.7347122724713073
0.6797629516970201 0.7347122724713073
0.671682143616212 0.7387526765117113
0.675722547656616 0.7387526765117113
0.667641739575808 0.7427930805521153
0.671682143616212 0.7427930805521153
0.663601335535404 0.7468334845925194
0.667641739575808 0.7468334845925194
0.659560931495 0.7508738886329235
0.663601335535404 0.7508738886329235
0.6555205274545959 0.7549142926733274
0.6514801234141918 0.7589546967137315
0.6433993153333837 0.7629951007541356
0.6474397193737877 0.7629951007541356
0.6393589112929797 0.7670355047945396
0.6433993153333837 0.7670355047945396
0.6353185072525757 0.7710759088349436
0.6393589112929797 0.7710759088349436
0.6312781032121717 0.7751163128753477
0.6353185072525757 0.7751163128753477
0.6231972951313636 0.7791567169157517
0.6272376991717676 0.7791567169157517
0.6191568910909595 0.7831971209561558
0.6231972951313636 0.7831971209561558
0.6151164870505554 0.7872375249965597
0.6191568910909595 0.7872375249965597
0.6110760830101514 0.7912779290369638
0.6151164870505554 0.7912779290369638
0.6029952749293434 0.7953183330773679
0.6070356789697473 0.7953183330773679
0.5989548708889393 0.799358737117772
0.6029952749293434 0.799358737117772
0.5949144668485353 0.803399141158176
0.5989548708889393 0.803399141158176
0.5868336587677272 0.80743954519858
0.5908740628081313 0.80743954519858
0.5827932547273231 0.811479949238984
0.5868336587677272 0.811479949238984
0.574712446646515 0.8155203532793881
0.5787528506869191 0.8155203532793881
0.5827932547273231 0.8155203532793881
0.570672042606111 0.819560757319792
0.574712446646515 0.819560757319792
0.566631638565707 0.8236011613601961
0.570672042606111 0.8236011613601961
0.558550830484899 0.8276415654006002
0.562591234525303 0.8276415654006002
0.5545104264444949 0.8316819694410043
0.558550830484899 0.8316819694410043
0.5464296183636868 0.8357223734814083
0.5504700224040908 0.8357223734814083
0.5423892143232827 0.8397627775218124
0.5464296183636868 0.8397627775218124
0.5343084062424747 0.8438031815622163
0.5383488102828787 0.8438031815622163
0.5262275981616666 0.8478435856026204
0.5302680022020706 0.8478435856026204
0.5343084062424747 0.8478435856026204
0.5221871941212626 0.8518839896430245
0.5262275981616666 0.8518839896430245
0.5141063860404544 0.8559243936834284
0.5181467900808585 0.8559243936834284
0.5060255779596463 0.8599647977238325
0.5100659820000504 0.8599647977238325
0.5141063860404544 0.8599647977238325
0.5019851739192424 0.8640052017642366
0.5060255779596463 0.8640052017642366
0.4939043658384342 0.8680456058046406
0.4979447698788383 0.8680456058046406
0.4858235577576262 0.8720860098450447
0.4898639617980302 0.8720860098450447
0.4939043658384342 0.8720860098450447
0.47774274967681807 0.8761264138854487
0.48178315371722213 0.8761264138854487
0.4858235577576262 0.8761264138854487
0.46966194159601005 0.8801668179258527
0.47370234563641406 0.8801668179258527
0.47774274967681807 0.8801668179258527
0.465621537555606 0.8842072219662568
0.46966194159601005 0.8842072219662568
0.45754072947479785 0.8882476260066607
0.4615811335152019 0.8882476260066607
0.4494599213939898 0.8922880300470648
0.45350032543439384 0.8922880300470648
0.4413791133131817 0.8963284340874689
0.44541951735358576 0.8963284340874689
0.43329830523237367 0.9003688381278729
0.4373387092727777 0.9003688381278729
0.4211770931111615 0.904409242168277
0.42521749715156554 0.904409242168277
0.4292579011919696 0.904409242168277
0.41309628503035345 0.9084496462086811
0.4171366890707575 0.9084496462086811
0.4211770931111615 0.9084496462086811
0.40501547694954537 0.912490050249085
0.4090558809899494 0.912490050249085
0.41309628503035345 0.912490050249085
0.3969346688687373 0.9165304542894891
0.4009750729091413 0.9165304542894891
0.40501547694954537 0.9165304542894891
0.38481345674752515 0.920570858329893
0.3888538607879292 0.920570858329893
0.39289426482833323 0.920570858329893
0.3767326486667171 0.9246112623702971
0.38077305270712114 0.9246112623702971
0.38481345674752515 0.9246112623702971
0.364611436545505 0.9286516664107012
0.368651840585909 0.9286516664107012
0.372692244626313 0.9286516664107012
0.3767326486667171 0.9286516664107012
0.35653062846469685 0.9326920704511052
0.3605710325051009 0.9326920704511052
0.364611436545505 0.9326920704511052
0.34440941634348476 0.9367324744915093
0.34844982038388883 0.9367324744915093
0.35249022442429284 0.9367324744915093
0.35653062846469685 0.9367324744915093
0.3322882042222726 0.9407728785319134
0.3363286082626767 0.9407728785319134
0.3403690123030807 0.9407728785319134
0.34440941634348476 0.9407728785319134
0.32420739614146454 0.9448132825723174
0.3282478001818686 0.9448132825723174
0.3322882042222726 0.9448132825723174
0.31208618402025246 0.9488536866127214
0.31612658806065647 0.9488536866127214
0.3201669921010605 0.9488536866127214
0.2999649718990403 0.9528940906531255
0.3040053759394443 0.9528940906531255
0.3080457799798484 0.9528940906531255
