# x y
0.6797708338396492 0.7468334845925194
0.6676496217184371 0.7549142926733274
0.659568813637629 0.7791567169157517
0.6312859853548007 0.803399141158176
0.5989627530315684 0.811479949238984
0.5989627530315684 0.8155203532793881
0.6110839651527805 0.819560757319792
0.5383566924255078 0.8518839896430245
0.5060334601022755 0.8720860098450447
0.5019930560618714 0.8801668179258527
0.4777506318194472 0.8882476260066607
0.46562941969823507 0.9003688381278729
0.4898718439406593 0.9003688381278729
0.4817910358598512 0.904409242168277
0.34845770252651787 0.9448132825723174
0.36057891464773 0.9488536866127214
0.3322960863649017 0.9730961108551457
