# x y
0.6999728540416694 0.7145102522692871
0.6959324500012654 0.7185506563096911
0.6918920459608613 0.7225910603500951
0.6878516419204572 0.7266314643904992
0.6797708338396492 0.7306718684309033
0.6838112378800532 0.7306718684309033
0.6757304297992451 0.7347122724713073
0.6797708338396492 0.7347122724713073
0.6716900257588412 0.7387526765117113
0.6757304297992451 0.7387526765117113
0.6676496217184371 0.7427930805521153
0.6716900257588412 0.7427930805521153
0.663609217678033 0.7468334845925194
0.6676496217184371 0.7468334845925194
0.659568813637629 0.7508738886329235
0.6555284095972249 0.7549142926733274
0.6514880055568208 0.7589546967137315
0.6434071974760128 0.7629951007541356
0.6474476015164169 0.7629951007541356
0.6393667934356089 0.7670355047945396
0.6434071974760128 0.7670355047945396
0.6353263893952048 0.7710759088349436
0.6393667934356089 0.7710759088349436
0.6312859853548007 0.7751163128753477
0.6272455813143967 0.7791567169157517
0.6191647732335885 0.7831971209561558
0.6232051772739926 0.7831971209561558
0.6151243691931845 0.7872375249965597
0.6191647732335885 0.7872375249965597
0.6110839651527805 0.7912779290369638
0.6030031570719725 0.7953183330773679
0.6070435611123765 0.7953183330773679
0.5989627530315684 0.799358737117772
0.6030031570719725 0.799358737117772
0.5949223489911644 0.803399141158176
0.5989627530315684 0.803399141158176
0.5868415409103562 0.80743954519858
0.5908819449507603 0.80743954519858
0.5828011368699522 0.811479949238984
0.5868415409103562 0.811479949238984
0.5787607328295482 0.8155203532793881
0.5706799247487402 0.819560757319792
0.5747203287891441 0.819560757319792
0.5666395207083361 0.8236011613601961
0.5706799247487402 0.8236011613601961
0.558558712627528 0.8276415654006002
0.562599116667932 0.8276415654006002
0.5545183085871239 0.8316819694410043
0.558558712627528 0.8316819694410043
0.5464375005063159 0.8357223734814083
0.5504779045467199 0.8357223734814083
0.5423970964659118 0.8397627775218124
0.5464375005063159 0.8397627775218124
0.5343162883851038 0.8438031815622163
0.5383566924255078 0.8438031815622163
0.5262354803042957 0.8478435856026204
0.5302758843446997 0.8478435856026204
0.5221950762638916 0.8518839896430245
0.5262354803042957 0.8518839896430245
0.5141142681830835 0.8559243936834284
0.5181546722234875 0.8559243936834284
0.5100738641426795 0.8599647977238325
0.5141142681830835 0.8599647977238325
0.5019930560618714 0.8640052017642366
0.5060334601022755 0.8640052017642366
0.49391224798106337 0.8680456058046406
0.4979526520214674 0.8680456058046406
0.48583143990025524 0.8720860098450447
0.4898718439406593 0.8720860098450447
0.4777506318194472 0.8761264138854487
0.4817910358598512 0.8761264138854487
0.48583143990025524 0.8761264138854487
0.47371022777904315 0.8801668179258527
0.4777506318194472 0.8801668179258527
0.46562941969823507 0.8842072219662568
0.4696698237386391 0.8842072219662568
0.457548611617427 0.8882476260066607
0.461589015657831 0.8882476260066607
0.44946780353661886 0.8922880300470648
0.4535082075770229 0.8922880300470648
0.44138699545581084 0.8963284340874689
0.44542739949621485 0.8963284340874689
0.4333061873750027 0.9003688381278729
0.43734659141540677 0.9003688381278729
0.4252253792941947 0.904409242168277
0.4292657833345987 0.904409242168277
0.41310416717298254 0.9084496462086811
0.41714457121338655 0.9084496462086811
0.4211849752537906 0.9084496462086811
0.40502335909217446 0.912490050249085
0.4090637631325785 0.912490050249085
0.41310416717298254 0.912490050249085
0.3969425510113664 0.9165304542894891
0.4009829550517704 0.9165304542894891
0.40502335909217446 0.9165304542894891
0.3888617429305583 0.920570858329893
0.3929021469709623 0.920570858329893
0.37674053080934616 0.9246112623702971
0.3807809348497502 0.9246112623702971
0.38482133889015424 0.9246112623702971
0.3686597227285381 0.9286516664107012
0.37270012676894215 0.9286516664107012
0.356538510607326 0.9326920704511052
0.36057891464773 0.9326920704511052
0.364619318688134 0.9326920704511052
0.34441729848611385 0.9367324744915093
0.34845770252651787 0.9367324744915093
0.35249810656692193 0.9367324744915093
0.3363364904053058 0.9407728785319134
0.3403768944457098 0.9407728785319134
0.34441729848611385 0.9407728785319134
0.32421527828409363 0.9448132825723174
0.3282556823244977 0.9448132825723174
0.3322960863649017 0.9448132825723174
0.3120940661628815 0.9488536866127214
0.31613447020328556 0.9488536866127214
0.3201748742436896 0.9488536866127214
0.2999728540416694 0.9528940906531255
0.30401325808207347 0.9528940906531255
0.3080536621224775 0.9528940906531255
