# x y
0.6992432009806546 0.702389040148075
0.6952027969402506 0.706429444188479
0.6992432009806546 0.706429444188479
0.6911623928998465 0.710469848228883
0.6952027969402506 0.710469848228883
0.6992432009806546 0.710469848228883
0.6871219888594424 0.7145102522692871
0.6911623928998465 0.7145102522692871
0.6952027969402506 0.7145102522692871
0.6992432009806546 0.7145102522692871
0.6830815848190384 0.7185506563096911
0.6871219888594424 0.7185506563096911
0.6911623928998465 0.7185506563096911
0.6952027969402506 0.7185506563096911
0.6992432009806546 0.7185506563096911
0.6750007767382303 0.7225910603500951
0.6790411807786344 0.7225910603500951
0.6830815848190384 0.7225910603500951
0.6871219888594424 0.7225910603500951
0.6911623928998465 0.7225910603500951
0.6952027969402506 0.7225910603500951
0.6992432009806546 0.7225910603500951
0.6709603726978264 0.7266314643904992
0.6750007767382303 0.7266314643904992
0.6790411807786344 0.7266314643904992
0.6830815848190384 0.7266314643904992
0.6871219888594424 0.7266314643904992
0.6911623928998465 0.7266314643904992
0.6952027969402506 0.7266314643904992
0.6992432009806546 0.7266314643904992
0.6669199686574223 0.7306718684309033
0.6709603726978264 0.7306718684309033
0.6750007767382303 0.7306718684309033
0.6790411807786344 0.7306718684309033
0.6830815848190384 0.7306718684309033
0.6871219888594424 0.7306718684309033
0.6911623928998465 0.7306718684309033
0.6952027969402506 0.7306718684309033
0.6628795646170182 0.7347122724713073
0.6669199686574223 0.7347122724713073
0.6709603726978264 0.7347122724713073
0.6750007767382303 0.7347122724713073
0.6790411807786344 0.7347122724713073
0.6830815848190384 0.7347122724713073
0.6871219888594424 0.7347122724713073
0.6911623928998465 0.7347122724713073
0.6588391605766142 0.7387526765117113
0.6628795646170182 0.7387526765117113
0.6669199686574223 0.7387526765117113
0.6709603726978264 0.7387526765117113
0.6750007767382303 0.7387526765117113
0.6790411807786344 0.7387526765117113
0.6830815848190384 0.7387526765117113
0.6871219888594424 0.7387526765117113
0.6547987565362101 0.7427930805521153
0.6588391605766142 0.7427930805521153
0.6628795646170182 0.7427930805521153
0.6669199686574223 0.7427930805521153
0.6709603726978264 0.7427930805521153
0.6750007767382303 0.7427930805521153
0.6790411807786344 0.7427930805521153
0.6830815848190384 0.7427930805521153
0.650758352495806 0.7468334845925194
0.6547987565362101 0.7468334845925194
0.6588391605766142 0.7468334845925194
0.6628795646170182 0.7468334845925194
0.6669199686574223 0.7468334845925194
0.6709603726978264 0.7468334845925194
0.6750007767382303 0.7468334845925194
0.6790411807786344 0.7468334845925194
0.6467179484554021 0.7508738886329235
0.650758352495806 0.7508738886329235
0.6547987565362101 0.7508738886329235
0.6588391605766142 0.7508738886329235
0.6628795646170182 0.7508738886329235
0.6669199686574223 0.7508738886329235
0.6709603726978264 0.7508738886329235
0.6750007767382303 0.7508738886329235
0.6386371403745941 0.7549142926733274
0.642677544414998 0.7549142926733274
0.6467179484554021 0.7549142926733274
0.650758352495806 0.7549142926733274
0.6547987565362101 0.7549142926733274
0.6588391605766142 0.7549142926733274
0.6628795646170182 0.7549142926733274
0.6669199686574223 0.7549142926733274
0.63459673633419 0.7589546967137315
0.6386371403745941 0.7589546967137315
0.642677544414998 0.7589546967137315
0.6467179484554021 0.7589546967137315
0.650758352495806 0.7589546967137315
0.6547987565362101 0.7589546967137315
0.6588391605766142 0.7589546967137315
0.6628795646170182 0.7589546967137315
0.6305563322937859 0.7629951007541356
0.63459673633419 0.7629951007541356
0.6386371403745941 0.7629951007541356
0.642677544414998 0.7629951007541356
0.6467179484554021 0.7629951007541356
0.650758352495806 0.7629951007541356
0.6547987565362101 0.7629951007541356
0.6588391605766142 0.7629951007541356
0.6265159282533819 0.7670355047945396
0.6305563322937859 0.7670355047945396
0.63459673633419 0.7670355047945396
0.6386371403745941 0.7670355047945396
0.642677544414998 0.7670355047945396
0.6467179484554021 0.7670355047945396
0.650758352495806 0.7670355047945396
0.6547987565362101 0.7670355047945396
0.6224755242129778 0.7710759088349436
0.6265159282533819 0.7710759088349436
0.6305563322937859 0.7710759088349436
0.63459673633419 0.7710759088349436
0.6386371403745941 0.7710759088349436
0.642677544414998 0.7710759088349436
0.6467179484554021 0.7710759088349436
0.650758352495806 0.7710759088349436
0.6143947161321697 0.7751163128753477
0.6184351201725737 0.7751163128753477
0.6224755242129778 0.7751163128753477
0.6265159282533819 0.7751163128753477
0.6305563322937859 0.7751163128753477
0.63459673633419 0.7751163128753477
0.6386371403745941 0.7751163128753477
0.642677544414998 0.7751163128753477
0.6467179484554021 0.7751163128753477
0.6103543120917657 0.7791567169157517
0.6143947161321697 0.7791567169157517
0.6184351201725737 0.7791567169157517
0.6224755242129778 0.7791567169157517
0.6265159282533819 0.7791567169157517
0.6305563322937859 0.7791567169157517
0.63459673633419 0.7791567169157517
0.6386371403745941 0.7791567169157517
0.642677544414998 0.7791567169157517
0.6063139080513616 0.7831971209561558
0.6103543120917657 0.7831971209561558
0.6143947161321697 0.7831971209561558
0.6184351201725737 0.7831971209561558
0.6224755242129778 0.7831971209561558
0.6265159282533819 0.7831971209561558
0.6305563322937859 0.7831971209561558
0.63459673633419 0.7831971209561558
0.5982330999705536 0.7872375249965597
0.6022735040109577 0.7872375249965597
0.6063139080513616 0.7872375249965597
0.6103543120917657 0.7872375249965597
0.6143947161321697 0.7872375249965597
0.6184351201725737 0.7872375249965597
0.6224755242129778 0.7872375249965597
0.6265159282533819 0.7872375249965597
0.6305563322937859 0.7872375249965597
0.5941926959301496 0.7912779290369638
0.5982330999705536 0.7912779290369638
0.6022735040109577 0.7912779290369638
0.6063139080513616 0.7912779290369638
0.6103543120917657 0.7912779290369638
0.6143947161321697 0.7912779290369638
0.6184351201725737 0.7912779290369638
0.6224755242129778 0.7912779290369638
0.6265159282533819 0.7912779290369638
0.5901522918897455 0.7953183330773679
0.5941926959301496 0.7953183330773679
0.5982330999705536 0.7953183330773679
0.6022735040109577 0.7953183330773679
0.6063139080513616 0.7953183330773679
0.6103543120917657 0.7953183330773679
0.6143947161321697 0.7953183330773679
0.6184351201725737 0.7953183330773679
0.6224755242129778 0.7953183330773679
0.5820714838089374 0.799358737117772
0.5861118878493414 0.799358737117772
0.5901522918897455 0.799358737117772
0.5941926959301496 0.799358737117772
0.5982330999705536 0.799358737117772
0.6022735040109577 0.799358737117772
0.6063139080513616 0.799358737117772
0.6103543120917657 0.799358737117772
0.6143947161321697 0.799358737117772
0.5780310797685334 0.803399141158176
0.5820714838089374 0.803399141158176
0.5861118878493414 0.803399141158176
0.5901522918897455 0.803399141158176
0.5941926959301496 0.803399141158176
0.5982330999705536 0.803399141158176
0.6022735040109577 0.803399141158176
0.6063139080513616 0.803399141158176
0.6103543120917657 0.803399141158176
0.5739906757281293 0.80743954519858
0.5780310797685334 0.80743954519858
0.5820714838089374 0.80743954519858
0.5861118878493414 0.80743954519858
0.5901522918897455 0.80743954519858
0.5941926959301496 0.80743954519858
0.5982330999705536 0.80743954519858
0.6022735040109577 0.80743954519858
0.6063139080513616 0.80743954519858
0.5659098676473213 0.811479949238984
0.5699502716877254 0.811479949238984
0.5739906757281293 0.811479949238984
0.5780310797685334 0.811479949238984
0.5820714838089374 0.811479949238984
0.5861118878493414 0.811479949238984
0.5901522918897455 0.811479949238984
0.5941926959301496 0.811479949238984
0.5982330999705536 0.811479949238984
0.5618694636069173 0.8155203532793881
0.5659098676473213 0.8155203532793881
0.5699502716877254 0.8155203532793881
0.5739906757281293 0.8155203532793881
0.5780310797685334 0.8155203532793881
0.5820714838089374 0.8155203532793881
0.5861118878493414 0.8155203532793881
0.5901522918897455 0.8155203532793881
0.5941926959301496 0.8155203532793881
0.5537886555261091 0.819560757319792
0.5578290595665132 0.819560757319792
0.5618694636069173 0.819560757319792
0.5659098676473213 0.819560757319792
0.5699502716877254 0.819560757319792
0.5739906757281293 0.819560757319792
0.5780310797685334 0.819560757319792
0.5820714838089374 0.819560757319792
0.5861118878493414 0.819560757319792
0.5901522918897455 0.819560757319792
0.549748251485705 0.8236011613601961
0.5537886555261091 0.8236011613601961
0.5578290595665132 0.8236011613601961
0.5618694636069173 0.8236011613601961
0.5659098676473213 0.8236011613601961
0.5699502716877254 0.8236011613601961
0.5739906757281293 0.8236011613601961
0.5780310797685334 0.8236011613601961
0.5820714838089374 0.8236011613601961
0.541667443404897 0.8276415654006002
0.5457078474453011 0.8276415654006002
0.549748251485705 0.8276415654006002
0.5537886555261091 0.8276415654006002
0.5578290595665132 0.8276415654006002
0.5618694636069173 0.8276415654006002
0.5659098676473213 0.8276415654006002
0.5699502716877254 0.8276415654006002
0.5739906757281293 0.8276415654006002
0.5780310797685334 0.8276415654006002
0.537627039364493 0.8316819694410043
0.541667443404897 0.8316819694410043
0.5457078474453011 0.8316819694410043
0.549748251485705 0.8316819694410043
0.5537886555261091 0.8316819694410043
0.5578290595665132 0.8316819694410043
0.5618694636069173 0.8316819694410043
0.5659098676473213 0.8316819694410043
0.5699502716877254 0.8316819694410043
0.5295462312836849 0.8357223734814083
0.533586635324089 0.8357223734814083
0.537627039364493 0.8357223734814083
0.541667443404897 0.8357223734814083
0.5457078474453011 0.8357223734814083
0.549748251485705 0.8357223734814083
0.5537886555261091 0.8357223734814083
0.5578290595665132 0.8357223734814083
0.5618694636069173 0.8357223734814083
0.5659098676473213 0.8357223734814083
0.5214654232028768 0.8397627775218124
0.5255058272432809 0.8397627775218124
0.5295462312836849 0.8397627775218124
0.533586635324089 0.8397627775218124
0.537627039364493 0.8397627775218124
0.541667443404897 0.8397627775218124
0.5457078474453011 0.8397627775218124
0.549748251485705 0.8397627775218124
0.5537886555261091 0.8397627775218124
0.5578290595665132 0.8397627775218124
0.5618694636069173 0.8397627775218124
0.5174250191624727 0.8438031815622163
0.5214654232028768 0.8438031815622163
0.5255058272432809 0.8438031815622163
0.5295462312836849 0.8438031815622163
0.533586635324089 0.8438031815622163
0.537627039364493 0.8438031815622163
0.541667443404897 0.8438031815622163
0.5457078474453011 0.8438031815622163
0.549748251485705 0.8438031815622163
0.5537886555261091 0.8438031815622163
0.5093442110816647 0.8478435856026204
0.5133846151220687 0.8478435856026204
0.5174250191624727 0.8478435856026204
0.5214654232028768 0.8478435856026204
0.5255058272432809 0.8478435856026204
0.5295462312836849 0.8478435856026204
0.533586635324089 0.8478435856026204
0.537627039364493 0.8478435856026204
0.541667443404897 0.8478435856026204
0.5457078474453011 0.8478435856026204
0.549748251485705 0.8478435856026204
0.5012634030008566 0.8518839896430245
0.5053038070412607 0.8518839896430245
0.5093442110816647 0.8518839896430245
0.5133846151220687 0.8518839896430245
0.5174250191624727 0.8518839896430245
0.5214654232028768 0.8518839896430245
0.5255058272432809 0.8518839896430245
0.5295462312836849 0.8518839896430245
0.533586635324089 0.8518839896430245
0.537627039364493 0.8518839896430245
0.541667443404897 0.8518839896430245
0.4972229989604526 0.8559243936834284
0.5012634030008566 0.8559243936834284
0.5053038070412607 0.8559243936834284
0.5093442110816647 0.8559243936834284
0.5133846151220687 0.8559243936834284
0.5174250191624727 0.8559243936834284
0.5214654232028768 0.8559243936834284
0.5255058272432809 0.8559243936834284
0.5295462312836849 0.8559243936834284
0.533586635324089 0.8559243936834284
0.4891421908796445 0.8599647977238325
0.49318259492004857 0.8599647977238325
0.4972229989604526 0.8599647977238325
0.5012634030008566 0.8599647977238325
0.5053038070412607 0.8599647977238325
0.5093442110816647 0.8599647977238325
0.5133846151220687 0.8599647977238325
0.5174250191624727 0.8599647977238325
0.5214654232028768 0.8599647977238325
0.5255058272432809 0.8599647977238325
0.5295462312836849 0.8599647977238325
0.4810613827988364 0.8640052017642366
0.48510178683924043 0.8640052017642366
0.4891421908796445 0.8640052017642366
0.49318259492004857 0.8640052017642366
0.4972229989604526 0.8640052017642366
0.5012634030008566 0.8640052017642366
0.5053038070412607 0.8640052017642366
0.5093442110816647 0.8640052017642366
0.5133846151220687 0.8640052017642366
0.5174250191624727 0.8640052017642366
0.5214654232028768 0.8640052017642366
0.47298057471802835 0.8680456058046406
0.4770209787584324 0.8680456058046406
0.4810613827988364 0.8680456058046406
0.48510178683924043 0.8680456058046406
0.4891421908796445 0.8680456058046406
0.49318259492004857 0.8680456058046406
0.4972229989604526 0.8680456058046406
0.5012634030008566 0.8680456058046406
0.5053038070412607 0.8680456058046406
0.5093442110816647 0.8680456058046406
0.5133846151220687 0.8680456058046406
0.5174250191624727 0.8680456058046406
0.4689401706776243 0.8720860098450447
0.47298057471802835 0.8720860098450447
0.4770209787584324 0.8720860098450447
0.4810613827988364 0.8720860098450447
0.48510178683924043 0.8720860098450447
0.4891421908796445 0.8720860098450447
0.49318259492004857 0.8720860098450447
0.4972229989604526 0.8720860098450447
0.5012634030008566 0.8720860098450447
0.5053038070412607 0.8720860098450447
0.5093442110816647 0.8720860098450447
0.4608593625968162 0.8761264138854487
0.46489976663722027 0.8761264138854487
0.4689401706776243 0.8761264138854487
0.47298057471802835 0.8761264138854487
0.4770209787584324 0.8761264138854487
0.4810613827988364 0.8761264138854487
0.48510178683924043 0.8761264138854487
0.4891421908796445 0.8761264138854487
0.49318259492004857 0.8761264138854487
0.4972229989604526 0.8761264138854487
0.5012634030008566 0.8761264138854487
0.4527785545160081 0.8801668179258527
0.4568189585564122 0.8801668179258527
0.4608593625968162 0.8801668179258527
0.46489976663722027 0.8801668179258527
0.4689401706776243 0.8801668179258527
0.47298057471802835 0.8801668179258527
0.4770209787584324 0.8801668179258527
0.4810613827988364 0.8801668179258527
0.48510178683924043 0.8801668179258527
0.4891421908796445 0.8801668179258527
0.49318259492004857 0.8801668179258527
0.44469774643520005 0.8842072219662568
0.44873815047560406 0.8842072219662568
0.4527785545160081 0.8842072219662568
0.4568189585564122 0.8842072219662568
0.4608593625968162 0.8842072219662568
0.46489976663722027 0.8842072219662568
0.4689401706776243 0.8842072219662568
0.47298057471802835 0.8842072219662568
0.4770209787584324 0.8842072219662568
0.4810613827988364 0.8842072219662568
0.48510178683924043 0.8842072219662568
0.4891421908796445 0.8842072219662568
0.43661693835439197 0.8882476260066607
0.44065734239479604 0.8882476260066607
0.44469774643520005 0.8882476260066607
0.44873815047560406 0.8882476260066607
0.4527785545160081 0.8882476260066607
0.4568189585564122 0.8882476260066607
0.4608593625968162 0.8882476260066607
0.46489976663722027 0.8882476260066607
0.4689401706776243 0.8882476260066607
0.47298057471802835 0.8882476260066607
0.4770209787584324 0.8882476260066607
0.4810613827988364 0.8882476260066607
0.4285361302735839 0.8922880300470648
0.4325765343139879 0.8922880300470648
0.43661693835439197 0.8922880300470648
0.44065734239479604 0.8922880300470648
0.44469774643520005 0.8922880300470648
0.44873815047560406 0.8922880300470648
0.4527785545160081 0.8922880300470648
0.4568189585564122 0.8922880300470648
0.4608593625968162 0.8922880300470648
0.46489976663722027 0.8922880300470648
0.4689401706776243 0.8922880300470648
0.47298057471802835 0.8922880300470648
0.4204553221927758 0.8963284340874689
0.4244957262331799 0.8963284340874689
0.4285361302735839 0.8963284340874689
0.4325765343139879 0.8963284340874689
0.43661693835439197 0.8963284340874689
0.44065734239479604 0.8963284340874689
0.44469774643520005 0.8963284340874689
0.44873815047560406 0.8963284340874689
0.4527785545160081 0.8963284340874689
0.4568189585564122 0.8963284340874689
0.4608593625968162 0.8963284340874689
0.46489976663722027 0.8963284340874689
0.41237451411196774 0.9003688381278729
0.41641491815237175 0.9003688381278729
0.4204553221927758 0.9003688381278729
0.4244957262331799 0.9003688381278729
0.4285361302735839 0.9003688381278729
0.4325765343139879 0.9003688381278729
0.43661693835439197 0.9003688381278729
0.44065734239479604 0.9003688381278729
0.44469774643520005 0.9003688381278729
0.44873815047560406 0.9003688381278729
0.4527785545160081 0.9003688381278729
0.4568189585564122 0.9003688381278729
0.4002533019907556 0.904409242168277
0.40429370603115966 0.904409242168277
0.40833411007156367 0.904409242168277
0.41237451411196774 0.904409242168277
0.41641491815237175 0.904409242168277
0.4204553221927758 0.904409242168277
0.4244957262331799 0.904409242168277
0.4285361302735839 0.904409242168277
0.4325765343139879 0.904409242168277
0.43661693835439197 0.904409242168277
0.44065734239479604 0.904409242168277
0.44469774643520005 0.904409242168277
0.44873815047560406 0.904409242168277
0.3921724939099475 0.9084496462086811
0.3962128979503516 0.9084496462086811
0.4002533019907556 0.9084496462086811
0.40429370603115966 0.9084496462086811
0.40833411007156367 0.9084496462086811
0.41237451411196774 0.9084496462086811
0.41641491815237175 0.9084496462086811
0.4204553221927758 0.9084496462086811
0.4244957262331799 0.9084496462086811
0.4285361302735839 0.9084496462086811
0.4325765343139879 0.9084496462086811
0.43661693835439197 0.9084496462086811
0.44065734239479604 0.9084496462086811
0.3800512817887354 0.912490050249085
0.38409168582913944 0.912490050249085
0.3881320898695435 0.912490050249085
0.3921724939099475 0.912490050249085
0.3962128979503516 0.912490050249085
0.4002533019907556 0.912490050249085
0.40429370603115966 0.912490050249085
0.40833411007156367 0.912490050249085
0.41237451411196774 0.912490050249085
0.41641491815237175 0.912490050249085
0.4204553221927758 0.912490050249085
0.4244957262331799 0.912490050249085
0.4285361302735839 0.912490050249085
0.4325765343139879 0.912490050249085
0.37197047370792735 0.9165304542894891
0.37601087774833136 0.9165304542894891
0.3800512817887354 0.9165304542894891
0.38409168582913944 0.9165304542894891
0.3881320898695435 0.9165304542894891
0.3921724939099475 0.9165304542894891
0.3962128979503516 0.9165304542894891
0.4002533019907556 0.9165304542894891
0.40429370603115966 0.9165304542894891
0.40833411007156367 0.9165304542894891
0.41237451411196774 0.9165304542894891
0.41641491815237175 0.9165304542894891
0.4204553221927758 0.9165304542894891
0.4244957262331799 0.9165304542894891
0.3638896656271192 0.920570858329893
0.3679300696675233 0.920570858329893
0.37197047370792735 0.920570858329893
0.37601087774833136 0.920570858329893
0.3800512817887354 0.920570858329893
0.38409168582913944 0.920570858329893
0.3881320898695435 0.920570858329893
0.3921724939099475 0.920570858329893
0.3962128979503516 0.920570858329893
0.4002533019907556 0.920570858329893
0.40429370603115966 0.920570858329893
0.40833411007156367 0.920570858329893
0.41237451411196774 0.920570858329893
0.41641491815237175 0.920570858329893
0.35176845350590713 0.9246112623702971
0.3558088575463112 0.9246112623702971
0.3598492615867152 0.9246112623702971
0.3638896656271192 0.9246112623702971
0.3679300696675233 0.9246112623702971
0.37197047370792735 0.9246112623702971
0.37601087774833136 0.9246112623702971
0.3800512817887354 0.9246112623702971
0.38409168582913944 0.9246112623702971
0.3881320898695435 0.9246112623702971
0.3921724939099475 0.9246112623702971
0.3962128979503516 0.9246112623702971
0.4002533019907556 0.9246112623702971
0.40429370603115966 0.9246112623702971
0.339647241384695 0.9286516664107012
0.34368764542509905 0.9286516664107012
0.34772804946550306 0.9286516664107012
0.35176845350590713 0.9286516664107012
0.3558088575463112 0.9286516664107012
0.3598492615867152 0.9286516664107012
0.3638896656271192 0.9286516664107012
0.3679300696675233 0.9286516664107012
0.37197047370792735 0.9286516664107012
0.37601087774833136 0.9286516664107012
0.3800512817887354 0.9286516664107012
0.38409168582913944 0.9286516664107012
0.3881320898695435 0.9286516664107012
0.3921724939099475 0.9286516664107012
0.3962128979503516 0.9286516664107012
0.3275260292634829 0.9326920704511052
0.3315664333038869 0.9326920704511052
0.335606837344291 0.9326920704511052
0.339647241384695 0.9326920704511052
0.34368764542509905 0.9326920704511052
0.34772804946550306 0.9326920704511052
0.35176845350590713 0.9326920704511052
0.3558088575463112 0.9326920704511052
0.3598492615867152 0.9326920704511052
0.3638896656271192 0.9326920704511052
0.3679300696675233 0.9326920704511052
0.37197047370792735 0.9326920704511052
0.37601087774833136 0.9326920704511052
0.3800512817887354 0.9326920704511052
0.38409168582913944 0.9326920704511052
0.3881320898695435 0.9326920704511052
0.3194452211826748 0.9367324744915093
0.32348562522307883 0.9367324744915093
0.3275260292634829 0.9367324744915093
0.3315664333038869 0.9367324744915093
0.335606837344291 0.9367324744915093
0.339647241384695 0.9367324744915093
0.34368764542509905 0.9367324744915093
0.34772804946550306 0.9367324744915093
0.35176845350590713 0.9367324744915093
0.3558088575463112 0.9367324744915093
0.3598492615867152 0.9367324744915093
0.3638896656271192 0.9367324744915093
0.3679300696675233 0.9367324744915093
0.37197047370792735 0.9367324744915093
0.37601087774833136 0.9367324744915093
0.3073240090614627 0.9407728785319134
0.3113644131018667 0.9407728785319134
0.31540481714227075 0.9407728785319134
0.3194452211826748 0.9407728785319134
0.32348562522307883 0.9407728785319134
0.3275260292634829 0.9407728785319134
0.3315664333038869 0.9407728785319134
0.335606837344291 0.9407728785319134
0.339647241384695 0.9407728785319134
0.34368764542509905 0.9407728785319134
0.34772804946550306 0.9407728785319134
0.35176845350590713 0.9407728785319134
0.3558088575463112 0.9407728785319134
0.3598492615867152 0.9407728785319134
0.3638896656271192 0.9407728785319134
0.3679300696675233 0.9407728785319134
0.2992432009806546 0.9448132825723174
0.30328360502105867 0.9448132825723174
0.3073240090614627 0.9448132825723174
0.3113644131018667 0.9448132825723174
0.31540481714227075 0.9448132825723174
0.3194452211826748 0.9448132825723174
0.32348562522307883 0.9448132825723174
0.3275260292634829 0.9448132825723174
0.3315664333038869 0.9448132825723174
0.335606837344291 0.9448132825723174
0.339647241384695 0.9448132825723174
0.34368764542509905 0.9448132825723174
0.34772804946550306 0.9448132825723174
0.35176845350590713 0.9448132825723174
0.3558088575463112 0.9448132825723174
0.2992432009806546 0.9488536866127214
0.30328360502105867 0.9488536866127214
0.3073240090614627 0.9488536866127214
0.3113644131018667 0.9488536866127214
0.31540481714227075 0.9488536866127214
0.3194452211826748 0.9488536866127214
0.32348562522307883 0.9488536866127214
0.3275260292634829 0.9488536866127214
0.3315664333038869 0.9488536866127214
0.335606837344291 0.9488536866127214
0.339647241384695 0.9488536866127214
0.34368764542509905 0.9488536866127214
0.2992432009806546 0.9528940906531255
0.30328360502105867 0.9528940906531255
0.3073240090614627 0.9528940906531255
0.3113644131018667 0.9528940906531255
0.31540481714227075 0.9528940906531255
0.3194452211826748 0.9528940906531255
0.32348562522307883 0.9528940906531255
0.3275260292634829 0.9528940906531255
0.3315664333038869 0.9528940906531255
0.335606837344291 0.9528940906531255
0.2992432009806546 0.9569344946935294
0.30328360502105867 0.9569344946935294
0.3073240090614627 0.9569344946935294
0.3113644131018667 0.9569344946935294
0.31540481714227075 0.9569344946935294
0.3194452211826748 0.9569344946935294
0.32348562522307883 0.9569344946935294
0.2992432009806546 0.9609748987339335
0.30328360502105867 0.9609748987339335
0.3073240090614627 0.9609748987339335
0.3113644131018667 0.9609748987339335
