# x y
0.6635832216273638 0.7629951007541356
0.6514620095061516 0.7710759088349436
0.6353003933445355 0.7872375249965597
0.5948963529404951 0.8155203532793881
0.5948963529404951 0.8316819694410043
0.5302498882940304 0.8761264138854487
0.5221690802132224 0.8801668179258527
0.4332801913243335 0.912490050249085
0.41711857516271733 0.9246112623702971
0.3645933226374648 0.9407728785319134
0.38075493879908096 0.9407728785319134
0.36055291859706073 0.9488536866127214
0.3201488781930203 0.9569344946935294
0.3080276660718082 0.9609748987339335
0.3645933226374648 0.9609748987339335
