# x y
0.6999575423806549 0.7145102522692871
0.6918767342998469 0.7185506563096911
0.6959171383402508 0.7185506563096911
0.6878363302594428 0.7225910603500951
0.6918767342998469 0.7225910603500951
0.6837959262190387 0.7266314643904992
0.6878363302594428 0.7266314643904992
0.6797555221786347 0.7306718684309033
0.6837959262190387 0.7306718684309033
0.6757151181382306 0.7347122724713073
0.6797555221786347 0.7347122724713073
0.6716747140978265 0.7387526765117113
0.6757151181382306 0.7387526765117113
0.6676343100574225 0.7427930805521153
0.6716747140978265 0.7427930805521153
0.6635939060170185 0.7468334845925194
0.6676343100574225 0.7468334845925194
0.6595535019766144 0.7508738886329235
0.6635939060170185 0.7508738886329235
0.6555130979362105 0.7549142926733274
0.6595535019766144 0.7549142926733274
0.6474322898554024 0.7589546967137315
0.6514726938958064 0.7589546967137315
0.6433918858149983 0.7629951007541356
0.6474322898554024 0.7629951007541356
0.6393514817745942 0.7670355047945396
0.6433918858149983 0.7670355047945396
0.6353110777341902 0.7710759088349436
0.6393514817745942 0.7710759088349436
0.6312706736937862 0.7751163128753477
0.6353110777341902 0.7751163128753477
0.6231898656129781 0.7791567169157517
0.6272302696533821 0.7791567169157517
0.6191494615725741 0.7831971209561558
0.6231898656129781 0.7831971209561558
0.61510905753217 0.7872375249965597
0.6191494615725741 0.7872375249965597
0.611068653491766 0.7912779290369638
0.61510905753217 0.7912779290369638
0.6029878454109578 0.7953183330773679
0.6070282494513619 0.7953183330773679
0.5989474413705538 0.799358737117772
0.6029878454109578 0.799358737117772
0.5949070373301498 0.803399141158176
0.5989474413705538 0.803399141158176
0.5868262292493418 0.80743954519858
0.5908666332897458 0.80743954519858
0.5827858252089377 0.811479949238984
0.5868262292493418 0.811479949238984
0.5747050171281296 0.8155203532793881
0.5787454211685337 0.8155203532793881
0.5827858252089377 0.8155203532793881
0.5706646130877255 0.819560757319792
0.5747050171281296 0.819560757319792
0.5625838050069175 0.8236011613601961
0.5666242090473215 0.8236011613601961
0.5706646130877255 0.8236011613601961
0.5585434009665134 0.8276415654006002
0.5625838050069175 0.8276415654006002
0.5504625928857054 0.8316819694410043
0.5545029969261094 0.8316819694410043
0.5585434009665134 0.8316819694410043
0.5464221888453014 0.8357223734814083
0.5504625928857054 0.8357223734814083
0.5383413807644932 0.8397627775218124
0.5423817848048973 0.8397627775218124
0.5464221888453014 0.8397627775218124
0.5343009767240892 0.8438031815622163
0.5383413807644932 0.8438031815622163
0.5262201686432811 0.8478435856026204
0.5302605726836852 0.8478435856026204
0.5343009767240892 0.8478435856026204
0.5221797646028771 0.8518839896430245
0.5262201686432811 0.8518839896430245
0.514098956522069 0.8559243936834284
0.518139360562473 0.8559243936834284
0.5060181484412609 0.8599647977238325
0.510058552481665 0.8599647977238325
0.514098956522069 0.8599647977238325
0.5019777444008569 0.8640052017642366
0.5060181484412609 0.8640052017642366
0.49389693632004883 0.8680456058046406
0.49793734036045284 0.8680456058046406
0.4858161282392407 0.8720860098450447
0.48985653227964476 0.8720860098450447
0.49389693632004883 0.8720860098450447
0.4777353201584327 0.8761264138854487
0.4817757241988367 0.8761264138854487
0.4858161282392407 0.8761264138854487
0.46965451207762454 0.8801668179258527
0.4736949161180286 0.8801668179258527
0.4777353201584327 0.8801668179258527
0.46157370399681646 0.8842072219662568
0.46561410803722053 0.8842072219662568
0.46965451207762454 0.8842072219662568
0.4534928959160084 0.8882476260066607
0.45753329995641245 0.8882476260066607
0.46157370399681646 0.8882476260066607
0.4494524918756043 0.8922880300470648
0.4534928959160084 0.8922880300470648
0.43733127975439223 0.8963284340874689
0.4413716837947963 0.8963284340874689
0.4454120878352003 0.8963284340874689
0.42925047167358416 0.9003688381278729
0.43329087571398817 0.9003688381278729
0.43733127975439223 0.9003688381278729
0.4211696635927761 0.904409242168277
0.42521006763318014 0.904409242168277
0.42925047167358416 0.904409242168277
0.413088855511968 0.9084496462086811
0.417129259552372 0.9084496462086811
0.4211696635927761 0.9084496462086811
0.4050080474311599 0.912490050249085
0.40904845147156393 0.912490050249085
0.413088855511968 0.912490050249085
0.39692723935035185 0.9165304542894891
0.40096764339075586 0.9165304542894891
0.4050080474311599 0.9165304542894891
0.3848060272291397 0.920570858329893
0.38884643126954377 0.920570858329893
0.3928868353099478 0.920570858329893
0.39692723935035185 0.920570858329893
0.3767252191483316 0.9246112623702971
0.38076562318873564 0.9246112623702971
0.3848060272291397 0.9246112623702971
0.3646040070271195 0.9286516664107012
0.36864441106752355 0.9286516664107012
0.3726848151079276 0.9286516664107012
0.3767252191483316 0.9286516664107012
0.35652319894631146 0.9326920704511052
0.36056360298671547 0.9326920704511052
0.3646040070271195 0.9326920704511052
0.3444019868250993 0.9367324744915093
0.3484423908655033 0.9367324744915093
0.3524827949059074 0.9367324744915093
0.35652319894631146 0.9367324744915093
0.33228077470388717 0.9407728785319134
0.33632117874429124 0.9407728785319134
0.34036158278469525 0.9407728785319134
0.3444019868250993 0.9407728785319134
0.3201595625826751 0.9448132825723174
0.3241999666230791 0.9448132825723174
0.32824037066348316 0.9448132825723174
0.33228077470388717 0.9448132825723174
0.30803835046146294 0.9488536866127214
0.31207875450186695 0.9488536866127214
0.316119158542271 0.9488536866127214
0.3201595625826751 0.9488536866127214
0.29995754238065486 0.9528940906531255
0.30399794642105893 0.9528940906531255
0.30803835046146294 0.9528940906531255
