# x y
0.6999712391484114 0.7145102522692871
0.6959308351080074 0.7185506563096911
0.6918904310676034 0.7225910603500951
0.6878500270271993 0.7266314643904992
0.6797692189463913 0.7306718684309033
0.6838096229867953 0.7306718684309033
0.6757288149059872 0.7347122724713073
0.6797692189463913 0.7347122724713073
0.6716884108655832 0.7387526765117113
0.6757288149059872 0.7387526765117113
0.6676480068251791 0.7427930805521153
0.6716884108655832 0.7427930805521153
0.663607602784775 0.7468334845925194
0.6676480068251791 0.7468334845925194
0.659567198744371 0.7508738886329235
0.663607602784775 0.7508738886329235
0.655526794703967 0.7549142926733274
0.651486390663563 0.7589546967137315
0.6434055825827549 0.7629951007541356
0.647445986623159 0.7629951007541356
0.6393651785423509 0.7670355047945396
0.6434055825827549 0.7670355047945396
0.6353247745019468 0.7710759088349436
0.6393651785423509 0.7710759088349436
0.6312843704615427 0.7751163128753477
0.6272439664211387 0.7791567169157517
0.6191631583403306 0.7831971209561558
0.6232035623807346 0.7831971209561558
0.6151227542999266 0.7872375249965597
0.6191631583403306 0.7872375249965597
0.6110823502595226 0.7912779290369638
0.6030015421787145 0.7953183330773679
0.6070419462191186 0.7953183330773679
0.5989611381383104 0.799358737117772
0.6030015421787145 0.799358737117772
0.5949207340979064 0.803399141158176
0.5989611381383104 0.803399141158176
0.5868399260170983 0.80743954519858
0.5908803300575023 0.80743954519858
0.5827995219766943 0.811479949238984
0.5868399260170983 0.811479949238984
0.5787591179362903 0.8155203532793881
0.5706783098554822 0.819560757319792
0.5747187138958862 0.819560757319792
0.5666379058150781 0.8236011613601961
0.5706783098554822 0.8236011613601961
0.55855709773427 0.8276415654006002
0.562597501774674 0.8276415654006002
0.5545166936938659 0.8316819694410043
0.55855709773427 0.8316819694410043
0.5464358856130579 0.8357223734814083
0.550476289653462 0.8357223734814083
0.5423954815726539 0.8397627775218124
0.5464358856130579 0.8397627775218124
0.5343146734918458 0.8438031815622163
0.5383550775322499 0.8438031815622163
0.5262338654110377 0.8478435856026204
0.5302742694514417 0.8478435856026204
0.5343146734918458 0.8478435856026204
0.5221934613706336 0.8518839896430245
0.5262338654110377 0.8518839896430245
0.5141126532898256 0.8559243936834284
0.5181530573302296 0.8559243936834284
0.5060318452090176 0.8599647977238325
0.5100722492494215 0.8599647977238325
0.5141126532898256 0.8599647977238325
0.5019914411686135 0.8640052017642366
0.5060318452090176 0.8640052017642366
0.49391063308780536 0.8680456058046406
0.49795103712820943 0.8680456058046406
0.48582982500699734 0.8720860098450447
0.48987022904740135 0.8720860098450447
0.4777490169261892 0.8761264138854487
0.4817894209665933 0.8761264138854487
0.48582982500699734 0.8761264138854487
0.4737086128857852 0.8801668179258527
0.4777490169261892 0.8801668179258527
0.4656278048049771 0.8842072219662568
0.4696682088453812 0.8842072219662568
0.457546996724169 0.8882476260066607
0.46158740076457305 0.8882476260066607
0.44946618864336096 0.8922880300470648
0.453506592683765 0.8922880300470648
0.44138538056255283 0.8963284340874689
0.4454257846029569 0.8963284340874689
0.4333045724817448 0.9003688381278729
0.4373449765221488 0.9003688381278729
0.4252237644009367 0.904409242168277
0.42926416844134074 0.904409242168277
0.4131025522797246 0.9084496462086811
0.41714295632012866 0.9084496462086811
0.42118336036053267 0.9084496462086811
0.4050217441989165 0.912490050249085
0.4090621482393205 0.912490050249085
0.4131025522797246 0.912490050249085
0.39694093611810843 0.9165304542894891
0.40098134015851244 0.9165304542894891
0.4050217441989165 0.9165304542894891
0.38886012803730036 0.920570858329893
0.39290053207770437 0.920570858329893
0.3767389159160882 0.9246112623702971
0.3807793199564923 0.9246112623702971
0.3848197239968963 0.9246112623702971
0.36865810783528014 0.9286516664107012
0.37269851187568415 0.9286516664107012
0.3767389159160882 0.9286516664107012
0.356536895714068 0.9326920704511052
0.36057729975447206 0.9326920704511052
0.3646177037948761 0.9326920704511052
0.3444156835928559 0.9367324744915093
0.34845608763325997 0.9367324744915093
0.352496491673664 0.9367324744915093
0.3363348755120478 0.9407728785319134
0.34037527955245184 0.9407728785319134
0.3444156835928559 0.9407728785319134
0.3242136633908357 0.9448132825723174
0.32825406743123975 0.9448132825723174
0.33229447147164376 0.9448132825723174
0.3120924512696236 0.9488536866127214
0.3161328553100276 0.9488536866127214
0.3201732593504316 0.9488536866127214
0.29997123914841145 0.9528940906531255
0.30401164318881546 0.9528940906531255
0.30805204722921953 0.9528940906531255
