# x y
0.6999897518553548 0.7145102522692871
0.6959493478149508 0.7185506563096911
0.6919089437745467 0.7225910603500951
0.6878685397341426 0.7266314643904992
0.6838281356937386 0.7306718684309033
0.6797877316533346 0.7347122724713073
0.6757473276129305 0.7387526765117113
0.6676665195321225 0.7427930805521153
0.6717069235725266 0.7427930805521153
0.6636261154917185 0.7468334845925194
0.6595857114513144 0.7508738886329235
0.6555453074109103 0.7549142926733274
0.6515049033705063 0.7589546967137315
0.6474644993301023 0.7629951007541356
0.6434240952896982 0.7670355047945396
0.6353432872088902 0.7710759088349436
0.6313028831684862 0.7751163128753477
0.6272624791280821 0.7791567169157517
0.623222075087678 0.7831971209561558
0.6151412670068699 0.7872375249965597
0.6111008629664659 0.7912779290369638
0.6070604589260619 0.7953183330773679
0.5989796508452538 0.799358737117772
0.6030200548856579 0.799358737117772
0.5949392468048498 0.803399141158176
0.5908988427644457 0.80743954519858
0.5828180346836376 0.811479949238984
0.5868584387240416 0.811479949238984
0.5787776306432336 0.8155203532793881
0.5706968225624256 0.819560757319792
0.5747372266028296 0.819560757319792
0.5666564185220215 0.8236011613601961
0.5626160144816175 0.8276415654006002
0.5545352064008093 0.8316819694410043
0.5504948023604053 0.8357223734814083
0.5424139942795972 0.8397627775218124
0.5343331861987892 0.8438031815622163
0.5383735902391932 0.8438031815622163
0.5302927821583852 0.8478435856026204
0.522211974077577 0.8518839896430245
0.5262523781179811 0.8518839896430245
0.518171570037173 0.8559243936834284
0.5100907619563649 0.8599647977238325
0.5020099538755568 0.8640052017642366
0.5060503579159609 0.8640052017642366
0.4939291457947488 0.8680456058046406
0.4979695498351528 0.8680456058046406
0.4898887417543447 0.8720860098450447
0.48180793367353664 0.8761264138854487
0.47372712559272856 0.8801668179258527
0.4777675296331326 0.8801668179258527
0.4656463175119205 0.8842072219662568
0.4696867215523245 0.8842072219662568
0.4575655094311124 0.8882476260066607
0.4616059134715164 0.8882476260066607
0.44948470135030427 0.8922880300470648
0.45352510539070834 0.8922880300470648
0.44140389326949625 0.8963284340874689
0.44544429730990026 0.8963284340874689
0.4333230851886881 0.9003688381278729
0.4373634892290922 0.9003688381278729
0.4252422771078801 0.904409242168277
0.4292826811482841 0.904409242168277
0.41716146902707196 0.9084496462086811
0.42120187306747603 0.9084496462086811
0.4090806609462639 0.912490050249085
0.3969594488250518 0.9165304542894891
0.4009998528654558 0.9165304542894891
0.3888786407442437 0.920570858329893
0.39291904478464773 0.920570858329893
0.3807978326634356 0.9246112623702971
0.38483823670383965 0.9246112623702971
0.3686766205422235 0.9286516664107012
0.37271702458262757 0.9286516664107012
0.3605958124614154 0.9326920704511052
0.36463621650181943 0.9326920704511052
0.3484746003402033 0.9367324744915093
0.35251500438060734 0.9367324744915093
0.3363533882189912 0.9407728785319134
0.3403937922593952 0.9407728785319134
0.32423217609777905 0.9448132825723174
0.3282725801381831 0.9448132825723174
0.3323129841785871 0.9448132825723174
0.3121109639765669 0.9488536866127214
0.31615136801697097 0.9488536866127214
0.32019177205737503 0.9488536866127214
0.2999897518553548 0.9528940906531255
0.3040301558957589 0.9528940906531255
0.3080705599361629 0.9528940906531255
