# x y
0.6999307376352826 0.710469848228883
0.6958903335948785 0.7145102522692871
0.6999307376352826 0.7145102522692871
0.6918499295544744 0.7185506563096911
0.6958903335948785 0.7185506563096911
0.6999307376352826 0.7185506563096911
0.6878095255140704 0.7225910603500951
0.6918499295544744 0.7225910603500951
0.6837691214736663 0.7266314643904992
0.6878095255140704 0.7266314643904992
0.6797287174332622 0.7306718684309033
0.6837691214736663 0.7306718684309033
0.6756883133928582 0.7347122724713073
0.6797287174332622 0.7347122724713073
0.6716479093524542 0.7387526765117113
0.6756883133928582 0.7387526765117113
0.6676075053120502 0.7427930805521153
0.6716479093524542 0.7427930805521153
0.6635671012716462 0.7468334845925194
0.6676075053120502 0.7468334845925194
0.6554862931908381 0.7508738886329235
0.6595266972312421 0.7508738886329235
0.6635671012716462 0.7508738886329235
0.651445889150434 0.7549142926733274
0.6554862931908381 0.7549142926733274
0.6595266972312421 0.7549142926733274
0.6474054851100299 0.7589546967137315
0.651445889150434 0.7589546967137315
0.6554862931908381 0.7589546967137315
0.6433650810696259 0.7629951007541356
0.6474054851100299 0.7629951007541356
0.6393246770292219 0.7670355047945396
0.6433650810696259 0.7670355047945396
0.6352842729888178 0.7710759088349436
0.6393246770292219 0.7710759088349436
0.6272034649080098 0.7751163128753477
0.6312438689484139 0.7751163128753477
0.6352842729888178 0.7751163128753477
0.6231630608676058 0.7791567169157517
0.6272034649080098 0.7791567169157517
0.6312438689484139 0.7791567169157517
0.6191226568272017 0.7831971209561558
0.6231630608676058 0.7831971209561558
0.6150822527867976 0.7872375249965597
0.6191226568272017 0.7872375249965597
0.6070014447059895 0.7912779290369638
0.6110418487463936 0.7912779290369638
0.6150822527867976 0.7912779290369638
0.6029610406655855 0.7953183330773679
0.6070014447059895 0.7953183330773679
0.6110418487463936 0.7953183330773679
0.5989206366251815 0.799358737117772
0.6029610406655855 0.799358737117772
0.5908398285443734 0.803399141158176
0.5948802325847775 0.803399141158176
0.5989206366251815 0.803399141158176
0.5867994245039694 0.80743954519858
0.5908398285443734 0.80743954519858
0.5948802325847775 0.80743954519858
0.5787186164231612 0.811479949238984
0.5827590204635653 0.811479949238984
0.5867994245039694 0.811479949238984
0.5746782123827572 0.8155203532793881
0.5787186164231612 0.8155203532793881
0.5827590204635653 0.8155203532793881
0.5706378083423532 0.819560757319792
0.5746782123827572 0.819560757319792
0.5787186164231612 0.819560757319792
0.5625570002615452 0.8236011613601961
0.5665974043019492 0.8236011613601961
0.5706378083423532 0.8236011613601961
0.5585165962211411 0.8276415654006002
0.5625570002615452 0.8276415654006002
0.5665974043019492 0.8276415654006002
0.550435788140333 0.8316819694410043
0.5544761921807371 0.8316819694410043
0.5585165962211411 0.8316819694410043
0.5463953840999289 0.8357223734814083
0.550435788140333 0.8357223734814083
0.5544761921807371 0.8357223734814083
0.5383145760191209 0.8397627775218124
0.5423549800595249 0.8397627775218124
0.5463953840999289 0.8397627775218124
0.5302337679383128 0.8438031815622163
0.5342741719787168 0.8438031815622163
0.5383145760191209 0.8438031815622163
0.5423549800595249 0.8438031815622163
0.5261933638979088 0.8478435856026204
0.5302337679383128 0.8478435856026204
0.5342741719787168 0.8478435856026204
0.5181125558171007 0.8518839896430245
0.5221529598575048 0.8518839896430245
0.5261933638979088 0.8518839896430245
0.5140721517766966 0.8559243936834284
0.5181125558171007 0.8559243936834284
0.5221529598575048 0.8559243936834284
0.5059913436958885 0.8599647977238325
0.5100317477362926 0.8599647977238325
0.5140721517766966 0.8599647977238325
0.4979105356150805 0.8640052017642366
0.5019509396554845 0.8640052017642366
0.5059913436958885 0.8640052017642366
0.5100317477362926 0.8640052017642366
0.4898297275342724 0.8680456058046406
0.4938701315746764 0.8680456058046406
0.4979105356150805 0.8680456058046406
0.5019509396554845 0.8680456058046406
0.4857893234938684 0.8720860098450447
0.4898297275342724 0.8720860098450447
0.4938701315746764 0.8720860098450447
0.47770851541306025 0.8761264138854487
0.4817489194534643 0.8761264138854487
0.4857893234938684 0.8761264138854487
0.46962770733225223 0.8801668179258527
0.47366811137265624 0.8801668179258527
0.47770851541306025 0.8801668179258527
0.4615468992514441 0.8842072219662568
0.46558730329184816 0.8842072219662568
0.46962770733225223 0.8842072219662568
0.47366811137265624 0.8842072219662568
0.453466091170636 0.8882476260066607
0.45750649521104003 0.8882476260066607
0.4615468992514441 0.8882476260066607
0.46558730329184816 0.8882476260066607
0.44538528308982794 0.8922880300470648
0.449425687130232 0.8922880300470648
0.453466091170636 0.8922880300470648
0.45750649521104003 0.8922880300470648
0.43730447500901987 0.8963284340874689
0.4413448790494239 0.8963284340874689
0.44538528308982794 0.8963284340874689
0.449425687130232 0.8963284340874689
0.4292236669282118 0.9003688381278729
0.43326407096861586 0.9003688381278729
0.43730447500901987 0.9003688381278729
0.4413448790494239 0.9003688381278729
0.4211428588474037 0.904409242168277
0.4251832628878077 0.904409242168277
0.4292236669282118 0.904409242168277
0.43326407096861586 0.904409242168277
0.41306205076659563 0.9084496462086811
0.4171024548069997 0.9084496462086811
0.4211428588474037 0.9084496462086811
0.4251832628878077 0.9084496462086811
0.4009408386453835 0.912490050249085
0.40498124268578756 0.912490050249085
0.40902164672619157 0.912490050249085
0.41306205076659563 0.912490050249085
0.4171024548069997 0.912490050249085
0.3928600305645754 0.9165304542894891
0.3969004346049795 0.9165304542894891
0.4009408386453835 0.9165304542894891
0.40498124268578756 0.9165304542894891
0.38477922248376734 0.920570858329893
0.3888196265241714 0.920570858329893
0.3928600305645754 0.920570858329893
0.3969004346049795 0.920570858329893
0.3726580103625552 0.9246112623702971
0.37669841440295926 0.9246112623702971
0.3807388184433633 0.9246112623702971
0.38477922248376734 0.9246112623702971
0.3888196265241714 0.9246112623702971
0.36457720228174717 0.9286516664107012
0.3686176063221512 0.9286516664107012
0.3726580103625552 0.9286516664107012
0.37669841440295926 0.9286516664107012
0.352455990160535 0.9326920704511052
0.35649639420093904 0.9326920704511052
0.3605367982413431 0.9326920704511052
0.36457720228174717 0.9326920704511052
0.3686176063221512 0.9326920704511052
0.3403347780393229 0.9367324744915093
0.34437518207972695 0.9367324744915093
0.348415586120131 0.9367324744915093
0.352455990160535 0.9367324744915093
0.35649639420093904 0.9367324744915093
0.3322539699585148 0.9407728785319134
0.33629437399891887 0.9407728785319134
0.3403347780393229 0.9407728785319134
0.34437518207972695 0.9407728785319134
0.348415586120131 0.9407728785319134
0.32013275783730266 0.9448132825723174
0.32417316187770673 0.9448132825723174
0.3282135659181108 0.9448132825723174
0.3322539699585148 0.9448132825723174
0.33629437399891887 0.9448132825723174
0.3080115457160906 0.9488536866127214
0.31205194975649464 0.9488536866127214
0.31609235379689865 0.9488536866127214
0.32013275783730266 0.9488536866127214
0.32417316187770673 0.9488536866127214
0.2999307376352825 0.9528940906531255
0.3039711416756865 0.9528940906531255
0.3080115457160906 0.9528940906531255
0.31205194975649464 0.9528940906531255
0.2999307376352825 0.9569344946935294
