# x y
0.6797707355073854 0.7468334845925194
0.6676495233861732 0.7549142926733274
0.6595687153053652 0.7791567169157517
0.631285887022537 0.803399141158176
0.5989626546993045 0.811479949238984
0.5989626546993045 0.8155203532793881
0.6110838668205167 0.819560757319792
0.538356594093244 0.8518839896430245
0.5060333617700117 0.8720860098450447
0.5019929577296076 0.8801668179258527
0.47775053348718344 0.8882476260066607
0.4656293213659713 0.9003688381278729
0.4898717456083955 0.9003688381278729
0.48179093752758745 0.904409242168277
0.3484576041942541 0.9448132825723174
0.36057881631546623 0.9488536866127214
