# x y
0.6964582082222885 0.6943082320672669
0.6883774001414805 0.702389040148075
0.6964582082222885 0.702389040148075
0.6843369961010765 0.706429444188479
0.6883774001414805 0.706429444188479
0.6924178041818845 0.706429444188479
0.6964582082222885 0.706429444188479
0.6722157839798644 0.710469848228883
0.6802965920606724 0.710469848228883
0.6843369961010765 0.710469848228883
0.6883774001414805 0.710469848228883
0.6924178041818845 0.710469848228883
0.6964582082222885 0.710469848228883
0.6762561880202684 0.7145102522692871
0.6802965920606724 0.7145102522692871
0.6843369961010765 0.7145102522692871
0.6883774001414805 0.7145102522692871
0.6924178041818845 0.7145102522692871
0.6964582082222885 0.7145102522692871
0.6681753799394603 0.7185506563096911
0.6722157839798644 0.7185506563096911
0.6762561880202684 0.7185506563096911
0.6802965920606724 0.7185506563096911
0.6843369961010765 0.7185506563096911
0.6883774001414805 0.7185506563096911
0.6924178041818845 0.7185506563096911
0.6964582082222885 0.7185506563096911
0.6681753799394603 0.7225910603500951
0.6722157839798644 0.7225910603500951
0.6762561880202684 0.7225910603500951
0.6802965920606724 0.7225910603500951
0.6843369961010765 0.7225910603500951
0.6883774001414805 0.7225910603500951
0.6924178041818845 0.7225910603500951
0.6964582082222885 0.7225910603500951
0.6600945718586522 0.7266314643904992
0.6641349758990562 0.7266314643904992
0.6681753799394603 0.7266314643904992
0.6722157839798644 0.7266314643904992
0.6762561880202684 0.7266314643904992
0.6802965920606724 0.7266314643904992
0.6843369961010765 0.7266314643904992
0.6883774001414805 0.7266314643904992
0.6924178041818845 0.7266314643904992
0.6964582082222885 0.7266314643904992
0.6560541678182481 0.7306718684309033
0.6641349758990562 0.7306718684309033
0.6681753799394603 0.7306718684309033
0.6722157839798644 0.7306718684309033
0.6762561880202684 0.7306718684309033
0.6802965920606724 0.7306718684309033
0.6843369961010765 0.7306718684309033
0.6883774001414805 0.7306718684309033
0.6924178041818845 0.7306718684309033
0.6964582082222885 0.7306718684309033
0.6520137637778441 0.7347122724713073
0.6600945718586522 0.7347122724713073
0.6641349758990562 0.7347122724713073
0.6681753799394603 0.7347122724713073
0.6722157839798644 0.7347122724713073
0.6762561880202684 0.7347122724713073
0.6802965920606724 0.7347122724713073
0.6843369961010765 0.7347122724713073
0.6883774001414805 0.7347122724713073
0.6520137637778441 0.7387526765117113
0.6560541678182481 0.7387526765117113
0.6600945718586522 0.7387526765117113
0.6641349758990562 0.7387526765117113
0.6681753799394603 0.7387526765117113
0.6722157839798644 0.7387526765117113
0.6762561880202684 0.7387526765117113
0.6802965920606724 0.7387526765117113
0.6843369961010765 0.7387526765117113
0.6439329556970361 0.7427930805521153
0.6479733597374401 0.7427930805521153
0.6520137637778441 0.7427930805521153
0.6560541678182481 0.7427930805521153
0.6600945718586522 0.7427930805521153
0.6641349758990562 0.7427930805521153
0.6681753799394603 0.7427930805521153
0.6722157839798644 0.7427930805521153
0.6762561880202684 0.7427930805521153
0.6802965920606724 0.7427930805521153
0.635852147616228 0.7468334845925194
0.6439329556970361 0.7468334845925194
0.6479733597374401 0.7468334845925194
0.6520137637778441 0.7468334845925194
0.6560541678182481 0.7468334845925194
0.6600945718586522 0.7468334845925194
0.6641349758990562 0.7468334845925194
0.6681753799394603 0.7468334845925194
0.6722157839798644 0.7468334845925194
0.6762561880202684 0.7468334845925194
0.6802965920606724 0.7468334845925194
0.6318117435758239 0.7508738886329235
0.6398925516566321 0.7508738886329235
0.6439329556970361 0.7508738886329235
0.6479733597374401 0.7508738886329235
0.6520137637778441 0.7508738886329235
0.6560541678182481 0.7508738886329235
0.6600945718586522 0.7508738886329235
0.6641349758990562 0.7508738886329235
0.6681753799394603 0.7508738886329235
0.6722157839798644 0.7508738886329235
0.6277713395354199 0.7549142926733274
0.6318117435758239 0.7549142926733274
0.635852147616228 0.7549142926733274
0.6398925516566321 0.7549142926733274
0.6439329556970361 0.7549142926733274
0.6479733597374401 0.7549142926733274
0.6520137637778441 0.7549142926733274
0.6560541678182481 0.7549142926733274
0.6600945718586522 0.7549142926733274
0.6641349758990562 0.7549142926733274
0.6681753799394603 0.7549142926733274
0.6277713395354199 0.7589546967137315
0.6318117435758239 0.7589546967137315
0.635852147616228 0.7589546967137315
0.6398925516566321 0.7589546967137315
0.6439329556970361 0.7589546967137315
0.6479733597374401 0.7589546967137315
0.6520137637778441 0.7589546967137315
0.6560541678182481 0.7589546967137315
0.6600945718586522 0.7589546967137315
0.6641349758990562 0.7589546967137315
0.6722157839798644 0.7589546967137315
0.6237309354950158 0.7629951007541356
0.6277713395354199 0.7629951007541356
0.6318117435758239 0.7629951007541356
0.635852147616228 0.7629951007541356
0.6398925516566321 0.7629951007541356
0.6439329556970361 0.7629951007541356
0.6479733597374401 0.7629951007541356
0.6520137637778441 0.7629951007541356
0.6560541678182481 0.7629951007541356
0.6600945718586522 0.7629951007541356
0.6116097233738037 0.7670355047945396
0.6156501274142078 0.7670355047945396
0.6196905314546117 0.7670355047945396
0.6237309354950158 0.7670355047945396
0.6277713395354199 0.7670355047945396
0.6318117435758239 0.7670355047945396
0.635852147616228 0.7670355047945396
0.6398925516566321 0.7670355047945396
0.6439329556970361 0.7670355047945396
0.6479733597374401 0.7670355047945396
0.6520137637778441 0.7670355047945396
0.6560541678182481 0.7670355047945396
0.6075693193333997 0.7710759088349436
0.6156501274142078 0.7710759088349436
0.6196905314546117 0.7710759088349436
0.6237309354950158 0.7710759088349436
0.6277713395354199 0.7710759088349436
0.6318117435758239 0.7710759088349436
0.635852147616228 0.7710759088349436
0.6398925516566321 0.7710759088349436
0.6439329556970361 0.7710759088349436
0.6479733597374401 0.7710759088349436
0.6520137637778441 0.7710759088349436
0.6075693193333997 0.7751163128753477
0.6116097233738037 0.7751163128753477
0.6156501274142078 0.7751163128753477
0.6196905314546117 0.7751163128753477
0.6237309354950158 0.7751163128753477
0.6277713395354199 0.7751163128753477
0.6318117435758239 0.7751163128753477
0.635852147616228 0.7751163128753477
0.6398925516566321 0.7751163128753477
0.6439329556970361 0.7751163128753477
0.6479733597374401 0.7751163128753477
0.6520137637778441 0.7751163128753477
0.5954481072121875 0.7791567169157517
0.6035289152929957 0.7791567169157517
0.6075693193333997 0.7791567169157517
0.6116097233738037 0.7791567169157517
0.6156501274142078 0.7791567169157517
0.6196905314546117 0.7791567169157517
0.6237309354950158 0.7791567169157517
0.6277713395354199 0.7791567169157517
0.6318117435758239 0.7791567169157517
0.635852147616228 0.7791567169157517
0.6398925516566321 0.7791567169157517
0.6479733597374401 0.7791567169157517
0.5994885112525916 0.7831971209561558
0.6035289152929957 0.7831971209561558
0.6075693193333997 0.7831971209561558
0.6116097233738037 0.7831971209561558
0.6156501274142078 0.7831971209561558
0.6196905314546117 0.7831971209561558
0.6237309354950158 0.7831971209561558
0.6277713395354199 0.7831971209561558
0.6318117435758239 0.7831971209561558
0.635852147616228 0.7831971209561558
0.5914077031717835 0.7872375249965597
0.5954481072121875 0.7872375249965597
0.5994885112525916 0.7872375249965597
0.6035289152929957 0.7872375249965597
0.6075693193333997 0.7872375249965597
0.6116097233738037 0.7872375249965597
0.6156501274142078 0.7872375249965597
0.6196905314546117 0.7872375249965597
0.6237309354950158 0.7872375249965597
0.6277713395354199 0.7872375249965597
0.6318117435758239 0.7872375249965597
0.5792864910505714 0.7912779290369638
0.5873672991313794 0.7912779290369638
0.5914077031717835 0.7912779290369638
0.5954481072121875 0.7912779290369638
0.5994885112525916 0.7912779290369638
0.6035289152929957 0.7912779290369638
0.6075693193333997 0.7912779290369638
0.6116097233738037 0.7912779290369638
0.6156501274142078 0.7912779290369638
0.6196905314546117 0.7912779290369638
0.6237309354950158 0.7912779290369638
0.6277713395354199 0.7912779290369638
0.6318117435758239 0.7912779290369638
0.5752460870101674 0.7953183330773679
0.5792864910505714 0.7953183330773679
0.5833268950909755 0.7953183330773679
0.5873672991313794 0.7953183330773679
0.5914077031717835 0.7953183330773679
0.5954481072121875 0.7953183330773679
0.5994885112525916 0.7953183330773679
0.6035289152929957 0.7953183330773679
0.6075693193333997 0.7953183330773679
0.6116097233738037 0.7953183330773679
0.6156501274142078 0.7953183330773679
0.6196905314546117 0.7953183330773679
0.6237309354950158 0.7953183330773679
0.5671652789293593 0.799358737117772
0.5752460870101674 0.799358737117772
0.5792864910505714 0.799358737117772
0.5833268950909755 0.799358737117772
0.5873672991313794 0.799358737117772
0.5914077031717835 0.799358737117772
0.5954481072121875 0.799358737117772
0.5994885112525916 0.799358737117772
0.6035289152929957 0.799358737117772
0.6075693193333997 0.799358737117772
0.6116097233738037 0.799358737117772
0.6156501274142078 0.799358737117772
0.6196905314546117 0.799358737117772
0.5712056829697634 0.803399141158176
0.5752460870101674 0.803399141158176
0.5792864910505714 0.803399141158176
0.5833268950909755 0.803399141158176
0.5873672991313794 0.803399141158176
0.5914077031717835 0.803399141158176
0.5954481072121875 0.803399141158176
0.5994885112525916 0.803399141158176
0.6035289152929957 0.803399141158176
0.6075693193333997 0.803399141158176
0.6116097233738037 0.803399141158176
0.5550440668081471 0.80743954519858
0.5631248748889552 0.80743954519858
0.5671652789293593 0.80743954519858
0.5712056829697634 0.80743954519858
0.5752460870101674 0.80743954519858
0.5792864910505714 0.80743954519858
0.5833268950909755 0.80743954519858
0.5873672991313794 0.80743954519858
0.5914077031717835 0.80743954519858
0.5954481072121875 0.80743954519858
0.5994885112525916 0.80743954519858
0.6035289152929957 0.80743954519858
0.6075693193333997 0.80743954519858
0.6116097233738037 0.80743954519858
0.542922854686935 0.811479949238984
0.551003662767743 0.811479949238984
0.5590844708485512 0.811479949238984
0.5631248748889552 0.811479949238984
0.5671652789293593 0.811479949238984
0.5712056829697634 0.811479949238984
0.5752460870101674 0.811479949238984
0.5792864910505714 0.811479949238984
0.5833268950909755 0.811479949238984
0.5873672991313794 0.811479949238984
0.5914077031717835 0.811479949238984
0.5954481072121875 0.811479949238984
0.5994885112525916 0.811479949238984
0.6075693193333997 0.811479949238984
0.542922854686935 0.8155203532793881
0.551003662767743 0.8155203532793881
0.5550440668081471 0.8155203532793881
0.5590844708485512 0.8155203532793881
0.5631248748889552 0.8155203532793881
0.5671652789293593 0.8155203532793881
0.5712056829697634 0.8155203532793881
0.5752460870101674 0.8155203532793881
0.5792864910505714 0.8155203532793881
0.5833268950909755 0.8155203532793881
0.5873672991313794 0.8155203532793881
0.5914077031717835 0.8155203532793881
0.5954481072121875 0.8155203532793881
0.542922854686935 0.819560757319792
0.5469632587273391 0.819560757319792
0.551003662767743 0.819560757319792
0.5550440668081471 0.819560757319792
0.5590844708485512 0.819560757319792
0.5631248748889552 0.819560757319792
0.5671652789293593 0.819560757319792
0.5712056829697634 0.819560757319792
0.5752460870101674 0.819560757319792
0.5792864910505714 0.819560757319792
0.5833268950909755 0.819560757319792
0.5873672991313794 0.819560757319792
0.5914077031717835 0.819560757319792
0.5994885112525916 0.819560757319792
0.5388824506465311 0.8236011613601961
0.542922854686935 0.8236011613601961
0.5469632587273391 0.8236011613601961
0.551003662767743 0.8236011613601961
0.5550440668081471 0.8236011613601961
0.5590844708485512 0.8236011613601961
0.5631248748889552 0.8236011613601961
0.5671652789293593 0.8236011613601961
0.5712056829697634 0.8236011613601961
0.5752460870101674 0.8236011613601961
0.5792864910505714 0.8236011613601961
0.5833268950909755 0.8236011613601961
0.5914077031717835 0.8236011613601961
0.5308016425657229 0.8276415654006002
0.534842046606127 0.8276415654006002
0.5388824506465311 0.8276415654006002
0.542922854686935 0.8276415654006002
0.5469632587273391 0.8276415654006002
0.551003662767743 0.8276415654006002
0.5550440668081471 0.8276415654006002
0.5590844708485512 0.8276415654006002
0.5631248748889552 0.8276415654006002
0.5671652789293593 0.8276415654006002
0.5712056829697634 0.8276415654006002
0.5752460870101674 0.8276415654006002
0.5792864910505714 0.8276415654006002
0.5227208344849148 0.8316819694410043
0.5267612385253189 0.8316819694410043
0.5308016425657229 0.8316819694410043
0.534842046606127 0.8316819694410043
0.5388824506465311 0.8316819694410043
0.542922854686935 0.8316819694410043
0.5469632587273391 0.8316819694410043
0.551003662767743 0.8316819694410043
0.5550440668081471 0.8316819694410043
0.5590844708485512 0.8316819694410043
0.5631248748889552 0.8316819694410043
0.5671652789293593 0.8316819694410043
0.5712056829697634 0.8316819694410043
0.5752460870101674 0.8316819694410043
0.5792864910505714 0.8316819694410043
0.5146400264041068 0.8357223734814083
0.5186804304445107 0.8357223734814083
0.5227208344849148 0.8357223734814083
0.5267612385253189 0.8357223734814083
0.5308016425657229 0.8357223734814083
0.534842046606127 0.8357223734814083
0.5388824506465311 0.8357223734814083
0.542922854686935 0.8357223734814083
0.5469632587273391 0.8357223734814083
0.551003662767743 0.8357223734814083
0.5550440668081471 0.8357223734814083
0.5590844708485512 0.8357223734814083
0.5631248748889552 0.8357223734814083
0.5671652789293593 0.8357223734814083
0.5752460870101674 0.8357223734814083
0.5025188142828947 0.8397627775218124
0.5105996223637027 0.8397627775218124
0.5146400264041068 0.8397627775218124
0.5186804304445107 0.8397627775218124
0.5227208344849148 0.8397627775218124
0.5267612385253189 0.8397627775218124
0.5308016425657229 0.8397627775218124
0.534842046606127 0.8397627775218124
0.5388824506465311 0.8397627775218124
0.542922854686935 0.8397627775218124
0.5469632587273391 0.8397627775218124
0.551003662767743 0.8397627775218124
0.5550440668081471 0.8397627775218124
0.5590844708485512 0.8397627775218124
0.5631248748889552 0.8397627775218124
0.5065592183232986 0.8438031815622163
0.5105996223637027 0.8438031815622163
0.5146400264041068 0.8438031815622163
0.5186804304445107 0.8438031815622163
0.5227208344849148 0.8438031815622163
0.5267612385253189 0.8438031815622163
0.5308016425657229 0.8438031815622163
0.534842046606127 0.8438031815622163
0.5388824506465311 0.8438031815622163
0.542922854686935 0.8438031815622163
0.5469632587273391 0.8438031815622163
0.551003662767743 0.8438031815622163
0.5550440668081471 0.8438031815622163
0.5631248748889552 0.8438031815622163
0.49443800620208656 0.8478435856026204
0.4984784102424906 0.8478435856026204
0.5025188142828947 0.8478435856026204
0.5065592183232986 0.8478435856026204
0.5105996223637027 0.8478435856026204
0.5146400264041068 0.8478435856026204
0.5186804304445107 0.8478435856026204
0.5227208344849148 0.8478435856026204
0.5267612385253189 0.8478435856026204
0.5308016425657229 0.8478435856026204
0.534842046606127 0.8478435856026204
0.5388824506465311 0.8478435856026204
0.542922854686935 0.8478435856026204
0.5469632587273391 0.8478435856026204
0.551003662767743 0.8478435856026204
0.48231679408087447 0.8518839896430245
0.4903976021616825 0.8518839896430245
0.49443800620208656 0.8518839896430245
0.4984784102424906 0.8518839896430245
0.5025188142828947 0.8518839896430245
0.5065592183232986 0.8518839896430245
0.5105996223637027 0.8518839896430245
0.5146400264041068 0.8518839896430245
0.5186804304445107 0.8518839896430245
0.5227208344849148 0.8518839896430245
0.5267612385253189 0.8518839896430245
0.5308016425657229 0.8518839896430245
0.534842046606127 0.8518839896430245
0.5388824506465311 0.8518839896430245
0.542922854686935 0.8518839896430245
0.551003662767743 0.8518839896430245
0.4863571981212785 0.8559243936834284
0.4903976021616825 0.8559243936834284
0.49443800620208656 0.8559243936834284
0.4984784102424906 0.8559243936834284
0.5025188142828947 0.8559243936834284
0.5065592183232986 0.8559243936834284
0.5105996223637027 0.8559243936834284
0.5146400264041068 0.8559243936834284
0.5186804304445107 0.8559243936834284
0.5227208344849148 0.8559243936834284
0.5267612385253189 0.8559243936834284
0.5308016425657229 0.8559243936834284
0.534842046606127 0.8559243936834284
0.5388824506465311 0.8559243936834284
0.542922854686935 0.8559243936834284
0.46211477387885425 0.8599647977238325
0.47423598600006633 0.8599647977238325
0.4782763900404704 0.8599647977238325
0.48231679408087447 0.8599647977238325
0.4863571981212785 0.8599647977238325
0.4903976021616825 0.8599647977238325
0.49443800620208656 0.8599647977238325
0.4984784102424906 0.8599647977238325
0.5025188142828947 0.8599647977238325
0.5065592183232986 0.8599647977238325
0.5105996223637027 0.8599647977238325
0.5146400264041068 0.8599647977238325
0.5186804304445107 0.8599647977238325
0.5227208344849148 0.8599647977238325
0.5267612385253189 0.8599647977238325
0.5308016425657229 0.8599647977238325
0.534842046606127 0.8599647977238325
0.5388824506465311 0.8599647977238325
0.4701955819596623 0.8640052017642366
0.47423598600006633 0.8640052017642366
0.4782763900404704 0.8640052017642366
0.48231679408087447 0.8640052017642366
0.4863571981212785 0.8640052017642366
0.4903976021616825 0.8640052017642366
0.49443800620208656 0.8640052017642366
0.4984784102424906 0.8640052017642366
0.5025188142828947 0.8640052017642366
0.5065592183232986 0.8640052017642366
0.5105996223637027 0.8640052017642366
0.5146400264041068 0.8640052017642366
0.5186804304445107 0.8640052017642366
0.5227208344849148 0.8640052017642366
0.5267612385253189 0.8640052017642366
0.534842046606127 0.8640052017642366
0.4499935617576421 0.8680456058046406
0.46211477387885425 0.8680456058046406
0.4661551779192583 0.8680456058046406
0.4701955819596623 0.8680456058046406
0.47423598600006633 0.8680456058046406
0.4782763900404704 0.8680456058046406
0.48231679408087447 0.8680456058046406
0.4863571981212785 0.8680456058046406
0.4903976021616825 0.8680456058046406
0.49443800620208656 0.8680456058046406
0.4984784102424906 0.8680456058046406
0.5025188142828947 0.8680456058046406
0.5065592183232986 0.8680456058046406
0.5105996223637027 0.8680456058046406
0.5146400264041068 0.8680456058046406
0.5186804304445107 0.8680456058046406
0.5267612385253189 0.8680456058046406
0.4540339657980461 0.8720860098450447
0.4580743698384502 0.8720860098450447
0.46211477387885425 0.8720860098450447
0.4661551779192583 0.8720860098450447
0.4701955819596623 0.8720860098450447
0.47423598600006633 0.8720860098450447
0.4782763900404704 0.8720860098450447
0.48231679408087447 0.8720860098450447
0.4863571981212785 0.8720860098450447
0.4903976021616825 0.8720860098450447
0.49443800620208656 0.8720860098450447
0.4984784102424906 0.8720860098450447
0.5025188142828947 0.8720860098450447
0.5065592183232986 0.8720860098450447
0.5105996223637027 0.8720860098450447
0.5186804304445107 0.8720860098450447
0.441912753676834 0.8761264138854487
0.4459531577172381 0.8761264138854487
0.4499935617576421 0.8761264138854487
0.4540339657980461 0.8761264138854487
0.4580743698384502 0.8761264138854487
0.46211477387885425 0.8761264138854487
0.4661551779192583 0.8761264138854487
0.4701955819596623 0.8761264138854487
0.47423598600006633 0.8761264138854487
0.4782763900404704 0.8761264138854487
0.48231679408087447 0.8761264138854487
0.4863571981212785 0.8761264138854487
0.4903976021616825 0.8761264138854487
0.49443800620208656 0.8761264138854487
0.4984784102424906 0.8761264138854487
0.5025188142828947 0.8761264138854487
0.5065592183232986 0.8761264138854487
0.5105996223637027 0.8761264138854487
0.5146400264041068 0.8761264138854487
0.42575113751521787 0.8801668179258527
0.43383194559602595 0.8801668179258527
0.43787234963642996 0.8801668179258527
0.441912753676834 0.8801668179258527
0.4459531577172381 0.8801668179258527
0.4499935617576421 0.8801668179258527
0.4540339657980461 0.8801668179258527
0.4580743698384502 0.8801668179258527
0.46211477387885425 0.8801668179258527
0.4661551779192583 0.8801668179258527
0.4701955819596623 0.8801668179258527
0.47423598600006633 0.8801668179258527
0.4782763900404704 0.8801668179258527
0.48231679408087447 0.8801668179258527
0.4863571981212785 0.8801668179258527
0.4903976021616825 0.8801668179258527
0.49443800620208656 0.8801668179258527
0.4984784102424906 0.8801668179258527
0.5065592183232986 0.8801668179258527
0.4176703294344098 0.8842072219662568
0.42979154155562194 0.8842072219662568
0.43383194559602595 0.8842072219662568
0.43787234963642996 0.8842072219662568
0.441912753676834 0.8842072219662568
0.4459531577172381 0.8842072219662568
0.4499935617576421 0.8842072219662568
0.4540339657980461 0.8842072219662568
0.4580743698384502 0.8842072219662568
0.46211477387885425 0.8842072219662568
0.4661551779192583 0.8842072219662568
0.4701955819596623 0.8842072219662568
0.47423598600006633 0.8842072219662568
0.4782763900404704 0.8842072219662568
0.48231679408087447 0.8842072219662568
0.4863571981212785 0.8842072219662568
0.4903976021616825 0.8842072219662568
0.4984784102424906 0.8842072219662568
0.4095895213536017 0.8882476260066607
0.4217107334748138 0.8882476260066607
0.42575113751521787 0.8882476260066607
0.42979154155562194 0.8882476260066607
0.43383194559602595 0.8882476260066607
0.43787234963642996 0.8882476260066607
0.441912753676834 0.8882476260066607
0.4459531577172381 0.8882476260066607
0.4499935617576421 0.8882476260066607
0.4540339657980461 0.8882476260066607
0.4580743698384502 0.8882476260066607
0.46211477387885425 0.8882476260066607
0.4661551779192583 0.8882476260066607
0.4701955819596623 0.8882476260066607
0.47423598600006633 0.8882476260066607
0.4782763900404704 0.8882476260066607
0.48231679408087447 0.8882476260066607
0.49443800620208656 0.8882476260066607
0.4095895213536017 0.8922880300470648
0.4136299253940058 0.8922880300470648
0.4176703294344098 0.8922880300470648
0.4217107334748138 0.8922880300470648
0.42575113751521787 0.8922880300470648
0.42979154155562194 0.8922880300470648
0.43383194559602595 0.8922880300470648
0.43787234963642996 0.8922880300470648
0.441912753676834 0.8922880300470648
0.4459531577172381 0.8922880300470648
0.4499935617576421 0.8922880300470648
0.4540339657980461 0.8922880300470648
0.4580743698384502 0.8922880300470648
0.46211477387885425 0.8922880300470648
0.4661551779192583 0.8922880300470648
0.4701955819596623 0.8922880300470648
0.47423598600006633 0.8922880300470648
0.4782763900404704 0.8922880300470648
0.4863571981212785 0.8922880300470648
0.39342790519198556 0.8963284340874689
0.40150871327279364 0.8963284340874689
0.40554911731319765 0.8963284340874689
0.4095895213536017 0.8963284340874689
0.4136299253940058 0.8963284340874689
0.4176703294344098 0.8963284340874689
0.4217107334748138 0.8963284340874689
0.42575113751521787 0.8963284340874689
0.42979154155562194 0.8963284340874689
0.43383194559602595 0.8963284340874689
0.43787234963642996 0.8963284340874689
0.441912753676834 0.8963284340874689
0.4459531577172381 0.8963284340874689
0.4499935617576421 0.8963284340874689
0.4540339657980461 0.8963284340874689
0.4580743698384502 0.8963284340874689
0.46211477387885425 0.8963284340874689
0.4661551779192583 0.8963284340874689
0.4701955819596623 0.8963284340874689
0.47423598600006633 0.8963284340874689
0.4782763900404704 0.8963284340874689
0.39746830923238957 0.9003688381278729
0.40150871327279364 0.9003688381278729
0.40554911731319765 0.9003688381278729
0.4095895213536017 0.9003688381278729
0.4136299253940058 0.9003688381278729
0.4176703294344098 0.9003688381278729
0.4217107334748138 0.9003688381278729
0.42575113751521787 0.9003688381278729
0.42979154155562194 0.9003688381278729
0.43383194559602595 0.9003688381278729
0.43787234963642996 0.9003688381278729
0.441912753676834 0.9003688381278729
0.4459531577172381 0.9003688381278729
0.4499935617576421 0.9003688381278729
0.4540339657980461 0.9003688381278729
0.4580743698384502 0.9003688381278729
0.46211477387885425 0.9003688381278729
0.3893875011515815 0.904409242168277
0.39342790519198556 0.904409242168277
0.39746830923238957 0.904409242168277
0.40150871327279364 0.904409242168277
0.40554911731319765 0.904409242168277
0.4095895213536017 0.904409242168277
0.4136299253940058 0.904409242168277
0.4176703294344098 0.904409242168277
0.4217107334748138 0.904409242168277
0.42575113751521787 0.904409242168277
0.42979154155562194 0.904409242168277
0.43383194559602595 0.904409242168277
0.43787234963642996 0.904409242168277
0.441912753676834 0.904409242168277
0.4459531577172381 0.904409242168277
0.4499935617576421 0.904409242168277
0.4540339657980461 0.904409242168277
0.3691854809495613 0.9084496462086811
0.37322588498996534 0.9084496462086811
0.3772662890303694 0.9084496462086811
0.3813066930707734 0.9084496462086811
0.3853470971111775 0.9084496462086811
0.3893875011515815 0.9084496462086811
0.39342790519198556 0.9084496462086811
0.39746830923238957 0.9084496462086811
0.40150871327279364 0.9084496462086811
0.40554911731319765 0.9084496462086811
0.4095895213536017 0.9084496462086811
0.4136299253940058 0.9084496462086811
0.4176703294344098 0.9084496462086811
0.4217107334748138 0.9084496462086811
0.42575113751521787 0.9084496462086811
0.42979154155562194 0.9084496462086811
0.43383194559602595 0.9084496462086811
0.43787234963642996 0.9084496462086811
0.441912753676834 0.9084496462086811
0.4459531577172381 0.9084496462086811
0.3530238647879451 0.912490050249085
0.37322588498996534 0.912490050249085
0.3772662890303694 0.912490050249085
0.3813066930707734 0.912490050249085
0.3853470971111775 0.912490050249085
0.3893875011515815 0.912490050249085
0.39342790519198556 0.912490050249085
0.39746830923238957 0.912490050249085
0.40150871327279364 0.912490050249085
0.40554911731319765 0.912490050249085
0.4095895213536017 0.912490050249085
0.4136299253940058 0.912490050249085
0.4176703294344098 0.912490050249085
0.4217107334748138 0.912490050249085
0.42575113751521787 0.912490050249085
0.42979154155562194 0.912490050249085
0.43383194559602595 0.912490050249085
0.43787234963642996 0.912490050249085
0.441912753676834 0.912490050249085
0.4459531577172381 0.912490050249085
0.33686224862632896 0.9165304542894891
0.3530238647879451 0.9165304542894891
0.36110467286875325 0.9165304542894891
0.36514507690915726 0.9165304542894891
0.3691854809495613 0.9165304542894891
0.37322588498996534 0.9165304542894891
0.3772662890303694 0.9165304542894891
0.3813066930707734 0.9165304542894891
0.3853470971111775 0.9165304542894891
0.3893875011515815 0.9165304542894891
0.39342790519198556 0.9165304542894891
0.39746830923238957 0.9165304542894891
0.40150871327279364 0.9165304542894891
0.40554911731319765 0.9165304542894891
0.4095895213536017 0.9165304542894891
0.4136299253940058 0.9165304542894891
0.4176703294344098 0.9165304542894891
0.4217107334748138 0.9165304542894891
0.42575113751521787 0.9165304542894891
0.42979154155562194 0.9165304542894891
0.43383194559602595 0.9165304542894891
0.43787234963642996 0.9165304542894891
0.34090265266673303 0.920570858329893
0.3530238647879451 0.920570858329893
0.3570642688283492 0.920570858329893
0.36110467286875325 0.920570858329893
0.36514507690915726 0.920570858329893
0.3691854809495613 0.920570858329893
0.37322588498996534 0.920570858329893
0.3772662890303694 0.920570858329893
0.3813066930707734 0.920570858329893
0.3853470971111775 0.920570858329893
0.3893875011515815 0.920570858329893
0.39342790519198556 0.920570858329893
0.39746830923238957 0.920570858329893
0.40150871327279364 0.920570858329893
0.40554911731319765 0.920570858329893
0.4095895213536017 0.920570858329893
0.4136299253940058 0.920570858329893
0.4176703294344098 0.920570858329893
0.4217107334748138 0.920570858329893
0.42979154155562194 0.920570858329893
0.43383194559602595 0.920570858329893
0.3207006324647128 0.9246112623702971
0.33282184458592495 0.9246112623702971
0.34090265266673303 0.9246112623702971
0.3449430567071371 0.9246112623702971
0.3489834607475411 0.9246112623702971
0.3530238647879451 0.9246112623702971
0.3570642688283492 0.9246112623702971
0.36110467286875325 0.9246112623702971
0.36514507690915726 0.9246112623702971
0.3691854809495613 0.9246112623702971
0.37322588498996534 0.9246112623702971
0.3772662890303694 0.9246112623702971
0.3813066930707734 0.9246112623702971
0.3853470971111775 0.9246112623702971
0.3893875011515815 0.9246112623702971
0.39342790519198556 0.9246112623702971
0.39746830923238957 0.9246112623702971
0.40150871327279364 0.9246112623702971
0.40554911731319765 0.9246112623702971
0.4095895213536017 0.9246112623702971
0.4136299253940058 0.9246112623702971
0.4217107334748138 0.9246112623702971
0.3287814405455209 0.9286516664107012
0.33282184458592495 0.9286516664107012
0.33686224862632896 0.9286516664107012
0.34090265266673303 0.9286516664107012
0.3449430567071371 0.9286516664107012
0.3489834607475411 0.9286516664107012
0.3530238647879451 0.9286516664107012
0.3570642688283492 0.9286516664107012
0.36110467286875325 0.9286516664107012
0.36514507690915726 0.9286516664107012
0.3691854809495613 0.9286516664107012
0.37322588498996534 0.9286516664107012
0.3772662890303694 0.9286516664107012
0.3813066930707734 0.9286516664107012
0.3853470971111775 0.9286516664107012
0.3893875011515815 0.9286516664107012
0.39342790519198556 0.9286516664107012
0.39746830923238957 0.9286516664107012
0.40150871327279364 0.9286516664107012
0.30453901630309665 0.9326920704511052
0.31666022842430874 0.9326920704511052
0.3207006324647128 0.9326920704511052
0.3247410365051169 0.9326920704511052
0.3287814405455209 0.9326920704511052
0.33282184458592495 0.9326920704511052
0.33686224862632896 0.9326920704511052
0.34090265266673303 0.9326920704511052
0.3449430567071371 0.9326920704511052
0.3489834607475411 0.9326920704511052
0.3530238647879451 0.9326920704511052
0.3570642688283492 0.9326920704511052
0.36110467286875325 0.9326920704511052
0.36514507690915726 0.9326920704511052
0.3691854809495613 0.9326920704511052
0.37322588498996534 0.9326920704511052
0.3772662890303694 0.9326920704511052
0.3813066930707734 0.9326920704511052
0.3853470971111775 0.9326920704511052
0.3893875011515815 0.9326920704511052
0.39342790519198556 0.9326920704511052
0.30453901630309665 0.9367324744915093
0.3085794203435007 0.9367324744915093
0.31261982438390473 0.9367324744915093
0.31666022842430874 0.9367324744915093
0.3207006324647128 0.9367324744915093
0.3247410365051169 0.9367324744915093
0.3287814405455209 0.9367324744915093
0.33282184458592495 0.9367324744915093
0.33686224862632896 0.9367324744915093
0.34090265266673303 0.9367324744915093
0.3449430567071371 0.9367324744915093
0.3489834607475411 0.9367324744915093
0.3530238647879451 0.9367324744915093
0.3570642688283492 0.9367324744915093
0.36110467286875325 0.9367324744915093
0.36514507690915726 0.9367324744915093
0.3691854809495613 0.9367324744915093
0.37322588498996534 0.9367324744915093
0.3772662890303694 0.9367324744915093
0.3813066930707734 0.9367324744915093
0.3853470971111775 0.9367324744915093
0.39746830923238957 0.9367324744915093
0.2964582082222886 0.9407728785319134
0.3004986122626926 0.9407728785319134
0.30453901630309665 0.9407728785319134
0.3085794203435007 0.9407728785319134
0.31261982438390473 0.9407728785319134
0.31666022842430874 0.9407728785319134
0.3207006324647128 0.9407728785319134
0.3247410365051169 0.9407728785319134
0.3287814405455209 0.9407728785319134
0.33282184458592495 0.9407728785319134
0.33686224862632896 0.9407728785319134
0.34090265266673303 0.9407728785319134
0.3449430567071371 0.9407728785319134
0.3489834607475411 0.9407728785319134
0.3530238647879451 0.9407728785319134
0.3570642688283492 0.9407728785319134
0.36110467286875325 0.9407728785319134
0.36514507690915726 0.9407728785319134
0.3691854809495613 0.9407728785319134
0.37322588498996534 0.9407728785319134
0.3813066930707734 0.9407728785319134
0.2964582082222886 0.9448132825723174
0.3004986122626926 0.9448132825723174
0.30453901630309665 0.9448132825723174
0.3085794203435007 0.9448132825723174
0.31261982438390473 0.9448132825723174
0.31666022842430874 0.9448132825723174
0.3207006324647128 0.9448132825723174
0.3247410365051169 0.9448132825723174
0.3287814405455209 0.9448132825723174
0.33282184458592495 0.9448132825723174
0.33686224862632896 0.9448132825723174
0.34090265266673303 0.9448132825723174
0.3449430567071371 0.9448132825723174
0.3489834607475411 0.9448132825723174
0.3530238647879451 0.9448132825723174
0.3570642688283492 0.9448132825723174
0.36110467286875325 0.9448132825723174
0.36514507690915726 0.9448132825723174
0.3691854809495613 0.9448132825723174
0.37322588498996534 0.9448132825723174
0.2964582082222886 0.9488536866127214
0.3004986122626926 0.9488536866127214
0.30453901630309665 0.9488536866127214
0.3085794203435007 0.9488536866127214
0.31261982438390473 0.9488536866127214
0.31666022842430874 0.9488536866127214
0.3207006324647128 0.9488536866127214
0.3247410365051169 0.9488536866127214
0.3287814405455209 0.9488536866127214
0.33282184458592495 0.9488536866127214
0.33686224862632896 0.9488536866127214
0.34090265266673303 0.9488536866127214
0.3449430567071371 0.9488536866127214
0.3489834607475411 0.9488536866127214
0.3530238647879451 0.9488536866127214
0.3570642688283492 0.9488536866127214
0.36110467286875325 0.9488536866127214
0.36514507690915726 0.9488536866127214
0.3691854809495613 0.9488536866127214
0.2964582082222886 0.9528940906531255
0.3004986122626926 0.9528940906531255
0.30453901630309665 0.9528940906531255
0.3085794203435007 0.9528940906531255
0.31261982438390473 0.9528940906531255
0.31666022842430874 0.9528940906531255
0.3207006324647128 0.9528940906531255
0.3247410365051169 0.9528940906531255
0.3287814405455209 0.9528940906531255
0.33282184458592495 0.9528940906531255
0.33686224862632896 0.9528940906531255
0.34090265266673303 0.9528940906531255
0.3489834607475411 0.9528940906531255
0.2964582082222886 0.9569344946935294
0.3004986122626926 0.9569344946935294
0.30453901630309665 0.9569344946935294
0.3085794203435007 0.9569344946935294
0.31261982438390473 0.9569344946935294
0.31666022842430874 0.9569344946935294
0.3207006324647128 0.9569344946935294
0.3247410365051169 0.9569344946935294
0.3287814405455209 0.9569344946935294
0.3449430567071371 0.9569344946935294
0.3489834607475411 0.9569344946935294
0.2964582082222886 0.9609748987339335
0.3004986122626926 0.9609748987339335
0.30453901630309665 0.9609748987339335
0.3085794203435007 0.9609748987339335
0.31261982438390473 0.9609748987339335
0.31666022842430874 0.9609748987339335
0.2964582082222886 0.9650153027743376
0.3004986122626926 0.9650153027743376
0.30453901630309665 0.9650153027743376
0.3247410365051169 0.9650153027743376
0.2964582082222886 0.9690557068147416
