# x y
0.6635845868543653 0.7629951007541356
0.635301758571537 0.7872375249965597
0.5948977181674966 0.8316819694410043
0.5787361020058805 0.8438031815622163
0.530251253521032 0.8761264138854487
0.47368559695537543 0.9084496462086811
0.4171199403897189 0.9246112623702971
0.40903913230891076 0.9286516664107012
0.3847967080664865 0.9326920704511052
0.3807563040260825 0.9407728785319134
0.3605542838240623 0.9488536866127214
0.32015024342002185 0.9569344946935294
0.30802903129880976 0.9609748987339335
0.36459468786446636 0.9609748987339335
