# x y
0.6676580335404747 0.7549142926733274
0.6474560133384546 0.7710759088349436
0.6676580335404747 0.7710759088349436
0.6393752052576465 0.7791567169157517
0.6595772254596667 0.7791567169157517
0.6232135890960303 0.7912779290369638
0.598971164853606 0.8155203532793881
0.5747287406111818 0.8276415654006002
0.5949307608132021 0.8316819694410043
0.5585671244495657 0.8397627775218124
0.5464459123283536 0.8478435856026204
0.5222034880859293 0.8680456058046406
0.5302842961667374 0.8761264138854487
0.49392065980310107 0.8801668179258527
0.5020014678839091 0.8801668179258527
0.49392065980310107 0.8842072219662568
0.5100822759647172 0.8882476260066607
0.44947621535865656 0.9003688381278729
0.4252337911162324 0.912490050249085
0.3686681345505758 0.9367324744915093
0.3646277305101717 0.9609748987339335
0.31614288202532326 0.9650153027743376
0.30402166990411117 0.9690557068147416
