# x y
0.6994415535328764 0.702389040148075
0.6954011494924723 0.706429444188479
0.6994415535328764 0.706429444188479
0.6913607454520683 0.710469848228883
0.6954011494924723 0.710469848228883
0.6994415535328764 0.710469848228883
0.6873203414116642 0.7145102522692871
0.6913607454520683 0.7145102522692871
0.6954011494924723 0.7145102522692871
0.6994415535328764 0.7145102522692871
0.6832799373712601 0.7185506563096911
0.6873203414116642 0.7185506563096911
0.6913607454520683 0.7185506563096911
0.6954011494924723 0.7185506563096911
0.6994415535328764 0.7185506563096911
0.6792395333308561 0.7225910603500951
0.6832799373712601 0.7225910603500951
0.6873203414116642 0.7225910603500951
0.6913607454520683 0.7225910603500951
0.6954011494924723 0.7225910603500951
0.6994415535328764 0.7225910603500951
0.675199129290452 0.7266314643904992
0.6792395333308561 0.7266314643904992
0.6832799373712601 0.7266314643904992
0.6873203414116642 0.7266314643904992
0.6913607454520683 0.7266314643904992
0.6954011494924723 0.7266314643904992
0.6994415535328764 0.7266314643904992
0.671158725250048 0.7306718684309033
0.675199129290452 0.7306718684309033
0.6792395333308561 0.7306718684309033
0.6832799373712601 0.7306718684309033
0.6873203414116642 0.7306718684309033
0.6913607454520683 0.7306718684309033
0.667118321209644 0.7347122724713073
0.671158725250048 0.7347122724713073
0.675199129290452 0.7347122724713073
0.6792395333308561 0.7347122724713073
0.6832799373712601 0.7347122724713073
0.6873203414116642 0.7347122724713073
0.66307791716924 0.7387526765117113
0.667118321209644 0.7387526765117113
0.671158725250048 0.7387526765117113
0.675199129290452 0.7387526765117113
0.6792395333308561 0.7387526765117113
0.6832799373712601 0.7387526765117113
0.6549971090884319 0.7427930805521153
0.659037513128836 0.7427930805521153
0.66307791716924 0.7427930805521153
0.667118321209644 0.7427930805521153
0.671158725250048 0.7427930805521153
0.675199129290452 0.7427930805521153
0.6792395333308561 0.7427930805521153
0.6509567050480278 0.7468334845925194
0.6549971090884319 0.7468334845925194
0.659037513128836 0.7468334845925194
0.66307791716924 0.7468334845925194
0.667118321209644 0.7468334845925194
0.671158725250048 0.7468334845925194
0.675199129290452 0.7468334845925194
0.6469163010076238 0.7508738886329235
0.6509567050480278 0.7508738886329235
0.6549971090884319 0.7508738886329235
0.659037513128836 0.7508738886329235
0.66307791716924 0.7508738886329235
0.667118321209644 0.7508738886329235
0.671158725250048 0.7508738886329235
0.6428758969672197 0.7549142926733274
0.6469163010076238 0.7549142926733274
0.6509567050480278 0.7549142926733274
0.6549971090884319 0.7549142926733274
0.659037513128836 0.7549142926733274
0.66307791716924 0.7549142926733274
0.667118321209644 0.7549142926733274
0.6388354929268157 0.7589546967137315
0.6428758969672197 0.7589546967137315
0.6469163010076238 0.7589546967137315
0.6509567050480278 0.7589546967137315
0.6549971090884319 0.7589546967137315
0.659037513128836 0.7589546967137315
0.66307791716924 0.7589546967137315
0.6347950888864117 0.7629951007541356
0.6388354929268157 0.7629951007541356
0.6428758969672197 0.7629951007541356
0.6469163010076238 0.7629951007541356
0.6509567050480278 0.7629951007541356
0.6549971090884319 0.7629951007541356
0.659037513128836 0.7629951007541356
0.6267142808056037 0.7670355047945396
0.6307546848460077 0.7670355047945396
0.6347950888864117 0.7670355047945396
0.6388354929268157 0.7670355047945396
0.6428758969672197 0.7670355047945396
0.6469163010076238 0.7670355047945396
0.6509567050480278 0.7670355047945396
0.6549971090884319 0.7670355047945396
0.6226738767651996 0.7710759088349436
0.6267142808056037 0.7710759088349436
0.6307546848460077 0.7710759088349436
0.6347950888864117 0.7710759088349436
0.6388354929268157 0.7710759088349436
0.6428758969672197 0.7710759088349436
0.6469163010076238 0.7710759088349436
0.6186334727247955 0.7751163128753477
0.6226738767651996 0.7751163128753477
0.6267142808056037 0.7751163128753477
0.6307546848460077 0.7751163128753477
0.6347950888864117 0.7751163128753477
0.6388354929268157 0.7751163128753477
0.6428758969672197 0.7751163128753477
0.6145930686843915 0.7791567169157517
0.6186334727247955 0.7791567169157517
0.6226738767651996 0.7791567169157517
0.6267142808056037 0.7791567169157517
0.6307546848460077 0.7791567169157517
0.6347950888864117 0.7791567169157517
0.6388354929268157 0.7791567169157517
0.6065122606035833 0.7831971209561558
0.6105526646439874 0.7831971209561558
0.6145930686843915 0.7831971209561558
0.6186334727247955 0.7831971209561558
0.6226738767651996 0.7831971209561558
0.6267142808056037 0.7831971209561558
0.6307546848460077 0.7831971209561558
0.6347950888864117 0.7831971209561558
0.6024718565631794 0.7872375249965597
0.6065122606035833 0.7872375249965597
0.6105526646439874 0.7872375249965597
0.6145930686843915 0.7872375249965597
0.6186334727247955 0.7872375249965597
0.6226738767651996 0.7872375249965597
0.6267142808056037 0.7872375249965597
0.6307546848460077 0.7872375249965597
0.5984314525227753 0.7912779290369638
0.6024718565631794 0.7912779290369638
0.6065122606035833 0.7912779290369638
0.6105526646439874 0.7912779290369638
0.6145930686843915 0.7912779290369638
0.6186334727247955 0.7912779290369638
0.6226738767651996 0.7912779290369638
0.5903506444419673 0.7953183330773679
0.5943910484823713 0.7953183330773679
0.5984314525227753 0.7953183330773679
0.6024718565631794 0.7953183330773679
0.6065122606035833 0.7953183330773679
0.6105526646439874 0.7953183330773679
0.6145930686843915 0.7953183330773679
0.6186334727247955 0.7953183330773679
0.5863102404015632 0.799358737117772
0.5903506444419673 0.799358737117772
0.5943910484823713 0.799358737117772
0.5984314525227753 0.799358737117772
0.6024718565631794 0.799358737117772
0.6065122606035833 0.799358737117772
0.6105526646439874 0.799358737117772
0.6145930686843915 0.799358737117772
0.5822698363611591 0.803399141158176
0.5863102404015632 0.803399141158176
0.5903506444419673 0.803399141158176
0.5943910484823713 0.803399141158176
0.5984314525227753 0.803399141158176
0.6024718565631794 0.803399141158176
0.6065122606035833 0.803399141158176
0.6105526646439874 0.803399141158176
0.574189028280351 0.80743954519858
0.5782294323207551 0.80743954519858
0.5822698363611591 0.80743954519858
0.5863102404015632 0.80743954519858
0.5903506444419673 0.80743954519858
0.5943910484823713 0.80743954519858
0.5984314525227753 0.80743954519858
0.6024718565631794 0.80743954519858
0.570148624239947 0.811479949238984
0.574189028280351 0.811479949238984
0.5782294323207551 0.811479949238984
0.5822698363611591 0.811479949238984
0.5863102404015632 0.811479949238984
0.5903506444419673 0.811479949238984
0.5943910484823713 0.811479949238984
0.5984314525227753 0.811479949238984
0.562067816159139 0.8155203532793881
0.566108220199543 0.8155203532793881
0.570148624239947 0.8155203532793881
0.574189028280351 0.8155203532793881
0.5782294323207551 0.8155203532793881
0.5822698363611591 0.8155203532793881
0.5863102404015632 0.8155203532793881
0.5903506444419673 0.8155203532793881
0.558027412118735 0.819560757319792
0.562067816159139 0.819560757319792
0.566108220199543 0.819560757319792
0.570148624239947 0.819560757319792
0.574189028280351 0.819560757319792
0.5782294323207551 0.819560757319792
0.5822698363611591 0.819560757319792
0.5863102404015632 0.819560757319792
0.5499466040379268 0.8236011613601961
0.5539870080783309 0.8236011613601961
0.558027412118735 0.8236011613601961
0.562067816159139 0.8236011613601961
0.566108220199543 0.8236011613601961
0.570148624239947 0.8236011613601961
0.574189028280351 0.8236011613601961
0.5782294323207551 0.8236011613601961
0.5822698363611591 0.8236011613601961
0.5459061999975228 0.8276415654006002
0.5499466040379268 0.8276415654006002
0.5539870080783309 0.8276415654006002
0.558027412118735 0.8276415654006002
0.562067816159139 0.8276415654006002
0.566108220199543 0.8276415654006002
0.570148624239947 0.8276415654006002
0.574189028280351 0.8276415654006002
0.5378253919167147 0.8316819694410043
0.5418657959571187 0.8316819694410043
0.5459061999975228 0.8316819694410043
0.5499466040379268 0.8316819694410043
0.5539870080783309 0.8316819694410043
0.558027412118735 0.8316819694410043
0.562067816159139 0.8316819694410043
0.566108220199543 0.8316819694410043
0.570148624239947 0.8316819694410043
0.5337849878763107 0.8357223734814083
0.5378253919167147 0.8357223734814083
0.5418657959571187 0.8357223734814083
0.5459061999975228 0.8357223734814083
0.5499466040379268 0.8357223734814083
0.5539870080783309 0.8357223734814083
0.558027412118735 0.8357223734814083
0.562067816159139 0.8357223734814083
0.5257041797955027 0.8397627775218124
0.5297445838359066 0.8397627775218124
0.5337849878763107 0.8397627775218124
0.5378253919167147 0.8397627775218124
0.5418657959571187 0.8397627775218124
0.5459061999975228 0.8397627775218124
0.5499466040379268 0.8397627775218124
0.5539870080783309 0.8397627775218124
0.558027412118735 0.8397627775218124
0.5216637757550986 0.8438031815622163
0.5257041797955027 0.8438031815622163
0.5297445838359066 0.8438031815622163
0.5337849878763107 0.8438031815622163
0.5378253919167147 0.8438031815622163
0.5418657959571187 0.8438031815622163
0.5459061999975228 0.8438031815622163
0.5499466040379268 0.8438031815622163
0.5135829676742905 0.8478435856026204
0.5176233717146945 0.8478435856026204
0.5216637757550986 0.8478435856026204
0.5257041797955027 0.8478435856026204
0.5297445838359066 0.8478435856026204
0.5337849878763107 0.8478435856026204
0.5378253919167147 0.8478435856026204
0.5418657959571187 0.8478435856026204
0.5459061999975228 0.8478435856026204
0.5055021595934823 0.8518839896430245
0.5095425636338864 0.8518839896430245
0.5135829676742905 0.8518839896430245
0.5176233717146945 0.8518839896430245
0.5216637757550986 0.8518839896430245
0.5257041797955027 0.8518839896430245
0.5297445838359066 0.8518839896430245
0.5337849878763107 0.8518839896430245
0.5378253919167147 0.8518839896430245
0.5014617555530784 0.8559243936834284
0.5055021595934823 0.8559243936834284
0.5095425636338864 0.8559243936834284
0.5135829676742905 0.8559243936834284
0.5176233717146945 0.8559243936834284
0.5216637757550986 0.8559243936834284
0.5257041797955027 0.8559243936834284
0.5297445838359066 0.8559243936834284
0.5337849878763107 0.8559243936834284
0.49338094747227024 0.8599647977238325
0.4974213515126743 0.8599647977238325
0.5014617555530784 0.8599647977238325
0.5055021595934823 0.8599647977238325
0.5095425636338864 0.8599647977238325
0.5135829676742905 0.8599647977238325
0.5176233717146945 0.8599647977238325
0.5216637757550986 0.8599647977238325
0.5257041797955027 0.8599647977238325
0.4853001393914622 0.8640052017642366
0.4893405434318662 0.8640052017642366
0.49338094747227024 0.8640052017642366
0.4974213515126743 0.8640052017642366
0.5014617555530784 0.8640052017642366
0.5055021595934823 0.8640052017642366
0.5095425636338864 0.8640052017642366
0.5135829676742905 0.8640052017642366
0.5176233717146945 0.8640052017642366
0.4772193313106541 0.8680456058046406
0.48125973535105815 0.8680456058046406
0.4853001393914622 0.8680456058046406
0.4893405434318662 0.8680456058046406
0.49338094747227024 0.8680456058046406
0.4974213515126743 0.8680456058046406
0.5014617555530784 0.8680456058046406
0.5055021595934823 0.8680456058046406
0.5095425636338864 0.8680456058046406
0.5135829676742905 0.8680456058046406
0.46913852322984606 0.8720860098450447
0.47317892727025007 0.8720860098450447
0.4772193313106541 0.8720860098450447
0.48125973535105815 0.8720860098450447
0.4853001393914622 0.8720860098450447
0.4893405434318662 0.8720860098450447
0.49338094747227024 0.8720860098450447
0.4974213515126743 0.8720860098450447
0.5014617555530784 0.8720860098450447
0.5055021595934823 0.8720860098450447
0.4610577151490379 0.8761264138854487
0.465098119189442 0.8761264138854487
0.46913852322984606 0.8761264138854487
0.47317892727025007 0.8761264138854487
0.4772193313106541 0.8761264138854487
0.48125973535105815 0.8761264138854487
0.4853001393914622 0.8761264138854487
0.4893405434318662 0.8761264138854487
0.49338094747227024 0.8761264138854487
0.4974213515126743 0.8761264138854487
0.45701731110863386 0.8801668179258527
0.4610577151490379 0.8801668179258527
0.465098119189442 0.8801668179258527
0.46913852322984606 0.8801668179258527
0.47317892727025007 0.8801668179258527
0.4772193313106541 0.8801668179258527
0.48125973535105815 0.8801668179258527
0.4853001393914622 0.8801668179258527
0.4893405434318662 0.8801668179258527
0.49338094747227024 0.8801668179258527
0.44893650302782584 0.8842072219662568
0.45297690706822985 0.8842072219662568
0.45701731110863386 0.8842072219662568
0.4610577151490379 0.8842072219662568
0.465098119189442 0.8842072219662568
0.46913852322984606 0.8842072219662568
0.47317892727025007 0.8842072219662568
0.4772193313106541 0.8842072219662568
0.48125973535105815 0.8842072219662568
0.4853001393914622 0.8842072219662568
0.4408556949470177 0.8882476260066607
0.4448960989874218 0.8882476260066607
0.44893650302782584 0.8882476260066607
0.45297690706822985 0.8882476260066607
0.45701731110863386 0.8882476260066607
0.4610577151490379 0.8882476260066607
0.465098119189442 0.8882476260066607
0.46913852322984606 0.8882476260066607
0.47317892727025007 0.8882476260066607
0.4772193313106541 0.8882476260066607
0.4327748868662097 0.8922880300470648
0.4368152909066137 0.8922880300470648
0.4408556949470177 0.8922880300470648
0.4448960989874218 0.8922880300470648
0.44893650302782584 0.8922880300470648
0.45297690706822985 0.8922880300470648
0.45701731110863386 0.8922880300470648
0.4610577151490379 0.8922880300470648
0.465098119189442 0.8922880300470648
0.46913852322984606 0.8922880300470648
0.42065367474499754 0.8963284340874689
0.42469407878540155 0.8963284340874689
0.4287344828258056 0.8963284340874689
0.4327748868662097 0.8963284340874689
0.4368152909066137 0.8963284340874689
0.4408556949470177 0.8963284340874689
0.4448960989874218 0.8963284340874689
0.44893650302782584 0.8963284340874689
0.45297690706822985 0.8963284340874689
0.45701731110863386 0.8963284340874689
0.4610577151490379 0.8963284340874689
0.41257286666418946 0.9003688381278729
0.41661327070459353 0.9003688381278729
0.42065367474499754 0.9003688381278729
0.42469407878540155 0.9003688381278729
0.4287344828258056 0.9003688381278729
0.4327748868662097 0.9003688381278729
0.4368152909066137 0.9003688381278729
0.4408556949470177 0.9003688381278729
0.4448960989874218 0.9003688381278729
0.44893650302782584 0.9003688381278729
0.45297690706822985 0.9003688381278729
0.4044920585833814 0.904409242168277
0.4085324626237854 0.904409242168277
0.41257286666418946 0.904409242168277
0.41661327070459353 0.904409242168277
0.42065367474499754 0.904409242168277
0.42469407878540155 0.904409242168277
0.4287344828258056 0.904409242168277
0.4327748868662097 0.904409242168277
0.4368152909066137 0.904409242168277
0.4408556949470177 0.904409242168277
0.4448960989874218 0.904409242168277
0.3964112505025733 0.9084496462086811
0.4004516545429773 0.9084496462086811
0.4044920585833814 0.9084496462086811
0.4085324626237854 0.9084496462086811
0.41257286666418946 0.9084496462086811
0.41661327070459353 0.9084496462086811
0.42065367474499754 0.9084496462086811
0.42469407878540155 0.9084496462086811
0.4287344828258056 0.9084496462086811
0.4327748868662097 0.9084496462086811
0.4368152909066137 0.9084496462086811
0.38833044242176523 0.912490050249085
0.39237084646216924 0.912490050249085
0.3964112505025733 0.912490050249085
0.4004516545429773 0.912490050249085
0.4044920585833814 0.912490050249085
0.4085324626237854 0.912490050249085
0.41257286666418946 0.912490050249085
0.41661327070459353 0.912490050249085
0.42065367474499754 0.912490050249085
0.42469407878540155 0.912490050249085
0.4287344828258056 0.912490050249085
0.3762092303005531 0.9165304542894891
0.38024963434095715 0.9165304542894891
0.38429003838136117 0.9165304542894891
0.38833044242176523 0.9165304542894891
0.39237084646216924 0.9165304542894891
0.3964112505025733 0.9165304542894891
0.4004516545429773 0.9165304542894891
0.4044920585833814 0.9165304542894891
0.4085324626237854 0.9165304542894891
0.41257286666418946 0.9165304542894891
0.41661327070459353 0.9165304542894891
0.42065367474499754 0.9165304542894891
0.368128422219745 0.920570858329893
0.372168826260149 0.920570858329893
0.3762092303005531 0.920570858329893
0.38024963434095715 0.920570858329893
0.38429003838136117 0.920570858329893
0.38833044242176523 0.920570858329893
0.39237084646216924 0.920570858329893
0.3964112505025733 0.920570858329893
0.4004516545429773 0.920570858329893
0.4044920585833814 0.920570858329893
0.4085324626237854 0.920570858329893
0.41257286666418946 0.920570858329893
0.35600721009853287 0.9246112623702971
0.36004761413893693 0.9246112623702971
0.364088018179341 0.9246112623702971
0.368128422219745 0.9246112623702971
0.372168826260149 0.9246112623702971
0.3762092303005531 0.9246112623702971
0.38024963434095715 0.9246112623702971
0.38429003838136117 0.9246112623702971
0.38833044242176523 0.9246112623702971
0.39237084646216924 0.9246112623702971
0.3964112505025733 0.9246112623702971
0.4004516545429773 0.9246112623702971
0.3438859979773208 0.9286516664107012
0.34792640201772485 0.9286516664107012
0.35196680605812886 0.9286516664107012
0.35600721009853287 0.9286516664107012
0.36004761413893693 0.9286516664107012
0.364088018179341 0.9286516664107012
0.368128422219745 0.9286516664107012
0.372168826260149 0.9286516664107012
0.3762092303005531 0.9286516664107012
0.38024963434095715 0.9286516664107012
0.38429003838136117 0.9286516664107012
0.38833044242176523 0.9286516664107012
0.39237084646216924 0.9286516664107012
0.3358051898965127 0.9326920704511052
0.3398455939369167 0.9326920704511052
0.3438859979773208 0.9326920704511052
0.34792640201772485 0.9326920704511052
0.35196680605812886 0.9326920704511052
0.35600721009853287 0.9326920704511052
0.36004761413893693 0.9326920704511052
0.364088018179341 0.9326920704511052
0.368128422219745 0.9326920704511052
0.372168826260149 0.9326920704511052
0.3762092303005531 0.9326920704511052
0.38024963434095715 0.9326920704511052
0.38429003838136117 0.9326920704511052
0.32368397777530056 0.9367324744915093
0.3277243818157046 0.9367324744915093
0.33176478585610863 0.9367324744915093
0.3358051898965127 0.9367324744915093
0.3398455939369167 0.9367324744915093
0.3438859979773208 0.9367324744915093
0.34792640201772485 0.9367324744915093
0.35196680605812886 0.9367324744915093
0.35600721009853287 0.9367324744915093
0.36004761413893693 0.9367324744915093
0.364088018179341 0.9367324744915093
0.368128422219745 0.9367324744915093
0.372168826260149 0.9367324744915093
0.31156276565408847 0.9407728785319134
0.3156031696944925 0.9407728785319134
0.3196435737348965 0.9407728785319134
0.32368397777530056 0.9407728785319134
0.3277243818157046 0.9407728785319134
0.33176478585610863 0.9407728785319134
0.3358051898965127 0.9407728785319134
0.3398455939369167 0.9407728785319134
0.3438859979773208 0.9407728785319134
0.34792640201772485 0.9407728785319134
0.35196680605812886 0.9407728785319134
0.35600721009853287 0.9407728785319134
0.36004761413893693 0.9407728785319134
0.364088018179341 0.9407728785319134
0.2994415535328763 0.9448132825723174
0.30348195757328034 0.9448132825723174
0.3075223616136844 0.9448132825723174
0.31156276565408847 0.9448132825723174
0.3156031696944925 0.9448132825723174
0.3196435737348965 0.9448132825723174
0.32368397777530056 0.9448132825723174
0.3277243818157046 0.9448132825723174
0.33176478585610863 0.9448132825723174
0.3358051898965127 0.9448132825723174
0.3398455939369167 0.9448132825723174
0.3438859979773208 0.9448132825723174
0.34792640201772485 0.9448132825723174
0.35196680605812886 0.9448132825723174
0.2994415535328763 0.9488536866127214
0.30348195757328034 0.9488536866127214
0.3075223616136844 0.9488536866127214
0.31156276565408847 0.9488536866127214
0.3156031696944925 0.9488536866127214
0.3196435737348965 0.9488536866127214
0.32368397777530056 0.9488536866127214
0.3277243818157046 0.9488536866127214
0.33176478585610863 0.9488536866127214
0.3358051898965127 0.9488536866127214
0.3398455939369167 0.9488536866127214
0.2994415535328763 0.9528940906531255
0.30348195757328034 0.9528940906531255
0.3075223616136844 0.9528940906531255
0.31156276565408847 0.9528940906531255
0.3156031696944925 0.9528940906531255
0.3196435737348965 0.9528940906531255
0.32368397777530056 0.9528940906531255
0.3277243818157046 0.9528940906531255
0.33176478585610863 0.9528940906531255
0.2994415535328763 0.9569344946935294
0.30348195757328034 0.9569344946935294
0.3075223616136844 0.9569344946935294
0.31156276565408847 0.9569344946935294
0.3156031696944925 0.9569344946935294
0.3196435737348965 0.9569344946935294
0.2994415535328763 0.9609748987339335
0.30348195757328034 0.9609748987339335
0.3075223616136844 0.9609748987339335
