# x y
0.6999438522448318 0.710469848228883
0.6959034482044277 0.7145102522692871
0.6999438522448318 0.7145102522692871
0.6918630441640238 0.7185506563096911
0.6959034482044277 0.7185506563096911
0.6878226401236197 0.7225910603500951
0.6918630441640238 0.7225910603500951
0.6837822360832156 0.7266314643904992
0.6878226401236197 0.7266314643904992
0.6797418320428117 0.7306718684309033
0.6837822360832156 0.7306718684309033
0.6757014280024076 0.7347122724713073
0.6797418320428117 0.7347122724713073
0.6716610239620036 0.7387526765117113
0.6757014280024076 0.7387526765117113
0.6676206199215995 0.7427930805521153
0.6716610239620036 0.7427930805521153
0.6635802158811954 0.7468334845925194
0.6676206199215995 0.7468334845925194
0.6595398118407914 0.7508738886329235
0.6635802158811954 0.7508738886329235
0.6514590037599833 0.7549142926733274
0.6554994078003874 0.7549142926733274
0.6595398118407914 0.7549142926733274
0.6474185997195794 0.7589546967137315
0.6514590037599833 0.7589546967137315
0.6554994078003874 0.7589546967137315
0.6433781956791753 0.7629951007541356
0.6474185997195794 0.7629951007541356
0.6393377916387712 0.7670355047945396
0.6433781956791753 0.7670355047945396
0.6352973875983672 0.7710759088349436
0.6393377916387712 0.7710759088349436
0.627216579517559 0.7751163128753477
0.6312569835579631 0.7751163128753477
0.6352973875983672 0.7751163128753477
0.623176175477155 0.7791567169157517
0.627216579517559 0.7791567169157517
0.6312569835579631 0.7791567169157517
0.619135771436751 0.7831971209561558
0.623176175477155 0.7831971209561558
0.615095367396347 0.7872375249965597
0.619135771436751 0.7872375249965597
0.6070145593155389 0.7912779290369638
0.611054963355943 0.7912779290369638
0.615095367396347 0.7912779290369638
0.6029741552751349 0.7953183330773679
0.6070145593155389 0.7953183330773679
0.611054963355943 0.7953183330773679
0.5989337512347308 0.799358737117772
0.6029741552751349 0.799358737117772
0.5908529431539227 0.803399141158176
0.5948933471943267 0.803399141158176
0.5989337512347308 0.803399141158176
0.5868125391135187 0.80743954519858
0.5908529431539227 0.80743954519858
0.5948933471943267 0.80743954519858
0.5827721350731146 0.811479949238984
0.5868125391135187 0.811479949238984
0.5746913269923066 0.8155203532793881
0.5787317310327107 0.8155203532793881
0.5827721350731146 0.8155203532793881
0.5706509229519026 0.819560757319792
0.5746913269923066 0.819560757319792
0.5625701148710944 0.8236011613601961
0.5666105189114985 0.8236011613601961
0.5706509229519026 0.8236011613601961
0.5585297108306904 0.8276415654006002
0.5625701148710944 0.8276415654006002
0.5504489027498823 0.8316819694410043
0.5544893067902863 0.8316819694410043
0.5585297108306904 0.8316819694410043
0.5464084987094783 0.8357223734814083
0.5504489027498823 0.8357223734814083
0.5544893067902863 0.8357223734814083
0.5383276906286703 0.8397627775218124
0.5423680946690743 0.8397627775218124
0.5464084987094783 0.8397627775218124
0.5342872865882662 0.8438031815622163
0.5383276906286703 0.8438031815622163
0.526206478507458 0.8478435856026204
0.5302468825478621 0.8478435856026204
0.5342872865882662 0.8478435856026204
0.51812567042665 0.8518839896430245
0.522166074467054 0.8518839896430245
0.526206478507458 0.8518839896430245
0.514085266386246 0.8559243936834284
0.51812567042665 0.8559243936834284
0.522166074467054 0.8559243936834284
0.5060044583054379 0.8599647977238325
0.5100448623458419 0.8599647977238325
0.514085266386246 0.8599647977238325
0.4979236502246298 0.8640052017642366
0.5019640542650339 0.8640052017642366
0.5060044583054379 0.8640052017642366
0.49388324618422574 0.8680456058046406
0.4979236502246298 0.8680456058046406
0.5019640542650339 0.8680456058046406
0.4858024381034177 0.8720860098450447
0.48984284214382173 0.8720860098450447
0.49388324618422574 0.8720860098450447
0.4777216300226096 0.8761264138854487
0.48176203406301366 0.8761264138854487
0.4858024381034177 0.8761264138854487
0.46964082194180157 0.8801668179258527
0.4736812259822056 0.8801668179258527
0.4777216300226096 0.8801668179258527
0.46156001386099343 0.8842072219662568
0.4656004179013975 0.8842072219662568
0.46964082194180157 0.8842072219662568
0.45347920578018536 0.8882476260066607
0.45751960982058937 0.8882476260066607
0.46156001386099343 0.8882476260066607
0.4656004179013975 0.8882476260066607
0.4453983976993773 0.8922880300470648
0.44943880173978135 0.8922880300470648
0.45347920578018536 0.8922880300470648
0.45751960982058937 0.8922880300470648
0.4373175896185692 0.8963284340874689
0.4413579936589732 0.8963284340874689
0.4453983976993773 0.8963284340874689
0.44943880173978135 0.8963284340874689
0.4292367815377611 0.9003688381278729
0.4332771855781652 0.9003688381278729
0.4373175896185692 0.9003688381278729
0.4413579936589732 0.9003688381278729
0.42115597345695305 0.904409242168277
0.42519637749735706 0.904409242168277
0.4292367815377611 0.904409242168277
0.4332771855781652 0.904409242168277
0.41307516537614497 0.9084496462086811
0.41711556941654904 0.9084496462086811
0.42115597345695305 0.9084496462086811
0.4049943572953369 0.912490050249085
0.4090347613357409 0.912490050249085
0.41307516537614497 0.912490050249085
0.39287314517412475 0.9165304542894891
0.3969135492145288 0.9165304542894891
0.4009539532549328 0.9165304542894891
0.4049943572953369 0.9165304542894891
0.38479233709331667 0.920570858329893
0.38883274113372074 0.920570858329893
0.39287314517412475 0.920570858329893
0.3969135492145288 0.920570858329893
0.3767115290125086 0.9246112623702971
0.38075193305291266 0.9246112623702971
0.38479233709331667 0.9246112623702971
0.3645903168912965 0.9286516664107012
0.3686307209317005 0.9286516664107012
0.37267112497210453 0.9286516664107012
0.3767115290125086 0.9286516664107012
0.35246910477008436 0.9326920704511052
0.3565095088104884 0.9326920704511052
0.36054991285089244 0.9326920704511052
0.3645903168912965 0.9326920704511052
0.3686307209317005 0.9326920704511052
0.3443882966892763 0.9367324744915093
0.34842870072968035 0.9367324744915093
0.35246910477008436 0.9367324744915093
0.3565095088104884 0.9367324744915093
0.33226708456806414 0.9407728785319134
0.3363074886084682 0.9407728785319134
0.3403478926488722 0.9407728785319134
0.3443882966892763 0.9407728785319134
0.320145872446852 0.9448132825723174
0.32418627648725606 0.9448132825723174
0.32822668052766013 0.9448132825723174
0.33226708456806414 0.9448132825723174
0.3363074886084682 0.9448132825723174
0.3080246603256399 0.9488536866127214
0.312065064366044 0.9488536866127214
0.316105468406448 0.9488536866127214
0.320145872446852 0.9488536866127214
0.32418627648725606 0.9488536866127214
0.29994385224483183 0.9528940906531255
0.30398425628523584 0.9528940906531255
0.3080246603256399 0.9528940906531255
0.312065064366044 0.9528940906531255
0.29994385224483183 0.9569344946935294
