# x y
0.6999214010410384 0.710469848228883
0.6958809970006343 0.7145102522692871
0.6999214010410384 0.7145102522692871
0.6918405929602303 0.7185506563096911
0.6958809970006343 0.7185506563096911
0.6999214010410384 0.7185506563096911
0.6878001889198262 0.7225910603500951
0.6918405929602303 0.7225910603500951
0.6958809970006343 0.7225910603500951
0.6837597848794221 0.7266314643904992
0.6878001889198262 0.7266314643904992
0.6918405929602303 0.7266314643904992
0.6797193808390181 0.7306718684309033
0.6837597848794221 0.7306718684309033
0.675678976798614 0.7347122724713073
0.6797193808390181 0.7347122724713073
0.67163857275821 0.7387526765117113
0.675678976798614 0.7387526765117113
0.667598168717806 0.7427930805521153
0.67163857275821 0.7427930805521153
0.663557764677402 0.7468334845925194
0.667598168717806 0.7468334845925194
0.6554769565965939 0.7508738886329235
0.659517360636998 0.7508738886329235
0.663557764677402 0.7508738886329235
0.6514365525561898 0.7549142926733274
0.6554769565965939 0.7549142926733274
0.659517360636998 0.7549142926733274
0.6473961485157858 0.7589546967137315
0.6514365525561898 0.7589546967137315
0.6554769565965939 0.7589546967137315
0.6433557444753817 0.7629951007541356
0.6473961485157858 0.7629951007541356
0.6514365525561898 0.7629951007541356
0.6393153404349777 0.7670355047945396
0.6433557444753817 0.7670355047945396
0.6312345323541697 0.7710759088349436
0.6352749363945737 0.7710759088349436
0.6393153404349777 0.7710759088349436
0.6271941283137656 0.7751163128753477
0.6312345323541697 0.7751163128753477
0.6352749363945737 0.7751163128753477
0.6231537242733616 0.7791567169157517
0.6271941283137656 0.7791567169157517
0.6312345323541697 0.7791567169157517
0.6191133202329575 0.7831971209561558
0.6231537242733616 0.7831971209561558
0.6271941283137656 0.7831971209561558
0.6110325121521494 0.7872375249965597
0.6150729161925534 0.7872375249965597
0.6191133202329575 0.7872375249965597
0.6069921081117453 0.7912779290369638
0.6110325121521494 0.7912779290369638
0.6150729161925534 0.7912779290369638
0.6029517040713414 0.7953183330773679
0.6069921081117453 0.7953183330773679
0.6110325121521494 0.7953183330773679
0.5948708959905333 0.799358737117772
0.5989113000309373 0.799358737117772
0.6029517040713414 0.799358737117772
0.5908304919501293 0.803399141158176
0.5948708959905333 0.803399141158176
0.5989113000309373 0.803399141158176
0.5867900879097252 0.80743954519858
0.5908304919501293 0.80743954519858
0.5948708959905333 0.80743954519858
0.5787092798289171 0.811479949238984
0.5827496838693211 0.811479949238984
0.5867900879097252 0.811479949238984
0.574668875788513 0.8155203532793881
0.5787092798289171 0.8155203532793881
0.5827496838693211 0.8155203532793881
0.566588067707705 0.819560757319792
0.570628471748109 0.819560757319792
0.574668875788513 0.819560757319792
0.5787092798289171 0.819560757319792
0.562547663667301 0.8236011613601961
0.566588067707705 0.8236011613601961
0.570628471748109 0.8236011613601961
0.558507259626897 0.8276415654006002
0.562547663667301 0.8276415654006002
0.566588067707705 0.8276415654006002
0.5504264515460888 0.8316819694410043
0.5544668555864929 0.8316819694410043
0.558507259626897 0.8316819694410043
0.5463860475056848 0.8357223734814083
0.5504264515460888 0.8357223734814083
0.5544668555864929 0.8357223734814083
0.5383052394248767 0.8397627775218124
0.5423456434652807 0.8397627775218124
0.5463860475056848 0.8397627775218124
0.5302244313440686 0.8438031815622163
0.5342648353844727 0.8438031815622163
0.5383052394248767 0.8438031815622163
0.5423456434652807 0.8438031815622163
0.5261840273036646 0.8478435856026204
0.5302244313440686 0.8478435856026204
0.5342648353844727 0.8478435856026204
0.5181032192228565 0.8518839896430245
0.5221436232632606 0.8518839896430245
0.5261840273036646 0.8518839896430245
0.5302244313440686 0.8518839896430245
0.5100224111420484 0.8559243936834284
0.5140628151824524 0.8559243936834284
0.5181032192228565 0.8559243936834284
0.5221436232632606 0.8559243936834284
0.5059820071016443 0.8599647977238325
0.5100224111420484 0.8599647977238325
0.5140628151824524 0.8599647977238325
0.4979011990208363 0.8640052017642366
0.5019416030612404 0.8640052017642366
0.5059820071016443 0.8640052017642366
0.5100224111420484 0.8640052017642366
0.4898203909400282 0.8680456058046406
0.4938607949804322 0.8680456058046406
0.4979011990208363 0.8680456058046406
0.5019416030612404 0.8680456058046406
0.4857799868996242 0.8720860098450447
0.4898203909400282 0.8720860098450447
0.4938607949804322 0.8720860098450447
0.4776991788188161 0.8761264138854487
0.48173958285922014 0.8761264138854487
0.4857799868996242 0.8761264138854487
0.46961837073800805 0.8801668179258527
0.47365877477841206 0.8801668179258527
0.4776991788188161 0.8801668179258527
0.48173958285922014 0.8801668179258527
0.4615375626571999 0.8842072219662568
0.465577966697604 0.8842072219662568
0.46961837073800805 0.8842072219662568
0.47365877477841206 0.8842072219662568
0.45345675457639184 0.8882476260066607
0.45749715861679585 0.8882476260066607
0.4615375626571999 0.8882476260066607
0.465577966697604 0.8882476260066607
0.44537594649558376 0.8922880300470648
0.44941635053598783 0.8922880300470648
0.45345675457639184 0.8922880300470648
0.45749715861679585 0.8922880300470648
0.4372951384147757 0.8963284340874689
0.4413355424551797 0.8963284340874689
0.44537594649558376 0.8963284340874689
0.44941635053598783 0.8963284340874689
0.4292143303339676 0.9003688381278729
0.4332547343743717 0.9003688381278729
0.4372951384147757 0.9003688381278729
0.4413355424551797 0.9003688381278729
0.42113352225315953 0.904409242168277
0.42517392629356354 0.904409242168277
0.4292143303339676 0.904409242168277
0.4332547343743717 0.904409242168277
0.41305271417235145 0.9084496462086811
0.4170931182127555 0.9084496462086811
0.42113352225315953 0.9084496462086811
0.42517392629356354 0.9084496462086811
0.4009315020511393 0.912490050249085
0.4049719060915434 0.912490050249085
0.4090123101319474 0.912490050249085
0.41305271417235145 0.912490050249085
0.4170931182127555 0.912490050249085
0.39285069397033123 0.9165304542894891
0.3968910980107353 0.9165304542894891
0.4009315020511393 0.9165304542894891
0.4049719060915434 0.9165304542894891
0.38476988588952316 0.920570858329893
0.3888102899299272 0.920570858329893
0.39285069397033123 0.920570858329893
0.3968910980107353 0.920570858329893
0.372648673768311 0.9246112623702971
0.3766890778087151 0.9246112623702971
0.38072948184911914 0.9246112623702971
0.38476988588952316 0.9246112623702971
0.3888102899299272 0.9246112623702971
0.364567865687503 0.9286516664107012
0.368608269727907 0.9286516664107012
0.372648673768311 0.9286516664107012
0.3766890778087151 0.9286516664107012
0.35244665356629085 0.9326920704511052
0.35648705760669486 0.9326920704511052
0.3605274616470989 0.9326920704511052
0.364567865687503 0.9326920704511052
0.368608269727907 0.9326920704511052
0.3403254414450787 0.9367324744915093
0.34436584548548277 0.9367324744915093
0.34840624952588684 0.9367324744915093
0.35244665356629085 0.9367324744915093
0.35648705760669486 0.9367324744915093
0.3322446333642706 0.9407728785319134
0.3362850374046747 0.9407728785319134
0.3403254414450787 0.9407728785319134
0.34436584548548277 0.9407728785319134
0.34840624952588684 0.9407728785319134
0.3201234212430585 0.9448132825723174
0.32416382528346255 0.9448132825723174
0.3282042293238666 0.9448132825723174
0.3322446333642706 0.9448132825723174
0.3362850374046747 0.9448132825723174
0.3080022091218464 0.9488536866127214
0.31204261316225046 0.9488536866127214
0.31608301720265447 0.9488536866127214
0.3201234212430585 0.9488536866127214
0.32416382528346255 0.9488536866127214
0.2999214010410383 0.9528940906531255
0.3039618050814423 0.9528940906531255
0.3080022091218464 0.9528940906531255
0.31204261316225046 0.9528940906531255
0.2999214010410383 0.9569344946935294
