# x y
0.6353106923289245 0.7872375249965597
0.6151086721269041 0.803399141158176
0.594906651924884 0.8316819694410043
0.5221793791976113 0.8640052017642366
0.501977358995591 0.8801668179258527
0.46157331859155065 0.8963284340874689
0.4373308943491264 0.9084496462086811
0.4171288741471062 0.9246112623702971
0.36864402566225773 0.9407728785319134
0.3807652377834698 0.9407728785319134
0.40096725798549004 0.9448132825723174
0.3484420054602375 0.9488536866127214
0.36460362162185367 0.9609748987339335
0.3080379650561971 0.9811769189359537
