# x y
0.659549298501118 0.7629951007541356
0.6474280863799059 0.7751163128753477
0.6312664702182897 0.7872375249965597
0.6353068742586938 0.7872375249965597
0.6231856621374816 0.7953183330773679
0.6151048540566735 0.803399141158176
0.5949028338546534 0.8316819694410043
0.5019735409253604 0.8761264138854487
0.5019735409253604 0.8801668179258527
0.41712505607687556 0.9246112623702971
0.3686402075920271 0.9407728785319134
0.3807614197132392 0.9407728785319134
0.360559399511219 0.9488536866127214
0.364599803551623 0.9609748987339335
0.3080341469859665 0.9811769189359537
