# x y
0.6999740061493829 0.7145102522692871
0.6959336021089788 0.7185506563096911
0.6918931980685747 0.7225910603500951
0.6878527940281707 0.7266314643904992
0.6797719859473627 0.7306718684309033
0.6838123899877666 0.7306718684309033
0.6757315819069586 0.7347122724713073
0.6797719859473627 0.7347122724713073
0.6716911778665546 0.7387526765117113
0.6757315819069586 0.7387526765117113
0.6676507738261506 0.7427930805521153
0.6716911778665546 0.7427930805521153
0.6636103697857465 0.7468334845925194
0.6676507738261506 0.7468334845925194
0.6595699657453424 0.7508738886329235
0.6555295617049384 0.7549142926733274
0.6514891576645343 0.7589546967137315
0.6434083495837263 0.7629951007541356
0.6474487536241303 0.7629951007541356
0.6393679455433223 0.7670355047945396
0.6434083495837263 0.7670355047945396
0.6353275415029183 0.7710759088349436
0.6393679455433223 0.7710759088349436
0.6312871374625142 0.7751163128753477
0.6272467334221101 0.7791567169157517
0.619165925341302 0.7831971209561558
0.6232063293817061 0.7831971209561558
0.6151255213008979 0.7872375249965597
0.619165925341302 0.7872375249965597
0.611085117260494 0.7912779290369638
0.603004309179686 0.7953183330773679
0.6070447132200899 0.7953183330773679
0.5989639051392819 0.799358737117772
0.603004309179686 0.799358737117772
0.5949235010988778 0.803399141158176
0.5868426930180697 0.80743954519858
0.5908830970584737 0.80743954519858
0.5828022889776656 0.811479949238984
0.5868426930180697 0.811479949238984
0.5787618849372617 0.8155203532793881
0.5706810768564536 0.819560757319792
0.5747214808968576 0.819560757319792
0.5666406728160496 0.8236011613601961
0.5706810768564536 0.8236011613601961
0.5585598647352414 0.8276415654006002
0.5626002687756455 0.8276415654006002
0.5545194606948374 0.8316819694410043
0.5585598647352414 0.8316819694410043
0.5464386526140294 0.8357223734814083
0.5504790566544333 0.8357223734814083
0.5423982485736253 0.8397627775218124
0.5464386526140294 0.8397627775218124
0.5343174404928173 0.8438031815622163
0.5383578445332212 0.8438031815622163
0.5302770364524132 0.8478435856026204
0.5221962283716051 0.8518839896430245
0.5262366324120091 0.8518839896430245
0.5141154202907969 0.8559243936834284
0.518155824331201 0.8559243936834284
0.510075016250393 0.8599647977238325
0.5141154202907969 0.8599647977238325
0.5019942081695848 0.8640052017642366
0.5060346122099889 0.8640052017642366
0.4939134000887768 0.8680456058046406
0.49795380412918083 0.8680456058046406
0.4858325920079687 0.8720860098450447
0.48987299604837276 0.8720860098450447
0.47775178392716067 0.8761264138854487
0.4817921879675647 0.8761264138854487
0.4858325920079687 0.8761264138854487
0.4737113798867566 0.8801668179258527
0.47775178392716067 0.8801668179258527
0.4656305718059485 0.8842072219662568
0.46967097584635253 0.8842072219662568
0.45754976372514045 0.8882476260066607
0.46159016776554446 0.8882476260066607
0.4494689556443323 0.8922880300470648
0.4535093596847364 0.8922880300470648
0.4413881475635243 0.8963284340874689
0.4454285516039283 0.8963284340874689
0.43330733948271616 0.9003688381278729
0.4373477435231202 0.9003688381278729
0.42522653140190814 0.904409242168277
0.42926693544231215 0.904409242168277
0.413105319280696 0.9084496462086811
0.4171457233211 0.9084496462086811
0.42118612736150407 0.9084496462086811
0.4050245111998879 0.912490050249085
0.4090649152402919 0.912490050249085
0.413105319280696 0.912490050249085
0.39694370311907984 0.9165304542894891
0.40098410715948385 0.9165304542894891
0.4050245111998879 0.9165304542894891
0.38886289503827176 0.920570858329893
0.39290329907867577 0.920570858329893
0.3767416829170596 0.9246112623702971
0.38078208695746363 0.9246112623702971
0.3848224909978677 0.9246112623702971
0.36866087483625154 0.9286516664107012
0.3727012788766556 0.9286516664107012
0.35653966271503945 0.9326920704511052
0.36058006675544346 0.9326920704511052
0.3646204707958475 0.9326920704511052
0.3444184505938273 0.9367324744915093
0.3484588546342313 0.9367324744915093
0.3524992586746354 0.9367324744915093
0.33633764251301923 0.9407728785319134
0.34037804655342324 0.9407728785319134
0.3444184505938273 0.9407728785319134
0.3242164303918071 0.9448132825723174
0.32825683443221115 0.9448132825723174
0.33229723847261516 0.9448132825723174
0.31209521827059494 0.9488536866127214
0.316135622310999 0.9488536866127214
0.3201760263514031 0.9488536866127214
0.29997400614938285 0.9528940906531255
0.3040144101897869 0.9528940906531255
0.30805481423019093 0.9528940906531255
