# x y
0.6999472144038502 0.710469848228883
0.6959068103634461 0.7145102522692871
0.6999472144038502 0.7145102522692871
0.6918664063230422 0.7185506563096911
0.6959068103634461 0.7185506563096911
0.6878260022826381 0.7225910603500951
0.6918664063230422 0.7225910603500951
0.6837855982422341 0.7266314643904992
0.6878260022826381 0.7266314643904992
0.67974519420183 0.7306718684309033
0.6837855982422341 0.7306718684309033
0.6757047901614259 0.7347122724713073
0.67974519420183 0.7347122724713073
0.6716643861210219 0.7387526765117113
0.6757047901614259 0.7387526765117113
0.6676239820806178 0.7427930805521153
0.6716643861210219 0.7427930805521153
0.6635835780402138 0.7468334845925194
0.6676239820806178 0.7468334845925194
0.6595431739998098 0.7508738886329235
0.6635835780402138 0.7508738886329235
0.6514623659190018 0.7549142926733274
0.6555027699594058 0.7549142926733274
0.6595431739998098 0.7549142926733274
0.6474219618785977 0.7589546967137315
0.6514623659190018 0.7589546967137315
0.6555027699594058 0.7589546967137315
0.6433815578381936 0.7629951007541356
0.6474219618785977 0.7629951007541356
0.6393411537977896 0.7670355047945396
0.6433815578381936 0.7670355047945396
0.6353007497573855 0.7710759088349436
0.6393411537977896 0.7710759088349436
0.6272199416765775 0.7751163128753477
0.6312603457169815 0.7751163128753477
0.6353007497573855 0.7751163128753477
0.6231795376361734 0.7791567169157517
0.6272199416765775 0.7791567169157517
0.6312603457169815 0.7791567169157517
0.6191391335957694 0.7831971209561558
0.6231795376361734 0.7831971209561558
0.6150987295553654 0.7872375249965597
0.6191391335957694 0.7872375249965597
0.6070179214745572 0.7912779290369638
0.6110583255149613 0.7912779290369638
0.6150987295553654 0.7912779290369638
0.6029775174341532 0.7953183330773679
0.6070179214745572 0.7953183330773679
0.5989371133937491 0.799358737117772
0.6029775174341532 0.799358737117772
0.5908563053129411 0.803399141158176
0.5948967093533452 0.803399141158176
0.5989371133937491 0.803399141158176
0.5868159012725371 0.80743954519858
0.5908563053129411 0.80743954519858
0.5827754972321331 0.811479949238984
0.5868159012725371 0.811479949238984
0.5746946891513249 0.8155203532793881
0.578735093191729 0.8155203532793881
0.5827754972321331 0.8155203532793881
0.5706542851109209 0.819560757319792
0.5746946891513249 0.819560757319792
0.5625734770301128 0.8236011613601961
0.5666138810705168 0.8236011613601961
0.5706542851109209 0.8236011613601961
0.5585330729897088 0.8276415654006002
0.5625734770301128 0.8276415654006002
0.5504522649089008 0.8316819694410043
0.5544926689493047 0.8316819694410043
0.5585330729897088 0.8316819694410043
0.5464118608684967 0.8357223734814083
0.5504522649089008 0.8357223734814083
0.5383310527876886 0.8397627775218124
0.5423714568280926 0.8397627775218124
0.5464118608684967 0.8397627775218124
0.5342906487472845 0.8438031815622163
0.5383310527876886 0.8438031815622163
0.5262098406664765 0.8478435856026204
0.5302502447068805 0.8478435856026204
0.5342906487472845 0.8478435856026204
0.5181290325856683 0.8518839896430245
0.5221694366260724 0.8518839896430245
0.5262098406664765 0.8518839896430245
0.5140886285452644 0.8559243936834284
0.5181290325856683 0.8559243936834284
0.5221694366260724 0.8559243936834284
0.5060078204644562 0.8599647977238325
0.5100482245048603 0.8599647977238325
0.5140886285452644 0.8599647977238325
0.49792701238364817 0.8640052017642366
0.5019674164240522 0.8640052017642366
0.5060078204644562 0.8640052017642366
0.49388660834324416 0.8680456058046406
0.49792701238364817 0.8680456058046406
0.5019674164240522 0.8680456058046406
0.485805800262436 0.8720860098450447
0.4898462043028401 0.8720860098450447
0.49388660834324416 0.8720860098450447
0.477724992181628 0.8761264138854487
0.481765396222032 0.8761264138854487
0.485805800262436 0.8761264138854487
0.4696441841008199 0.8801668179258527
0.47368458814122394 0.8801668179258527
0.477724992181628 0.8801668179258527
0.4615633760200118 0.8842072219662568
0.46560378006041586 0.8842072219662568
0.4696441841008199 0.8842072219662568
0.4534825679392037 0.8882476260066607
0.4575229719796078 0.8882476260066607
0.4615633760200118 0.8882476260066607
0.46560378006041586 0.8882476260066607
0.44540175985839564 0.8922880300470648
0.44944216389879965 0.8922880300470648
0.4534825679392037 0.8922880300470648
0.4575229719796078 0.8922880300470648
0.43732095177758756 0.8963284340874689
0.44136135581799163 0.8963284340874689
0.44540175985839564 0.8963284340874689
0.44944216389879965 0.8963284340874689
0.4292401436967795 0.9003688381278729
0.4332805477371835 0.9003688381278729
0.43732095177758756 0.9003688381278729
0.44136135581799163 0.9003688381278729
0.4211593356159714 0.904409242168277
0.4251997396563755 0.904409242168277
0.4292401436967795 0.904409242168277
0.4332805477371835 0.904409242168277
0.41307852753516333 0.9084496462086811
0.41711893157556734 0.9084496462086811
0.4211593356159714 0.9084496462086811
0.40499771945435525 0.912490050249085
0.40903812349475926 0.912490050249085
0.41307852753516333 0.912490050249085
0.3928765073331431 0.9165304542894891
0.3969169113735472 0.9165304542894891
0.4009573154139512 0.9165304542894891
0.40499771945435525 0.9165304542894891
0.38479569925233503 0.920570858329893
0.3888361032927391 0.920570858329893
0.3928765073331431 0.920570858329893
0.3969169113735472 0.920570858329893
0.37671489117152696 0.9246112623702971
0.38075529521193097 0.9246112623702971
0.38479569925233503 0.9246112623702971
0.3645936790503148 0.9286516664107012
0.3686340830907189 0.9286516664107012
0.37267448713112294 0.9286516664107012
0.37671489117152696 0.9286516664107012
0.3524724669291027 0.9326920704511052
0.3565128709695068 0.9326920704511052
0.3605532750099108 0.9326920704511052
0.3645936790503148 0.9326920704511052
0.3686340830907189 0.9326920704511052
0.34439165884829465 0.9367324744915093
0.34843206288869866 0.9367324744915093
0.3524724669291027 0.9367324744915093
0.3565128709695068 0.9367324744915093
0.3322704467270825 0.9407728785319134
0.33631085076748657 0.9407728785319134
0.3403512548078906 0.9407728785319134
0.34439165884829465 0.9407728785319134
0.3201492346058704 0.9448132825723174
0.3241896386462744 0.9448132825723174
0.3282300426866785 0.9448132825723174
0.3322704467270825 0.9448132825723174
0.30802802248465827 0.9488536866127214
0.3120684265250623 0.9488536866127214
0.31610883056546635 0.9488536866127214
0.3201492346058704 0.9488536866127214
0.3241896386462744 0.9488536866127214
0.2999472144038502 0.9528940906531255
0.30398761844425426 0.9528940906531255
0.30802802248465827 0.9528940906531255
0.3120684265250623 0.9528940906531255
0.2999472144038502 0.9569344946935294
