# x y
0.655456713332649 0.7710759088349436
0.655456713332649 0.7831971209561558
0.5867698446457803 0.8357223734814083
0.5786890365649722 0.8438031815622163
0.5302041880801237 0.8640052017642366
0.5180829759589115 0.8680456058046406
0.48980014767608326 0.8842072219662568
0.4817193395952752 0.8922880300470648
0.48980014767608326 0.9003688381278729
0.4534365113124469 0.920570858329893
0.4453557032316388 0.9246112623702971
0.43727489515083073 0.9286516664107012
0.42919408707002266 0.9326920704511052
0.32818398605992166 0.9569344946935294
0.32818398605992166 0.9609748987339335
