# x y
0.6676705588132702 0.7508738886329235
0.6313069224496339 0.7831971209561558
0.5949432860859976 0.811479949238984
0.5868624780051894 0.8155203532793881
0.5666604578031692 0.8316819694410043
0.5262564173991289 0.8559243936834284
0.5343372254799369 0.8599647977238325
0.48585237699508843 0.8801668179258527
0.48181197295468436 0.8842072219662568
0.4373675285102399 0.904409242168277
0.42524631638902777 0.920570858329893
0.39292308406579546 0.9246112623702971
0.3848422759849874 0.9286516664107012
0.3080745992173106 0.9569344946935294
0.3121150032577147 0.9569344946935294
0.3121150032577147 0.9609748987339335
