# x y
0.6999937911365026 0.7145102522692871
0.6959533870960986 0.7185506563096911
0.6919129830556945 0.7225910603500951
0.6878725790152904 0.7266314643904992
0.6838321749748864 0.7306718684309033
0.6797917709344823 0.7347122724713073
0.6757513668940782 0.7387526765117113
0.6636301547728662 0.7468334845925194
0.6595897507324622 0.7508738886329235
0.6555493466920581 0.7549142926733274
0.651508942651654 0.7589546967137315
0.64746853861125 0.7629951007541356
0.6434281345708459 0.7670355047945396
0.6353473264900379 0.7710759088349436
0.6313069224496339 0.7751163128753477
0.6272665184092299 0.7791567169157517
0.6232261143688258 0.7831971209561558
0.6151453062880177 0.7872375249965597
0.6111049022476136 0.7912779290369638
0.6070644982072095 0.7953183330773679
0.6030240941668056 0.799358737117772
0.5949432860859976 0.803399141158176
0.5909028820455935 0.80743954519858
0.5828220739647854 0.811479949238984
0.5868624780051894 0.811479949238984
0.5787816699243813 0.8155203532793881
0.5747412658839772 0.819560757319792
0.5666604578031692 0.8236011613601961
0.5626200537627652 0.8276415654006002
0.5545392456819571 0.8316819694410043
0.550498841641553 0.8357223734814083
0.5424180335607449 0.8397627775218124
0.538377629520341 0.8438031815622163
0.5302968214395328 0.8478435856026204
0.5222160133587248 0.8518839896430245
0.5262564173991289 0.8518839896430245
0.5181756093183207 0.8559243936834284
0.5100948012375126 0.8599647977238325
0.5020139931567046 0.8640052017642366
0.5060543971971085 0.8640052017642366
0.4979735891163005 0.8680456058046406
0.48989278103549244 0.8720860098450447
0.48181197295468436 0.8761264138854487
0.4737311648738763 0.8801668179258527
0.4777715689142803 0.8801668179258527
0.4656503567930682 0.8842072219662568
0.4696907608334723 0.8842072219662568
0.4575695487122601 0.8882476260066607
0.46160995275266414 0.8882476260066607
0.44948874063145206 0.8922880300470648
0.45352914467185607 0.8922880300470648
0.4414079325506439 0.8963284340874689
0.445448336591048 0.8963284340874689
0.4333271244698359 0.9003688381278729
0.4373675285102399 0.9003688381278729
0.42524631638902777 0.904409242168277
0.42928672042943183 0.904409242168277
0.41716550830821975 0.9084496462086811
0.42120591234862376 0.9084496462086811
0.4090847002274116 0.912490050249085
0.40100389214660354 0.9165304542894891
0.38888268002539145 0.920570858329893
0.39292308406579546 0.920570858329893
0.38080187194458337 0.9246112623702971
0.3848422759849874 0.9246112623702971
0.3686806598233712 0.9286516664107012
0.37272106386377524 0.9286516664107012
0.36059985174256315 0.9326920704511052
0.3646402557829672 0.9326920704511052
0.34847863962135106 0.9367324744915093
0.35251904366175507 0.9367324744915093
0.3363574275001389 0.9407728785319134
0.34039783154054293 0.9407728785319134
0.32827661941933084 0.9448132825723174
0.3161554072981187 0.9488536866127214
0.3201958113385227 0.9488536866127214
0.29999379113650254 0.9528940906531255
0.30403419517690655 0.9528940906531255
0.3080745992173106 0.9528940906531255
