# x y
0.6999419930129527 0.710469848228883
0.6959015889725486 0.7145102522692871
0.6999419930129527 0.7145102522692871
0.6918611849321445 0.7185506563096911
0.6959015889725486 0.7185506563096911
0.6878207808917405 0.7225910603500951
0.6918611849321445 0.7225910603500951
0.6837803768513364 0.7266314643904992
0.6878207808917405 0.7266314643904992
0.6797399728109325 0.7306718684309033
0.6837803768513364 0.7306718684309033
0.6756995687705284 0.7347122724713073
0.6797399728109325 0.7347122724713073
0.6716591647301244 0.7387526765117113
0.6756995687705284 0.7387526765117113
0.6676187606897204 0.7427930805521153
0.6716591647301244 0.7427930805521153
0.6635783566493163 0.7468334845925194
0.6676187606897204 0.7468334845925194
0.6595379526089122 0.7508738886329235
0.6635783566493163 0.7508738886329235
0.6514571445281041 0.7549142926733274
0.6554975485685082 0.7549142926733274
0.6595379526089122 0.7549142926733274
0.6474167404877001 0.7589546967137315
0.6514571445281041 0.7589546967137315
0.6554975485685082 0.7589546967137315
0.6433763364472961 0.7629951007541356
0.6474167404877001 0.7629951007541356
0.6393359324068921 0.7670355047945396
0.6433763364472961 0.7670355047945396
0.6352955283664881 0.7710759088349436
0.6393359324068921 0.7710759088349436
0.6272147202856799 0.7751163128753477
0.631255124326084 0.7751163128753477
0.6352955283664881 0.7751163128753477
0.6231743162452759 0.7791567169157517
0.6272147202856799 0.7791567169157517
0.631255124326084 0.7791567169157517
0.6191339122048718 0.7831971209561558
0.6231743162452759 0.7831971209561558
0.6150935081644677 0.7872375249965597
0.6191339122048718 0.7872375249965597
0.6070127000836597 0.7912779290369638
0.6110531041240638 0.7912779290369638
0.6150935081644677 0.7912779290369638
0.6029722960432558 0.7953183330773679
0.6070127000836597 0.7953183330773679
0.6110531041240638 0.7953183330773679
0.5989318920028517 0.799358737117772
0.6029722960432558 0.799358737117772
0.5908510839220436 0.803399141158176
0.5948914879624476 0.803399141158176
0.5989318920028517 0.803399141158176
0.5868106798816395 0.80743954519858
0.5908510839220436 0.80743954519858
0.5948914879624476 0.80743954519858
0.5827702758412354 0.811479949238984
0.5868106798816395 0.811479949238984
0.5746894677604274 0.8155203532793881
0.5787298718008315 0.8155203532793881
0.5827702758412354 0.8155203532793881
0.5706490637200234 0.819560757319792
0.5746894677604274 0.819560757319792
0.5625682556392153 0.8236011613601961
0.5666086596796194 0.8236011613601961
0.5706490637200234 0.8236011613601961
0.5585278515988112 0.8276415654006002
0.5625682556392153 0.8276415654006002
0.5666086596796194 0.8276415654006002
0.5504470435180031 0.8316819694410043
0.5544874475584072 0.8316819694410043
0.5585278515988112 0.8316819694410043
0.5464066394775992 0.8357223734814083
0.5504470435180031 0.8357223734814083
0.5544874475584072 0.8357223734814083
0.538325831396791 0.8397627775218124
0.5423662354371951 0.8397627775218124
0.5464066394775992 0.8397627775218124
0.5342854273563871 0.8438031815622163
0.538325831396791 0.8438031815622163
0.5262046192755789 0.8478435856026204
0.530245023315983 0.8478435856026204
0.5342854273563871 0.8478435856026204
0.5181238111947708 0.8518839896430245
0.5221642152351749 0.8518839896430245
0.5262046192755789 0.8518839896430245
0.5140834071543667 0.8559243936834284
0.5181238111947708 0.8559243936834284
0.5221642152351749 0.8559243936834284
0.5060025990735587 0.8599647977238325
0.5100430031139628 0.8599647977238325
0.5140834071543667 0.8599647977238325
0.49792179099275063 0.8640052017642366
0.5019621950331546 0.8640052017642366
0.5060025990735587 0.8640052017642366
0.4938813869523466 0.8680456058046406
0.49792179099275063 0.8680456058046406
0.5019621950331546 0.8680456058046406
0.4858005788715385 0.8720860098450447
0.48984098291194256 0.8720860098450447
0.4938813869523466 0.8720860098450447
0.47771977079073047 0.8761264138854487
0.4817601748311345 0.8761264138854487
0.4858005788715385 0.8761264138854487
0.46963896270992234 0.8801668179258527
0.4736793667503264 0.8801668179258527
0.47771977079073047 0.8801668179258527
0.46155815462911426 0.8842072219662568
0.4655985586695183 0.8842072219662568
0.46963896270992234 0.8842072219662568
0.4534773465483062 0.8882476260066607
0.45751775058871025 0.8882476260066607
0.46155815462911426 0.8882476260066607
0.4655985586695183 0.8882476260066607
0.4453965384674981 0.8922880300470648
0.4494369425079021 0.8922880300470648
0.4534773465483062 0.8922880300470648
0.45751775058871025 0.8922880300470648
0.43731573038669 0.8963284340874689
0.4413561344270941 0.8963284340874689
0.4453965384674981 0.8963284340874689
0.4494369425079021 0.8963284340874689
0.42923492230588195 0.9003688381278729
0.43327532634628596 0.9003688381278729
0.43731573038669 0.9003688381278729
0.4413561344270941 0.9003688381278729
0.4211541142250739 0.904409242168277
0.42519451826547794 0.904409242168277
0.42923492230588195 0.904409242168277
0.43327532634628596 0.904409242168277
0.4130733061442658 0.9084496462086811
0.4171137101846698 0.9084496462086811
0.4211541142250739 0.9084496462086811
0.42519451826547794 0.9084496462086811
0.4049924980634577 0.912490050249085
0.40903290210386173 0.912490050249085
0.4130733061442658 0.912490050249085
0.3928712859422456 0.9165304542894891
0.39691168998264964 0.9165304542894891
0.40095209402305365 0.9165304542894891
0.4049924980634577 0.9165304542894891
0.3847904778614375 0.920570858329893
0.38883088190184156 0.920570858329893
0.3928712859422456 0.920570858329893
0.39691168998264964 0.920570858329893
0.3726692657402254 0.9246112623702971
0.3767096697806294 0.9246112623702971
0.38075007382103343 0.9246112623702971
0.3847904778614375 0.9246112623702971
0.38883088190184156 0.9246112623702971
0.3645884576594173 0.9286516664107012
0.36862886169982134 0.9286516664107012
0.3726692657402254 0.9286516664107012
0.3767096697806294 0.9286516664107012
0.3524672455382052 0.9326920704511052
0.35650764957860925 0.9326920704511052
0.36054805361901326 0.9326920704511052
0.3645884576594173 0.9326920704511052
0.36862886169982134 0.9326920704511052
0.3443864374573971 0.9367324744915093
0.3484268414978011 0.9367324744915093
0.3524672455382052 0.9367324744915093
0.35650764957860925 0.9367324744915093
0.33226522533618497 0.9407728785319134
0.33630562937658903 0.9407728785319134
0.34034603341699304 0.9407728785319134
0.3443864374573971 0.9407728785319134
0.3201440132149729 0.9448132825723174
0.3241844172553769 0.9448132825723174
0.32822482129578096 0.9448132825723174
0.33226522533618497 0.9448132825723174
0.33630562937658903 0.9448132825723174
0.30802280109376073 0.9488536866127214
0.31206320513416475 0.9488536866127214
0.3161036091745688 0.9488536866127214
0.3201440132149729 0.9488536866127214
0.3241844172553769 0.9488536866127214
0.29994199301295266 0.9528940906531255
0.3039823970533567 0.9528940906531255
0.30802280109376073 0.9528940906531255
0.31206320513416475 0.9528940906531255
0.29994199301295266 0.9569344946935294
