# x y
0.6999811933989604 0.7145102522692871
0.6959407893585563 0.7185506563096911
0.6919003853181522 0.7225910603500951
0.6878599812777482 0.7266314643904992
0.6838195772373441 0.7306718684309033
0.6797791731969401 0.7347122724713073
0.6716983651161321 0.7387526765117113
0.6757387691565361 0.7387526765117113
0.6676579610757281 0.7427930805521153
0.6716983651161321 0.7427930805521153
0.663617557035324 0.7468334845925194
0.6595771529949199 0.7508738886329235
0.6555367489545159 0.7549142926733274
0.6514963449141118 0.7589546967137315
0.6474559408737078 0.7629951007541356
0.6393751327928998 0.7670355047945396
0.6434155368333038 0.7670355047945396
0.6353347287524957 0.7710759088349436
0.6393751327928998 0.7710759088349436
0.6312943247120917 0.7751163128753477
0.6272539206716876 0.7791567169157517
0.6191731125908795 0.7831971209561558
0.6232135166312835 0.7831971209561558
0.6151327085504754 0.7872375249965597
0.6191731125908795 0.7872375249965597
0.6110923045100715 0.7912779290369638
0.6070519004696674 0.7953183330773679
0.5989710923888594 0.799358737117772
0.6030114964292634 0.799358737117772
0.5949306883484553 0.803399141158176
0.5908902843080512 0.80743954519858
0.5828094762272431 0.811479949238984
0.5868498802676472 0.811479949238984
0.5787690721868392 0.8155203532793881
0.5706882641060311 0.819560757319792
0.5747286681464351 0.819560757319792
0.5666478600656271 0.8236011613601961
0.5585670519848189 0.8276415654006002
0.562607456025223 0.8276415654006002
0.5545266479444149 0.8316819694410043
0.5464458398636068 0.8357223734814083
0.5504862439040108 0.8357223734814083
0.5424054358232028 0.8397627775218124
0.5343246277423948 0.8438031815622163
0.5383650317827987 0.8438031815622163
0.5302842237019907 0.8478435856026204
0.5222034156211826 0.8518839896430245
0.5262438196615866 0.8518839896430245
0.5141226075403744 0.8559243936834284
0.5181630115807785 0.8559243936834284
0.5100822034999705 0.8599647977238325
0.5020013954191623 0.8640052017642366
0.5060417994595664 0.8640052017642366
0.4939205873383543 0.8680456058046406
0.4979609913787583 0.8680456058046406
0.4858397792575462 0.8720860098450447
0.48988018329795024 0.8720860098450447
0.48179937521714217 0.8761264138854487
0.4858397792575462 0.8761264138854487
0.4737185671363341 0.8801668179258527
0.47775897117673816 0.8801668179258527
0.465637759055526 0.8842072219662568
0.46967816309593 0.8842072219662568
0.45755695097471794 0.8882476260066607
0.46159735501512195 0.8882476260066607
0.4494761428939098 0.8922880300470648
0.45351654693431387 0.8922880300470648
0.4413953348131018 0.8963284340874689
0.4454357388535058 0.8963284340874689
0.43331452673229365 0.9003688381278729
0.4373549307726977 0.9003688381278729
0.4252337186514856 0.904409242168277
0.42927412269188964 0.904409242168277
0.4171529105706775 0.9084496462086811
0.42119331461108156 0.9084496462086811
0.4050316984494654 0.912490050249085
0.4090721024898694 0.912490050249085
0.4131125065302735 0.912490050249085
0.3969508903686573 0.9165304542894891
0.40099129440906134 0.9165304542894891
0.38887008228784925 0.920570858329893
0.39291048632825326 0.920570858329893
0.3767488701666371 0.9246112623702971
0.3807892742070411 0.9246112623702971
0.3848296782474452 0.9246112623702971
0.36866806208582903 0.9286516664107012
0.3727084661262331 0.9286516664107012
0.35654684996461694 0.9326920704511052
0.36058725400502095 0.9326920704511052
0.36462765804542496 0.9326920704511052
0.3484660418838088 0.9367324744915093
0.3525064459242129 0.9367324744915093
0.3363448297625967 0.9407728785319134
0.34038523380300073 0.9407728785319134
0.3242236176413846 0.9448132825723174
0.32826402168178864 0.9448132825723174
0.33230442572219265 0.9448132825723174
0.31210240552017243 0.9488536866127214
0.3161428095605765 0.9488536866127214
0.32018321360098057 0.9488536866127214
0.29998119339896034 0.9528940906531255
0.3040215974393644 0.9528940906531255
0.3080620014797684 0.9528940906531255
