# x y
0.6999878606035956 0.7145102522692871
0.6959474565631916 0.7185506563096911
0.6919070525227876 0.7225910603500951
0.6878666484823835 0.7266314643904992
0.6838262444419795 0.7306718684309033
0.6797858404015755 0.7347122724713073
0.6757454363611715 0.7387526765117113
0.6676646282803633 0.7427930805521153
0.6717050323207674 0.7427930805521153
0.6636242242399593 0.7468334845925194
0.6595838201995552 0.7508738886329235
0.6555434161591512 0.7549142926733274
0.6515030121187472 0.7589546967137315
0.6474626080783432 0.7629951007541356
0.6393817999975351 0.7670355047945396
0.6434222040379391 0.7670355047945396
0.635341395957131 0.7710759088349436
0.631300991916727 0.7751163128753477
0.6272605878763229 0.7791567169157517
0.6232201838359188 0.7831971209561558
0.6151393757551108 0.7872375249965597
0.6191797797955149 0.7872375249965597
0.6110989717147068 0.7912779290369638
0.6070585676743028 0.7953183330773679
0.5989777595934946 0.799358737117772
0.6030181636338987 0.799358737117772
0.5949373555530906 0.803399141158176
0.5908969515126865 0.80743954519858
0.5828161434318785 0.811479949238984
0.5868565474722826 0.811479949238984
0.5787757393914745 0.8155203532793881
0.5706949313106664 0.819560757319792
0.5747353353510705 0.819560757319792
0.5666545272702623 0.8236011613601961
0.5626141232298583 0.8276415654006002
0.5545333151490501 0.8316819694410043
0.5504929111086462 0.8357223734814083
0.5424121030278382 0.8397627775218124
0.53433129494703 0.8438031815622163
0.5383716989874341 0.8438031815622163
0.530290890906626 0.8478435856026204
0.5222100828258178 0.8518839896430245
0.5262504868662219 0.8518839896430245
0.5181696787854139 0.8559243936834284
0.5100888707046057 0.8599647977238325
0.5020080626237977 0.8640052017642366
0.5060484666642018 0.8640052017642366
0.4939272545429896 0.8680456058046406
0.49796765858339365 0.8680456058046406
0.48988685050258557 0.8720860098450447
0.4818060424217775 0.8761264138854487
0.4737252343409694 0.8801668179258527
0.4777656383813734 0.8801668179258527
0.46564442626016134 0.8842072219662568
0.4696848303005654 0.8842072219662568
0.4575636181793532 0.8882476260066607
0.46160402221975727 0.8882476260066607
0.4494828100985452 0.8922880300470648
0.4535232141389492 0.8922880300470648
0.44140200201773705 0.8963284340874689
0.4454424060581411 0.8963284340874689
0.43332119393692903 0.9003688381278729
0.43736159797733304 0.9003688381278729
0.4252403858561209 0.904409242168277
0.42928078989652496 0.904409242168277
0.4171595777753129 0.9084496462086811
0.4211999818157169 0.9084496462086811
0.40907876969450474 0.912490050249085
0.39695755757329265 0.9165304542894891
0.40099796161369666 0.9165304542894891
0.3888767494924846 0.920570858329893
0.3929171535328886 0.920570858329893
0.3807959414116765 0.9246112623702971
0.3848363454520805 0.9246112623702971
0.36867472929046435 0.9286516664107012
0.37271513333086836 0.9286516664107012
0.3605939212096563 0.9326920704511052
0.36463432525006034 0.9326920704511052
0.3484727090884442 0.9367324744915093
0.3525131131288482 0.9367324744915093
0.33635149696723204 0.9407728785319134
0.34039190100763606 0.9407728785319134
0.3242302848460199 0.9448132825723174
0.32827068888642397 0.9448132825723174
0.332311092926828 0.9448132825723174
0.3121090727248078 0.9488536866127214
0.3161494767652118 0.9488536866127214
0.32018988080561583 0.9488536866127214
0.29998786060359567 0.9528940906531255
0.3040282646439997 0.9528940906531255
0.30806866868440375 0.9528940906531255
