# x y
0.6797315467050049 0.7589546967137315
0.6110446780181362 0.803399141158176
0.6191254860989442 0.811479949238984
0.59488306185652 0.8155203532793881
0.5666002335736917 0.8357223734814083
0.5423578093312675 0.8518839896430245
0.5666002335736917 0.8518839896430245
0.5019537689272271 0.8761264138854487
0.5302365972100553 0.8761264138854487
0.4655901325635907 0.8963284340874689
0.4251860921595503 0.9165304542894891
0.41710528407874226 0.9246112623702971
0.36053962751308566 0.9488536866127214
0.3362972032706614 0.9569344946935294
0.32821639518985335 0.9609748987339335
