# x y
0.6999700713789482 0.7145102522692871
0.6959296673385441 0.7185506563096911
0.6918892632981402 0.7225910603500951
0.6878488592577361 0.7266314643904992
0.679768051176928 0.7306718684309033
0.683808455217332 0.7306718684309033
0.6757276471365239 0.7347122724713073
0.679768051176928 0.7347122724713073
0.6716872430961198 0.7387526765117113
0.6757276471365239 0.7387526765117113
0.6676468390557158 0.7427930805521153
0.6716872430961198 0.7427930805521153
0.6636064350153118 0.7468334845925194
0.6676468390557158 0.7468334845925194
0.6595660309749077 0.7508738886329235
0.6636064350153118 0.7508738886329235
0.6555256269345038 0.7549142926733274
0.6514852228940997 0.7589546967137315
0.6434044148132916 0.7629951007541356
0.6474448188536956 0.7629951007541356
0.6393640107728875 0.7670355047945396
0.6434044148132916 0.7670355047945396
0.6353236067324834 0.7710759088349436
0.6393640107728875 0.7710759088349436
0.6312832026920795 0.7751163128753477
0.6272427986516754 0.7791567169157517
0.6191619905708674 0.7831971209561558
0.6232023946112714 0.7831971209561558
0.6151215865304633 0.7872375249965597
0.6191619905708674 0.7872375249965597
0.6110811824900593 0.7912779290369638
0.6030003744092511 0.7953183330773679
0.6070407784496552 0.7953183330773679
0.5989599703688471 0.799358737117772
0.6030003744092511 0.799358737117772
0.5949195663284431 0.803399141158176
0.5989599703688471 0.803399141158176
0.5868387582476351 0.80743954519858
0.590879162288039 0.80743954519858
0.582798354207231 0.811479949238984
0.5868387582476351 0.811479949238984
0.578757950166827 0.8155203532793881
0.5706771420860188 0.819560757319792
0.5747175461264229 0.819560757319792
0.5666367380456148 0.8236011613601961
0.5706771420860188 0.8236011613601961
0.5585559299648067 0.8276415654006002
0.5625963340052108 0.8276415654006002
0.5545155259244027 0.8316819694410043
0.5585559299648067 0.8316819694410043
0.5464347178435947 0.8357223734814083
0.5504751218839987 0.8357223734814083
0.5423943138031906 0.8397627775218124
0.5464347178435947 0.8397627775218124
0.5343135057223825 0.8438031815622163
0.5383539097627865 0.8438031815622163
0.5262326976415744 0.8478435856026204
0.5302731016819785 0.8478435856026204
0.5343135057223825 0.8478435856026204
0.5221922936011704 0.8518839896430245
0.5262326976415744 0.8518839896430245
0.5141114855203623 0.8559243936834284
0.5181518895607663 0.8559243936834284
0.5060306774395542 0.8599647977238325
0.5100710814799583 0.8599647977238325
0.5141114855203623 0.8599647977238325
0.5019902733991501 0.8640052017642366
0.5060306774395542 0.8640052017642366
0.4939094653183421 0.8680456058046406
0.49794986935874613 0.8680456058046406
0.485828657237534 0.8720860098450447
0.48986906127793806 0.8720860098450447
0.47774784915672597 0.8761264138854487
0.48178825319713 0.8761264138854487
0.485828657237534 0.8761264138854487
0.4737074451163219 0.8801668179258527
0.47774784915672597 0.8801668179258527
0.4656266370355138 0.8842072219662568
0.46966704107591783 0.8842072219662568
0.45754582895470575 0.8882476260066607
0.46158623299510976 0.8882476260066607
0.4494650208738976 0.8922880300470648
0.4535054249143017 0.8922880300470648
0.4413842127930896 0.8963284340874689
0.4454246168334936 0.8963284340874689
0.43330340471228146 0.9003688381278729
0.4373438087526855 0.9003688381278729
0.42522259663147344 0.904409242168277
0.42926300067187745 0.904409242168277
0.4131013845102613 0.9084496462086811
0.4171417885506653 0.9084496462086811
0.42118219259106937 0.9084496462086811
0.4050205764294532 0.912490050249085
0.4090609804698572 0.912490050249085
0.4131013845102613 0.912490050249085
0.39693976834864514 0.9165304542894891
0.40098017238904915 0.9165304542894891
0.4050205764294532 0.9165304542894891
0.384818556227433 0.920570858329893
0.38885896026783706 0.920570858329893
0.3928993643082411 0.920570858329893
0.3767377481466249 0.9246112623702971
0.38077815218702893 0.9246112623702971
0.384818556227433 0.9246112623702971
0.36865694006581684 0.9286516664107012
0.3726973441062209 0.9286516664107012
0.3767377481466249 0.9286516664107012
0.35653572794460475 0.9326920704511052
0.36057613198500876 0.9326920704511052
0.3646165360254128 0.9326920704511052
0.3444145158233926 0.9367324744915093
0.3484549198637966 0.9367324744915093
0.3524953239042007 0.9367324744915093
0.33633370774258453 0.9407728785319134
0.34037411178298854 0.9407728785319134
0.3444145158233926 0.9407728785319134
0.3242124956213724 0.9448132825723174
0.32825289966177645 0.9448132825723174
0.33229330370218046 0.9448132825723174
0.31209128350016024 0.9488536866127214
0.3161316875405643 0.9488536866127214
0.3201720915809684 0.9488536866127214
0.29997007137894816 0.9528940906531255
0.3040104754193522 0.9528940906531255
0.30805087945975623 0.9528940906531255
