# x y
0.667646252327875 0.7549142926733274
0.6636058482874709 0.7629951007541356
0.6595654442470669 0.7791567169157517
0.6312826159642386 0.803399141158176
0.6110805957622184 0.819560757319792
0.58279776747939 0.8276415654006002
0.5949189796006022 0.8316819694410043
0.58279776747939 0.8397627775218124
0.5181513028329254 0.8640052017642366
0.5141108987925214 0.8720860098450447
0.49390887859050125 0.8801668179258527
0.5019896866713093 0.8801668179258527
0.47370685838848103 0.8963284340874689
0.46562605030767296 0.9003688381278729
0.44542403010565274 0.904409242168277
0.41714120182282444 0.9246112623702971
0.368656353337976 0.9407728785319134
