# x y
0.6959432534299039 0.7266314643904992
0.6919028493894999 0.7306718684309033
0.6878624453490958 0.7347122724713073
0.6393775968642474 0.7791567169157517
0.598973556460207 0.8155203532793881
0.5949331524198029 0.8316819694410043
0.5585695160561666 0.8397627775218124
0.5585695160561666 0.8438031815622163
0.5464483039349545 0.8478435856026204
0.5302866877733383 0.8559243936834284
0.50200385949051 0.8720860098450447
0.5302866877733383 0.8761264138854487
0.5100846675713181 0.8882476260066607
0.46564022312687364 0.8922880300470648
0.4898826473692979 0.9003688381278729
0.4171553746420251 0.9165304542894891
0.39695335444000496 0.9286516664107012
0.33634729383394435 0.9488536866127214
0.31614527363192413 0.9650153027743376
0.30402406151071204 0.9690557068147416
