# x y
0.6595589344510797 0.7629951007541356
0.6716801465722918 0.7670355047945396
0.6353165102086554 0.7872375249965597
0.6151144900066352 0.803399141158176
0.6312761061682515 0.803399141158176
0.598952873845019 0.811479949238984
0.6110740859662311 0.819560757319792
0.5949124698046151 0.8316819694410043
0.5019831768753221 0.8801668179258527
0.4171346920268373 0.9246112623702971
0.392892267784413 0.9286516664107012
0.3726902475823928 0.9367324744915093
0.36864984354198876 0.9407728785319134
0.36864984354198876 0.9448132825723174
0.3605690354611807 0.9488536866127214
0.36460943950158475 0.9609748987339335
