# x y
0.6999853750659004 0.7225910603500951
0.6959449710254964 0.7266314643904992
0.6717025467830722 0.7508738886329235
0.6191772942578196 0.7953183330773679
0.6353389104194358 0.799358737117772
0.5989752740557994 0.8155203532793881
0.5949348700153954 0.8316819694410043
0.558571233651759 0.8397627775218124
0.5464500215305469 0.8478435856026204
0.5222075972881226 0.8599647977238325
0.5545308296113549 0.8599647977238325
0.5302884053689307 0.8761264138854487
0.4656419407224661 0.8922880300470648
0.4656419407224661 0.9003688381278729
0.39695507203559743 0.9286516664107012
0.3161469912275166 0.9650153027743376
0.30402577910630446 0.9690557068147416
