# x y
0.6999320625355798 0.710469848228883
0.6958916584951758 0.7145102522692871
0.6999320625355798 0.7145102522692871
0.6918512544547717 0.7185506563096911
0.6958916584951758 0.7185506563096911
0.6999320625355798 0.7185506563096911
0.6878108504143676 0.7225910603500951
0.6918512544547717 0.7225910603500951
0.6837704463739636 0.7266314643904992
0.6878108504143676 0.7266314643904992
0.6797300423335596 0.7306718684309033
0.6837704463739636 0.7306718684309033
0.6756896382931555 0.7347122724713073
0.6797300423335596 0.7347122724713073
0.6716492342527516 0.7387526765117113
0.6756896382931555 0.7387526765117113
0.6676088302123475 0.7427930805521153
0.6716492342527516 0.7427930805521153
0.6635684261719434 0.7468334845925194
0.6676088302123475 0.7468334845925194
0.6554876180911353 0.7508738886329235
0.6595280221315394 0.7508738886329235
0.6635684261719434 0.7508738886329235
0.6514472140507312 0.7549142926733274
0.6554876180911353 0.7549142926733274
0.6595280221315394 0.7549142926733274
0.6474068100103273 0.7589546967137315
0.6514472140507312 0.7589546967137315
0.6554876180911353 0.7589546967137315
0.6433664059699232 0.7629951007541356
0.6474068100103273 0.7629951007541356
0.6393260019295193 0.7670355047945396
0.6433664059699232 0.7670355047945396
0.6352855978891152 0.7710759088349436
0.6393260019295193 0.7710759088349436
0.6272047898083071 0.7751163128753477
0.6312451938487111 0.7751163128753477
0.6352855978891152 0.7751163128753477
0.623164385767903 0.7791567169157517
0.6272047898083071 0.7791567169157517
0.6312451938487111 0.7791567169157517
0.6191239817274989 0.7831971209561558
0.623164385767903 0.7831971209561558
0.6150835776870949 0.7872375249965597
0.6191239817274989 0.7872375249965597
0.6070027696062869 0.7912779290369638
0.6110431736466909 0.7912779290369638
0.6150835776870949 0.7912779290369638
0.6029623655658829 0.7953183330773679
0.6070027696062869 0.7953183330773679
0.6110431736466909 0.7953183330773679
0.5989219615254788 0.799358737117772
0.6029623655658829 0.799358737117772
0.5908411534446707 0.803399141158176
0.5948815574850748 0.803399141158176
0.5989219615254788 0.803399141158176
0.5868007494042666 0.80743954519858
0.5908411534446707 0.80743954519858
0.5948815574850748 0.80743954519858
0.5787199413234586 0.811479949238984
0.5827603453638626 0.811479949238984
0.5868007494042666 0.811479949238984
0.5746795372830545 0.8155203532793881
0.5787199413234586 0.8155203532793881
0.5827603453638626 0.8155203532793881
0.5706391332426506 0.819560757319792
0.5746795372830545 0.819560757319792
0.5787199413234586 0.819560757319792
0.5625583251618425 0.8236011613601961
0.5665987292022465 0.8236011613601961
0.5706391332426506 0.8236011613601961
0.5585179211214384 0.8276415654006002
0.5625583251618425 0.8276415654006002
0.5665987292022465 0.8276415654006002
0.5504371130406303 0.8316819694410043
0.5544775170810343 0.8316819694410043
0.5585179211214384 0.8316819694410043
0.5463967090002263 0.8357223734814083
0.5504371130406303 0.8357223734814083
0.5544775170810343 0.8357223734814083
0.5383159009194182 0.8397627775218124
0.5423563049598222 0.8397627775218124
0.5463967090002263 0.8397627775218124
0.5342754968790142 0.8438031815622163
0.5383159009194182 0.8438031815622163
0.5423563049598222 0.8438031815622163
0.5261946887982061 0.8478435856026204
0.5302350928386101 0.8478435856026204
0.5342754968790142 0.8478435856026204
0.518113880717398 0.8518839896430245
0.522154284757802 0.8518839896430245
0.5261946887982061 0.8518839896430245
0.5140734766769939 0.8559243936834284
0.518113880717398 0.8559243936834284
0.522154284757802 0.8559243936834284
0.5059926685961859 0.8599647977238325
0.5100330726365899 0.8599647977238325
0.5140734766769939 0.8599647977238325
0.4979118605153778 0.8640052017642366
0.5019522645557818 0.8640052017642366
0.5059926685961859 0.8640052017642366
0.4898310524345697 0.8680456058046406
0.49387145647497377 0.8680456058046406
0.4979118605153778 0.8680456058046406
0.5019522645557818 0.8680456058046406
0.48579064839416564 0.8720860098450447
0.4898310524345697 0.8720860098450447
0.49387145647497377 0.8720860098450447
0.4777098403133576 0.8761264138854487
0.4817502443537616 0.8761264138854487
0.48579064839416564 0.8761264138854487
0.4696290322325495 0.8801668179258527
0.47366943627295355 0.8801668179258527
0.4777098403133576 0.8801668179258527
0.4615482241517414 0.8842072219662568
0.46558862819214547 0.8842072219662568
0.4696290322325495 0.8842072219662568
0.47366943627295355 0.8842072219662568
0.4534674160709333 0.8882476260066607
0.4575078201113374 0.8882476260066607
0.4615482241517414 0.8882476260066607
0.46558862819214547 0.8882476260066607
0.44538660799012525 0.8922880300470648
0.44942701203052926 0.8922880300470648
0.4534674160709333 0.8922880300470648
0.4575078201113374 0.8922880300470648
0.43730579990931717 0.8963284340874689
0.44134620394972124 0.8963284340874689
0.44538660799012525 0.8963284340874689
0.44942701203052926 0.8963284340874689
0.4292249918285091 0.9003688381278729
0.4332653958689131 0.9003688381278729
0.43730579990931717 0.9003688381278729
0.44134620394972124 0.9003688381278729
0.421144183747701 0.904409242168277
0.4251845877881051 0.904409242168277
0.4292249918285091 0.904409242168277
0.4332653958689131 0.904409242168277
0.41306337566689294 0.9084496462086811
0.41710377970729695 0.9084496462086811
0.421144183747701 0.9084496462086811
0.4251845877881051 0.9084496462086811
0.4009421635456808 0.912490050249085
0.40498256758608486 0.912490050249085
0.4090229716264889 0.912490050249085
0.41306337566689294 0.912490050249085
0.3928613554648727 0.9165304542894891
0.3969017595052768 0.9165304542894891
0.4009421635456808 0.9165304542894891
0.40498256758608486 0.9165304542894891
0.38478054738406464 0.920570858329893
0.3888209514244687 0.920570858329893
0.3928613554648727 0.920570858329893
0.3969017595052768 0.920570858329893
0.37265933526285255 0.9246112623702971
0.37669973930325656 0.9246112623702971
0.3807401433436606 0.9246112623702971
0.38478054738406464 0.9246112623702971
0.3888209514244687 0.9246112623702971
0.3645785271820444 0.9286516664107012
0.3686189312224485 0.9286516664107012
0.37265933526285255 0.9286516664107012
0.37669973930325656 0.9286516664107012
0.35245731506083233 0.9326920704511052
0.3564977191012364 0.9326920704511052
0.3605381231416404 0.9326920704511052
0.3645785271820444 0.9326920704511052
0.3686189312224485 0.9326920704511052
0.34437650698002426 0.9367324744915093
0.34841691102042827 0.9367324744915093
0.35245731506083233 0.9367324744915093
0.3564977191012364 0.9367324744915093
0.3322552948588121 0.9407728785319134
0.3362956988992162 0.9407728785319134
0.3403361029396202 0.9407728785319134
0.34437650698002426 0.9407728785319134
0.34841691102042827 0.9407728785319134
0.3201340827376 0.9448132825723174
0.32417448677800403 0.9448132825723174
0.3282148908184081 0.9448132825723174
0.3322552948588121 0.9448132825723174
0.3362956988992162 0.9448132825723174
0.3080128706163879 0.9488536866127214
0.3120532746567919 0.9488536866127214
0.31609367869719596 0.9488536866127214
0.3201340827376 0.9488536866127214
0.32417448677800403 0.9488536866127214
0.2999320625355798 0.9528940906531255
0.30397246657598387 0.9528940906531255
0.3080128706163879 0.9528940906531255
0.3120532746567919 0.9528940906531255
0.2999320625355798 0.9569344946935294
