# x y
0.6999870921632501 0.7145102522692871
0.695946688122846 0.7185506563096911
0.691906284082442 0.7225910603500951
0.687865880042038 0.7266314643904992
0.6838254760016339 0.7306718684309033
0.67978507196123 0.7347122724713073
0.6757446679208259 0.7387526765117113
0.6676638598400177 0.7427930805521153
0.6717042638804218 0.7427930805521153
0.6636234557996137 0.7468334845925194
0.6595830517592096 0.7508738886329235
0.6555426477188057 0.7549142926733274
0.6515022436784016 0.7589546967137315
0.6474618396379976 0.7629951007541356
0.6393810315571895 0.7670355047945396
0.6434214355975936 0.7670355047945396
0.6353406275167854 0.7710759088349436
0.6313002234763814 0.7751163128753477
0.6272598194359773 0.7791567169157517
0.6232194153955732 0.7831971209561558
0.6151386073147652 0.7872375249965597
0.6191790113551693 0.7872375249965597
0.6110982032743613 0.7912779290369638
0.6070577992339572 0.7953183330773679
0.5989769911531491 0.799358737117772
0.6030173951935531 0.799358737117772
0.594936587112745 0.803399141158176
0.5908961830723409 0.80743954519858
0.5828153749915329 0.811479949238984
0.586855779031937 0.811479949238984
0.578774970951129 0.8155203532793881
0.5706941628703208 0.819560757319792
0.5747345669107249 0.819560757319792
0.5666537588299168 0.8236011613601961
0.5626133547895127 0.8276415654006002
0.5545325467087046 0.8316819694410043
0.5464517386278965 0.8357223734814083
0.5504921426683006 0.8357223734814083
0.5424113345874926 0.8397627775218124
0.5343305265066844 0.8438031815622163
0.5383709305470885 0.8438031815622163
0.5302901224662804 0.8478435856026204
0.5222093143854722 0.8518839896430245
0.5262497184258763 0.8518839896430245
0.5181689103450683 0.8559243936834284
0.5100881022642602 0.8599647977238325
0.5020072941834521 0.8640052017642366
0.5060476982238562 0.8640052017642366
0.493926486102644 0.8680456058046406
0.49796689014304807 0.8680456058046406
0.48988608206224 0.8720860098450447
0.4818052739814319 0.8761264138854487
0.47372446590062384 0.8801668179258527
0.47776486994102785 0.8801668179258527
0.46564365781981576 0.8842072219662568
0.4696840618602198 0.8842072219662568
0.4575628497390076 0.8882476260066607
0.4616032537794117 0.8882476260066607
0.4494820416581996 0.8922880300470648
0.4535224456986036 0.8922880300470648
0.44140123357739147 0.8963284340874689
0.44544163761779554 0.8963284340874689
0.43332042549658345 0.9003688381278729
0.43736082953698746 0.9003688381278729
0.4252396174157753 0.904409242168277
0.4292800214561794 0.904409242168277
0.4171588093349673 0.9084496462086811
0.4211992133753713 0.9084496462086811
0.40907800125415916 0.912490050249085
0.3969567891329471 0.9165304542894891
0.4009971931733511 0.9165304542894891
0.388875981052139 0.920570858329893
0.392916385092543 0.920570858329893
0.3807951729713309 0.9246112623702971
0.38483557701173493 0.9246112623702971
0.3686739608501188 0.9286516664107012
0.3727143648905228 0.9286516664107012
0.3605931527693107 0.9326920704511052
0.36463355680971477 0.9326920704511052
0.3484719406480986 0.9367324744915093
0.3525123446885026 0.9367324744915093
0.33635072852688647 0.9407728785319134
0.3403911325672905 0.9407728785319134
0.3242295164056743 0.9448132825723174
0.3282699204460784 0.9448132825723174
0.3323103244864824 0.9448132825723174
0.31210830428446223 0.9488536866127214
0.31614870832486625 0.9488536866127214
0.32018911236527026 0.9488536866127214
0.2999870921632501 0.9528940906531255
0.3040274962036541 0.9528940906531255
0.30806790024405817 0.9528940906531255
