# x y
0.6999964229438544 0.7145102522692871
0.6959560189034504 0.7185506563096911
0.6919156148630464 0.7225910603500951
0.6878752108226424 0.7266314643904992
0.6838348067822383 0.7306718684309033
0.6797944027418343 0.7347122724713073
0.6757539987014303 0.7387526765117113
0.6636327865802181 0.7468334845925194
0.659592382539814 0.7508738886329235
0.65555197849941 0.7549142926733274
0.651511574459006 0.7589546967137315
0.647471170418602 0.7629951007541356
0.643430766378198 0.7670355047945396
0.6353499582973898 0.7710759088349436
0.6313095542569858 0.7751163128753477
0.6272691502165817 0.7791567169157517
0.6232287461761776 0.7831971209561558
0.6151479380953696 0.7872375249965597
0.6111075340549657 0.7912779290369638
0.6070671300145616 0.7953183330773679
0.6030267259741575 0.799358737117772
0.5949459178933494 0.803399141158176
0.5909055138529453 0.80743954519858
0.5828247057721373 0.811479949238984
0.5787843017317333 0.8155203532793881
0.5747438976913293 0.819560757319792
0.5666630896105211 0.8236011613601961
0.5626226855701171 0.8276415654006002
0.5545418774893089 0.8316819694410043
0.550501473448905 0.8357223734814083
0.542420665368097 0.8397627775218124
0.5383802613276929 0.8438031815622163
0.5302994532468848 0.8478435856026204
0.5222186451660766 0.8518839896430245
0.5262590492064807 0.8518839896430245
0.5181782411256727 0.8559243936834284
0.5100974330448645 0.8599647977238325
0.5020166249640565 0.8640052017642366
0.5060570290044606 0.8640052017642366
0.49797622092365246 0.8680456058046406
0.4898954128428444 0.8720860098450447
0.4818146047620363 0.8761264138854487
0.4737337966812282 0.8801668179258527
0.46565298860042015 0.8842072219662568
0.4696933926408242 0.8842072219662568
0.457572180519612 0.8882476260066607
0.4616125845600161 0.8882476260066607
0.449491372438804 0.8922880300470648
0.453531776479208 0.8922880300470648
0.44141056435799586 0.8963284340874689
0.4454509683983999 0.8963284340874689
0.43332975627718784 0.9003688381278729
0.43737016031759185 0.9003688381278729
0.4252489481963797 0.904409242168277
0.42928935223678377 0.904409242168277
0.4171681401155717 0.9084496462086811
0.4212085441559757 0.9084496462086811
0.40908733203476355 0.912490050249085
0.4010065239539555 0.9165304542894891
0.3888853118327434 0.920570858329893
0.3929257158731474 0.920570858329893
0.3808045037519353 0.9246112623702971
0.3848449077923393 0.9246112623702971
0.36868329163072316 0.9286516664107012
0.3727236956711272 0.9286516664107012
0.3606024835499151 0.9326920704511052
0.36464288759031915 0.9326920704511052
0.348481271428703 0.9367324744915093
0.352521675469107 0.9367324744915093
0.34040046334789487 0.9407728785319134
0.3282792512266828 0.9448132825723174
0.31615803910547063 0.9488536866127214
0.32019844314587464 0.9488536866127214
0.3040368269842585 0.9528940906531255
0.30807723102466256 0.9528940906531255
