# x y
0.6959143376202908 0.7145102522692871
0.6999547416606948 0.7145102522692871
0.6918739335798867 0.7185506563096911
0.6959143376202908 0.7185506563096911
0.6878335295394826 0.7225910603500951
0.6918739335798867 0.7225910603500951
0.6837931254990786 0.7266314643904992
0.6878335295394826 0.7266314643904992
0.6797527214586746 0.7306718684309033
0.6837931254990786 0.7306718684309033
0.6757123174182705 0.7347122724713073
0.6797527214586746 0.7347122724713073
0.6716719133778666 0.7387526765117113
0.6757123174182705 0.7387526765117113
0.6676315093374625 0.7427930805521153
0.6716719133778666 0.7427930805521153
0.6635911052970584 0.7468334845925194
0.6676315093374625 0.7468334845925194
0.6595507012566544 0.7508738886329235
0.6635911052970584 0.7508738886329235
0.6555102972162503 0.7549142926733274
0.6595507012566544 0.7549142926733274
0.6474294891354423 0.7589546967137315
0.6514698931758462 0.7589546967137315
0.6433890850950382 0.7629951007541356
0.6474294891354423 0.7629951007541356
0.6393486810546343 0.7670355047945396
0.6433890850950382 0.7670355047945396
0.6353082770142302 0.7710759088349436
0.6393486810546343 0.7710759088349436
0.6312678729738261 0.7751163128753477
0.6353082770142302 0.7751163128753477
0.623187064893018 0.7791567169157517
0.6272274689334221 0.7791567169157517
0.6191466608526139 0.7831971209561558
0.623187064893018 0.7831971209561558
0.6151062568122099 0.7872375249965597
0.6191466608526139 0.7872375249965597
0.6070254487314019 0.7912779290369638
0.6110658527718059 0.7912779290369638
0.6151062568122099 0.7912779290369638
0.6029850446909979 0.7953183330773679
0.6070254487314019 0.7953183330773679
0.5989446406505938 0.799358737117772
0.6029850446909979 0.799358737117772
0.5908638325697857 0.803399141158176
0.5949042366101898 0.803399141158176
0.5989446406505938 0.803399141158176
0.5868234285293816 0.80743954519858
0.5908638325697857 0.80743954519858
0.5827830244889776 0.811479949238984
0.5868234285293816 0.811479949238984
0.5747022164081695 0.8155203532793881
0.5787426204485736 0.8155203532793881
0.5827830244889776 0.8155203532793881
0.5706618123677656 0.819560757319792
0.5747022164081695 0.819560757319792
0.5625810042869575 0.8236011613601961
0.5666214083273615 0.8236011613601961
0.5706618123677656 0.8236011613601961
0.5585406002465534 0.8276415654006002
0.5625810042869575 0.8276415654006002
0.5504597921657453 0.8316819694410043
0.5545001962061493 0.8316819694410043
0.5585406002465534 0.8316819694410043
0.5464193881253413 0.8357223734814083
0.5504597921657453 0.8357223734814083
0.5383385800445332 0.8397627775218124
0.5423789840849372 0.8397627775218124
0.5464193881253413 0.8397627775218124
0.5342981760041292 0.8438031815622163
0.5383385800445332 0.8438031815622163
0.5262173679233211 0.8478435856026204
0.5302577719637251 0.8478435856026204
0.5342981760041292 0.8478435856026204
0.522176963882917 0.8518839896430245
0.5262173679233211 0.8518839896430245
0.5140961558021089 0.8559243936834284
0.518136559842513 0.8559243936834284
0.522176963882917 0.8559243936834284
0.5060153477213009 0.8599647977238325
0.5100557517617049 0.8599647977238325
0.5140961558021089 0.8599647977238325
0.5019749436808968 0.8640052017642366
0.5060153477213009 0.8640052017642366
0.49389413560008877 0.8680456058046406
0.4979345396404928 0.8680456058046406
0.48581332751928064 0.8720860098450447
0.4898537315596847 0.8720860098450447
0.49389413560008877 0.8720860098450447
0.4777325194384726 0.8761264138854487
0.4817729234788766 0.8761264138854487
0.48581332751928064 0.8761264138854487
0.4696517113576645 0.8801668179258527
0.47369211539806855 0.8801668179258527
0.4777325194384726 0.8801668179258527
0.4615709032768564 0.8842072219662568
0.46561130731726047 0.8842072219662568
0.4696517113576645 0.8842072219662568
0.4534900951960483 0.8882476260066607
0.4575304992364524 0.8882476260066607
0.4615709032768564 0.8882476260066607
0.44540928711524025 0.8922880300470648
0.44944969115564426 0.8922880300470648
0.4534900951960483 0.8922880300470648
0.43732847903443217 0.8963284340874689
0.44136888307483624 0.8963284340874689
0.44540928711524025 0.8963284340874689
0.44944969115564426 0.8963284340874689
0.4292476709536241 0.9003688381278729
0.4332880749940281 0.9003688381278729
0.43732847903443217 0.9003688381278729
0.421166862872816 0.904409242168277
0.4252072669132201 0.904409242168277
0.4292476709536241 0.904409242168277
0.41308605479200794 0.9084496462086811
0.41712645883241195 0.9084496462086811
0.421166862872816 0.9084496462086811
0.40500524671119986 0.912490050249085
0.4090456507516039 0.912490050249085
0.41308605479200794 0.912490050249085
0.3969244386303918 0.9165304542894891
0.4009648426707958 0.9165304542894891
0.40500524671119986 0.9165304542894891
0.38480322650917964 0.920570858329893
0.3888436305495837 0.920570858329893
0.3928840345899877 0.920570858329893
0.3969244386303918 0.920570858329893
0.37672241842837156 0.9246112623702971
0.3807628224687756 0.9246112623702971
0.38480322650917964 0.9246112623702971
0.3646012063071594 0.9286516664107012
0.3686416103475635 0.9286516664107012
0.37268201438796755 0.9286516664107012
0.37672241842837156 0.9286516664107012
0.3565203982263514 0.9326920704511052
0.3605608022667554 0.9326920704511052
0.3646012063071594 0.9326920704511052
0.34439918610513925 0.9367324744915093
0.34843959014554327 0.9367324744915093
0.35247999418594733 0.9367324744915093
0.3565203982263514 0.9367324744915093
0.3322779739839271 0.9407728785319134
0.3363183780243312 0.9407728785319134
0.3403587820647352 0.9407728785319134
0.34439918610513925 0.9407728785319134
0.320156761862715 0.9448132825723174
0.32419716590311903 0.9448132825723174
0.3282375699435231 0.9448132825723174
0.3322779739839271 0.9448132825723174
0.3080355497415029 0.9488536866127214
0.3120759537819069 0.9488536866127214
0.31611635782231096 0.9488536866127214
0.320156761862715 0.9488536866127214
0.2999547416606948 0.9528940906531255
0.30399514570109887 0.9528940906531255
0.3080355497415029 0.9528940906531255
