# x y
0.6595507012566544 0.7629951007541356
0.6474294891354423 0.7751163128753477
0.6312678729738261 0.7872375249965597
0.6353082770142302 0.7872375249965597
0.6151062568122099 0.803399141158176
0.5949042366101898 0.8316819694410043
0.5019749436808968 0.8761264138854487
0.5019749436808968 0.8801668179258527
0.522176963882917 0.8801668179258527
0.4292476709536241 0.912490050249085
0.41712645883241195 0.9246112623702971
0.3686416103475635 0.9407728785319134
0.3807628224687756 0.9407728785319134
0.3605608022667554 0.9488536866127214
0.3322779739839271 0.9528940906531255
0.3646012063071594 0.9609748987339335
0.3080355497415029 0.9811769189359537
