# x y
0.6989562307935893 0.698348636107671
0.6949158267531852 0.702389040148075
0.6989562307935893 0.702389040148075
0.6908754227127811 0.706429444188479
0.6949158267531852 0.706429444188479
0.6989562307935893 0.706429444188479
0.6868350186723771 0.710469848228883
0.6908754227127811 0.710469848228883
0.6949158267531852 0.710469848228883
0.6989562307935893 0.710469848228883
0.682794614631973 0.7145102522692871
0.6868350186723771 0.7145102522692871
0.6908754227127811 0.7145102522692871
0.6949158267531852 0.7145102522692871
0.6989562307935893 0.7145102522692871
0.6787542105915689 0.7185506563096911
0.682794614631973 0.7185506563096911
0.6868350186723771 0.7185506563096911
0.6908754227127811 0.7185506563096911
0.6949158267531852 0.7185506563096911
0.6989562307935893 0.7185506563096911
0.6747138065511649 0.7225910603500951
0.6787542105915689 0.7225910603500951
0.682794614631973 0.7225910603500951
0.6868350186723771 0.7225910603500951
0.6908754227127811 0.7225910603500951
0.6949158267531852 0.7225910603500951
0.6989562307935893 0.7225910603500951
0.6706734025107609 0.7266314643904992
0.6747138065511649 0.7266314643904992
0.6787542105915689 0.7266314643904992
0.682794614631973 0.7266314643904992
0.6868350186723771 0.7266314643904992
0.6908754227127811 0.7266314643904992
0.6949158267531852 0.7266314643904992
0.6989562307935893 0.7266314643904992
0.6666329984703568 0.7306718684309033
0.6706734025107609 0.7306718684309033
0.6747138065511649 0.7306718684309033
0.6787542105915689 0.7306718684309033
0.682794614631973 0.7306718684309033
0.6868350186723771 0.7306718684309033
0.6908754227127811 0.7306718684309033
0.6949158267531852 0.7306718684309033
0.6989562307935893 0.7306718684309033
0.6585521903895488 0.7347122724713073
0.6625925944299529 0.7347122724713073
0.6666329984703568 0.7347122724713073
0.6706734025107609 0.7347122724713073
0.6747138065511649 0.7347122724713073
0.6787542105915689 0.7347122724713073
0.682794614631973 0.7347122724713073
0.6868350186723771 0.7347122724713073
0.6908754227127811 0.7347122724713073
0.6545117863491448 0.7387526765117113
0.6585521903895488 0.7387526765117113
0.6625925944299529 0.7387526765117113
0.6666329984703568 0.7387526765117113
0.6706734025107609 0.7387526765117113
0.6747138065511649 0.7387526765117113
0.6787542105915689 0.7387526765117113
0.682794614631973 0.7387526765117113
0.6868350186723771 0.7387526765117113
0.6504713823087407 0.7427930805521153
0.6545117863491448 0.7427930805521153
0.6585521903895488 0.7427930805521153
0.6625925944299529 0.7427930805521153
0.6666329984703568 0.7427930805521153
0.6706734025107609 0.7427930805521153
0.6747138065511649 0.7427930805521153
0.6787542105915689 0.7427930805521153
0.682794614631973 0.7427930805521153
0.6868350186723771 0.7427930805521153
0.6464309782683366 0.7468334845925194
0.6504713823087407 0.7468334845925194
0.6545117863491448 0.7468334845925194
0.6585521903895488 0.7468334845925194
0.6625925944299529 0.7468334845925194
0.6666329984703568 0.7468334845925194
0.6706734025107609 0.7468334845925194
0.6747138065511649 0.7468334845925194
0.6787542105915689 0.7468334845925194
0.6423905742279326 0.7508738886329235
0.6464309782683366 0.7508738886329235
0.6504713823087407 0.7508738886329235
0.6545117863491448 0.7508738886329235
0.6585521903895488 0.7508738886329235
0.6625925944299529 0.7508738886329235
0.6666329984703568 0.7508738886329235
0.6706734025107609 0.7508738886329235
0.6747138065511649 0.7508738886329235
0.6383501701875286 0.7549142926733274
0.6423905742279326 0.7549142926733274
0.6464309782683366 0.7549142926733274
0.6504713823087407 0.7549142926733274
0.6545117863491448 0.7549142926733274
0.6585521903895488 0.7549142926733274
0.6625925944299529 0.7549142926733274
0.6666329984703568 0.7549142926733274
0.6706734025107609 0.7549142926733274
0.6302693621067206 0.7589546967137315
0.6343097661471245 0.7589546967137315
0.6383501701875286 0.7589546967137315
0.6423905742279326 0.7589546967137315
0.6464309782683366 0.7589546967137315
0.6504713823087407 0.7589546967137315
0.6545117863491448 0.7589546967137315
0.6585521903895488 0.7589546967137315
0.6625925944299529 0.7589546967137315
0.6666329984703568 0.7589546967137315
0.6262289580663165 0.7629951007541356
0.6302693621067206 0.7629951007541356
0.6343097661471245 0.7629951007541356
0.6383501701875286 0.7629951007541356
0.6423905742279326 0.7629951007541356
0.6464309782683366 0.7629951007541356
0.6504713823087407 0.7629951007541356
0.6545117863491448 0.7629951007541356
0.6585521903895488 0.7629951007541356
0.6625925944299529 0.7629951007541356
0.6221885540259124 0.7670355047945396
0.6262289580663165 0.7670355047945396
0.6302693621067206 0.7670355047945396
0.6343097661471245 0.7670355047945396
0.6383501701875286 0.7670355047945396
0.6423905742279326 0.7670355047945396
0.6464309782683366 0.7670355047945396
0.6504713823087407 0.7670355047945396
0.6545117863491448 0.7670355047945396
0.6585521903895488 0.7670355047945396
0.6181481499855084 0.7710759088349436
0.6221885540259124 0.7710759088349436
0.6262289580663165 0.7710759088349436
0.6302693621067206 0.7710759088349436
0.6343097661471245 0.7710759088349436
0.6383501701875286 0.7710759088349436
0.6423905742279326 0.7710759088349436
0.6464309782683366 0.7710759088349436
0.6504713823087407 0.7710759088349436
0.6141077459451043 0.7751163128753477
0.6181481499855084 0.7751163128753477
0.6221885540259124 0.7751163128753477
0.6262289580663165 0.7751163128753477
0.6302693621067206 0.7751163128753477
0.6343097661471245 0.7751163128753477
0.6383501701875286 0.7751163128753477
0.6423905742279326 0.7751163128753477
0.6464309782683366 0.7751163128753477
0.6060269378642962 0.7791567169157517
0.6100673419047002 0.7791567169157517
0.6141077459451043 0.7791567169157517
0.6181481499855084 0.7791567169157517
0.6221885540259124 0.7791567169157517
0.6262289580663165 0.7791567169157517
0.6302693621067206 0.7791567169157517
0.6343097661471245 0.7791567169157517
0.6383501701875286 0.7791567169157517
0.6423905742279326 0.7791567169157517
0.6019865338238922 0.7831971209561558
0.6060269378642962 0.7831971209561558
0.6100673419047002 0.7831971209561558
0.6141077459451043 0.7831971209561558
0.6181481499855084 0.7831971209561558
0.6221885540259124 0.7831971209561558
0.6262289580663165 0.7831971209561558
0.6302693621067206 0.7831971209561558
0.6343097661471245 0.7831971209561558
0.6383501701875286 0.7831971209561558
0.5979461297834882 0.7872375249965597
0.6019865338238922 0.7872375249965597
0.6060269378642962 0.7872375249965597
0.6100673419047002 0.7872375249965597
0.6141077459451043 0.7872375249965597
0.6181481499855084 0.7872375249965597
0.6221885540259124 0.7872375249965597
0.6262289580663165 0.7872375249965597
0.6302693621067206 0.7872375249965597
0.6343097661471245 0.7872375249965597
0.5939057257430842 0.7912779290369638
0.5979461297834882 0.7912779290369638
0.6019865338238922 0.7912779290369638
0.6060269378642962 0.7912779290369638
0.6100673419047002 0.7912779290369638
0.6141077459451043 0.7912779290369638
0.6181481499855084 0.7912779290369638
0.6221885540259124 0.7912779290369638
0.6262289580663165 0.7912779290369638
0.6302693621067206 0.7912779290369638
0.5858249176622761 0.7953183330773679
0.5898653217026801 0.7953183330773679
0.5939057257430842 0.7953183330773679
0.5979461297834882 0.7953183330773679
0.6019865338238922 0.7953183330773679
0.6060269378642962 0.7953183330773679
0.6100673419047002 0.7953183330773679
0.6141077459451043 0.7953183330773679
0.6181481499855084 0.7953183330773679
0.6221885540259124 0.7953183330773679
0.581784513621872 0.799358737117772
0.5858249176622761 0.799358737117772
0.5898653217026801 0.799358737117772
0.5939057257430842 0.799358737117772
0.5979461297834882 0.799358737117772
0.6019865338238922 0.799358737117772
0.6060269378642962 0.799358737117772
0.6100673419047002 0.799358737117772
0.6141077459451043 0.799358737117772
0.6181481499855084 0.799358737117772
0.5737037055410639 0.803399141158176
0.5777441095814679 0.803399141158176
0.581784513621872 0.803399141158176
0.5858249176622761 0.803399141158176
0.5898653217026801 0.803399141158176
0.5939057257430842 0.803399141158176
0.5979461297834882 0.803399141158176
0.6019865338238922 0.803399141158176
0.6060269378642962 0.803399141158176
0.6100673419047002 0.803399141158176
0.5696633015006599 0.80743954519858
0.5737037055410639 0.80743954519858
0.5777441095814679 0.80743954519858
0.581784513621872 0.80743954519858
0.5858249176622761 0.80743954519858
0.5898653217026801 0.80743954519858
0.5939057257430842 0.80743954519858
0.5979461297834882 0.80743954519858
0.6019865338238922 0.80743954519858
0.6060269378642962 0.80743954519858
0.5615824934198519 0.811479949238984
0.5656228974602558 0.811479949238984
0.5696633015006599 0.811479949238984
0.5737037055410639 0.811479949238984
0.5777441095814679 0.811479949238984
0.581784513621872 0.811479949238984
0.5858249176622761 0.811479949238984
0.5898653217026801 0.811479949238984
0.5939057257430842 0.811479949238984
0.5979461297834882 0.811479949238984
0.6019865338238922 0.811479949238984
0.5575420893794478 0.8155203532793881
0.5615824934198519 0.8155203532793881
0.5656228974602558 0.8155203532793881
0.5696633015006599 0.8155203532793881
0.5737037055410639 0.8155203532793881
0.5777441095814679 0.8155203532793881
0.581784513621872 0.8155203532793881
0.5858249176622761 0.8155203532793881
0.5898653217026801 0.8155203532793881
0.5939057257430842 0.8155203532793881
0.5494612812986397 0.819560757319792
0.5535016853390438 0.819560757319792
0.5575420893794478 0.819560757319792
0.5615824934198519 0.819560757319792
0.5656228974602558 0.819560757319792
0.5696633015006599 0.819560757319792
0.5737037055410639 0.819560757319792
0.5777441095814679 0.819560757319792
0.581784513621872 0.819560757319792
0.5858249176622761 0.819560757319792
0.5898653217026801 0.819560757319792
0.5454208772582356 0.8236011613601961
0.5494612812986397 0.8236011613601961
0.5535016853390438 0.8236011613601961
0.5575420893794478 0.8236011613601961
0.5615824934198519 0.8236011613601961
0.5656228974602558 0.8236011613601961
0.5696633015006599 0.8236011613601961
0.5737037055410639 0.8236011613601961
0.5777441095814679 0.8236011613601961
0.581784513621872 0.8236011613601961
0.5858249176622761 0.8236011613601961
0.5373400691774276 0.8276415654006002
0.5413804732178316 0.8276415654006002
0.5454208772582356 0.8276415654006002
0.5494612812986397 0.8276415654006002
0.5535016853390438 0.8276415654006002
0.5575420893794478 0.8276415654006002
0.5615824934198519 0.8276415654006002
0.5656228974602558 0.8276415654006002
0.5696633015006599 0.8276415654006002
0.5737037055410639 0.8276415654006002
0.5777441095814679 0.8276415654006002
0.581784513621872 0.8276415654006002
0.5332996651370235 0.8316819694410043
0.5373400691774276 0.8316819694410043
0.5413804732178316 0.8316819694410043
0.5454208772582356 0.8316819694410043
0.5494612812986397 0.8316819694410043
0.5535016853390438 0.8316819694410043
0.5575420893794478 0.8316819694410043
0.5615824934198519 0.8316819694410043
0.5656228974602558 0.8316819694410043
0.5696633015006599 0.8316819694410043
0.5737037055410639 0.8316819694410043
0.5252188570562155 0.8357223734814083
0.5292592610966195 0.8357223734814083
0.5332996651370235 0.8357223734814083
0.5373400691774276 0.8357223734814083
0.5413804732178316 0.8357223734814083
0.5454208772582356 0.8357223734814083
0.5494612812986397 0.8357223734814083
0.5535016853390438 0.8357223734814083
0.5575420893794478 0.8357223734814083
0.5615824934198519 0.8357223734814083
0.5656228974602558 0.8357223734814083
0.5696633015006599 0.8357223734814083
0.5211784530158114 0.8397627775218124
0.5252188570562155 0.8397627775218124
0.5292592610966195 0.8397627775218124
0.5332996651370235 0.8397627775218124
0.5373400691774276 0.8397627775218124
0.5413804732178316 0.8397627775218124
0.5454208772582356 0.8397627775218124
0.5494612812986397 0.8397627775218124
0.5535016853390438 0.8397627775218124
0.5575420893794478 0.8397627775218124
0.5615824934198519 0.8397627775218124
0.5130976449350033 0.8438031815622163
0.5171380489754074 0.8438031815622163
0.5211784530158114 0.8438031815622163
0.5252188570562155 0.8438031815622163
0.5292592610966195 0.8438031815622163
0.5332996651370235 0.8438031815622163
0.5373400691774276 0.8438031815622163
0.5413804732178316 0.8438031815622163
0.5454208772582356 0.8438031815622163
0.5494612812986397 0.8438031815622163
0.5535016853390438 0.8438031815622163
0.5050168368541952 0.8478435856026204
0.5090572408945992 0.8478435856026204
0.5130976449350033 0.8478435856026204
0.5171380489754074 0.8478435856026204
0.5211784530158114 0.8478435856026204
0.5252188570562155 0.8478435856026204
0.5292592610966195 0.8478435856026204
0.5332996651370235 0.8478435856026204
0.5373400691774276 0.8478435856026204
0.5413804732178316 0.8478435856026204
0.5454208772582356 0.8478435856026204
0.5494612812986397 0.8478435856026204
0.5009764328137912 0.8518839896430245
0.5050168368541952 0.8518839896430245
0.5090572408945992 0.8518839896430245
0.5130976449350033 0.8518839896430245
0.5171380489754074 0.8518839896430245
0.5211784530158114 0.8518839896430245
0.5252188570562155 0.8518839896430245
0.5292592610966195 0.8518839896430245
0.5332996651370235 0.8518839896430245
0.5373400691774276 0.8518839896430245
0.5413804732178316 0.8518839896430245
0.4928956247329831 0.8559243936834284
0.49693602877338716 0.8559243936834284
0.5009764328137912 0.8559243936834284
0.5050168368541952 0.8559243936834284
0.5090572408945992 0.8559243936834284
0.5130976449350033 0.8559243936834284
0.5171380489754074 0.8559243936834284
0.5211784530158114 0.8559243936834284
0.5252188570562155 0.8559243936834284
0.5292592610966195 0.8559243936834284
0.5332996651370235 0.8559243936834284
0.5373400691774276 0.8559243936834284
0.4848148166521751 0.8599647977238325
0.4888552206925791 0.8599647977238325
0.4928956247329831 0.8599647977238325
0.49693602877338716 0.8599647977238325
0.5009764328137912 0.8599647977238325
0.5050168368541952 0.8599647977238325
0.5090572408945992 0.8599647977238325
0.5130976449350033 0.8599647977238325
0.5171380489754074 0.8599647977238325
0.5211784530158114 0.8599647977238325
0.5252188570562155 0.8599647977238325
0.5292592610966195 0.8599647977238325
0.47673400857136694 0.8640052017642366
0.480774412611771 0.8640052017642366
0.4848148166521751 0.8640052017642366
0.4888552206925791 0.8640052017642366
0.4928956247329831 0.8640052017642366
0.49693602877338716 0.8640052017642366
0.5009764328137912 0.8640052017642366
0.5050168368541952 0.8640052017642366
0.5090572408945992 0.8640052017642366
0.5130976449350033 0.8640052017642366
0.5171380489754074 0.8640052017642366
0.5211784530158114 0.8640052017642366
0.5252188570562155 0.8640052017642366
0.47269360453096293 0.8680456058046406
0.47673400857136694 0.8680456058046406
0.480774412611771 0.8680456058046406
0.4848148166521751 0.8680456058046406
0.4888552206925791 0.8680456058046406
0.4928956247329831 0.8680456058046406
0.49693602877338716 0.8680456058046406
0.5009764328137912 0.8680456058046406
0.5050168368541952 0.8680456058046406
0.5090572408945992 0.8680456058046406
0.5130976449350033 0.8680456058046406
0.5171380489754074 0.8680456058046406
0.46461279645015485 0.8720860098450447
0.4686532004905589 0.8720860098450447
0.47269360453096293 0.8720860098450447
0.47673400857136694 0.8720860098450447
0.480774412611771 0.8720860098450447
0.4848148166521751 0.8720860098450447
0.4888552206925791 0.8720860098450447
0.4928956247329831 0.8720860098450447
0.49693602877338716 0.8720860098450447
0.5009764328137912 0.8720860098450447
0.5050168368541952 0.8720860098450447
0.5090572408945992 0.8720860098450447
0.4565319883693467 0.8761264138854487
0.4605723924097508 0.8761264138854487
0.46461279645015485 0.8761264138854487
0.4686532004905589 0.8761264138854487
0.47269360453096293 0.8761264138854487
0.47673400857136694 0.8761264138854487
0.480774412611771 0.8761264138854487
0.4848148166521751 0.8761264138854487
0.4888552206925791 0.8761264138854487
0.4928956247329831 0.8761264138854487
0.49693602877338716 0.8761264138854487
0.5009764328137912 0.8761264138854487
0.5050168368541952 0.8761264138854487
0.4484511802885387 0.8801668179258527
0.4524915843289427 0.8801668179258527
0.4565319883693467 0.8801668179258527
0.4605723924097508 0.8801668179258527
0.46461279645015485 0.8801668179258527
0.4686532004905589 0.8801668179258527
0.47269360453096293 0.8801668179258527
0.47673400857136694 0.8801668179258527
0.480774412611771 0.8801668179258527
0.4848148166521751 0.8801668179258527
0.4888552206925791 0.8801668179258527
0.4928956247329831 0.8801668179258527
0.49693602877338716 0.8801668179258527
0.44037037220773056 0.8842072219662568
0.44441077624813463 0.8842072219662568
0.4484511802885387 0.8842072219662568
0.4524915843289427 0.8842072219662568
0.4565319883693467 0.8842072219662568
0.4605723924097508 0.8842072219662568
0.46461279645015485 0.8842072219662568
0.4686532004905589 0.8842072219662568
0.47269360453096293 0.8842072219662568
0.47673400857136694 0.8842072219662568
0.480774412611771 0.8842072219662568
0.4848148166521751 0.8842072219662568
0.4888552206925791 0.8842072219662568
0.43228956412692254 0.8882476260066607
0.43632996816732655 0.8882476260066607
0.44037037220773056 0.8882476260066607
0.44441077624813463 0.8882476260066607
0.4484511802885387 0.8882476260066607
0.4524915843289427 0.8882476260066607
0.4565319883693467 0.8882476260066607
0.4605723924097508 0.8882476260066607
0.46461279645015485 0.8882476260066607
0.4686532004905589 0.8882476260066607
0.47269360453096293 0.8882476260066607
0.47673400857136694 0.8882476260066607
0.480774412611771 0.8882476260066607
0.4242087560461144 0.8922880300470648
0.4282491600865185 0.8922880300470648
0.43228956412692254 0.8922880300470648
0.43632996816732655 0.8922880300470648
0.44037037220773056 0.8922880300470648
0.44441077624813463 0.8922880300470648
0.4484511802885387 0.8922880300470648
0.4524915843289427 0.8922880300470648
0.4565319883693467 0.8922880300470648
0.4605723924097508 0.8922880300470648
0.46461279645015485 0.8922880300470648
0.4686532004905589 0.8922880300470648
0.47269360453096293 0.8922880300470648
0.47673400857136694 0.8922880300470648
0.4161279479653064 0.8963284340874689
0.4201683520057104 0.8963284340874689
0.4242087560461144 0.8963284340874689
0.4282491600865185 0.8963284340874689
0.43228956412692254 0.8963284340874689
0.43632996816732655 0.8963284340874689
0.44037037220773056 0.8963284340874689
0.44441077624813463 0.8963284340874689
0.4484511802885387 0.8963284340874689
0.4524915843289427 0.8963284340874689
0.4565319883693467 0.8963284340874689
0.4605723924097508 0.8963284340874689
0.46461279645015485 0.8963284340874689
0.4686532004905589 0.8963284340874689
0.40400673584409424 0.9003688381278729
0.40804713988449826 0.9003688381278729
0.4120875439249023 0.9003688381278729
0.4161279479653064 0.9003688381278729
0.4201683520057104 0.9003688381278729
0.4242087560461144 0.9003688381278729
0.4282491600865185 0.9003688381278729
0.43228956412692254 0.9003688381278729
0.43632996816732655 0.9003688381278729
0.44037037220773056 0.9003688381278729
0.44441077624813463 0.9003688381278729
0.4484511802885387 0.9003688381278729
0.4524915843289427 0.9003688381278729
0.4565319883693467 0.9003688381278729
0.4605723924097508 0.9003688381278729
0.39592592776328617 0.904409242168277
0.3999663318036902 0.904409242168277
0.40400673584409424 0.904409242168277
0.40804713988449826 0.904409242168277
0.4120875439249023 0.904409242168277
0.4161279479653064 0.904409242168277
0.4201683520057104 0.904409242168277
0.4242087560461144 0.904409242168277
0.4282491600865185 0.904409242168277
0.43228956412692254 0.904409242168277
0.43632996816732655 0.904409242168277
0.44037037220773056 0.904409242168277
0.44441077624813463 0.904409242168277
0.4484511802885387 0.904409242168277
0.4524915843289427 0.904409242168277
0.3878451196824781 0.9084496462086811
0.3918855237228821 0.9084496462086811
0.39592592776328617 0.9084496462086811
0.3999663318036902 0.9084496462086811
0.40400673584409424 0.9084496462086811
0.40804713988449826 0.9084496462086811
0.4120875439249023 0.9084496462086811
0.4161279479653064 0.9084496462086811
0.4201683520057104 0.9084496462086811
0.4242087560461144 0.9084496462086811
0.4282491600865185 0.9084496462086811
0.43228956412692254 0.9084496462086811
0.43632996816732655 0.9084496462086811
0.44037037220773056 0.9084496462086811
0.44441077624813463 0.9084496462086811
0.37572390756126595 0.912490050249085
0.37976431160167 0.912490050249085
0.383804715642074 0.912490050249085
0.3878451196824781 0.912490050249085
0.3918855237228821 0.912490050249085
0.39592592776328617 0.912490050249085
0.3999663318036902 0.912490050249085
0.40400673584409424 0.912490050249085
0.40804713988449826 0.912490050249085
0.4120875439249023 0.912490050249085
0.4161279479653064 0.912490050249085
0.4201683520057104 0.912490050249085
0.4242087560461144 0.912490050249085
0.4282491600865185 0.912490050249085
0.43228956412692254 0.912490050249085
0.43632996816732655 0.912490050249085
0.36764309948045787 0.9165304542894891
0.3716835035208619 0.9165304542894891
0.37572390756126595 0.9165304542894891
0.37976431160167 0.9165304542894891
0.383804715642074 0.9165304542894891
0.3878451196824781 0.9165304542894891
0.3918855237228821 0.9165304542894891
0.39592592776328617 0.9165304542894891
0.3999663318036902 0.9165304542894891
0.40400673584409424 0.9165304542894891
0.40804713988449826 0.9165304542894891
0.4120875439249023 0.9165304542894891
0.4161279479653064 0.9165304542894891
0.4201683520057104 0.9165304542894891
0.4242087560461144 0.9165304542894891
0.4282491600865185 0.9165304542894891
0.3555218873592457 0.920570858329893
0.3595622913996498 0.920570858329893
0.36360269544005386 0.920570858329893
0.36764309948045787 0.920570858329893
0.3716835035208619 0.920570858329893
0.37572390756126595 0.920570858329893
0.37976431160167 0.920570858329893
0.383804715642074 0.920570858329893
0.3878451196824781 0.920570858329893
0.3918855237228821 0.920570858329893
0.39592592776328617 0.920570858329893
0.3999663318036902 0.920570858329893
0.40400673584409424 0.920570858329893
0.40804713988449826 0.920570858329893
0.4120875439249023 0.920570858329893
0.4161279479653064 0.920570858329893
0.3474410792784377 0.9246112623702971
0.3514814833188417 0.9246112623702971
0.3555218873592457 0.9246112623702971
0.3595622913996498 0.9246112623702971
0.36360269544005386 0.9246112623702971
0.36764309948045787 0.9246112623702971
0.3716835035208619 0.9246112623702971
0.37572390756126595 0.9246112623702971
0.37976431160167 0.9246112623702971
0.383804715642074 0.9246112623702971
0.3878451196824781 0.9246112623702971
0.3918855237228821 0.9246112623702971
0.39592592776328617 0.9246112623702971
0.3999663318036902 0.9246112623702971
0.40400673584409424 0.9246112623702971
0.40804713988449826 0.9246112623702971
0.33531986715722556 0.9286516664107012
0.33936027119762957 0.9286516664107012
0.34340067523803364 0.9286516664107012
0.3474410792784377 0.9286516664107012
0.3514814833188417 0.9286516664107012
0.3555218873592457 0.9286516664107012
0.3595622913996498 0.9286516664107012
0.36360269544005386 0.9286516664107012
0.36764309948045787 0.9286516664107012
0.3716835035208619 0.9286516664107012
0.37572390756126595 0.9286516664107012
0.37976431160167 0.9286516664107012
0.383804715642074 0.9286516664107012
0.3878451196824781 0.9286516664107012
0.3918855237228821 0.9286516664107012
0.39592592776328617 0.9286516664107012
0.3999663318036902 0.9286516664107012
0.3231986550360134 0.9326920704511052
0.3272390590764175 0.9326920704511052
0.3312794631168215 0.9326920704511052
0.33531986715722556 0.9326920704511052
0.33936027119762957 0.9326920704511052
0.34340067523803364 0.9326920704511052
0.3474410792784377 0.9326920704511052
0.3514814833188417 0.9326920704511052
0.3555218873592457 0.9326920704511052
0.3595622913996498 0.9326920704511052
0.36360269544005386 0.9326920704511052
0.36764309948045787 0.9326920704511052
0.3716835035208619 0.9326920704511052
0.37572390756126595 0.9326920704511052
0.37976431160167 0.9326920704511052
0.383804715642074 0.9326920704511052
0.3878451196824781 0.9326920704511052
0.3918855237228821 0.9326920704511052
0.31511784695520534 0.9367324744915093
0.31915825099560935 0.9367324744915093
0.3231986550360134 0.9367324744915093
0.3272390590764175 0.9367324744915093
0.3312794631168215 0.9367324744915093
0.33531986715722556 0.9367324744915093
0.33936027119762957 0.9367324744915093
0.34340067523803364 0.9367324744915093
0.3474410792784377 0.9367324744915093
0.3514814833188417 0.9367324744915093
0.3555218873592457 0.9367324744915093
0.3595622913996498 0.9367324744915093
0.36360269544005386 0.9367324744915093
0.36764309948045787 0.9367324744915093
0.3716835035208619 0.9367324744915093
0.37572390756126595 0.9367324744915093
0.37976431160167 0.9367324744915093
0.2989562307935892 0.9407728785319134
0.3029966348339932 0.9407728785319134
0.30703703887439726 0.9407728785319134
0.3110774429148013 0.9407728785319134
0.31511784695520534 0.9407728785319134
0.31915825099560935 0.9407728785319134
0.3231986550360134 0.9407728785319134
0.3272390590764175 0.9407728785319134
0.3312794631168215 0.9407728785319134
0.33531986715722556 0.9407728785319134
0.33936027119762957 0.9407728785319134
0.34340067523803364 0.9407728785319134
0.3474410792784377 0.9407728785319134
0.3514814833188417 0.9407728785319134
0.3555218873592457 0.9407728785319134
0.3595622913996498 0.9407728785319134
0.36360269544005386 0.9407728785319134
0.36764309948045787 0.9407728785319134
0.3716835035208619 0.9407728785319134
0.2989562307935892 0.9448132825723174
0.3029966348339932 0.9448132825723174
0.30703703887439726 0.9448132825723174
0.3110774429148013 0.9448132825723174
0.31511784695520534 0.9448132825723174
0.31915825099560935 0.9448132825723174
0.3231986550360134 0.9448132825723174
0.3272390590764175 0.9448132825723174
0.3312794631168215 0.9448132825723174
0.33531986715722556 0.9448132825723174
0.33936027119762957 0.9448132825723174
0.34340067523803364 0.9448132825723174
0.3474410792784377 0.9448132825723174
0.3514814833188417 0.9448132825723174
0.3555218873592457 0.9448132825723174
0.3595622913996498 0.9448132825723174
0.2989562307935892 0.9488536866127214
0.3029966348339932 0.9488536866127214
0.30703703887439726 0.9488536866127214
0.3110774429148013 0.9488536866127214
0.31511784695520534 0.9488536866127214
0.31915825099560935 0.9488536866127214
0.3231986550360134 0.9488536866127214
0.3272390590764175 0.9488536866127214
0.3312794631168215 0.9488536866127214
0.33531986715722556 0.9488536866127214
0.33936027119762957 0.9488536866127214
0.34340067523803364 0.9488536866127214
0.3474410792784377 0.9488536866127214
0.3514814833188417 0.9488536866127214
0.2989562307935892 0.9528940906531255
0.3029966348339932 0.9528940906531255
0.30703703887439726 0.9528940906531255
0.3110774429148013 0.9528940906531255
0.31511784695520534 0.9528940906531255
0.31915825099560935 0.9528940906531255
0.3231986550360134 0.9528940906531255
0.3272390590764175 0.9528940906531255
0.3312794631168215 0.9528940906531255
0.33531986715722556 0.9528940906531255
0.33936027119762957 0.9528940906531255
0.2989562307935892 0.9569344946935294
0.3029966348339932 0.9569344946935294
0.30703703887439726 0.9569344946935294
0.3110774429148013 0.9569344946935294
0.31511784695520534 0.9569344946935294
0.31915825099560935 0.9569344946935294
0.3231986550360134 0.9569344946935294
0.3272390590764175 0.9569344946935294
0.2989562307935892 0.9609748987339335
0.3029966348339932 0.9609748987339335
0.30703703887439726 0.9609748987339335
0.3110774429148013 0.9609748987339335
0.31511784695520534 0.9609748987339335
0.2989562307935892 0.9650153027743376
0.3029966348339932 0.9650153027743376
