# x y
0.6999732854331877 0.7145102522692871
0.6959328813927836 0.7185506563096911
0.6918924773523796 0.7225910603500951
0.6878520733119755 0.7266314643904992
0.6797712652311675 0.7306718684309033
0.6838116692715714 0.7306718684309033
0.6757308611907634 0.7347122724713073
0.6797712652311675 0.7347122724713073
0.6716904571503595 0.7387526765117113
0.6757308611907634 0.7387526765117113
0.6676500531099554 0.7427930805521153
0.6716904571503595 0.7427930805521153
0.6636096490695513 0.7468334845925194
0.6676500531099554 0.7468334845925194
0.6595692450291473 0.7508738886329235
0.6555288409887432 0.7549142926733274
0.6514884369483391 0.7589546967137315
0.6434076288675311 0.7629951007541356
0.6474480329079352 0.7629951007541356
0.6393672248271272 0.7670355047945396
0.6434076288675311 0.7670355047945396
0.6353268207867231 0.7710759088349436
0.6393672248271272 0.7710759088349436
0.631286416746319 0.7751163128753477
0.627246012705915 0.7791567169157517
0.6191652046251068 0.7831971209561558
0.6232056086655109 0.7831971209561558
0.6151248005847028 0.7872375249965597
0.6191652046251068 0.7872375249965597
0.6110843965442988 0.7912779290369638
0.6030035884634908 0.7953183330773679
0.6070439925038947 0.7953183330773679
0.5989631844230867 0.799358737117772
0.6030035884634908 0.799358737117772
0.5949227803826826 0.803399141158176
0.5868419723018745 0.80743954519858
0.5908823763422786 0.80743954519858
0.5828015682614704 0.811479949238984
0.5868419723018745 0.811479949238984
0.5787611642210665 0.8155203532793881
0.5706803561402585 0.819560757319792
0.5747207601806624 0.819560757319792
0.5666399520998544 0.8236011613601961
0.5706803561402585 0.8236011613601961
0.5585591440190463 0.8276415654006002
0.5625995480594503 0.8276415654006002
0.5545187399786422 0.8316819694410043
0.5585591440190463 0.8316819694410043
0.5464379318978342 0.8357223734814083
0.5504783359382381 0.8357223734814083
0.5423975278574301 0.8397627775218124
0.5464379318978342 0.8397627775218124
0.5343167197766221 0.8438031815622163
0.538357123817026 0.8438031815622163
0.526235911695814 0.8478435856026204
0.530276315736218 0.8478435856026204
0.5221955076554099 0.8518839896430245
0.526235911695814 0.8518839896430245
0.5141146995746018 0.8559243936834284
0.5181551036150058 0.8559243936834284
0.5100742955341978 0.8599647977238325
0.5141146995746018 0.8599647977238325
0.5019934874533897 0.8640052017642366
0.5060338914937937 0.8640052017642366
0.49391267937258165 0.8680456058046406
0.49795308341298566 0.8680456058046406
0.4858318712917735 0.8720860098450447
0.4898722753321776 0.8720860098450447
0.4777510632109655 0.8761264138854487
0.4817914672513695 0.8761264138854487
0.4858318712917735 0.8761264138854487
0.47371065917056143 0.8801668179258527
0.4777510632109655 0.8801668179258527
0.46562985108975335 0.8842072219662568
0.46967025513015737 0.8842072219662568
0.4575490430089453 0.8882476260066607
0.4615894470493493 0.8882476260066607
0.44946823492813714 0.8922880300470648
0.4535086389685412 0.8922880300470648
0.4413874268473291 0.8963284340874689
0.44542783088773313 0.8963284340874689
0.433306618766521 0.9003688381278729
0.43734702280692506 0.9003688381278729
0.42522581068571297 0.904409242168277
0.429266214726117 0.904409242168277
0.4131045985645008 0.9084496462086811
0.41714500260490484 0.9084496462086811
0.4211854066453089 0.9084496462086811
0.40502379048369275 0.912490050249085
0.40906419452409676 0.912490050249085
0.4131045985645008 0.912490050249085
0.39694298240288467 0.9165304542894891
0.4009833864432887 0.9165304542894891
0.40502379048369275 0.9165304542894891
0.3888621743220766 0.920570858329893
0.3929025783624806 0.920570858329893
0.37674096220086445 0.9246112623702971
0.38078136624126846 0.9246112623702971
0.3848217702816725 0.9246112623702971
0.36866015412005637 0.9286516664107012
0.37270055816046044 0.9286516664107012
0.3565389419988443 0.9326920704511052
0.3605793460392483 0.9326920704511052
0.3646197500796523 0.9326920704511052
0.34441772987763214 0.9367324744915093
0.34845813391803615 0.9367324744915093
0.3524985379584402 0.9367324744915093
0.33633692179682406 0.9407728785319134
0.3403773258372281 0.9407728785319134
0.34441772987763214 0.9407728785319134
0.3242157096756119 0.9448132825723174
0.328256113716016 0.9448132825723174
0.33229651775642 0.9448132825723174
0.3120944975543998 0.9488536866127214
0.31613490159480384 0.9488536866127214
0.3201753056352079 0.9488536866127214
0.2999732854331877 0.9528940906531255
0.30401368947359175 0.9528940906531255
0.30805409351399576 0.9528940906531255
