# x y
0.6986367853022908 0.698348636107671
0.6905559772214827 0.702389040148075
0.6945963812618867 0.702389040148075
0.6986367853022908 0.702389040148075
0.6905559772214827 0.706429444188479
0.6945963812618867 0.706429444188479
0.6986367853022908 0.706429444188479
0.6865155731810786 0.710469848228883
0.6905559772214827 0.710469848228883
0.6945963812618867 0.710469848228883
0.6986367853022908 0.710469848228883
0.6824751691406745 0.7145102522692871
0.6865155731810786 0.7145102522692871
0.6905559772214827 0.7145102522692871
0.6945963812618867 0.7145102522692871
0.6986367853022908 0.7145102522692871
0.6743943610598665 0.7185506563096911
0.6784347651002706 0.7185506563096911
0.6824751691406745 0.7185506563096911
0.6865155731810786 0.7185506563096911
0.6905559772214827 0.7185506563096911
0.6945963812618867 0.7185506563096911
0.6986367853022908 0.7185506563096911
0.6743943610598665 0.7225910603500951
0.6784347651002706 0.7225910603500951
0.6824751691406745 0.7225910603500951
0.6865155731810786 0.7225910603500951
0.6905559772214827 0.7225910603500951
0.6945963812618867 0.7225910603500951
0.6986367853022908 0.7225910603500951
0.6663135529790585 0.7266314643904992
0.6703539570194625 0.7266314643904992
0.6743943610598665 0.7266314643904992
0.6784347651002706 0.7266314643904992
0.6824751691406745 0.7266314643904992
0.6865155731810786 0.7266314643904992
0.6905559772214827 0.7266314643904992
0.6945963812618867 0.7266314643904992
0.6986367853022908 0.7266314643904992
0.6622731489386544 0.7306718684309033
0.6663135529790585 0.7306718684309033
0.6703539570194625 0.7306718684309033
0.6743943610598665 0.7306718684309033
0.6784347651002706 0.7306718684309033
0.6824751691406745 0.7306718684309033
0.6865155731810786 0.7306718684309033
0.6905559772214827 0.7306718684309033
0.6945963812618867 0.7306718684309033
0.6986367853022908 0.7306718684309033
0.6582327448982503 0.7347122724713073
0.6622731489386544 0.7347122724713073
0.6663135529790585 0.7347122724713073
0.6703539570194625 0.7347122724713073
0.6743943610598665 0.7347122724713073
0.6784347651002706 0.7347122724713073
0.6824751691406745 0.7347122724713073
0.6865155731810786 0.7347122724713073
0.6905559772214827 0.7347122724713073
0.6945963812618867 0.7347122724713073
0.6986367853022908 0.7347122724713073
0.6541923408578463 0.7387526765117113
0.6582327448982503 0.7387526765117113
0.6622731489386544 0.7387526765117113
0.6663135529790585 0.7387526765117113
0.6703539570194625 0.7387526765117113
0.6743943610598665 0.7387526765117113
0.6784347651002706 0.7387526765117113
0.6824751691406745 0.7387526765117113
0.6865155731810786 0.7387526765117113
0.6905559772214827 0.7387526765117113
0.6945963812618867 0.7387526765117113
0.6501519368174422 0.7427930805521153
0.6541923408578463 0.7427930805521153
0.6582327448982503 0.7427930805521153
0.6622731489386544 0.7427930805521153
0.6663135529790585 0.7427930805521153
0.6703539570194625 0.7427930805521153
0.6743943610598665 0.7427930805521153
0.6784347651002706 0.7427930805521153
0.6824751691406745 0.7427930805521153
0.6865155731810786 0.7427930805521153
0.6420711287366342 0.7468334845925194
0.6461115327770383 0.7468334845925194
0.6501519368174422 0.7468334845925194
0.6541923408578463 0.7468334845925194
0.6582327448982503 0.7468334845925194
0.6622731489386544 0.7468334845925194
0.6663135529790585 0.7468334845925194
0.6703539570194625 0.7468334845925194
0.6743943610598665 0.7468334845925194
0.6784347651002706 0.7468334845925194
0.6824751691406745 0.7468334845925194
0.6420711287366342 0.7508738886329235
0.6461115327770383 0.7508738886329235
0.6501519368174422 0.7508738886329235
0.6541923408578463 0.7508738886329235
0.6582327448982503 0.7508738886329235
0.6622731489386544 0.7508738886329235
0.6663135529790585 0.7508738886329235
0.6703539570194625 0.7508738886329235
0.6743943610598665 0.7508738886329235
0.6784347651002706 0.7508738886329235
0.6339903206558262 0.7549142926733274
0.6380307246962302 0.7549142926733274
0.6420711287366342 0.7549142926733274
0.6461115327770383 0.7549142926733274
0.6501519368174422 0.7549142926733274
0.6541923408578463 0.7549142926733274
0.6582327448982503 0.7549142926733274
0.6622731489386544 0.7549142926733274
0.6663135529790585 0.7549142926733274
0.6703539570194625 0.7549142926733274
0.6299499166154221 0.7589546967137315
0.6339903206558262 0.7589546967137315
0.6380307246962302 0.7589546967137315
0.6420711287366342 0.7589546967137315
0.6461115327770383 0.7589546967137315
0.6501519368174422 0.7589546967137315
0.6541923408578463 0.7589546967137315
0.6582327448982503 0.7589546967137315
0.6622731489386544 0.7589546967137315
0.6663135529790585 0.7589546967137315
0.6703539570194625 0.7589546967137315
0.625909512575018 0.7629951007541356
0.6299499166154221 0.7629951007541356
0.6339903206558262 0.7629951007541356
0.6380307246962302 0.7629951007541356
0.6420711287366342 0.7629951007541356
0.6461115327770383 0.7629951007541356
0.6501519368174422 0.7629951007541356
0.6541923408578463 0.7629951007541356
0.6582327448982503 0.7629951007541356
0.6622731489386544 0.7629951007541356
0.6178287044942099 0.7670355047945396
0.621869108534614 0.7670355047945396
0.625909512575018 0.7670355047945396
0.6299499166154221 0.7670355047945396
0.6339903206558262 0.7670355047945396
0.6380307246962302 0.7670355047945396
0.6420711287366342 0.7670355047945396
0.6461115327770383 0.7670355047945396
0.6501519368174422 0.7670355047945396
0.6541923408578463 0.7670355047945396
0.6582327448982503 0.7670355047945396
0.6622731489386544 0.7670355047945396
0.6178287044942099 0.7710759088349436
0.621869108534614 0.7710759088349436
0.625909512575018 0.7710759088349436
0.6299499166154221 0.7710759088349436
0.6339903206558262 0.7710759088349436
0.6380307246962302 0.7710759088349436
0.6420711287366342 0.7710759088349436
0.6461115327770383 0.7710759088349436
0.6501519368174422 0.7710759088349436
0.6541923408578463 0.7710759088349436
0.6097478964134019 0.7751163128753477
0.6137883004538058 0.7751163128753477
0.6178287044942099 0.7751163128753477
0.621869108534614 0.7751163128753477
0.625909512575018 0.7751163128753477
0.6299499166154221 0.7751163128753477
0.6339903206558262 0.7751163128753477
0.6380307246962302 0.7751163128753477
0.6420711287366342 0.7751163128753477
0.6461115327770383 0.7751163128753477
0.6501519368174422 0.7751163128753477
0.6541923408578463 0.7751163128753477
0.6057074923729978 0.7791567169157517
0.6097478964134019 0.7791567169157517
0.6137883004538058 0.7791567169157517
0.6178287044942099 0.7791567169157517
0.621869108534614 0.7791567169157517
0.625909512575018 0.7791567169157517
0.6299499166154221 0.7791567169157517
0.6339903206558262 0.7791567169157517
0.6380307246962302 0.7791567169157517
0.6420711287366342 0.7791567169157517
0.6461115327770383 0.7791567169157517
0.6016670883325939 0.7831971209561558
0.6057074923729978 0.7831971209561558
0.6097478964134019 0.7831971209561558
0.6137883004538058 0.7831971209561558
0.6178287044942099 0.7831971209561558
0.621869108534614 0.7831971209561558
0.625909512575018 0.7831971209561558
0.6299499166154221 0.7831971209561558
0.6339903206558262 0.7831971209561558
0.6380307246962302 0.7831971209561558
0.5935862802517857 0.7872375249965597
0.5976266842921898 0.7872375249965597
0.6016670883325939 0.7872375249965597
0.6057074923729978 0.7872375249965597
0.6097478964134019 0.7872375249965597
0.6137883004538058 0.7872375249965597
0.6178287044942099 0.7872375249965597
0.621869108534614 0.7872375249965597
0.625909512575018 0.7872375249965597
0.6299499166154221 0.7872375249965597
0.6339903206558262 0.7872375249965597
0.6380307246962302 0.7872375249965597
0.5895458762113817 0.7912779290369638
0.5935862802517857 0.7912779290369638
0.5976266842921898 0.7912779290369638
0.6016670883325939 0.7912779290369638
0.6057074923729978 0.7912779290369638
0.6097478964134019 0.7912779290369638
0.6137883004538058 0.7912779290369638
0.6178287044942099 0.7912779290369638
0.621869108534614 0.7912779290369638
0.625909512575018 0.7912779290369638
0.6299499166154221 0.7912779290369638
0.5814650681305735 0.7953183330773679
0.5855054721709776 0.7953183330773679
0.5895458762113817 0.7953183330773679
0.5935862802517857 0.7953183330773679
0.5976266842921898 0.7953183330773679
0.6016670883325939 0.7953183330773679
0.6057074923729978 0.7953183330773679
0.6097478964134019 0.7953183330773679
0.6137883004538058 0.7953183330773679
0.6178287044942099 0.7953183330773679
0.621869108534614 0.7953183330773679
0.625909512575018 0.7953183330773679
0.5814650681305735 0.799358737117772
0.5855054721709776 0.799358737117772
0.5895458762113817 0.799358737117772
0.5935862802517857 0.799358737117772
0.5976266842921898 0.799358737117772
0.6016670883325939 0.799358737117772
0.6057074923729978 0.799358737117772
0.6097478964134019 0.799358737117772
0.6137883004538058 0.799358737117772
0.6178287044942099 0.799358737117772
0.5733842600497655 0.803399141158176
0.5774246640901696 0.803399141158176
0.5814650681305735 0.803399141158176
0.5855054721709776 0.803399141158176
0.5895458762113817 0.803399141158176
0.5935862802517857 0.803399141158176
0.5976266842921898 0.803399141158176
0.6016670883325939 0.803399141158176
0.6057074923729978 0.803399141158176
0.6097478964134019 0.803399141158176
0.6137883004538058 0.803399141158176
0.6178287044942099 0.803399141158176
0.5653034519689575 0.80743954519858
0.5693438560093615 0.80743954519858
0.5733842600497655 0.80743954519858
0.5774246640901696 0.80743954519858
0.5814650681305735 0.80743954519858
0.5855054721709776 0.80743954519858
0.5895458762113817 0.80743954519858
0.5935862802517857 0.80743954519858
0.5976266842921898 0.80743954519858
0.6016670883325939 0.80743954519858
0.6057074923729978 0.80743954519858
0.6097478964134019 0.80743954519858
0.5612630479285534 0.811479949238984
0.5653034519689575 0.811479949238984
0.5693438560093615 0.811479949238984
0.5733842600497655 0.811479949238984
0.5774246640901696 0.811479949238984
0.5814650681305735 0.811479949238984
0.5855054721709776 0.811479949238984
0.5895458762113817 0.811479949238984
0.5935862802517857 0.811479949238984
0.5976266842921898 0.811479949238984
0.6016670883325939 0.811479949238984
0.5531822398477453 0.8155203532793881
0.5572226438881493 0.8155203532793881
0.5612630479285534 0.8155203532793881
0.5653034519689575 0.8155203532793881
0.5693438560093615 0.8155203532793881
0.5733842600497655 0.8155203532793881
0.5774246640901696 0.8155203532793881
0.5814650681305735 0.8155203532793881
0.5855054721709776 0.8155203532793881
0.5895458762113817 0.8155203532793881
0.5935862802517857 0.8155203532793881
0.5976266842921898 0.8155203532793881
0.5451014317669373 0.819560757319792
0.5491418358073412 0.819560757319792
0.5531822398477453 0.819560757319792
0.5572226438881493 0.819560757319792
0.5612630479285534 0.819560757319792
0.5653034519689575 0.819560757319792
0.5693438560093615 0.819560757319792
0.5733842600497655 0.819560757319792
0.5774246640901696 0.819560757319792
0.5814650681305735 0.819560757319792
0.5855054721709776 0.819560757319792
0.5895458762113817 0.819560757319792
0.5935862802517857 0.819560757319792
0.5410610277265332 0.8236011613601961
0.5451014317669373 0.8236011613601961
0.5491418358073412 0.8236011613601961
0.5531822398477453 0.8236011613601961
0.5572226438881493 0.8236011613601961
0.5612630479285534 0.8236011613601961
0.5653034519689575 0.8236011613601961
0.5693438560093615 0.8236011613601961
0.5733842600497655 0.8236011613601961
0.5774246640901696 0.8236011613601961
0.5814650681305735 0.8236011613601961
0.5855054721709776 0.8236011613601961
0.5370206236861291 0.8276415654006002
0.5410610277265332 0.8276415654006002
0.5451014317669373 0.8276415654006002
0.5491418358073412 0.8276415654006002
0.5531822398477453 0.8276415654006002
0.5572226438881493 0.8276415654006002
0.5612630479285534 0.8276415654006002
0.5653034519689575 0.8276415654006002
0.5693438560093615 0.8276415654006002
0.5733842600497655 0.8276415654006002
0.5774246640901696 0.8276415654006002
0.5814650681305735 0.8276415654006002
0.5329802196457252 0.8316819694410043
0.5370206236861291 0.8316819694410043
0.5410610277265332 0.8316819694410043
0.5451014317669373 0.8316819694410043
0.5491418358073412 0.8316819694410043
0.5531822398477453 0.8316819694410043
0.5572226438881493 0.8316819694410043
0.5612630479285534 0.8316819694410043
0.5653034519689575 0.8316819694410043
0.5693438560093615 0.8316819694410043
0.5733842600497655 0.8316819694410043
0.5774246640901696 0.8316819694410043
0.520859007524513 0.8357223734814083
0.524899411564917 0.8357223734814083
0.5289398156053211 0.8357223734814083
0.5329802196457252 0.8357223734814083
0.5370206236861291 0.8357223734814083
0.5410610277265332 0.8357223734814083
0.5451014317669373 0.8357223734814083
0.5491418358073412 0.8357223734814083
0.5531822398477453 0.8357223734814083
0.5572226438881493 0.8357223734814083
0.5612630479285534 0.8357223734814083
0.5653034519689575 0.8357223734814083
0.5693438560093615 0.8357223734814083
0.5168186034841089 0.8397627775218124
0.520859007524513 0.8397627775218124
0.524899411564917 0.8397627775218124
0.5289398156053211 0.8397627775218124
0.5329802196457252 0.8397627775218124
0.5370206236861291 0.8397627775218124
0.5410610277265332 0.8397627775218124
0.5451014317669373 0.8397627775218124
0.5491418358073412 0.8397627775218124
0.5531822398477453 0.8397627775218124
0.5572226438881493 0.8397627775218124
0.5612630479285534 0.8397627775218124
0.5127781994437048 0.8438031815622163
0.5168186034841089 0.8438031815622163
0.520859007524513 0.8438031815622163
0.524899411564917 0.8438031815622163
0.5289398156053211 0.8438031815622163
0.5329802196457252 0.8438031815622163
0.5370206236861291 0.8438031815622163
0.5410610277265332 0.8438031815622163
0.5451014317669373 0.8438031815622163
0.5491418358073412 0.8438031815622163
0.5531822398477453 0.8438031815622163
0.5572226438881493 0.8438031815622163
0.5006569873224928 0.8478435856026204
0.5046973913628968 0.8478435856026204
0.5087377954033009 0.8478435856026204
0.5127781994437048 0.8478435856026204
0.5168186034841089 0.8478435856026204
0.520859007524513 0.8478435856026204
0.524899411564917 0.8478435856026204
0.5289398156053211 0.8478435856026204
0.5329802196457252 0.8478435856026204
0.5370206236861291 0.8478435856026204
0.5410610277265332 0.8478435856026204
0.5451014317669373 0.8478435856026204
0.5491418358073412 0.8478435856026204
0.5531822398477453 0.8478435856026204
0.49661658328208874 0.8518839896430245
0.5006569873224928 0.8518839896430245
0.5046973913628968 0.8518839896430245
0.5087377954033009 0.8518839896430245
0.5127781994437048 0.8518839896430245
0.5168186034841089 0.8518839896430245
0.520859007524513 0.8518839896430245
0.524899411564917 0.8518839896430245
0.5289398156053211 0.8518839896430245
0.5329802196457252 0.8518839896430245
0.5370206236861291 0.8518839896430245
0.5410610277265332 0.8518839896430245
0.5451014317669373 0.8518839896430245
0.48853577520128066 0.8559243936834284
0.49257617924168473 0.8559243936834284
0.49661658328208874 0.8559243936834284
0.5006569873224928 0.8559243936834284
0.5046973913628968 0.8559243936834284
0.5087377954033009 0.8559243936834284
0.5127781994437048 0.8559243936834284
0.5168186034841089 0.8559243936834284
0.520859007524513 0.8559243936834284
0.524899411564917 0.8559243936834284
0.5289398156053211 0.8559243936834284
0.5329802196457252 0.8559243936834284
0.5370206236861291 0.8559243936834284
0.4844953711608766 0.8599647977238325
0.48853577520128066 0.8599647977238325
0.49257617924168473 0.8599647977238325
0.49661658328208874 0.8599647977238325
0.5006569873224928 0.8599647977238325
0.5046973913628968 0.8599647977238325
0.5087377954033009 0.8599647977238325
0.5127781994437048 0.8599647977238325
0.5168186034841089 0.8599647977238325
0.520859007524513 0.8599647977238325
0.524899411564917 0.8599647977238325
0.5289398156053211 0.8599647977238325
0.5329802196457252 0.8599647977238325
0.4723741590396645 0.8640052017642366
0.4764145630800686 0.8640052017642366
0.4804549671204726 0.8640052017642366
0.4844953711608766 0.8640052017642366
0.48853577520128066 0.8640052017642366
0.49257617924168473 0.8640052017642366
0.49661658328208874 0.8640052017642366
0.5006569873224928 0.8640052017642366
0.5046973913628968 0.8640052017642366
0.5087377954033009 0.8640052017642366
0.5127781994437048 0.8640052017642366
0.5168186034841089 0.8640052017642366
0.520859007524513 0.8640052017642366
0.524899411564917 0.8640052017642366
0.46833375499926044 0.8680456058046406
0.4723741590396645 0.8680456058046406
0.4764145630800686 0.8680456058046406
0.4804549671204726 0.8680456058046406
0.4844953711608766 0.8680456058046406
0.48853577520128066 0.8680456058046406
0.49257617924168473 0.8680456058046406
0.49661658328208874 0.8680456058046406
0.5006569873224928 0.8680456058046406
0.5046973913628968 0.8680456058046406
0.5087377954033009 0.8680456058046406
0.5127781994437048 0.8680456058046406
0.5168186034841089 0.8680456058046406
0.520859007524513 0.8680456058046406
0.46025294691845237 0.8720860098450447
0.46429335095885643 0.8720860098450447
0.46833375499926044 0.8720860098450447
0.4723741590396645 0.8720860098450447
0.4764145630800686 0.8720860098450447
0.4804549671204726 0.8720860098450447
0.4844953711608766 0.8720860098450447
0.48853577520128066 0.8720860098450447
0.49257617924168473 0.8720860098450447
0.49661658328208874 0.8720860098450447
0.5006569873224928 0.8720860098450447
0.5046973913628968 0.8720860098450447
0.5087377954033009 0.8720860098450447
0.5127781994437048 0.8720860098450447
0.4521721388376443 0.8761264138854487
0.45621254287804835 0.8761264138854487
0.46025294691845237 0.8761264138854487
0.46429335095885643 0.8761264138854487
0.46833375499926044 0.8761264138854487
0.4723741590396645 0.8761264138854487
0.4764145630800686 0.8761264138854487
0.4804549671204726 0.8761264138854487
0.4844953711608766 0.8761264138854487
0.48853577520128066 0.8761264138854487
0.49257617924168473 0.8761264138854487
0.49661658328208874 0.8761264138854487
0.5006569873224928 0.8761264138854487
0.5046973913628968 0.8761264138854487
0.4440913307568362 0.8801668179258527
0.4481317347972402 0.8801668179258527
0.4521721388376443 0.8801668179258527
0.45621254287804835 0.8801668179258527
0.46025294691845237 0.8801668179258527
0.46429335095885643 0.8801668179258527
0.46833375499926044 0.8801668179258527
0.4723741590396645 0.8801668179258527
0.4764145630800686 0.8801668179258527
0.4804549671204726 0.8801668179258527
0.4844953711608766 0.8801668179258527
0.48853577520128066 0.8801668179258527
0.49257617924168473 0.8801668179258527
0.49661658328208874 0.8801668179258527
0.5006569873224928 0.8801668179258527
0.4400509267164322 0.8842072219662568
0.4440913307568362 0.8842072219662568
0.4481317347972402 0.8842072219662568
0.4521721388376443 0.8842072219662568
0.45621254287804835 0.8842072219662568
0.46025294691845237 0.8842072219662568
0.46429335095885643 0.8842072219662568
0.46833375499926044 0.8842072219662568
0.4723741590396645 0.8842072219662568
0.4764145630800686 0.8842072219662568
0.4804549671204726 0.8842072219662568
0.4844953711608766 0.8842072219662568
0.48853577520128066 0.8842072219662568
0.49257617924168473 0.8842072219662568
0.42792971459522006 0.8882476260066607
0.43197011863562407 0.8882476260066607
0.43601052267602813 0.8882476260066607
0.4400509267164322 0.8882476260066607
0.4440913307568362 0.8882476260066607
0.4481317347972402 0.8882476260066607
0.4521721388376443 0.8882476260066607
0.45621254287804835 0.8882476260066607
0.46025294691845237 0.8882476260066607
0.46429335095885643 0.8882476260066607
0.46833375499926044 0.8882476260066607
0.4723741590396645 0.8882476260066607
0.4764145630800686 0.8882476260066607
0.4804549671204726 0.8882476260066607
0.4844953711608766 0.8882476260066607
0.4158085024740079 0.8922880300470648
0.419848906514412 0.8922880300470648
0.42388931055481605 0.8922880300470648
0.42792971459522006 0.8922880300470648
0.43197011863562407 0.8922880300470648
0.43601052267602813 0.8922880300470648
0.4400509267164322 0.8922880300470648
0.4440913307568362 0.8922880300470648
0.4481317347972402 0.8922880300470648
0.4521721388376443 0.8922880300470648
0.45621254287804835 0.8922880300470648
0.46025294691845237 0.8922880300470648
0.46429335095885643 0.8922880300470648
0.46833375499926044 0.8922880300470648
0.4723741590396645 0.8922880300470648
0.4764145630800686 0.8922880300470648
0.40772769439319984 0.8963284340874689
0.4117680984336039 0.8963284340874689
0.4158085024740079 0.8963284340874689
0.419848906514412 0.8963284340874689
0.42388931055481605 0.8963284340874689
0.42792971459522006 0.8963284340874689
0.43197011863562407 0.8963284340874689
0.43601052267602813 0.8963284340874689
0.4400509267164322 0.8963284340874689
0.4440913307568362 0.8963284340874689
0.4481317347972402 0.8963284340874689
0.4521721388376443 0.8963284340874689
0.45621254287804835 0.8963284340874689
0.46025294691845237 0.8963284340874689
0.46429335095885643 0.8963284340874689
0.46833375499926044 0.8963284340874689
0.39964688631239176 0.9003688381278729
0.4036872903527958 0.9003688381278729
0.40772769439319984 0.9003688381278729
0.4117680984336039 0.9003688381278729
0.4158085024740079 0.9003688381278729
0.419848906514412 0.9003688381278729
0.42388931055481605 0.9003688381278729
0.42792971459522006 0.9003688381278729
0.43197011863562407 0.9003688381278729
0.43601052267602813 0.9003688381278729
0.4400509267164322 0.9003688381278729
0.4440913307568362 0.9003688381278729
0.4481317347972402 0.9003688381278729
0.4521721388376443 0.9003688381278729
0.45621254287804835 0.9003688381278729
0.46025294691845237 0.9003688381278729
0.3915660782315837 0.904409242168277
0.39560648227198775 0.904409242168277
0.39964688631239176 0.904409242168277
0.4036872903527958 0.904409242168277
0.40772769439319984 0.904409242168277
0.4117680984336039 0.904409242168277
0.4158085024740079 0.904409242168277
0.419848906514412 0.904409242168277
0.42388931055481605 0.904409242168277
0.42792971459522006 0.904409242168277
0.43197011863562407 0.904409242168277
0.43601052267602813 0.904409242168277
0.4400509267164322 0.904409242168277
0.4440913307568362 0.904409242168277
0.4481317347972402 0.904409242168277
0.4521721388376443 0.904409242168277
0.3834852701507756 0.9084496462086811
0.38752567419117967 0.9084496462086811
0.3915660782315837 0.9084496462086811
0.39560648227198775 0.9084496462086811
0.39964688631239176 0.9084496462086811
0.4036872903527958 0.9084496462086811
0.40772769439319984 0.9084496462086811
0.4117680984336039 0.9084496462086811
0.4158085024740079 0.9084496462086811
0.419848906514412 0.9084496462086811
0.42388931055481605 0.9084496462086811
0.42792971459522006 0.9084496462086811
0.43197011863562407 0.9084496462086811
0.43601052267602813 0.9084496462086811
0.4400509267164322 0.9084496462086811
0.4440913307568362 0.9084496462086811
0.3713640580295635 0.912490050249085
0.3754044620699675 0.912490050249085
0.37944486611037154 0.912490050249085
0.3834852701507756 0.912490050249085
0.38752567419117967 0.912490050249085
0.3915660782315837 0.912490050249085
0.39560648227198775 0.912490050249085
0.39964688631239176 0.912490050249085
0.4036872903527958 0.912490050249085
0.40772769439319984 0.912490050249085
0.4117680984336039 0.912490050249085
0.4158085024740079 0.912490050249085
0.419848906514412 0.912490050249085
0.42388931055481605 0.912490050249085
0.42792971459522006 0.912490050249085
0.43197011863562407 0.912490050249085
0.43601052267602813 0.912490050249085
0.3632832499487554 0.9165304542894891
0.36732365398915945 0.9165304542894891
0.3713640580295635 0.9165304542894891
0.3754044620699675 0.9165304542894891
0.37944486611037154 0.9165304542894891
0.3834852701507756 0.9165304542894891
0.38752567419117967 0.9165304542894891
0.3915660782315837 0.9165304542894891
0.39560648227198775 0.9165304542894891
0.39964688631239176 0.9165304542894891
0.4036872903527958 0.9165304542894891
0.40772769439319984 0.9165304542894891
0.4117680984336039 0.9165304542894891
0.4158085024740079 0.9165304542894891
0.419848906514412 0.9165304542894891
0.42388931055481605 0.9165304542894891
0.42792971459522006 0.9165304542894891
0.3511620378275433 0.920570858329893
0.35520244186794736 0.920570858329893
0.35924284590835137 0.920570858329893
0.3632832499487554 0.920570858329893
0.36732365398915945 0.920570858329893
0.3713640580295635 0.920570858329893
0.3754044620699675 0.920570858329893
0.37944486611037154 0.920570858329893
0.3834852701507756 0.920570858329893
0.38752567419117967 0.920570858329893
0.3915660782315837 0.920570858329893
0.39560648227198775 0.920570858329893
0.39964688631239176 0.920570858329893
0.4036872903527958 0.920570858329893
0.40772769439319984 0.920570858329893
0.4117680984336039 0.920570858329893
0.4158085024740079 0.920570858329893
0.419848906514412 0.920570858329893
0.3430812297467352 0.9246112623702971
0.3471216337871392 0.9246112623702971
0.3511620378275433 0.9246112623702971
0.35520244186794736 0.9246112623702971
0.35924284590835137 0.9246112623702971
0.3632832499487554 0.9246112623702971
0.36732365398915945 0.9246112623702971
0.3713640580295635 0.9246112623702971
0.3754044620699675 0.9246112623702971
0.37944486611037154 0.9246112623702971
0.3834852701507756 0.9246112623702971
0.38752567419117967 0.9246112623702971
0.3915660782315837 0.9246112623702971
0.39560648227198775 0.9246112623702971
0.39964688631239176 0.9246112623702971
0.4036872903527958 0.9246112623702971
0.40772769439319984 0.9246112623702971
0.3309600176255231 0.9286516664107012
0.33500042166592714 0.9286516664107012
0.33904082570633115 0.9286516664107012
0.3430812297467352 0.9286516664107012
0.3471216337871392 0.9286516664107012
0.3511620378275433 0.9286516664107012
0.35520244186794736 0.9286516664107012
0.35924284590835137 0.9286516664107012
0.3632832499487554 0.9286516664107012
0.36732365398915945 0.9286516664107012
0.3713640580295635 0.9286516664107012
0.3754044620699675 0.9286516664107012
0.37944486611037154 0.9286516664107012
0.3834852701507756 0.9286516664107012
0.38752567419117967 0.9286516664107012
0.3915660782315837 0.9286516664107012
0.39560648227198775 0.9286516664107012
0.39964688631239176 0.9286516664107012
0.318838805504311 0.9326920704511052
0.322879209544715 0.9326920704511052
0.32691961358511906 0.9326920704511052
0.3309600176255231 0.9326920704511052
0.33500042166592714 0.9326920704511052
0.33904082570633115 0.9326920704511052
0.3430812297467352 0.9326920704511052
0.3471216337871392 0.9326920704511052
0.3511620378275433 0.9326920704511052
0.35520244186794736 0.9326920704511052
0.35924284590835137 0.9326920704511052
0.3632832499487554 0.9326920704511052
0.36732365398915945 0.9326920704511052
0.3713640580295635 0.9326920704511052
0.3754044620699675 0.9326920704511052
0.37944486611037154 0.9326920704511052
0.3834852701507756 0.9326920704511052
0.38752567419117967 0.9326920704511052
0.3915660782315837 0.9326920704511052
0.30671759338309884 0.9367324744915093
0.31075799742350285 0.9367324744915093
0.3147984014639069 0.9367324744915093
0.318838805504311 0.9367324744915093
0.322879209544715 0.9367324744915093
0.32691961358511906 0.9367324744915093
0.3309600176255231 0.9367324744915093
0.33500042166592714 0.9367324744915093
0.33904082570633115 0.9367324744915093
0.3430812297467352 0.9367324744915093
0.3471216337871392 0.9367324744915093
0.3511620378275433 0.9367324744915093
0.35520244186794736 0.9367324744915093
0.35924284590835137 0.9367324744915093
0.3632832499487554 0.9367324744915093
0.36732365398915945 0.9367324744915093
0.3713640580295635 0.9367324744915093
0.3754044620699675 0.9367324744915093
0.37944486611037154 0.9367324744915093
0.3834852701507756 0.9367324744915093
0.29863678530229076 0.9407728785319134
0.30267718934269483 0.9407728785319134
0.30671759338309884 0.9407728785319134
0.31075799742350285 0.9407728785319134
0.3147984014639069 0.9407728785319134
0.318838805504311 0.9407728785319134
0.322879209544715 0.9407728785319134
0.32691961358511906 0.9407728785319134
0.3309600176255231 0.9407728785319134
0.33500042166592714 0.9407728785319134
0.33904082570633115 0.9407728785319134
0.3430812297467352 0.9407728785319134
0.3471216337871392 0.9407728785319134
0.3511620378275433 0.9407728785319134
0.35520244186794736 0.9407728785319134
0.35924284590835137 0.9407728785319134
0.3632832499487554 0.9407728785319134
0.36732365398915945 0.9407728785319134
0.3713640580295635 0.9407728785319134
0.29863678530229076 0.9448132825723174
0.30267718934269483 0.9448132825723174
0.30671759338309884 0.9448132825723174
0.31075799742350285 0.9448132825723174
0.3147984014639069 0.9448132825723174
0.318838805504311 0.9448132825723174
0.322879209544715 0.9448132825723174
0.32691961358511906 0.9448132825723174
0.3309600176255231 0.9448132825723174
0.33500042166592714 0.9448132825723174
0.33904082570633115 0.9448132825723174
0.3430812297467352 0.9448132825723174
0.3471216337871392 0.9448132825723174
0.3511620378275433 0.9448132825723174
0.35520244186794736 0.9448132825723174
0.35924284590835137 0.9448132825723174
0.3632832499487554 0.9448132825723174
0.29863678530229076 0.9488536866127214
0.30267718934269483 0.9488536866127214
0.30671759338309884 0.9488536866127214
0.31075799742350285 0.9488536866127214
0.3147984014639069 0.9488536866127214
0.318838805504311 0.9488536866127214
0.322879209544715 0.9488536866127214
0.32691961358511906 0.9488536866127214
0.3309600176255231 0.9488536866127214
0.33500042166592714 0.9488536866127214
0.33904082570633115 0.9488536866127214
0.3430812297467352 0.9488536866127214
0.3471216337871392 0.9488536866127214
0.3511620378275433 0.9488536866127214
0.29863678530229076 0.9528940906531255
0.30267718934269483 0.9528940906531255
0.30671759338309884 0.9528940906531255
0.31075799742350285 0.9528940906531255
0.3147984014639069 0.9528940906531255
0.318838805504311 0.9528940906531255
0.322879209544715 0.9528940906531255
0.32691961358511906 0.9528940906531255
0.3309600176255231 0.9528940906531255
0.33500042166592714 0.9528940906531255
0.33904082570633115 0.9528940906531255
0.29863678530229076 0.9569344946935294
0.30267718934269483 0.9569344946935294
0.30671759338309884 0.9569344946935294
0.31075799742350285 0.9569344946935294
0.3147984014639069 0.9569344946935294
0.318838805504311 0.9569344946935294
0.322879209544715 0.9569344946935294
0.32691961358511906 0.9569344946935294
0.29863678530229076 0.9609748987339335
0.30267718934269483 0.9609748987339335
0.30671759338309884 0.9609748987339335
0.31075799742350285 0.9609748987339335
0.3147984014639069 0.9609748987339335
0.318838805504311 0.9609748987339335
0.29863678530229076 0.9650153027743376
0.30267718934269483 0.9650153027743376
0.30671759338309884 0.9650153027743376
