# x y
0.6939249312330746 0.698348636107671
0.6979653352734787 0.698348636107671
0.6858441231522665 0.702389040148075
0.6898845271926706 0.702389040148075
0.6939249312330746 0.702389040148075
0.6979653352734787 0.702389040148075
0.6858441231522665 0.706429444188479
0.6898845271926706 0.706429444188479
0.6939249312330746 0.706429444188479
0.6979653352734787 0.706429444188479
0.6818037191118624 0.710469848228883
0.6858441231522665 0.710469848228883
0.6898845271926706 0.710469848228883
0.6939249312330746 0.710469848228883
0.6979653352734787 0.710469848228883
0.6777633150714584 0.7145102522692871
0.6818037191118624 0.7145102522692871
0.6858441231522665 0.7145102522692871
0.6898845271926706 0.7145102522692871
0.6939249312330746 0.7145102522692871
0.6979653352734787 0.7145102522692871
0.6696825069906504 0.7185506563096911
0.6737229110310543 0.7185506563096911
0.6777633150714584 0.7185506563096911
0.6818037191118624 0.7185506563096911
0.6858441231522665 0.7185506563096911
0.6898845271926706 0.7185506563096911
0.6939249312330746 0.7185506563096911
0.6979653352734787 0.7185506563096911
0.6696825069906504 0.7225910603500951
0.6737229110310543 0.7225910603500951
0.6777633150714584 0.7225910603500951
0.6818037191118624 0.7225910603500951
0.6858441231522665 0.7225910603500951
0.6898845271926706 0.7225910603500951
0.6939249312330746 0.7225910603500951
0.6979653352734787 0.7225910603500951
0.6616016989098423 0.7266314643904992
0.6696825069906504 0.7266314643904992
0.6737229110310543 0.7266314643904992
0.6777633150714584 0.7266314643904992
0.6818037191118624 0.7266314643904992
0.6858441231522665 0.7266314643904992
0.6898845271926706 0.7266314643904992
0.6939249312330746 0.7266314643904992
0.6979653352734787 0.7266314643904992
0.6616016989098423 0.7306718684309033
0.6656421029502463 0.7306718684309033
0.6696825069906504 0.7306718684309033
0.6737229110310543 0.7306718684309033
0.6777633150714584 0.7306718684309033
0.6818037191118624 0.7306718684309033
0.6858441231522665 0.7306718684309033
0.6898845271926706 0.7306718684309033
0.6939249312330746 0.7306718684309033
0.6979653352734787 0.7306718684309033
0.6575612948694383 0.7347122724713073
0.6616016989098423 0.7347122724713073
0.6656421029502463 0.7347122724713073
0.6696825069906504 0.7347122724713073
0.6737229110310543 0.7347122724713073
0.6777633150714584 0.7347122724713073
0.6818037191118624 0.7347122724713073
0.6858441231522665 0.7347122724713073
0.6898845271926706 0.7347122724713073
0.6939249312330746 0.7347122724713073
0.6979653352734787 0.7347122724713073
0.6535208908290342 0.7387526765117113
0.6575612948694383 0.7387526765117113
0.6616016989098423 0.7387526765117113
0.6656421029502463 0.7387526765117113
0.6696825069906504 0.7387526765117113
0.6737229110310543 0.7387526765117113
0.6777633150714584 0.7387526765117113
0.6818037191118624 0.7387526765117113
0.6858441231522665 0.7387526765117113
0.6898845271926706 0.7387526765117113
0.6939249312330746 0.7387526765117113
0.6454400827482261 0.7427930805521153
0.6494804867886301 0.7427930805521153
0.6535208908290342 0.7427930805521153
0.6575612948694383 0.7427930805521153
0.6616016989098423 0.7427930805521153
0.6656421029502463 0.7427930805521153
0.6696825069906504 0.7427930805521153
0.6737229110310543 0.7427930805521153
0.6777633150714584 0.7427930805521153
0.6818037191118624 0.7427930805521153
0.6858441231522665 0.7427930805521153
0.6454400827482261 0.7468334845925194
0.6494804867886301 0.7468334845925194
0.6535208908290342 0.7468334845925194
0.6575612948694383 0.7468334845925194
0.6616016989098423 0.7468334845925194
0.6656421029502463 0.7468334845925194
0.6696825069906504 0.7468334845925194
0.6737229110310543 0.7468334845925194
0.6777633150714584 0.7468334845925194
0.6818037191118624 0.7468334845925194
0.633318870627014 0.7508738886329235
0.641399678707822 0.7508738886329235
0.6454400827482261 0.7508738886329235
0.6494804867886301 0.7508738886329235
0.6535208908290342 0.7508738886329235
0.6575612948694383 0.7508738886329235
0.6616016989098423 0.7508738886329235
0.6656421029502463 0.7508738886329235
0.6696825069906504 0.7508738886329235
0.6737229110310543 0.7508738886329235
0.6777633150714584 0.7508738886329235
0.6818037191118624 0.7508738886329235
0.633318870627014 0.7549142926733274
0.637359274667418 0.7549142926733274
0.641399678707822 0.7549142926733274
0.6454400827482261 0.7549142926733274
0.6494804867886301 0.7549142926733274
0.6535208908290342 0.7549142926733274
0.6575612948694383 0.7549142926733274
0.6616016989098423 0.7549142926733274
0.6656421029502463 0.7549142926733274
0.6696825069906504 0.7549142926733274
0.6737229110310543 0.7549142926733274
0.625238062546206 0.7589546967137315
0.62927846658661 0.7589546967137315
0.633318870627014 0.7589546967137315
0.637359274667418 0.7589546967137315
0.641399678707822 0.7589546967137315
0.6454400827482261 0.7589546967137315
0.6494804867886301 0.7589546967137315
0.6535208908290342 0.7589546967137315
0.6575612948694383 0.7589546967137315
0.6616016989098423 0.7589546967137315
0.6656421029502463 0.7589546967137315
0.6696825069906504 0.7589546967137315
0.625238062546206 0.7629951007541356
0.62927846658661 0.7629951007541356
0.633318870627014 0.7629951007541356
0.637359274667418 0.7629951007541356
0.641399678707822 0.7629951007541356
0.6454400827482261 0.7629951007541356
0.6494804867886301 0.7629951007541356
0.6535208908290342 0.7629951007541356
0.6575612948694383 0.7629951007541356
0.6616016989098423 0.7629951007541356
0.6656421029502463 0.7629951007541356
0.6171572544653978 0.7670355047945396
0.6211976585058019 0.7670355047945396
0.625238062546206 0.7670355047945396
0.62927846658661 0.7670355047945396
0.633318870627014 0.7670355047945396
0.637359274667418 0.7670355047945396
0.641399678707822 0.7670355047945396
0.6454400827482261 0.7670355047945396
0.6494804867886301 0.7670355047945396
0.6535208908290342 0.7670355047945396
0.6575612948694383 0.7670355047945396
0.6616016989098423 0.7670355047945396
0.6131168504249938 0.7710759088349436
0.6171572544653978 0.7710759088349436
0.6211976585058019 0.7710759088349436
0.625238062546206 0.7710759088349436
0.62927846658661 0.7710759088349436
0.633318870627014 0.7710759088349436
0.637359274667418 0.7710759088349436
0.641399678707822 0.7710759088349436
0.6454400827482261 0.7710759088349436
0.6494804867886301 0.7710759088349436
0.6535208908290342 0.7710759088349436
0.6575612948694383 0.7710759088349436
0.6050360423441856 0.7751163128753477
0.6090764463845897 0.7751163128753477
0.6131168504249938 0.7751163128753477
0.6171572544653978 0.7751163128753477
0.6211976585058019 0.7751163128753477
0.625238062546206 0.7751163128753477
0.62927846658661 0.7751163128753477
0.633318870627014 0.7751163128753477
0.637359274667418 0.7751163128753477
0.641399678707822 0.7751163128753477
0.6454400827482261 0.7751163128753477
0.6494804867886301 0.7751163128753477
0.6535208908290342 0.7751163128753477
0.6050360423441856 0.7791567169157517
0.6090764463845897 0.7791567169157517
0.6131168504249938 0.7791567169157517
0.6171572544653978 0.7791567169157517
0.6211976585058019 0.7791567169157517
0.625238062546206 0.7791567169157517
0.62927846658661 0.7791567169157517
0.633318870627014 0.7791567169157517
0.637359274667418 0.7791567169157517
0.641399678707822 0.7791567169157517
0.6454400827482261 0.7791567169157517
0.6494804867886301 0.7791567169157517
0.5969552342633776 0.7831971209561558
0.6009956383037817 0.7831971209561558
0.6050360423441856 0.7831971209561558
0.6090764463845897 0.7831971209561558
0.6131168504249938 0.7831971209561558
0.6171572544653978 0.7831971209561558
0.6211976585058019 0.7831971209561558
0.625238062546206 0.7831971209561558
0.62927846658661 0.7831971209561558
0.633318870627014 0.7831971209561558
0.637359274667418 0.7831971209561558
0.641399678707822 0.7831971209561558
0.5888744261825696 0.7872375249965597
0.5929148302229736 0.7872375249965597
0.5969552342633776 0.7872375249965597
0.6009956383037817 0.7872375249965597
0.6050360423441856 0.7872375249965597
0.6090764463845897 0.7872375249965597
0.6131168504249938 0.7872375249965597
0.6171572544653978 0.7872375249965597
0.6211976585058019 0.7872375249965597
0.625238062546206 0.7872375249965597
0.62927846658661 0.7872375249965597
0.633318870627014 0.7872375249965597
0.637359274667418 0.7872375249965597
0.5888744261825696 0.7912779290369638
0.5929148302229736 0.7912779290369638
0.5969552342633776 0.7912779290369638
0.6009956383037817 0.7912779290369638
0.6050360423441856 0.7912779290369638
0.6090764463845897 0.7912779290369638
0.6131168504249938 0.7912779290369638
0.6171572544653978 0.7912779290369638
0.6211976585058019 0.7912779290369638
0.625238062546206 0.7912779290369638
0.62927846658661 0.7912779290369638
0.633318870627014 0.7912779290369638
0.5807936181017614 0.7953183330773679
0.5848340221421655 0.7953183330773679
0.5888744261825696 0.7953183330773679
0.5929148302229736 0.7953183330773679
0.5969552342633776 0.7953183330773679
0.6009956383037817 0.7953183330773679
0.6050360423441856 0.7953183330773679
0.6090764463845897 0.7953183330773679
0.6131168504249938 0.7953183330773679
0.6171572544653978 0.7953183330773679
0.6211976585058019 0.7953183330773679
0.625238062546206 0.7953183330773679
0.5727128100209533 0.799358737117772
0.5767532140613574 0.799358737117772
0.5807936181017614 0.799358737117772
0.5848340221421655 0.799358737117772
0.5888744261825696 0.799358737117772
0.5929148302229736 0.799358737117772
0.5969552342633776 0.799358737117772
0.6009956383037817 0.799358737117772
0.6050360423441856 0.799358737117772
0.6090764463845897 0.799358737117772
0.6131168504249938 0.799358737117772
0.6171572544653978 0.799358737117772
0.5727128100209533 0.803399141158176
0.5767532140613574 0.803399141158176
0.5807936181017614 0.803399141158176
0.5848340221421655 0.803399141158176
0.5888744261825696 0.803399141158176
0.5929148302229736 0.803399141158176
0.5969552342633776 0.803399141158176
0.6009956383037817 0.803399141158176
0.6050360423441856 0.803399141158176
0.6090764463845897 0.803399141158176
0.6131168504249938 0.803399141158176
0.6171572544653978 0.803399141158176
0.5605915978997413 0.80743954519858
0.5646320019401453 0.80743954519858
0.5686724059805494 0.80743954519858
0.5727128100209533 0.80743954519858
0.5767532140613574 0.80743954519858
0.5807936181017614 0.80743954519858
0.5848340221421655 0.80743954519858
0.5888744261825696 0.80743954519858
0.5929148302229736 0.80743954519858
0.5969552342633776 0.80743954519858
0.6009956383037817 0.80743954519858
0.6050360423441856 0.80743954519858
0.6090764463845897 0.80743954519858
0.6131168504249938 0.80743954519858
0.6171572544653978 0.80743954519858
0.5605915978997413 0.811479949238984
0.5646320019401453 0.811479949238984
0.5686724059805494 0.811479949238984
0.5727128100209533 0.811479949238984
0.5767532140613574 0.811479949238984
0.5807936181017614 0.811479949238984
0.5848340221421655 0.811479949238984
0.5888744261825696 0.811479949238984
0.5929148302229736 0.811479949238984
0.5969552342633776 0.811479949238984
0.6009956383037817 0.811479949238984
0.6090764463845897 0.811479949238984
0.5484703857785291 0.8155203532793881
0.5525107898189332 0.8155203532793881
0.5565511938593373 0.8155203532793881
0.5605915978997413 0.8155203532793881
0.5646320019401453 0.8155203532793881
0.5686724059805494 0.8155203532793881
0.5727128100209533 0.8155203532793881
0.5767532140613574 0.8155203532793881
0.5807936181017614 0.8155203532793881
0.5848340221421655 0.8155203532793881
0.5888744261825696 0.8155203532793881
0.5929148302229736 0.8155203532793881
0.5969552342633776 0.8155203532793881
0.6009956383037817 0.8155203532793881
0.540389577697721 0.819560757319792
0.5484703857785291 0.819560757319792
0.5525107898189332 0.819560757319792
0.5565511938593373 0.819560757319792
0.5605915978997413 0.819560757319792
0.5646320019401453 0.819560757319792
0.5686724059805494 0.819560757319792
0.5727128100209533 0.819560757319792
0.5767532140613574 0.819560757319792
0.5807936181017614 0.819560757319792
0.5848340221421655 0.819560757319792
0.5888744261825696 0.819560757319792
0.5929148302229736 0.819560757319792
0.5969552342633776 0.819560757319792
0.536349173657317 0.8236011613601961
0.540389577697721 0.8236011613601961
0.5444299817381251 0.8236011613601961
0.5484703857785291 0.8236011613601961
0.5525107898189332 0.8236011613601961
0.5565511938593373 0.8236011613601961
0.5605915978997413 0.8236011613601961
0.5646320019401453 0.8236011613601961
0.5686724059805494 0.8236011613601961
0.5727128100209533 0.8236011613601961
0.5767532140613574 0.8236011613601961
0.5807936181017614 0.8236011613601961
0.5848340221421655 0.8236011613601961
0.5888744261825696 0.8236011613601961
0.5929148302229736 0.8236011613601961
0.536349173657317 0.8276415654006002
0.540389577697721 0.8276415654006002
0.5444299817381251 0.8276415654006002
0.5484703857785291 0.8276415654006002
0.5525107898189332 0.8276415654006002
0.5565511938593373 0.8276415654006002
0.5605915978997413 0.8276415654006002
0.5646320019401453 0.8276415654006002
0.5686724059805494 0.8276415654006002
0.5727128100209533 0.8276415654006002
0.5767532140613574 0.8276415654006002
0.5807936181017614 0.8276415654006002
0.524227961536105 0.8316819694410043
0.5282683655765089 0.8316819694410043
0.532308769616913 0.8316819694410043
0.536349173657317 0.8316819694410043
0.540389577697721 0.8316819694410043
0.5444299817381251 0.8316819694410043
0.5484703857785291 0.8316819694410043
0.5525107898189332 0.8316819694410043
0.5565511938593373 0.8316819694410043
0.5605915978997413 0.8316819694410043
0.5646320019401453 0.8316819694410043
0.5686724059805494 0.8316819694410043
0.5727128100209533 0.8316819694410043
0.5767532140613574 0.8316819694410043
0.5201875574957009 0.8357223734814083
0.524227961536105 0.8357223734814083
0.5282683655765089 0.8357223734814083
0.532308769616913 0.8357223734814083
0.536349173657317 0.8357223734814083
0.540389577697721 0.8357223734814083
0.5444299817381251 0.8357223734814083
0.5484703857785291 0.8357223734814083
0.5525107898189332 0.8357223734814083
0.5565511938593373 0.8357223734814083
0.5605915978997413 0.8357223734814083
0.5646320019401453 0.8357223734814083
0.5686724059805494 0.8357223734814083
0.5727128100209533 0.8357223734814083
0.5121067494148928 0.8397627775218124
0.5161471534552968 0.8397627775218124
0.5201875574957009 0.8397627775218124
0.524227961536105 0.8397627775218124
0.5282683655765089 0.8397627775218124
0.532308769616913 0.8397627775218124
0.536349173657317 0.8397627775218124
0.540389577697721 0.8397627775218124
0.5444299817381251 0.8397627775218124
0.5484703857785291 0.8397627775218124
0.5525107898189332 0.8397627775218124
0.5565511938593373 0.8397627775218124
0.5605915978997413 0.8397627775218124
0.5646320019401453 0.8397627775218124
0.5727128100209533 0.8397627775218124
0.5040259413340846 0.8438031815622163
0.5121067494148928 0.8438031815622163
0.5161471534552968 0.8438031815622163
0.5201875574957009 0.8438031815622163
0.524227961536105 0.8438031815622163
0.5282683655765089 0.8438031815622163
0.532308769616913 0.8438031815622163
0.536349173657317 0.8438031815622163
0.540389577697721 0.8438031815622163
0.5444299817381251 0.8438031815622163
0.5484703857785291 0.8438031815622163
0.5525107898189332 0.8438031815622163
0.5565511938593373 0.8438031815622163
0.5605915978997413 0.8438031815622163
0.5646320019401453 0.8438031815622163
0.49998553729368067 0.8478435856026204
0.5040259413340846 0.8478435856026204
0.5080663453744887 0.8478435856026204
0.5121067494148928 0.8478435856026204
0.5161471534552968 0.8478435856026204
0.5201875574957009 0.8478435856026204
0.524227961536105 0.8478435856026204
0.5282683655765089 0.8478435856026204
0.532308769616913 0.8478435856026204
0.536349173657317 0.8478435856026204
0.540389577697721 0.8478435856026204
0.5444299817381251 0.8478435856026204
0.5484703857785291 0.8478435856026204
0.5525107898189332 0.8478435856026204
0.4878643251724685 0.8518839896430245
0.4959451332532766 0.8518839896430245
0.49998553729368067 0.8518839896430245
0.5040259413340846 0.8518839896430245
0.5080663453744887 0.8518839896430245
0.5121067494148928 0.8518839896430245
0.5161471534552968 0.8518839896430245
0.5201875574957009 0.8518839896430245
0.524227961536105 0.8518839896430245
0.5282683655765089 0.8518839896430245
0.532308769616913 0.8518839896430245
0.536349173657317 0.8518839896430245
0.540389577697721 0.8518839896430245
0.5444299817381251 0.8518839896430245
0.5484703857785291 0.8518839896430245
0.47978351709166045 0.8559243936834284
0.49190472921287254 0.8559243936834284
0.4959451332532766 0.8559243936834284
0.49998553729368067 0.8559243936834284
0.5040259413340846 0.8559243936834284
0.5080663453744887 0.8559243936834284
0.5121067494148928 0.8559243936834284
0.5161471534552968 0.8559243936834284
0.5201875574957009 0.8559243936834284
0.524227961536105 0.8559243936834284
0.5282683655765089 0.8559243936834284
0.532308769616913 0.8559243936834284
0.536349173657317 0.8559243936834284
0.540389577697721 0.8559243936834284
0.5444299817381251 0.8559243936834284
0.4757431130512564 0.8599647977238325
0.47978351709166045 0.8599647977238325
0.4838239211320645 0.8599647977238325
0.4878643251724685 0.8599647977238325
0.49190472921287254 0.8599647977238325
0.4959451332532766 0.8599647977238325
0.49998553729368067 0.8599647977238325
0.5040259413340846 0.8599647977238325
0.5080663453744887 0.8599647977238325
0.5121067494148928 0.8599647977238325
0.5161471534552968 0.8599647977238325
0.5201875574957009 0.8599647977238325
0.524227961536105 0.8599647977238325
0.5282683655765089 0.8599647977238325
0.532308769616913 0.8599647977238325
0.4717027090108524 0.8640052017642366
0.4757431130512564 0.8640052017642366
0.47978351709166045 0.8640052017642366
0.4838239211320645 0.8640052017642366
0.4878643251724685 0.8640052017642366
0.49190472921287254 0.8640052017642366
0.4959451332532766 0.8640052017642366
0.49998553729368067 0.8640052017642366
0.5040259413340846 0.8640052017642366
0.5080663453744887 0.8640052017642366
0.5121067494148928 0.8640052017642366
0.5161471534552968 0.8640052017642366
0.5201875574957009 0.8640052017642366
0.524227961536105 0.8640052017642366
0.5282683655765089 0.8640052017642366
0.536349173657317 0.8640052017642366
0.4636219009300443 0.8680456058046406
0.46766230497044836 0.8680456058046406
0.4717027090108524 0.8680456058046406
0.4757431130512564 0.8680456058046406
0.47978351709166045 0.8680456058046406
0.4838239211320645 0.8680456058046406
0.4878643251724685 0.8680456058046406
0.49190472921287254 0.8680456058046406
0.4959451332532766 0.8680456058046406
0.49998553729368067 0.8680456058046406
0.5040259413340846 0.8680456058046406
0.5080663453744887 0.8680456058046406
0.5121067494148928 0.8680456058046406
0.5161471534552968 0.8680456058046406
0.5201875574957009 0.8680456058046406
0.45958149688964023 0.8720860098450447
0.4636219009300443 0.8720860098450447
0.46766230497044836 0.8720860098450447
0.4717027090108524 0.8720860098450447
0.4757431130512564 0.8720860098450447
0.47978351709166045 0.8720860098450447
0.4838239211320645 0.8720860098450447
0.4878643251724685 0.8720860098450447
0.49190472921287254 0.8720860098450447
0.4959451332532766 0.8720860098450447
0.49998553729368067 0.8720860098450447
0.5040259413340846 0.8720860098450447
0.5080663453744887 0.8720860098450447
0.5121067494148928 0.8720860098450447
0.44746028476842814 0.8761264138854487
0.45150068880883215 0.8761264138854487
0.45554109284923616 0.8761264138854487
0.45958149688964023 0.8761264138854487
0.4636219009300443 0.8761264138854487
0.46766230497044836 0.8761264138854487
0.4717027090108524 0.8761264138854487
0.4757431130512564 0.8761264138854487
0.47978351709166045 0.8761264138854487
0.4838239211320645 0.8761264138854487
0.4878643251724685 0.8761264138854487
0.49190472921287254 0.8761264138854487
0.4959451332532766 0.8761264138854487
0.49998553729368067 0.8761264138854487
0.5040259413340846 0.8761264138854487
0.5080663453744887 0.8761264138854487
0.5121067494148928 0.8761264138854487
0.5161471534552968 0.8761264138854487
0.43937947668762 0.8801668179258527
0.4434198807280241 0.8801668179258527
0.44746028476842814 0.8801668179258527
0.45150068880883215 0.8801668179258527
0.45554109284923616 0.8801668179258527
0.45958149688964023 0.8801668179258527
0.4636219009300443 0.8801668179258527
0.46766230497044836 0.8801668179258527
0.4717027090108524 0.8801668179258527
0.4757431130512564 0.8801668179258527
0.47978351709166045 0.8801668179258527
0.4838239211320645 0.8801668179258527
0.4878643251724685 0.8801668179258527
0.49190472921287254 0.8801668179258527
0.4959451332532766 0.8801668179258527
0.49998553729368067 0.8801668179258527
0.5080663453744887 0.8801668179258527
0.435339072647216 0.8842072219662568
0.43937947668762 0.8842072219662568
0.4434198807280241 0.8842072219662568
0.44746028476842814 0.8842072219662568
0.45150068880883215 0.8842072219662568
0.45554109284923616 0.8842072219662568
0.45958149688964023 0.8842072219662568
0.4636219009300443 0.8842072219662568
0.46766230497044836 0.8842072219662568
0.4717027090108524 0.8842072219662568
0.4757431130512564 0.8842072219662568
0.47978351709166045 0.8842072219662568
0.4838239211320645 0.8842072219662568
0.4878643251724685 0.8842072219662568
0.49190472921287254 0.8842072219662568
0.49998553729368067 0.8842072219662568
0.42321786052600385 0.8882476260066607
0.4272582645664079 0.8882476260066607
0.431298668606812 0.8882476260066607
0.435339072647216 0.8882476260066607
0.43937947668762 0.8882476260066607
0.4434198807280241 0.8882476260066607
0.44746028476842814 0.8882476260066607
0.45150068880883215 0.8882476260066607
0.45554109284923616 0.8882476260066607
0.45958149688964023 0.8882476260066607
0.4636219009300443 0.8882476260066607
0.46766230497044836 0.8882476260066607
0.4717027090108524 0.8882476260066607
0.4757431130512564 0.8882476260066607
0.47978351709166045 0.8882476260066607
0.4838239211320645 0.8882476260066607
0.41109664840479176 0.8922880300470648
0.41513705244519583 0.8922880300470648
0.41917745648559984 0.8922880300470648
0.42321786052600385 0.8922880300470648
0.4272582645664079 0.8922880300470648
0.431298668606812 0.8922880300470648
0.435339072647216 0.8922880300470648
0.43937947668762 0.8922880300470648
0.4434198807280241 0.8922880300470648
0.44746028476842814 0.8922880300470648
0.45150068880883215 0.8922880300470648
0.45554109284923616 0.8922880300470648
0.45958149688964023 0.8922880300470648
0.4636219009300443 0.8922880300470648
0.46766230497044836 0.8922880300470648
0.4717027090108524 0.8922880300470648
0.4757431130512564 0.8922880300470648
0.47978351709166045 0.8922880300470648
0.4030158403239837 0.8963284340874689
0.4070562443643877 0.8963284340874689
0.41109664840479176 0.8963284340874689
0.41513705244519583 0.8963284340874689
0.41917745648559984 0.8963284340874689
0.42321786052600385 0.8963284340874689
0.4272582645664079 0.8963284340874689
0.431298668606812 0.8963284340874689
0.435339072647216 0.8963284340874689
0.43937947668762 0.8963284340874689
0.4434198807280241 0.8963284340874689
0.44746028476842814 0.8963284340874689
0.45150068880883215 0.8963284340874689
0.45554109284923616 0.8963284340874689
0.45958149688964023 0.8963284340874689
0.4636219009300443 0.8963284340874689
0.46766230497044836 0.8963284340874689
0.4717027090108524 0.8963284340874689
0.4757431130512564 0.8963284340874689
0.4838239211320645 0.8963284340874689
0.3949350322431756 0.9003688381278729
0.3989754362835796 0.9003688381278729
0.4030158403239837 0.9003688381278729
0.4070562443643877 0.9003688381278729
0.41109664840479176 0.9003688381278729
0.41513705244519583 0.9003688381278729
0.41917745648559984 0.9003688381278729
0.42321786052600385 0.9003688381278729
0.4272582645664079 0.9003688381278729
0.431298668606812 0.9003688381278729
0.435339072647216 0.9003688381278729
0.43937947668762 0.9003688381278729
0.4434198807280241 0.9003688381278729
0.44746028476842814 0.9003688381278729
0.45150068880883215 0.9003688381278729
0.45554109284923616 0.9003688381278729
0.45958149688964023 0.9003688381278729
0.4636219009300443 0.9003688381278729
0.38685422416236753 0.904409242168277
0.39089462820277154 0.904409242168277
0.3949350322431756 0.904409242168277
0.3989754362835796 0.904409242168277
0.4030158403239837 0.904409242168277
0.4070562443643877 0.904409242168277
0.41109664840479176 0.904409242168277
0.41513705244519583 0.904409242168277
0.41917745648559984 0.904409242168277
0.42321786052600385 0.904409242168277
0.4272582645664079 0.904409242168277
0.431298668606812 0.904409242168277
0.435339072647216 0.904409242168277
0.43937947668762 0.904409242168277
0.4434198807280241 0.904409242168277
0.44746028476842814 0.904409242168277
0.45150068880883215 0.904409242168277
0.45554109284923616 0.904409242168277
0.4636219009300443 0.904409242168277
0.37877341608155946 0.9084496462086811
0.38281382012196347 0.9084496462086811
0.38685422416236753 0.9084496462086811
0.39089462820277154 0.9084496462086811
0.3949350322431756 0.9084496462086811
0.3989754362835796 0.9084496462086811
0.4030158403239837 0.9084496462086811
0.4070562443643877 0.9084496462086811
0.41109664840479176 0.9084496462086811
0.41513705244519583 0.9084496462086811
0.41917745648559984 0.9084496462086811
0.42321786052600385 0.9084496462086811
0.4272582645664079 0.9084496462086811
0.431298668606812 0.9084496462086811
0.435339072647216 0.9084496462086811
0.43937947668762 0.9084496462086811
0.4434198807280241 0.9084496462086811
0.44746028476842814 0.9084496462086811
0.3706926080007513 0.912490050249085
0.3747330120411554 0.912490050249085
0.37877341608155946 0.912490050249085
0.38281382012196347 0.912490050249085
0.38685422416236753 0.912490050249085
0.39089462820277154 0.912490050249085
0.3949350322431756 0.912490050249085
0.3989754362835796 0.912490050249085
0.4030158403239837 0.912490050249085
0.4070562443643877 0.912490050249085
0.41109664840479176 0.912490050249085
0.41513705244519583 0.912490050249085
0.41917745648559984 0.912490050249085
0.42321786052600385 0.912490050249085
0.4272582645664079 0.912490050249085
0.431298668606812 0.912490050249085
0.435339072647216 0.912490050249085
0.35453099183913517 0.9165304542894891
0.35857139587953923 0.9165304542894891
0.3626117999199433 0.9165304542894891
0.3666522039603473 0.9165304542894891
0.3706926080007513 0.9165304542894891
0.3747330120411554 0.9165304542894891
0.37877341608155946 0.9165304542894891
0.38281382012196347 0.9165304542894891
0.38685422416236753 0.9165304542894891
0.39089462820277154 0.9165304542894891
0.3949350322431756 0.9165304542894891
0.3989754362835796 0.9165304542894891
0.4030158403239837 0.9165304542894891
0.4070562443643877 0.9165304542894891
0.41109664840479176 0.9165304542894891
0.41513705244519583 0.9165304542894891
0.41917745648559984 0.9165304542894891
0.42321786052600385 0.9165304542894891
0.4272582645664079 0.9165304542894891
0.35049058779873116 0.920570858329893
0.35453099183913517 0.920570858329893
0.35857139587953923 0.920570858329893
0.3626117999199433 0.920570858329893
0.3666522039603473 0.920570858329893
0.3706926080007513 0.920570858329893
0.3747330120411554 0.920570858329893
0.37877341608155946 0.920570858329893
0.38281382012196347 0.920570858329893
0.38685422416236753 0.920570858329893
0.39089462820277154 0.920570858329893
0.3949350322431756 0.920570858329893
0.3989754362835796 0.920570858329893
0.4030158403239837 0.920570858329893
0.4070562443643877 0.920570858329893
0.41109664840479176 0.920570858329893
0.41513705244519583 0.920570858329893
0.41917745648559984 0.920570858329893
0.42321786052600385 0.920570858329893
0.334328971637115 0.9246112623702971
0.338369375677519 0.9246112623702971
0.3424097797179231 0.9246112623702971
0.34645018375832715 0.9246112623702971
0.35049058779873116 0.9246112623702971
0.35453099183913517 0.9246112623702971
0.35857139587953923 0.9246112623702971
0.3626117999199433 0.9246112623702971
0.3666522039603473 0.9246112623702971
0.3706926080007513 0.9246112623702971
0.3747330120411554 0.9246112623702971
0.37877341608155946 0.9246112623702971
0.38281382012196347 0.9246112623702971
0.38685422416236753 0.9246112623702971
0.39089462820277154 0.9246112623702971
0.3949350322431756 0.9246112623702971
0.3989754362835796 0.9246112623702971
0.4030158403239837 0.9246112623702971
0.4070562443643877 0.9246112623702971
0.41109664840479176 0.9246112623702971
0.32220775951590286 0.9286516664107012
0.3262481635563069 0.9286516664107012
0.334328971637115 0.9286516664107012
0.338369375677519 0.9286516664107012
0.3424097797179231 0.9286516664107012
0.34645018375832715 0.9286516664107012
0.35049058779873116 0.9286516664107012
0.35453099183913517 0.9286516664107012
0.35857139587953923 0.9286516664107012
0.3626117999199433 0.9286516664107012
0.3666522039603473 0.9286516664107012
0.3706926080007513 0.9286516664107012
0.3747330120411554 0.9286516664107012
0.37877341608155946 0.9286516664107012
0.38281382012196347 0.9286516664107012
0.38685422416236753 0.9286516664107012
0.39089462820277154 0.9286516664107012
0.3949350322431756 0.9286516664107012
0.3989754362835796 0.9286516664107012
0.4030158403239837 0.9286516664107012
0.3141269514350948 0.9326920704511052
0.3181673554754988 0.9326920704511052
0.32220775951590286 0.9326920704511052
0.3262481635563069 0.9326920704511052
0.33028856759671094 0.9326920704511052
0.334328971637115 0.9326920704511052
0.338369375677519 0.9326920704511052
0.3424097797179231 0.9326920704511052
0.34645018375832715 0.9326920704511052
0.35049058779873116 0.9326920704511052
0.35453099183913517 0.9326920704511052
0.35857139587953923 0.9326920704511052
0.3626117999199433 0.9326920704511052
0.3666522039603473 0.9326920704511052
0.3706926080007513 0.9326920704511052
0.3747330120411554 0.9326920704511052
0.37877341608155946 0.9326920704511052
0.38281382012196347 0.9326920704511052
0.38685422416236753 0.9326920704511052
0.39089462820277154 0.9326920704511052
0.3949350322431756 0.9326920704511052
0.30200573931388264 0.9367324744915093
0.3060461433542867 0.9367324744915093
0.31008654739469077 0.9367324744915093
0.3141269514350948 0.9367324744915093
0.3181673554754988 0.9367324744915093
0.32220775951590286 0.9367324744915093
0.3262481635563069 0.9367324744915093
0.33028856759671094 0.9367324744915093
0.334328971637115 0.9367324744915093
0.338369375677519 0.9367324744915093
0.3424097797179231 0.9367324744915093
0.34645018375832715 0.9367324744915093
0.35049058779873116 0.9367324744915093
0.35453099183913517 0.9367324744915093
0.35857139587953923 0.9367324744915093
0.3626117999199433 0.9367324744915093
0.3666522039603473 0.9367324744915093
0.3706926080007513 0.9367324744915093
0.3747330120411554 0.9367324744915093
0.37877341608155946 0.9367324744915093
0.38281382012196347 0.9367324744915093
0.38685422416236753 0.9367324744915093
0.2979653352734786 0.9407728785319134
0.30200573931388264 0.9407728785319134
0.3060461433542867 0.9407728785319134
0.31008654739469077 0.9407728785319134
0.3141269514350948 0.9407728785319134
0.3181673554754988 0.9407728785319134
0.32220775951590286 0.9407728785319134
0.3262481635563069 0.9407728785319134
0.33028856759671094 0.9407728785319134
0.334328971637115 0.9407728785319134
0.338369375677519 0.9407728785319134
0.3424097797179231 0.9407728785319134
0.34645018375832715 0.9407728785319134
0.35049058779873116 0.9407728785319134
0.35453099183913517 0.9407728785319134
0.35857139587953923 0.9407728785319134
0.3626117999199433 0.9407728785319134
0.3666522039603473 0.9407728785319134
0.3706926080007513 0.9407728785319134
0.2979653352734786 0.9448132825723174
0.30200573931388264 0.9448132825723174
0.3060461433542867 0.9448132825723174
0.31008654739469077 0.9448132825723174
0.3141269514350948 0.9448132825723174
0.3181673554754988 0.9448132825723174
0.32220775951590286 0.9448132825723174
0.3262481635563069 0.9448132825723174
0.33028856759671094 0.9448132825723174
0.334328971637115 0.9448132825723174
0.338369375677519 0.9448132825723174
0.3424097797179231 0.9448132825723174
0.34645018375832715 0.9448132825723174
0.35049058779873116 0.9448132825723174
0.35453099183913517 0.9448132825723174
0.35857139587953923 0.9448132825723174
0.2979653352734786 0.9488536866127214
0.30200573931388264 0.9488536866127214
0.3060461433542867 0.9488536866127214
0.31008654739469077 0.9488536866127214
0.3141269514350948 0.9488536866127214
0.3181673554754988 0.9488536866127214
0.32220775951590286 0.9488536866127214
0.3262481635563069 0.9488536866127214
0.33028856759671094 0.9488536866127214
0.334328971637115 0.9488536866127214
0.338369375677519 0.9488536866127214
0.3424097797179231 0.9488536866127214
0.34645018375832715 0.9488536866127214
0.35049058779873116 0.9488536866127214
0.35453099183913517 0.9488536866127214
0.2979653352734786 0.9528940906531255
0.30200573931388264 0.9528940906531255
0.3060461433542867 0.9528940906531255
0.31008654739469077 0.9528940906531255
0.3141269514350948 0.9528940906531255
0.3181673554754988 0.9528940906531255
0.32220775951590286 0.9528940906531255
0.3262481635563069 0.9528940906531255
0.33028856759671094 0.9528940906531255
0.334328971637115 0.9528940906531255
0.338369375677519 0.9528940906531255
0.3424097797179231 0.9528940906531255
0.2979653352734786 0.9569344946935294
0.30200573931388264 0.9569344946935294
0.3060461433542867 0.9569344946935294
0.31008654739469077 0.9569344946935294
0.3141269514350948 0.9569344946935294
0.3181673554754988 0.9569344946935294
0.32220775951590286 0.9569344946935294
0.3262481635563069 0.9569344946935294
0.33028856759671094 0.9569344946935294
0.334328971637115 0.9569344946935294
0.2979653352734786 0.9609748987339335
0.30200573931388264 0.9609748987339335
0.3060461433542867 0.9609748987339335
0.31008654739469077 0.9609748987339335
0.3141269514350948 0.9609748987339335
0.3181673554754988 0.9609748987339335
0.2979653352734786 0.9650153027743376
0.30200573931388264 0.9650153027743376
0.3060461433542867 0.9650153027743376
0.31008654739469077 0.9650153027743376
