# x y
0.6996301186960929 0.706429444188479
0.6955897146556889 0.710469848228883
0.6996301186960929 0.710469848228883
0.6915493106152849 0.7145102522692871
0.6955897146556889 0.7145102522692871
0.6996301186960929 0.7145102522692871
0.6875089065748808 0.7185506563096911
0.6915493106152849 0.7185506563096911
0.6955897146556889 0.7185506563096911
0.6996301186960929 0.7185506563096911
0.6834685025344768 0.7225910603500951
0.6875089065748808 0.7225910603500951
0.6915493106152849 0.7225910603500951
0.6955897146556889 0.7225910603500951
0.6996301186960929 0.7225910603500951
0.6794280984940728 0.7266314643904992
0.6834685025344768 0.7266314643904992
0.6875089065748808 0.7266314643904992
0.6915493106152849 0.7266314643904992
0.6955897146556889 0.7266314643904992
0.6713472904132647 0.7306718684309033
0.6753876944536688 0.7306718684309033
0.6794280984940728 0.7306718684309033
0.6834685025344768 0.7306718684309033
0.6875089065748808 0.7306718684309033
0.6915493106152849 0.7306718684309033
0.6673068863728606 0.7347122724713073
0.6713472904132647 0.7347122724713073
0.6753876944536688 0.7347122724713073
0.6794280984940728 0.7347122724713073
0.6834685025344768 0.7347122724713073
0.6875089065748808 0.7347122724713073
0.6632664823324566 0.7387526765117113
0.6673068863728606 0.7387526765117113
0.6713472904132647 0.7387526765117113
0.6753876944536688 0.7387526765117113
0.6794280984940728 0.7387526765117113
0.6834685025344768 0.7387526765117113
0.6592260782920525 0.7427930805521153
0.6632664823324566 0.7427930805521153
0.6673068863728606 0.7427930805521153
0.6713472904132647 0.7427930805521153
0.6753876944536688 0.7427930805521153
0.6794280984940728 0.7427930805521153
0.6551856742516485 0.7468334845925194
0.6592260782920525 0.7468334845925194
0.6632664823324566 0.7468334845925194
0.6673068863728606 0.7468334845925194
0.6713472904132647 0.7468334845925194
0.6753876944536688 0.7468334845925194
0.6511452702112445 0.7508738886329235
0.6551856742516485 0.7508738886329235
0.6592260782920525 0.7508738886329235
0.6632664823324566 0.7508738886329235
0.6673068863728606 0.7508738886329235
0.6713472904132647 0.7508738886329235
0.6471048661708405 0.7549142926733274
0.6511452702112445 0.7549142926733274
0.6551856742516485 0.7549142926733274
0.6592260782920525 0.7549142926733274
0.6632664823324566 0.7549142926733274
0.6390240580900324 0.7589546967137315
0.6430644621304364 0.7589546967137315
0.6471048661708405 0.7589546967137315
0.6511452702112445 0.7589546967137315
0.6551856742516485 0.7589546967137315
0.6592260782920525 0.7589546967137315
0.6349836540496283 0.7629951007541356
0.6390240580900324 0.7629951007541356
0.6430644621304364 0.7629951007541356
0.6471048661708405 0.7629951007541356
0.6511452702112445 0.7629951007541356
0.6551856742516485 0.7629951007541356
0.6309432500092242 0.7670355047945396
0.6349836540496283 0.7670355047945396
0.6390240580900324 0.7670355047945396
0.6430644621304364 0.7670355047945396
0.6471048661708405 0.7670355047945396
0.6511452702112445 0.7670355047945396
0.6269028459688202 0.7710759088349436
0.6309432500092242 0.7710759088349436
0.6349836540496283 0.7710759088349436
0.6390240580900324 0.7710759088349436
0.6430644621304364 0.7710759088349436
0.6471048661708405 0.7710759088349436
0.6228624419284161 0.7751163128753477
0.6269028459688202 0.7751163128753477
0.6309432500092242 0.7751163128753477
0.6349836540496283 0.7751163128753477
0.6390240580900324 0.7751163128753477
0.6430644621304364 0.7751163128753477
0.6147816338476081 0.7791567169157517
0.6188220378880122 0.7791567169157517
0.6228624419284161 0.7791567169157517
0.6269028459688202 0.7791567169157517
0.6309432500092242 0.7791567169157517
0.6349836540496283 0.7791567169157517
0.6107412298072041 0.7831971209561558
0.6147816338476081 0.7831971209561558
0.6188220378880122 0.7831971209561558
0.6228624419284161 0.7831971209561558
0.6269028459688202 0.7831971209561558
0.6309432500092242 0.7831971209561558
0.6067008257668001 0.7872375249965597
0.6107412298072041 0.7872375249965597
0.6147816338476081 0.7872375249965597
0.6188220378880122 0.7872375249965597
0.6228624419284161 0.7872375249965597
0.6269028459688202 0.7872375249965597
0.5986200176859919 0.7912779290369638
0.602660421726396 0.7912779290369638
0.6067008257668001 0.7912779290369638
0.6107412298072041 0.7912779290369638
0.6147816338476081 0.7912779290369638
0.6188220378880122 0.7912779290369638
0.6228624419284161 0.7912779290369638
0.5945796136455879 0.7953183330773679
0.5986200176859919 0.7953183330773679
0.602660421726396 0.7953183330773679
0.6067008257668001 0.7953183330773679
0.6107412298072041 0.7953183330773679
0.6147816338476081 0.7953183330773679
0.5905392096051838 0.799358737117772
0.5945796136455879 0.799358737117772
0.5986200176859919 0.799358737117772
0.602660421726396 0.799358737117772
0.6067008257668001 0.799358737117772
0.6107412298072041 0.799358737117772
0.5824584015243758 0.803399141158176
0.5864988055647798 0.803399141158176
0.5905392096051838 0.803399141158176
0.5945796136455879 0.803399141158176
0.5986200176859919 0.803399141158176
0.602660421726396 0.803399141158176
0.6067008257668001 0.803399141158176
0.5784179974839718 0.80743954519858
0.5824584015243758 0.80743954519858
0.5864988055647798 0.80743954519858
0.5905392096051838 0.80743954519858
0.5945796136455879 0.80743954519858
0.5986200176859919 0.80743954519858
0.5743775934435678 0.811479949238984
0.5784179974839718 0.811479949238984
0.5824584015243758 0.811479949238984
0.5864988055647798 0.811479949238984
0.5905392096051838 0.811479949238984
0.5945796136455879 0.811479949238984
0.5662967853627596 0.8155203532793881
0.5703371894031637 0.8155203532793881
0.5743775934435678 0.8155203532793881
0.5784179974839718 0.8155203532793881
0.5824584015243758 0.8155203532793881
0.5864988055647798 0.8155203532793881
0.5905392096051838 0.8155203532793881
0.5622563813223556 0.819560757319792
0.5662967853627596 0.819560757319792
0.5703371894031637 0.819560757319792
0.5743775934435678 0.819560757319792
0.5784179974839718 0.819560757319792
0.5824584015243758 0.819560757319792
0.5541755732415474 0.8236011613601961
0.5582159772819515 0.8236011613601961
0.5622563813223556 0.8236011613601961
0.5662967853627596 0.8236011613601961
0.5703371894031637 0.8236011613601961
0.5743775934435678 0.8236011613601961
0.5784179974839718 0.8236011613601961
0.5501351692011435 0.8276415654006002
0.5541755732415474 0.8276415654006002
0.5582159772819515 0.8276415654006002
0.5622563813223556 0.8276415654006002
0.5662967853627596 0.8276415654006002
0.5703371894031637 0.8276415654006002
0.5743775934435678 0.8276415654006002
0.5420543611203354 0.8316819694410043
0.5460947651607394 0.8316819694410043
0.5501351692011435 0.8316819694410043
0.5541755732415474 0.8316819694410043
0.5582159772819515 0.8316819694410043
0.5622563813223556 0.8316819694410043
0.5662967853627596 0.8316819694410043
0.5380139570799314 0.8357223734814083
0.5420543611203354 0.8357223734814083
0.5460947651607394 0.8357223734814083
0.5501351692011435 0.8357223734814083
0.5541755732415474 0.8357223734814083
0.5582159772819515 0.8357223734814083
0.5622563813223556 0.8357223734814083
0.5299331489991232 0.8397627775218124
0.5339735530395273 0.8397627775218124
0.5380139570799314 0.8397627775218124
0.5420543611203354 0.8397627775218124
0.5460947651607394 0.8397627775218124
0.5501351692011435 0.8397627775218124
0.5541755732415474 0.8397627775218124
0.5218523409183151 0.8438031815622163
0.5258927449587192 0.8438031815622163
0.5299331489991232 0.8438031815622163
0.5339735530395273 0.8438031815622163
0.5380139570799314 0.8438031815622163
0.5420543611203354 0.8438031815622163
0.5460947651607394 0.8438031815622163
0.5501351692011435 0.8438031815622163
0.5178119368779112 0.8478435856026204
0.5218523409183151 0.8478435856026204
0.5258927449587192 0.8478435856026204
0.5299331489991232 0.8478435856026204
0.5339735530395273 0.8478435856026204
0.5380139570799314 0.8478435856026204
0.5420543611203354 0.8478435856026204
0.509731128797103 0.8518839896430245
0.5137715328375071 0.8518839896430245
0.5178119368779112 0.8518839896430245
0.5218523409183151 0.8518839896430245
0.5258927449587192 0.8518839896430245
0.5299331489991232 0.8518839896430245
0.5339735530395273 0.8518839896430245
0.501650320716295 0.8559243936834284
0.5056907247566991 0.8559243936834284
0.509731128797103 0.8559243936834284
0.5137715328375071 0.8559243936834284
0.5178119368779112 0.8559243936834284
0.5218523409183151 0.8559243936834284
0.5258927449587192 0.8559243936834284
0.5299331489991232 0.8559243936834284
0.49760991667589094 0.8599647977238325
0.501650320716295 0.8599647977238325
0.5056907247566991 0.8599647977238325
0.509731128797103 0.8599647977238325
0.5137715328375071 0.8599647977238325
0.5178119368779112 0.8599647977238325
0.5218523409183151 0.8599647977238325
0.48952910859508286 0.8640052017642366
0.4935695126354869 0.8640052017642366
0.49760991667589094 0.8640052017642366
0.501650320716295 0.8640052017642366
0.5056907247566991 0.8640052017642366
0.509731128797103 0.8640052017642366
0.5137715328375071 0.8640052017642366
0.5178119368779112 0.8640052017642366
0.4814483005142748 0.8680456058046406
0.48548870455467885 0.8680456058046406
0.48952910859508286 0.8680456058046406
0.4935695126354869 0.8680456058046406
0.49760991667589094 0.8680456058046406
0.501650320716295 0.8680456058046406
0.5056907247566991 0.8680456058046406
0.509731128797103 0.8680456058046406
0.4733674924334667 0.8720860098450447
0.4774078964738707 0.8720860098450447
0.4814483005142748 0.8720860098450447
0.48548870455467885 0.8720860098450447
0.48952910859508286 0.8720860098450447
0.4935695126354869 0.8720860098450447
0.49760991667589094 0.8720860098450447
0.501650320716295 0.8720860098450447
0.46528668435265863 0.8761264138854487
0.4693270883930627 0.8761264138854487
0.4733674924334667 0.8761264138854487
0.4774078964738707 0.8761264138854487
0.4814483005142748 0.8761264138854487
0.48548870455467885 0.8761264138854487
0.48952910859508286 0.8761264138854487
0.4935695126354869 0.8761264138854487
0.46124628031225456 0.8801668179258527
0.46528668435265863 0.8801668179258527
0.4693270883930627 0.8801668179258527
0.4733674924334667 0.8801668179258527
0.4774078964738707 0.8801668179258527
0.4814483005142748 0.8801668179258527
0.48548870455467885 0.8801668179258527
0.48952910859508286 0.8801668179258527
0.4531654722314465 0.8842072219662568
0.4572058762718505 0.8842072219662568
0.46124628031225456 0.8842072219662568
0.46528668435265863 0.8842072219662568
0.4693270883930627 0.8842072219662568
0.4733674924334667 0.8842072219662568
0.4774078964738707 0.8842072219662568
0.4814483005142748 0.8842072219662568
0.4450846641506384 0.8882476260066607
0.4491250681910425 0.8882476260066607
0.4531654722314465 0.8882476260066607
0.4572058762718505 0.8882476260066607
0.46124628031225456 0.8882476260066607
0.46528668435265863 0.8882476260066607
0.4693270883930627 0.8882476260066607
0.4733674924334667 0.8882476260066607
0.43700385606983033 0.8922880300470648
0.44104426011023434 0.8922880300470648
0.4450846641506384 0.8922880300470648
0.4491250681910425 0.8922880300470648
0.4531654722314465 0.8922880300470648
0.4572058762718505 0.8922880300470648
0.46124628031225456 0.8922880300470648
0.46528668435265863 0.8922880300470648
0.42892304798902225 0.8963284340874689
0.4329634520294263 0.8963284340874689
0.43700385606983033 0.8963284340874689
0.44104426011023434 0.8963284340874689
0.4450846641506384 0.8963284340874689
0.4491250681910425 0.8963284340874689
0.4531654722314465 0.8963284340874689
0.4572058762718505 0.8963284340874689
0.41680183586781017 0.9003688381278729
0.4208422399082142 0.9003688381278729
0.4248826439486182 0.9003688381278729
0.42892304798902225 0.9003688381278729
0.4329634520294263 0.9003688381278729
0.43700385606983033 0.9003688381278729
0.44104426011023434 0.9003688381278729
0.4450846641506384 0.9003688381278729
0.4491250681910425 0.9003688381278729
0.40872102778700203 0.904409242168277
0.4127614318274061 0.904409242168277
0.41680183586781017 0.904409242168277
0.4208422399082142 0.904409242168277
0.4248826439486182 0.904409242168277
0.42892304798902225 0.904409242168277
0.4329634520294263 0.904409242168277
0.43700385606983033 0.904409242168277
0.44104426011023434 0.904409242168277
0.40064021970619396 0.9084496462086811
0.404680623746598 0.9084496462086811
0.40872102778700203 0.9084496462086811
0.4127614318274061 0.9084496462086811
0.41680183586781017 0.9084496462086811
0.4208422399082142 0.9084496462086811
0.4248826439486182 0.9084496462086811
0.42892304798902225 0.9084496462086811
0.4329634520294263 0.9084496462086811
0.3925594116253859 0.912490050249085
0.39659981566578995 0.912490050249085
0.40064021970619396 0.912490050249085
0.404680623746598 0.912490050249085
0.40872102778700203 0.912490050249085
0.4127614318274061 0.912490050249085
0.41680183586781017 0.912490050249085
0.4208422399082142 0.912490050249085
0.4248826439486182 0.912490050249085
0.3804381995041738 0.9165304542894891
0.3844786035445778 0.9165304542894891
0.38851900758498187 0.9165304542894891
0.3925594116253859 0.9165304542894891
0.39659981566578995 0.9165304542894891
0.40064021970619396 0.9165304542894891
0.404680623746598 0.9165304542894891
0.40872102778700203 0.9165304542894891
0.4127614318274061 0.9165304542894891
0.41680183586781017 0.9165304542894891
0.37235739142336566 0.920570858329893
0.3763977954637697 0.920570858329893
0.3804381995041738 0.920570858329893
0.3844786035445778 0.920570858329893
0.38851900758498187 0.920570858329893
0.3925594116253859 0.920570858329893
0.39659981566578995 0.920570858329893
0.40064021970619396 0.920570858329893
0.404680623746598 0.920570858329893
0.40872102778700203 0.920570858329893
0.36023617930215357 0.9246112623702971
0.36427658334255764 0.9246112623702971
0.36831698738296165 0.9246112623702971
0.37235739142336566 0.9246112623702971
0.3763977954637697 0.9246112623702971
0.3804381995041738 0.9246112623702971
0.3844786035445778 0.9246112623702971
0.38851900758498187 0.9246112623702971
0.3925594116253859 0.9246112623702971
0.39659981566578995 0.9246112623702971
0.3521553712213455 0.9286516664107012
0.3561957752617495 0.9286516664107012
0.36023617930215357 0.9286516664107012
0.36427658334255764 0.9286516664107012
0.36831698738296165 0.9286516664107012
0.37235739142336566 0.9286516664107012
0.3763977954637697 0.9286516664107012
0.3804381995041738 0.9286516664107012
0.3844786035445778 0.9286516664107012
0.38851900758498187 0.9286516664107012
0.34003415910013335 0.9326920704511052
0.3440745631405374 0.9326920704511052
0.3481149671809415 0.9326920704511052
0.3521553712213455 0.9326920704511052
0.3561957752617495 0.9326920704511052
0.36023617930215357 0.9326920704511052
0.36427658334255764 0.9326920704511052
0.36831698738296165 0.9326920704511052
0.37235739142336566 0.9326920704511052
0.3763977954637697 0.9326920704511052
0.3804381995041738 0.9326920704511052
0.32791294697892126 0.9367324744915093
0.33195335101932527 0.9367324744915093
0.33599375505972934 0.9367324744915093
0.34003415910013335 0.9367324744915093
0.3440745631405374 0.9367324744915093
0.3481149671809415 0.9367324744915093
0.3521553712213455 0.9367324744915093
0.3561957752617495 0.9367324744915093
0.36023617930215357 0.9367324744915093
0.36427658334255764 0.9367324744915093
0.36831698738296165 0.9367324744915093
0.3157917348577091 0.9407728785319134
0.3198321388981131 0.9407728785319134
0.3238725429385172 0.9407728785319134
0.32791294697892126 0.9407728785319134
0.33195335101932527 0.9407728785319134
0.33599375505972934 0.9407728785319134
0.34003415910013335 0.9407728785319134
0.3440745631405374 0.9407728785319134
0.3481149671809415 0.9407728785319134
0.3521553712213455 0.9407728785319134
0.3561957752617495 0.9407728785319134
0.36023617930215357 0.9407728785319134
0.303670522736497 0.9448132825723174
0.30771092677690104 0.9448132825723174
0.3117513308173051 0.9448132825723174
0.3157917348577091 0.9448132825723174
0.3198321388981131 0.9448132825723174
0.3238725429385172 0.9448132825723174
0.32791294697892126 0.9448132825723174
0.33195335101932527 0.9448132825723174
0.33599375505972934 0.9448132825723174
0.34003415910013335 0.9448132825723174
0.3440745631405374 0.9448132825723174
0.3481149671809415 0.9448132825723174
0.29963011869609296 0.9488536866127214
0.303670522736497 0.9488536866127214
0.30771092677690104 0.9488536866127214
0.3117513308173051 0.9488536866127214
0.3157917348577091 0.9488536866127214
0.3198321388981131 0.9488536866127214
0.3238725429385172 0.9488536866127214
0.32791294697892126 0.9488536866127214
0.33195335101932527 0.9488536866127214
0.33599375505972934 0.9488536866127214
0.29963011869609296 0.9528940906531255
0.303670522736497 0.9528940906531255
0.30771092677690104 0.9528940906531255
0.3117513308173051 0.9528940906531255
0.3157917348577091 0.9528940906531255
0.3198321388981131 0.9528940906531255
0.3238725429385172 0.9528940906531255
0.29963011869609296 0.9569344946935294
0.303670522736497 0.9569344946935294
0.30771092677690104 0.9569344946935294
0.3117513308173051 0.9569344946935294
0.29963011869609296 0.9609748987339335
