# x y
0.6999817572108245 0.7145102522692871
0.6959413531704204 0.7185506563096911
0.6919009491300163 0.7225910603500951
0.6878605450896123 0.7266314643904992
0.6838201410492082 0.7306718684309033
0.6797797370088041 0.7347122724713073
0.6716989289279961 0.7387526765117113
0.6757393329684 0.7387526765117113
0.667658524887592 0.7427930805521153
0.6716989289279961 0.7427930805521153
0.6636181208471881 0.7468334845925194
0.659577716806784 0.7508738886329235
0.6555373127663799 0.7549142926733274
0.6514969087259759 0.7589546967137315
0.6474565046855718 0.7629951007541356
0.6393756966047638 0.7670355047945396
0.6434161006451677 0.7670355047945396
0.6353352925643597 0.7710759088349436
0.6393756966047638 0.7710759088349436
0.6312948885239558 0.7751163128753477
0.6272544844835517 0.7791567169157517
0.6191736764027436 0.7831971209561558
0.6232140804431476 0.7831971209561558
0.6151332723623395 0.7872375249965597
0.6191736764027436 0.7872375249965597
0.6110928683219354 0.7912779290369638
0.6070524642815314 0.7953183330773679
0.5989716562007233 0.799358737117772
0.6030120602411274 0.799358737117772
0.5949312521603194 0.803399141158176
0.5908908481199153 0.80743954519858
0.5828100400391072 0.811479949238984
0.5868504440795113 0.811479949238984
0.5787696359987031 0.8155203532793881
0.5706888279178951 0.819560757319792
0.5747292319582991 0.819560757319792
0.566648423877491 0.8236011613601961
0.558567615796683 0.8276415654006002
0.5626080198370871 0.8276415654006002
0.554527211756279 0.8316819694410043
0.5464464036754708 0.8357223734814083
0.5504868077158749 0.8357223734814083
0.5424059996350667 0.8397627775218124
0.5343251915542587 0.8438031815622163
0.5383655955946628 0.8438031815622163
0.5302847875138547 0.8478435856026204
0.5222039794330466 0.8518839896430245
0.5262443834734507 0.8518839896430245
0.5141231713522385 0.8559243936834284
0.5181635753926426 0.8559243936834284
0.5100827673118344 0.8599647977238325
0.5020019592310264 0.8640052017642366
0.5060423632714304 0.8640052017642366
0.4939211511502183 0.8680456058046406
0.49796155519062235 0.8680456058046406
0.48584034306941026 0.8720860098450447
0.4898807471098143 0.8720860098450447
0.4817999390290062 0.8761264138854487
0.4737191309481981 0.8801668179258527
0.47775953498860213 0.8801668179258527
0.46563832286739004 0.8842072219662568
0.4696787269077941 0.8842072219662568
0.4575575147865819 0.8882476260066607
0.461597918826986 0.8882476260066607
0.4494767067057739 0.8922880300470648
0.4535171107461779 0.8922880300470648
0.44139589862496575 0.8963284340874689
0.4454363026653698 0.8963284340874689
0.43331509054415773 0.9003688381278729
0.43735549458456174 0.9003688381278729
0.4252342824633496 0.904409242168277
0.42927468650375367 0.904409242168277
0.4171534743825416 0.9084496462086811
0.4211938784229456 0.9084496462086811
0.40503226226132943 0.912490050249085
0.40907266630173345 0.912490050249085
0.4131130703421375 0.912490050249085
0.39695145418052136 0.9165304542894891
0.40099185822092537 0.9165304542894891
0.3888706460997133 0.920570858329893
0.3929110501401173 0.920570858329893
0.37674943397850114 0.9246112623702971
0.3807898380189052 0.9246112623702971
0.3848302420593092 0.9246112623702971
0.36866862589769306 0.9286516664107012
0.37270902993809707 0.9286516664107012
0.3565474137764809 0.9326920704511052
0.360587817816885 0.9326920704511052
0.36462822185728905 0.9326920704511052
0.3484666056956729 0.9367324744915093
0.3525070097360769 0.9367324744915093
0.33634539357446075 0.9407728785319134
0.34038579761486476 0.9407728785319134
0.3242241814532486 0.9448132825723174
0.32826458549365267 0.9448132825723174
0.3323049895340567 0.9448132825723174
0.3121029693320365 0.9488536866127214
0.31614337337244053 0.9488536866127214
0.32018377741284454 0.9488536866127214
0.2999817572108244 0.9528940906531255
0.3040221612512284 0.9528940906531255
0.30806256529163245 0.9528940906531255
