# x y
0.6434114819588699 0.7791567169157517
0.6595730981204859 0.7791567169157517
0.5989670375144254 0.8155203532793881
0.5747246132720012 0.8276415654006002
0.5262397647871526 0.8599647977238325
0.5221993607467486 0.8680456058046406
0.5060377445851325 0.8720860098450447
0.5302801688275567 0.8761264138854487
0.5019973405447284 0.8801668179258527
0.47775491630230416 0.8882476260066607
0.46563370418109207 0.9003688381278729
0.4009872395346274 0.9246112623702971
0.3403811789285668 0.9488536866127214
0.3929064314538193 0.9488536866127214
0.31613875468614255 0.9650153027743376
0.3040175425649304 0.9690557068147416
