# x y
0.6999838507273958 0.7145102522692871
0.6959434466869917 0.7185506563096911
0.6919030426465878 0.7225910603500951
0.6878626386061837 0.7266314643904992
0.6838222345657796 0.7306718684309033
0.6797818305253756 0.7347122724713073
0.6717010224445674 0.7387526765117113
0.6757414264849715 0.7387526765117113
0.6676606184041634 0.7427930805521153
0.6717010224445674 0.7427930805521153
0.6636202143637594 0.7468334845925194
0.6595798103233553 0.7508738886329235
0.6555394062829514 0.7549142926733274
0.6514990022425473 0.7589546967137315
0.6474585982021432 0.7629951007541356
0.6393777901213351 0.7670355047945396
0.6434181941617392 0.7670355047945396
0.635337386080931 0.7710759088349436
0.6393777901213351 0.7710759088349436
0.6312969820405271 0.7751163128753477
0.627256578000123 0.7791567169157517
0.619175769919315 0.7831971209561558
0.623216173959719 0.7831971209561558
0.6151353658789109 0.7872375249965597
0.619175769919315 0.7872375249965597
0.6110949618385069 0.7912779290369638
0.6070545577981028 0.7953183330773679
0.5989737497172947 0.799358737117772
0.6030141537576987 0.799358737117772
0.5949333456768907 0.803399141158176
0.5908929416364866 0.80743954519858
0.5828121335556786 0.811479949238984
0.5868525375960827 0.811479949238984
0.5787717295152746 0.8155203532793881
0.5706909214344664 0.819560757319792
0.5747313254748705 0.819560757319792
0.5666505173940624 0.8236011613601961
0.5585697093132543 0.8276415654006002
0.5626101133536584 0.8276415654006002
0.5545293052728503 0.8316819694410043
0.5464484971920422 0.8357223734814083
0.5504889012324463 0.8357223734814083
0.5424080931516382 0.8397627775218124
0.53432728507083 0.8438031815622163
0.5383676891112341 0.8438031815622163
0.5302868810304261 0.8478435856026204
0.522206072949618 0.8518839896430245
0.526246476990022 0.8518839896430245
0.5141252648688099 0.8559243936834284
0.5181656689092139 0.8559243936834284
0.5100848608284059 0.8599647977238325
0.5020040527475977 0.8640052017642366
0.5060444567880018 0.8640052017642366
0.4939232446667897 0.8680456058046406
0.49796364870719373 0.8680456058046406
0.48988284062638565 0.8720860098450447
0.4818020325455776 0.8761264138854487
0.4737212244647695 0.8801668179258527
0.47776162850517356 0.8801668179258527
0.4656404163839614 0.8842072219662568
0.46968082042436543 0.8842072219662568
0.45755960830315334 0.8882476260066607
0.46160001234355735 0.8882476260066607
0.4494788002223452 0.8922880300470648
0.4535192042627493 0.8922880300470648
0.4413979921415372 0.8963284340874689
0.4454383961819412 0.8963284340874689
0.43331718406072905 0.9003688381278729
0.4373575881011331 0.9003688381278729
0.42523637597992103 0.904409242168277
0.42927678002032504 0.904409242168277
0.4171555678991129 0.9084496462086811
0.42119597193951697 0.9084496462086811
0.4090747598183048 0.912490050249085
0.4131151638587089 0.912490050249085
0.39695354769709273 0.9165304542894891
0.40099395173749675 0.9165304542894891
0.38887273961628466 0.920570858329893
0.39291314365668867 0.920570858329893
0.3767515274950725 0.9246112623702971
0.3807919315354765 0.9246112623702971
0.3848323355758806 0.9246112623702971
0.36867071941426444 0.9286516664107012
0.3727111234546685 0.9286516664107012
0.35654950729305235 0.9326920704511052
0.36058991133345636 0.9326920704511052
0.36463031537386037 0.9326920704511052
0.3484686992122442 0.9367324744915093
0.3525091032526483 0.9367324744915093
0.3363474870910321 0.9407728785319134
0.34038789113143614 0.9407728785319134
0.32422627496982 0.9448132825723174
0.32826667901022405 0.9448132825723174
0.33230708305062806 0.9448132825723174
0.31210506284860784 0.9488536866127214
0.3161454668890119 0.9488536866127214
0.32018587092941597 0.9488536866127214
0.29998385072739575 0.9528940906531255
0.3040242547677998 0.9528940906531255
0.30806465880820383 0.9528940906531255
