# x y
0.6989372477921021 0.698348636107671
0.694896843751698 0.702389040148075
0.6989372477921021 0.702389040148075
0.690856439711294 0.706429444188479
0.694896843751698 0.706429444188479
0.6989372477921021 0.706429444188479
0.6868160356708899 0.710469848228883
0.690856439711294 0.710469848228883
0.694896843751698 0.710469848228883
0.6989372477921021 0.710469848228883
0.6827756316304858 0.7145102522692871
0.6868160356708899 0.7145102522692871
0.690856439711294 0.7145102522692871
0.694896843751698 0.7145102522692871
0.6989372477921021 0.7145102522692871
0.6787352275900818 0.7185506563096911
0.6827756316304858 0.7185506563096911
0.6868160356708899 0.7185506563096911
0.690856439711294 0.7185506563096911
0.694896843751698 0.7185506563096911
0.6989372477921021 0.7185506563096911
0.6746948235496777 0.7225910603500951
0.6787352275900818 0.7225910603500951
0.6827756316304858 0.7225910603500951
0.6868160356708899 0.7225910603500951
0.690856439711294 0.7225910603500951
0.694896843751698 0.7225910603500951
0.6989372477921021 0.7225910603500951
0.6706544195092737 0.7266314643904992
0.6746948235496777 0.7266314643904992
0.6787352275900818 0.7266314643904992
0.6827756316304858 0.7266314643904992
0.6868160356708899 0.7266314643904992
0.690856439711294 0.7266314643904992
0.694896843751698 0.7266314643904992
0.6989372477921021 0.7266314643904992
0.6666140154688697 0.7306718684309033
0.6706544195092737 0.7306718684309033
0.6746948235496777 0.7306718684309033
0.6787352275900818 0.7306718684309033
0.6827756316304858 0.7306718684309033
0.6868160356708899 0.7306718684309033
0.690856439711294 0.7306718684309033
0.694896843751698 0.7306718684309033
0.6989372477921021 0.7306718684309033
0.6585332073880616 0.7347122724713073
0.6625736114284657 0.7347122724713073
0.6666140154688697 0.7347122724713073
0.6706544195092737 0.7347122724713073
0.6746948235496777 0.7347122724713073
0.6787352275900818 0.7347122724713073
0.6827756316304858 0.7347122724713073
0.6868160356708899 0.7347122724713073
0.690856439711294 0.7347122724713073
0.694896843751698 0.7347122724713073
0.6544928033476576 0.7387526765117113
0.6585332073880616 0.7387526765117113
0.6625736114284657 0.7387526765117113
0.6666140154688697 0.7387526765117113
0.6706544195092737 0.7387526765117113
0.6746948235496777 0.7387526765117113
0.6787352275900818 0.7387526765117113
0.6827756316304858 0.7387526765117113
0.6868160356708899 0.7387526765117113
0.690856439711294 0.7387526765117113
0.6504523993072535 0.7427930805521153
0.6544928033476576 0.7427930805521153
0.6585332073880616 0.7427930805521153
0.6625736114284657 0.7427930805521153
0.6666140154688697 0.7427930805521153
0.6706544195092737 0.7427930805521153
0.6746948235496777 0.7427930805521153
0.6787352275900818 0.7427930805521153
0.6827756316304858 0.7427930805521153
0.6464119952668494 0.7468334845925194
0.6504523993072535 0.7468334845925194
0.6544928033476576 0.7468334845925194
0.6585332073880616 0.7468334845925194
0.6625736114284657 0.7468334845925194
0.6666140154688697 0.7468334845925194
0.6706544195092737 0.7468334845925194
0.6746948235496777 0.7468334845925194
0.6787352275900818 0.7468334845925194
0.6423715912264454 0.7508738886329235
0.6464119952668494 0.7508738886329235
0.6504523993072535 0.7508738886329235
0.6544928033476576 0.7508738886329235
0.6585332073880616 0.7508738886329235
0.6625736114284657 0.7508738886329235
0.6666140154688697 0.7508738886329235
0.6706544195092737 0.7508738886329235
0.6746948235496777 0.7508738886329235
0.6383311871860414 0.7549142926733274
0.6423715912264454 0.7549142926733274
0.6464119952668494 0.7549142926733274
0.6504523993072535 0.7549142926733274
0.6544928033476576 0.7549142926733274
0.6585332073880616 0.7549142926733274
0.6625736114284657 0.7549142926733274
0.6666140154688697 0.7549142926733274
0.6706544195092737 0.7549142926733274
0.6342907831456374 0.7589546967137315
0.6383311871860414 0.7589546967137315
0.6423715912264454 0.7589546967137315
0.6464119952668494 0.7589546967137315
0.6504523993072535 0.7589546967137315
0.6544928033476576 0.7589546967137315
0.6585332073880616 0.7589546967137315
0.6625736114284657 0.7589546967137315
0.6666140154688697 0.7589546967137315
0.6262099750648293 0.7629951007541356
0.6302503791052334 0.7629951007541356
0.6342907831456374 0.7629951007541356
0.6383311871860414 0.7629951007541356
0.6423715912264454 0.7629951007541356
0.6464119952668494 0.7629951007541356
0.6504523993072535 0.7629951007541356
0.6544928033476576 0.7629951007541356
0.6585332073880616 0.7629951007541356
0.6625736114284657 0.7629951007541356
0.6221695710244253 0.7670355047945396
0.6262099750648293 0.7670355047945396
0.6302503791052334 0.7670355047945396
0.6342907831456374 0.7670355047945396
0.6383311871860414 0.7670355047945396
0.6423715912264454 0.7670355047945396
0.6464119952668494 0.7670355047945396
0.6504523993072535 0.7670355047945396
0.6544928033476576 0.7670355047945396
0.6585332073880616 0.7670355047945396
0.6181291669840212 0.7710759088349436
0.6221695710244253 0.7710759088349436
0.6262099750648293 0.7710759088349436
0.6302503791052334 0.7710759088349436
0.6342907831456374 0.7710759088349436
0.6383311871860414 0.7710759088349436
0.6423715912264454 0.7710759088349436
0.6464119952668494 0.7710759088349436
0.6504523993072535 0.7710759088349436
0.6544928033476576 0.7710759088349436
0.6100483589032131 0.7751163128753477
0.6140887629436171 0.7751163128753477
0.6181291669840212 0.7751163128753477
0.6221695710244253 0.7751163128753477
0.6262099750648293 0.7751163128753477
0.6302503791052334 0.7751163128753477
0.6342907831456374 0.7751163128753477
0.6383311871860414 0.7751163128753477
0.6423715912264454 0.7751163128753477
0.6464119952668494 0.7751163128753477
0.606007954862809 0.7791567169157517
0.6100483589032131 0.7791567169157517
0.6140887629436171 0.7791567169157517
0.6181291669840212 0.7791567169157517
0.6221695710244253 0.7791567169157517
0.6262099750648293 0.7791567169157517
0.6302503791052334 0.7791567169157517
0.6342907831456374 0.7791567169157517
0.6383311871860414 0.7791567169157517
0.6423715912264454 0.7791567169157517
0.601967550822405 0.7831971209561558
0.606007954862809 0.7831971209561558
0.6100483589032131 0.7831971209561558
0.6140887629436171 0.7831971209561558
0.6181291669840212 0.7831971209561558
0.6221695710244253 0.7831971209561558
0.6262099750648293 0.7831971209561558
0.6302503791052334 0.7831971209561558
0.6342907831456374 0.7831971209561558
0.6383311871860414 0.7831971209561558
0.597927146782001 0.7872375249965597
0.601967550822405 0.7872375249965597
0.606007954862809 0.7872375249965597
0.6100483589032131 0.7872375249965597
0.6140887629436171 0.7872375249965597
0.6181291669840212 0.7872375249965597
0.6221695710244253 0.7872375249965597
0.6262099750648293 0.7872375249965597
0.6302503791052334 0.7872375249965597
0.6342907831456374 0.7872375249965597
0.589846338701193 0.7912779290369638
0.593886742741597 0.7912779290369638
0.597927146782001 0.7912779290369638
0.601967550822405 0.7912779290369638
0.606007954862809 0.7912779290369638
0.6100483589032131 0.7912779290369638
0.6140887629436171 0.7912779290369638
0.6181291669840212 0.7912779290369638
0.6221695710244253 0.7912779290369638
0.6262099750648293 0.7912779290369638
0.6302503791052334 0.7912779290369638
0.5858059346607889 0.7953183330773679
0.589846338701193 0.7953183330773679
0.593886742741597 0.7953183330773679
0.597927146782001 0.7953183330773679
0.601967550822405 0.7953183330773679
0.606007954862809 0.7953183330773679
0.6100483589032131 0.7953183330773679
0.6140887629436171 0.7953183330773679
0.6181291669840212 0.7953183330773679
0.6221695710244253 0.7953183330773679
0.5777251265799808 0.799358737117772
0.5817655306203848 0.799358737117772
0.5858059346607889 0.799358737117772
0.589846338701193 0.799358737117772
0.593886742741597 0.799358737117772
0.597927146782001 0.799358737117772
0.601967550822405 0.799358737117772
0.606007954862809 0.799358737117772
0.6100483589032131 0.799358737117772
0.6140887629436171 0.799358737117772
0.6181291669840212 0.799358737117772
0.5736847225395767 0.803399141158176
0.5777251265799808 0.803399141158176
0.5817655306203848 0.803399141158176
0.5858059346607889 0.803399141158176
0.589846338701193 0.803399141158176
0.593886742741597 0.803399141158176
0.597927146782001 0.803399141158176
0.601967550822405 0.803399141158176
0.606007954862809 0.803399141158176
0.6100483589032131 0.803399141158176
0.6140887629436171 0.803399141158176
0.5696443184991727 0.80743954519858
0.5736847225395767 0.80743954519858
0.5777251265799808 0.80743954519858
0.5817655306203848 0.80743954519858
0.5858059346607889 0.80743954519858
0.589846338701193 0.80743954519858
0.593886742741597 0.80743954519858
0.597927146782001 0.80743954519858
0.601967550822405 0.80743954519858
0.606007954862809 0.80743954519858
0.5656039144587687 0.811479949238984
0.5696443184991727 0.811479949238984
0.5736847225395767 0.811479949238984
0.5777251265799808 0.811479949238984
0.5817655306203848 0.811479949238984
0.5858059346607889 0.811479949238984
0.589846338701193 0.811479949238984
0.593886742741597 0.811479949238984
0.597927146782001 0.811479949238984
0.601967550822405 0.811479949238984
0.5575231063779607 0.8155203532793881
0.5615635104183647 0.8155203532793881
0.5656039144587687 0.8155203532793881
0.5696443184991727 0.8155203532793881
0.5736847225395767 0.8155203532793881
0.5777251265799808 0.8155203532793881
0.5817655306203848 0.8155203532793881
0.5858059346607889 0.8155203532793881
0.589846338701193 0.8155203532793881
0.593886742741597 0.8155203532793881
0.597927146782001 0.8155203532793881
0.5534827023375566 0.819560757319792
0.5575231063779607 0.819560757319792
0.5615635104183647 0.819560757319792
0.5656039144587687 0.819560757319792
0.5696443184991727 0.819560757319792
0.5736847225395767 0.819560757319792
0.5777251265799808 0.819560757319792
0.5817655306203848 0.819560757319792
0.5858059346607889 0.819560757319792
0.589846338701193 0.819560757319792
0.5454018942567485 0.8236011613601961
0.5494422982971525 0.8236011613601961
0.5534827023375566 0.8236011613601961
0.5575231063779607 0.8236011613601961
0.5615635104183647 0.8236011613601961
0.5656039144587687 0.8236011613601961
0.5696443184991727 0.8236011613601961
0.5736847225395767 0.8236011613601961
0.5777251265799808 0.8236011613601961
0.5817655306203848 0.8236011613601961
0.5858059346607889 0.8236011613601961
0.5373210861759404 0.8276415654006002
0.5413614902163444 0.8276415654006002
0.5454018942567485 0.8276415654006002
0.5494422982971525 0.8276415654006002
0.5534827023375566 0.8276415654006002
0.5575231063779607 0.8276415654006002
0.5615635104183647 0.8276415654006002
0.5656039144587687 0.8276415654006002
0.5696443184991727 0.8276415654006002
0.5736847225395767 0.8276415654006002
0.5777251265799808 0.8276415654006002
0.5817655306203848 0.8276415654006002
0.5332806821355364 0.8316819694410043
0.5373210861759404 0.8316819694410043
0.5413614902163444 0.8316819694410043
0.5454018942567485 0.8316819694410043
0.5494422982971525 0.8316819694410043
0.5534827023375566 0.8316819694410043
0.5575231063779607 0.8316819694410043
0.5615635104183647 0.8316819694410043
0.5656039144587687 0.8316819694410043
0.5696443184991727 0.8316819694410043
0.5736847225395767 0.8316819694410043
0.5251998740547283 0.8357223734814083
0.5292402780951323 0.8357223734814083
0.5332806821355364 0.8357223734814083
0.5373210861759404 0.8357223734814083
0.5413614902163444 0.8357223734814083
0.5454018942567485 0.8357223734814083
0.5494422982971525 0.8357223734814083
0.5534827023375566 0.8357223734814083
0.5575231063779607 0.8357223734814083
0.5615635104183647 0.8357223734814083
0.5656039144587687 0.8357223734814083
0.5211594700143243 0.8397627775218124
0.5251998740547283 0.8397627775218124
0.5292402780951323 0.8397627775218124
0.5332806821355364 0.8397627775218124
0.5373210861759404 0.8397627775218124
0.5413614902163444 0.8397627775218124
0.5454018942567485 0.8397627775218124
0.5494422982971525 0.8397627775218124
0.5534827023375566 0.8397627775218124
0.5575231063779607 0.8397627775218124
0.5615635104183647 0.8397627775218124
0.5130786619335161 0.8438031815622163
0.5171190659739202 0.8438031815622163
0.5211594700143243 0.8438031815622163
0.5251998740547283 0.8438031815622163
0.5292402780951323 0.8438031815622163
0.5332806821355364 0.8438031815622163
0.5373210861759404 0.8438031815622163
0.5413614902163444 0.8438031815622163
0.5454018942567485 0.8438031815622163
0.5494422982971525 0.8438031815622163
0.5534827023375566 0.8438031815622163
0.5575231063779607 0.8438031815622163
0.504997853852708 0.8478435856026204
0.5090382578931121 0.8478435856026204
0.5130786619335161 0.8478435856026204
0.5171190659739202 0.8478435856026204
0.5211594700143243 0.8478435856026204
0.5251998740547283 0.8478435856026204
0.5292402780951323 0.8478435856026204
0.5332806821355364 0.8478435856026204
0.5373210861759404 0.8478435856026204
0.5413614902163444 0.8478435856026204
0.5454018942567485 0.8478435856026204
0.5494422982971525 0.8478435856026204
0.5009574498123041 0.8518839896430245
0.504997853852708 0.8518839896430245
0.5090382578931121 0.8518839896430245
0.5130786619335161 0.8518839896430245
0.5171190659739202 0.8518839896430245
0.5211594700143243 0.8518839896430245
0.5251998740547283 0.8518839896430245
0.5292402780951323 0.8518839896430245
0.5332806821355364 0.8518839896430245
0.5373210861759404 0.8518839896430245
0.5413614902163444 0.8518839896430245
0.5454018942567485 0.8518839896430245
0.4928766417314959 0.8559243936834284
0.4969170457719 0.8559243936834284
0.5009574498123041 0.8559243936834284
0.504997853852708 0.8559243936834284
0.5090382578931121 0.8559243936834284
0.5130786619335161 0.8559243936834284
0.5171190659739202 0.8559243936834284
0.5211594700143243 0.8559243936834284
0.5251998740547283 0.8559243936834284
0.5292402780951323 0.8559243936834284
0.5332806821355364 0.8559243936834284
0.5373210861759404 0.8559243936834284
0.4847958336506879 0.8599647977238325
0.4888362376910919 0.8599647977238325
0.4928766417314959 0.8599647977238325
0.4969170457719 0.8599647977238325
0.5009574498123041 0.8599647977238325
0.504997853852708 0.8599647977238325
0.5090382578931121 0.8599647977238325
0.5130786619335161 0.8599647977238325
0.5171190659739202 0.8599647977238325
0.5211594700143243 0.8599647977238325
0.5251998740547283 0.8599647977238325
0.5292402780951323 0.8599647977238325
0.47671502556987977 0.8640052017642366
0.48075542961028384 0.8640052017642366
0.4847958336506879 0.8640052017642366
0.4888362376910919 0.8640052017642366
0.4928766417314959 0.8640052017642366
0.4969170457719 0.8640052017642366
0.5009574498123041 0.8640052017642366
0.504997853852708 0.8640052017642366
0.5090382578931121 0.8640052017642366
0.5130786619335161 0.8640052017642366
0.5171190659739202 0.8640052017642366
0.5211594700143243 0.8640052017642366
0.5251998740547283 0.8640052017642366
0.47267462152947576 0.8680456058046406
0.47671502556987977 0.8680456058046406
0.48075542961028384 0.8680456058046406
0.4847958336506879 0.8680456058046406
0.4888362376910919 0.8680456058046406
0.4928766417314959 0.8680456058046406
0.4969170457719 0.8680456058046406
0.5009574498123041 0.8680456058046406
0.504997853852708 0.8680456058046406
0.5090382578931121 0.8680456058046406
0.5130786619335161 0.8680456058046406
0.5171190659739202 0.8680456058046406
0.4645938134486677 0.8720860098450447
0.46863421748907175 0.8720860098450447
0.47267462152947576 0.8720860098450447
0.47671502556987977 0.8720860098450447
0.48075542961028384 0.8720860098450447
0.4847958336506879 0.8720860098450447
0.4888362376910919 0.8720860098450447
0.4928766417314959 0.8720860098450447
0.4969170457719 0.8720860098450447
0.5009574498123041 0.8720860098450447
0.504997853852708 0.8720860098450447
0.5090382578931121 0.8720860098450447
0.45651300536785955 0.8761264138854487
0.4605534094082636 0.8761264138854487
0.4645938134486677 0.8761264138854487
0.46863421748907175 0.8761264138854487
0.47267462152947576 0.8761264138854487
0.47671502556987977 0.8761264138854487
0.48075542961028384 0.8761264138854487
0.4847958336506879 0.8761264138854487
0.4888362376910919 0.8761264138854487
0.4928766417314959 0.8761264138854487
0.4969170457719 0.8761264138854487
0.5009574498123041 0.8761264138854487
0.504997853852708 0.8761264138854487
0.4484321972870515 0.8801668179258527
0.45247260132745554 0.8801668179258527
0.45651300536785955 0.8801668179258527
0.4605534094082636 0.8801668179258527
0.4645938134486677 0.8801668179258527
0.46863421748907175 0.8801668179258527
0.47267462152947576 0.8801668179258527
0.47671502556987977 0.8801668179258527
0.48075542961028384 0.8801668179258527
0.4847958336506879 0.8801668179258527
0.4888362376910919 0.8801668179258527
0.4928766417314959 0.8801668179258527
0.4969170457719 0.8801668179258527
0.4403513892062434 0.8842072219662568
0.44439179324664746 0.8842072219662568
0.4484321972870515 0.8842072219662568
0.45247260132745554 0.8842072219662568
0.45651300536785955 0.8842072219662568
0.4605534094082636 0.8842072219662568
0.4645938134486677 0.8842072219662568
0.46863421748907175 0.8842072219662568
0.47267462152947576 0.8842072219662568
0.47671502556987977 0.8842072219662568
0.48075542961028384 0.8842072219662568
0.4847958336506879 0.8842072219662568
0.4888362376910919 0.8842072219662568
0.43227058112543537 0.8882476260066607
0.4363109851658394 0.8882476260066607
0.4403513892062434 0.8882476260066607
0.44439179324664746 0.8882476260066607
0.4484321972870515 0.8882476260066607
0.45247260132745554 0.8882476260066607
0.45651300536785955 0.8882476260066607
0.4605534094082636 0.8882476260066607
0.4645938134486677 0.8882476260066607
0.46863421748907175 0.8882476260066607
0.47267462152947576 0.8882476260066607
0.47671502556987977 0.8882476260066607
0.48075542961028384 0.8882476260066607
0.4201493690042232 0.8922880300470648
0.42418977304462724 0.8922880300470648
0.4282301770850313 0.8922880300470648
0.43227058112543537 0.8922880300470648
0.4363109851658394 0.8922880300470648
0.4403513892062434 0.8922880300470648
0.44439179324664746 0.8922880300470648
0.4484321972870515 0.8922880300470648
0.45247260132745554 0.8922880300470648
0.45651300536785955 0.8922880300470648
0.4605534094082636 0.8922880300470648
0.4645938134486677 0.8922880300470648
0.46863421748907175 0.8922880300470648
0.47267462152947576 0.8922880300470648
0.47671502556987977 0.8922880300470648
0.4161089649638192 0.8963284340874689
0.4201493690042232 0.8963284340874689
0.42418977304462724 0.8963284340874689
0.4282301770850313 0.8963284340874689
0.43227058112543537 0.8963284340874689
0.4363109851658394 0.8963284340874689
0.4403513892062434 0.8963284340874689
0.44439179324664746 0.8963284340874689
0.4484321972870515 0.8963284340874689
0.45247260132745554 0.8963284340874689
0.45651300536785955 0.8963284340874689
0.4605534094082636 0.8963284340874689
0.4645938134486677 0.8963284340874689
0.46863421748907175 0.8963284340874689
0.4039877528426071 0.9003688381278729
0.4080281568830111 0.9003688381278729
0.41206856092341515 0.9003688381278729
0.4161089649638192 0.9003688381278729
0.4201493690042232 0.9003688381278729
0.42418977304462724 0.9003688381278729
0.4282301770850313 0.9003688381278729
0.43227058112543537 0.9003688381278729
0.4363109851658394 0.9003688381278729
0.4403513892062434 0.9003688381278729
0.44439179324664746 0.9003688381278729
0.4484321972870515 0.9003688381278729
0.45247260132745554 0.9003688381278729
0.45651300536785955 0.9003688381278729
0.4605534094082636 0.9003688381278729
0.395906944761799 0.904409242168277
0.399947348802203 0.904409242168277
0.4039877528426071 0.904409242168277
0.4080281568830111 0.904409242168277
0.41206856092341515 0.904409242168277
0.4161089649638192 0.904409242168277
0.4201493690042232 0.904409242168277
0.42418977304462724 0.904409242168277
0.4282301770850313 0.904409242168277
0.43227058112543537 0.904409242168277
0.4363109851658394 0.904409242168277
0.4403513892062434 0.904409242168277
0.44439179324664746 0.904409242168277
0.4484321972870515 0.904409242168277
0.45247260132745554 0.904409242168277
0.38378573264058685 0.9084496462086811
0.3878261366809909 0.9084496462086811
0.39186654072139493 0.9084496462086811
0.395906944761799 0.9084496462086811
0.399947348802203 0.9084496462086811
0.4039877528426071 0.9084496462086811
0.4080281568830111 0.9084496462086811
0.41206856092341515 0.9084496462086811
0.4161089649638192 0.9084496462086811
0.4201493690042232 0.9084496462086811
0.42418977304462724 0.9084496462086811
0.4282301770850313 0.9084496462086811
0.43227058112543537 0.9084496462086811
0.4363109851658394 0.9084496462086811
0.4403513892062434 0.9084496462086811
0.44439179324664746 0.9084496462086811
0.3757049245597788 0.912490050249085
0.37974532860018284 0.912490050249085
0.38378573264058685 0.912490050249085
0.3878261366809909 0.912490050249085
0.39186654072139493 0.912490050249085
0.395906944761799 0.912490050249085
0.399947348802203 0.912490050249085
0.4039877528426071 0.912490050249085
0.4080281568830111 0.912490050249085
0.41206856092341515 0.912490050249085
0.4161089649638192 0.912490050249085
0.4201493690042232 0.912490050249085
0.42418977304462724 0.912490050249085
0.4282301770850313 0.912490050249085
0.43227058112543537 0.912490050249085
0.4363109851658394 0.912490050249085
0.3676241164789707 0.9165304542894891
0.3716645205193747 0.9165304542894891
0.3757049245597788 0.9165304542894891
0.37974532860018284 0.9165304542894891
0.38378573264058685 0.9165304542894891
0.3878261366809909 0.9165304542894891
0.39186654072139493 0.9165304542894891
0.395906944761799 0.9165304542894891
0.399947348802203 0.9165304542894891
0.4039877528426071 0.9165304542894891
0.4080281568830111 0.9165304542894891
0.41206856092341515 0.9165304542894891
0.4161089649638192 0.9165304542894891
0.4201493690042232 0.9165304542894891
0.42418977304462724 0.9165304542894891
0.4282301770850313 0.9165304542894891
0.3595433083981626 0.920570858329893
0.3635837124385667 0.920570858329893
0.3676241164789707 0.920570858329893
0.3716645205193747 0.920570858329893
0.3757049245597788 0.920570858329893
0.37974532860018284 0.920570858329893
0.38378573264058685 0.920570858329893
0.3878261366809909 0.920570858329893
0.39186654072139493 0.920570858329893
0.395906944761799 0.920570858329893
0.399947348802203 0.920570858329893
0.4039877528426071 0.920570858329893
0.4080281568830111 0.920570858329893
0.41206856092341515 0.920570858329893
0.4161089649638192 0.920570858329893
0.4201493690042232 0.920570858329893
0.34742209627695053 0.9246112623702971
0.35146250031735454 0.9246112623702971
0.35550290435775855 0.9246112623702971
0.3595433083981626 0.9246112623702971
0.3635837124385667 0.9246112623702971
0.3676241164789707 0.9246112623702971
0.3716645205193747 0.9246112623702971
0.3757049245597788 0.9246112623702971
0.37974532860018284 0.9246112623702971
0.38378573264058685 0.9246112623702971
0.3878261366809909 0.9246112623702971
0.39186654072139493 0.9246112623702971
0.395906944761799 0.9246112623702971
0.399947348802203 0.9246112623702971
0.4039877528426071 0.9246112623702971
0.4080281568830111 0.9246112623702971
0.3353008841557384 0.9286516664107012
0.3393412881961424 0.9286516664107012
0.34338169223654647 0.9286516664107012
0.34742209627695053 0.9286516664107012
0.35146250031735454 0.9286516664107012
0.35550290435775855 0.9286516664107012
0.3595433083981626 0.9286516664107012
0.3635837124385667 0.9286516664107012
0.3676241164789707 0.9286516664107012
0.3716645205193747 0.9286516664107012
0.3757049245597788 0.9286516664107012
0.37974532860018284 0.9286516664107012
0.38378573264058685 0.9286516664107012
0.3878261366809909 0.9286516664107012
0.39186654072139493 0.9286516664107012
0.395906944761799 0.9286516664107012
0.399947348802203 0.9286516664107012
0.32317967203452624 0.9326920704511052
0.3272200760749303 0.9326920704511052
0.3312604801153343 0.9326920704511052
0.3353008841557384 0.9326920704511052
0.3393412881961424 0.9326920704511052
0.34338169223654647 0.9326920704511052
0.34742209627695053 0.9326920704511052
0.35146250031735454 0.9326920704511052
0.35550290435775855 0.9326920704511052
0.3595433083981626 0.9326920704511052
0.3635837124385667 0.9326920704511052
0.3676241164789707 0.9326920704511052
0.3716645205193747 0.9326920704511052
0.3757049245597788 0.9326920704511052
0.37974532860018284 0.9326920704511052
0.38378573264058685 0.9326920704511052
0.3878261366809909 0.9326920704511052
0.39186654072139493 0.9326920704511052
0.31105845991331416 0.9367324744915093
0.31509886395371817 0.9367324744915093
0.3191392679941222 0.9367324744915093
0.32317967203452624 0.9367324744915093
0.3272200760749303 0.9367324744915093
0.3312604801153343 0.9367324744915093
0.3353008841557384 0.9367324744915093
0.3393412881961424 0.9367324744915093
0.34338169223654647 0.9367324744915093
0.34742209627695053 0.9367324744915093
0.35146250031735454 0.9367324744915093
0.35550290435775855 0.9367324744915093
0.3595433083981626 0.9367324744915093
0.3635837124385667 0.9367324744915093
0.3676241164789707 0.9367324744915093
0.3716645205193747 0.9367324744915093
0.3757049245597788 0.9367324744915093
0.37974532860018284 0.9367324744915093
0.298937247792102 0.9407728785319134
0.302977651832506 0.9407728785319134
0.3070180558729101 0.9407728785319134
0.31105845991331416 0.9407728785319134
0.31509886395371817 0.9407728785319134
0.3191392679941222 0.9407728785319134
0.32317967203452624 0.9407728785319134
0.3272200760749303 0.9407728785319134
0.3312604801153343 0.9407728785319134
0.3353008841557384 0.9407728785319134
0.3393412881961424 0.9407728785319134
0.34338169223654647 0.9407728785319134
0.34742209627695053 0.9407728785319134
0.35146250031735454 0.9407728785319134
0.35550290435775855 0.9407728785319134
0.3595433083981626 0.9407728785319134
0.3635837124385667 0.9407728785319134
0.3676241164789707 0.9407728785319134
0.3716645205193747 0.9407728785319134
0.298937247792102 0.9448132825723174
0.302977651832506 0.9448132825723174
0.3070180558729101 0.9448132825723174
0.31105845991331416 0.9448132825723174
0.31509886395371817 0.9448132825723174
0.3191392679941222 0.9448132825723174
0.32317967203452624 0.9448132825723174
0.3272200760749303 0.9448132825723174
0.3312604801153343 0.9448132825723174
0.3353008841557384 0.9448132825723174
0.3393412881961424 0.9448132825723174
0.34338169223654647 0.9448132825723174
0.34742209627695053 0.9448132825723174
0.35146250031735454 0.9448132825723174
0.35550290435775855 0.9448132825723174
0.3595433083981626 0.9448132825723174
0.3635837124385667 0.9448132825723174
0.298937247792102 0.9488536866127214
0.302977651832506 0.9488536866127214
0.3070180558729101 0.9488536866127214
0.31105845991331416 0.9488536866127214
0.31509886395371817 0.9488536866127214
0.3191392679941222 0.9488536866127214
0.32317967203452624 0.9488536866127214
0.3272200760749303 0.9488536866127214
0.3312604801153343 0.9488536866127214
0.3353008841557384 0.9488536866127214
0.3393412881961424 0.9488536866127214
0.34338169223654647 0.9488536866127214
0.34742209627695053 0.9488536866127214
0.35146250031735454 0.9488536866127214
0.298937247792102 0.9528940906531255
0.302977651832506 0.9528940906531255
0.3070180558729101 0.9528940906531255
0.31105845991331416 0.9528940906531255
0.31509886395371817 0.9528940906531255
0.3191392679941222 0.9528940906531255
0.32317967203452624 0.9528940906531255
0.3272200760749303 0.9528940906531255
0.3312604801153343 0.9528940906531255
0.3353008841557384 0.9528940906531255
0.3393412881961424 0.9528940906531255
0.298937247792102 0.9569344946935294
0.302977651832506 0.9569344946935294
0.3070180558729101 0.9569344946935294
0.31105845991331416 0.9569344946935294
0.31509886395371817 0.9569344946935294
0.3191392679941222 0.9569344946935294
0.32317967203452624 0.9569344946935294
0.3272200760749303 0.9569344946935294
0.298937247792102 0.9609748987339335
0.302977651832506 0.9609748987339335
0.3070180558729101 0.9609748987339335
0.31105845991331416 0.9609748987339335
0.31509886395371817 0.9609748987339335
0.298937247792102 0.9650153027743376
0.302977651832506 0.9650153027743376
