# x y
0.693759677999473 0.6943082320672669
0.689719273959069 0.698348636107671
0.6978000820398771 0.698348636107671
0.689719273959069 0.702389040148075
0.693759677999473 0.702389040148075
0.6978000820398771 0.702389040148075
0.6856788699186649 0.706429444188479
0.689719273959069 0.706429444188479
0.693759677999473 0.706429444188479
0.6978000820398771 0.706429444188479
0.6816384658782608 0.710469848228883
0.6856788699186649 0.710469848228883
0.689719273959069 0.710469848228883
0.693759677999473 0.710469848228883
0.6978000820398771 0.710469848228883
0.6775980618378568 0.7145102522692871
0.6816384658782608 0.7145102522692871
0.6856788699186649 0.7145102522692871
0.689719273959069 0.7145102522692871
0.693759677999473 0.7145102522692871
0.6978000820398771 0.7145102522692871
0.6735576577974527 0.7185506563096911
0.6775980618378568 0.7185506563096911
0.6816384658782608 0.7185506563096911
0.6856788699186649 0.7185506563096911
0.689719273959069 0.7185506563096911
0.693759677999473 0.7185506563096911
0.6978000820398771 0.7185506563096911
0.6695172537570487 0.7225910603500951
0.6735576577974527 0.7225910603500951
0.6775980618378568 0.7225910603500951
0.6816384658782608 0.7225910603500951
0.6856788699186649 0.7225910603500951
0.689719273959069 0.7225910603500951
0.693759677999473 0.7225910603500951
0.6978000820398771 0.7225910603500951
0.6654768497166447 0.7266314643904992
0.6695172537570487 0.7266314643904992
0.6735576577974527 0.7266314643904992
0.6775980618378568 0.7266314643904992
0.6816384658782608 0.7266314643904992
0.6856788699186649 0.7266314643904992
0.689719273959069 0.7266314643904992
0.693759677999473 0.7266314643904992
0.6978000820398771 0.7266314643904992
0.6614364456762407 0.7306718684309033
0.6654768497166447 0.7306718684309033
0.6695172537570487 0.7306718684309033
0.6735576577974527 0.7306718684309033
0.6775980618378568 0.7306718684309033
0.6816384658782608 0.7306718684309033
0.6856788699186649 0.7306718684309033
0.689719273959069 0.7306718684309033
0.693759677999473 0.7306718684309033
0.6978000820398771 0.7306718684309033
0.6573960416358366 0.7347122724713073
0.6614364456762407 0.7347122724713073
0.6654768497166447 0.7347122724713073
0.6695172537570487 0.7347122724713073
0.6735576577974527 0.7347122724713073
0.6775980618378568 0.7347122724713073
0.6816384658782608 0.7347122724713073
0.6856788699186649 0.7347122724713073
0.689719273959069 0.7347122724713073
0.693759677999473 0.7347122724713073
0.6533556375954326 0.7387526765117113
0.6573960416358366 0.7387526765117113
0.6614364456762407 0.7387526765117113
0.6654768497166447 0.7387526765117113
0.6695172537570487 0.7387526765117113
0.6735576577974527 0.7387526765117113
0.6775980618378568 0.7387526765117113
0.6816384658782608 0.7387526765117113
0.6856788699186649 0.7387526765117113
0.689719273959069 0.7387526765117113
0.6493152335550285 0.7427930805521153
0.6533556375954326 0.7427930805521153
0.6573960416358366 0.7427930805521153
0.6614364456762407 0.7427930805521153
0.6654768497166447 0.7427930805521153
0.6695172537570487 0.7427930805521153
0.6735576577974527 0.7427930805521153
0.6775980618378568 0.7427930805521153
0.6816384658782608 0.7427930805521153
0.6856788699186649 0.7427930805521153
0.6412344254742204 0.7468334845925194
0.6452748295146244 0.7468334845925194
0.6493152335550285 0.7468334845925194
0.6533556375954326 0.7468334845925194
0.6573960416358366 0.7468334845925194
0.6614364456762407 0.7468334845925194
0.6654768497166447 0.7468334845925194
0.6695172537570487 0.7468334845925194
0.6735576577974527 0.7468334845925194
0.6775980618378568 0.7468334845925194
0.6816384658782608 0.7468334845925194
0.6371940214338164 0.7508738886329235
0.6412344254742204 0.7508738886329235
0.6452748295146244 0.7508738886329235
0.6493152335550285 0.7508738886329235
0.6533556375954326 0.7508738886329235
0.6573960416358366 0.7508738886329235
0.6614364456762407 0.7508738886329235
0.6654768497166447 0.7508738886329235
0.6695172537570487 0.7508738886329235
0.6735576577974527 0.7508738886329235
0.6775980618378568 0.7508738886329235
0.6331536173934124 0.7549142926733274
0.6371940214338164 0.7549142926733274
0.6412344254742204 0.7549142926733274
0.6452748295146244 0.7549142926733274
0.6493152335550285 0.7549142926733274
0.6533556375954326 0.7549142926733274
0.6573960416358366 0.7549142926733274
0.6614364456762407 0.7549142926733274
0.6654768497166447 0.7549142926733274
0.6695172537570487 0.7549142926733274
0.6735576577974527 0.7549142926733274
0.6291132133530084 0.7589546967137315
0.6331536173934124 0.7589546967137315
0.6371940214338164 0.7589546967137315
0.6412344254742204 0.7589546967137315
0.6452748295146244 0.7589546967137315
0.6493152335550285 0.7589546967137315
0.6533556375954326 0.7589546967137315
0.6573960416358366 0.7589546967137315
0.6614364456762407 0.7589546967137315
0.6654768497166447 0.7589546967137315
0.6695172537570487 0.7589546967137315
0.6169920012317962 0.7629951007541356
0.6210324052722003 0.7629951007541356
0.6250728093126043 0.7629951007541356
0.6291132133530084 0.7629951007541356
0.6331536173934124 0.7629951007541356
0.6371940214338164 0.7629951007541356
0.6412344254742204 0.7629951007541356
0.6452748295146244 0.7629951007541356
0.6493152335550285 0.7629951007541356
0.6533556375954326 0.7629951007541356
0.6573960416358366 0.7629951007541356
0.6614364456762407 0.7629951007541356
0.6654768497166447 0.7629951007541356
0.6169920012317962 0.7670355047945396
0.6210324052722003 0.7670355047945396
0.6250728093126043 0.7670355047945396
0.6291132133530084 0.7670355047945396
0.6331536173934124 0.7670355047945396
0.6371940214338164 0.7670355047945396
0.6412344254742204 0.7670355047945396
0.6452748295146244 0.7670355047945396
0.6493152335550285 0.7670355047945396
0.6533556375954326 0.7670355047945396
0.6573960416358366 0.7670355047945396
0.6614364456762407 0.7670355047945396
0.6129515971913921 0.7710759088349436
0.6169920012317962 0.7710759088349436
0.6210324052722003 0.7710759088349436
0.6250728093126043 0.7710759088349436
0.6291132133530084 0.7710759088349436
0.6331536173934124 0.7710759088349436
0.6371940214338164 0.7710759088349436
0.6412344254742204 0.7710759088349436
0.6452748295146244 0.7710759088349436
0.6493152335550285 0.7710759088349436
0.6533556375954326 0.7710759088349436
0.6089111931509881 0.7751163128753477
0.6129515971913921 0.7751163128753477
0.6169920012317962 0.7751163128753477
0.6210324052722003 0.7751163128753477
0.6250728093126043 0.7751163128753477
0.6291132133530084 0.7751163128753477
0.6331536173934124 0.7751163128753477
0.6371940214338164 0.7751163128753477
0.6412344254742204 0.7751163128753477
0.6452748295146244 0.7751163128753477
0.6493152335550285 0.7751163128753477
0.60083038507018 0.7791567169157517
0.604870789110584 0.7791567169157517
0.6089111931509881 0.7791567169157517
0.6129515971913921 0.7791567169157517
0.6169920012317962 0.7791567169157517
0.6210324052722003 0.7791567169157517
0.6250728093126043 0.7791567169157517
0.6291132133530084 0.7791567169157517
0.6331536173934124 0.7791567169157517
0.6371940214338164 0.7791567169157517
0.6412344254742204 0.7791567169157517
0.6452748295146244 0.7791567169157517
0.6493152335550285 0.7791567169157517
0.588709172948968 0.7831971209561558
0.592749576989372 0.7831971209561558
0.596789981029776 0.7831971209561558
0.60083038507018 0.7831971209561558
0.604870789110584 0.7831971209561558
0.6089111931509881 0.7831971209561558
0.6129515971913921 0.7831971209561558
0.6169920012317962 0.7831971209561558
0.6210324052722003 0.7831971209561558
0.6250728093126043 0.7831971209561558
0.6291132133530084 0.7831971209561558
0.6331536173934124 0.7831971209561558
0.6371940214338164 0.7831971209561558
0.6412344254742204 0.7831971209561558
0.588709172948968 0.7872375249965597
0.592749576989372 0.7872375249965597
0.596789981029776 0.7872375249965597
0.60083038507018 0.7872375249965597
0.604870789110584 0.7872375249965597
0.6089111931509881 0.7872375249965597
0.6129515971913921 0.7872375249965597
0.6169920012317962 0.7872375249965597
0.6210324052722003 0.7872375249965597
0.6250728093126043 0.7872375249965597
0.6291132133530084 0.7872375249965597
0.6331536173934124 0.7872375249965597
0.6371940214338164 0.7872375249965597
0.5846687689085639 0.7912779290369638
0.588709172948968 0.7912779290369638
0.592749576989372 0.7912779290369638
0.596789981029776 0.7912779290369638
0.60083038507018 0.7912779290369638
0.604870789110584 0.7912779290369638
0.6089111931509881 0.7912779290369638
0.6129515971913921 0.7912779290369638
0.6169920012317962 0.7912779290369638
0.6210324052722003 0.7912779290369638
0.6250728093126043 0.7912779290369638
0.6291132133530084 0.7912779290369638
0.6331536173934124 0.7912779290369638
0.5806283648681598 0.7953183330773679
0.5846687689085639 0.7953183330773679
0.588709172948968 0.7953183330773679
0.592749576989372 0.7953183330773679
0.596789981029776 0.7953183330773679
0.60083038507018 0.7953183330773679
0.604870789110584 0.7953183330773679
0.6089111931509881 0.7953183330773679
0.6129515971913921 0.7953183330773679
0.6169920012317962 0.7953183330773679
0.6210324052722003 0.7953183330773679
0.6250728093126043 0.7953183330773679
0.5725475567873517 0.799358737117772
0.5765879608277558 0.799358737117772
0.5806283648681598 0.799358737117772
0.5846687689085639 0.799358737117772
0.588709172948968 0.799358737117772
0.592749576989372 0.799358737117772
0.596789981029776 0.799358737117772
0.60083038507018 0.799358737117772
0.604870789110584 0.799358737117772
0.6089111931509881 0.799358737117772
0.6129515971913921 0.799358737117772
0.6169920012317962 0.799358737117772
0.6210324052722003 0.799358737117772
0.6250728093126043 0.799358737117772
0.5644667487065437 0.803399141158176
0.5685071527469477 0.803399141158176
0.5725475567873517 0.803399141158176
0.5765879608277558 0.803399141158176
0.5806283648681598 0.803399141158176
0.5846687689085639 0.803399141158176
0.588709172948968 0.803399141158176
0.592749576989372 0.803399141158176
0.596789981029776 0.803399141158176
0.60083038507018 0.803399141158176
0.604870789110584 0.803399141158176
0.6089111931509881 0.803399141158176
0.6129515971913921 0.803399141158176
0.6169920012317962 0.803399141158176
0.5604263446661397 0.80743954519858
0.5644667487065437 0.80743954519858
0.5685071527469477 0.80743954519858
0.5725475567873517 0.80743954519858
0.5765879608277558 0.80743954519858
0.5806283648681598 0.80743954519858
0.5846687689085639 0.80743954519858
0.588709172948968 0.80743954519858
0.592749576989372 0.80743954519858
0.596789981029776 0.80743954519858
0.60083038507018 0.80743954519858
0.604870789110584 0.80743954519858
0.6089111931509881 0.80743954519858
0.6129515971913921 0.80743954519858
0.5523455365853316 0.811479949238984
0.5563859406257357 0.811479949238984
0.5604263446661397 0.811479949238984
0.5644667487065437 0.811479949238984
0.5685071527469477 0.811479949238984
0.5725475567873517 0.811479949238984
0.5765879608277558 0.811479949238984
0.5806283648681598 0.811479949238984
0.5846687689085639 0.811479949238984
0.588709172948968 0.811479949238984
0.592749576989372 0.811479949238984
0.596789981029776 0.811479949238984
0.60083038507018 0.811479949238984
0.604870789110584 0.811479949238984
0.5523455365853316 0.8155203532793881
0.5563859406257357 0.8155203532793881
0.5604263446661397 0.8155203532793881
0.5644667487065437 0.8155203532793881
0.5685071527469477 0.8155203532793881
0.5725475567873517 0.8155203532793881
0.5765879608277558 0.8155203532793881
0.5806283648681598 0.8155203532793881
0.5846687689085639 0.8155203532793881
0.588709172948968 0.8155203532793881
0.592749576989372 0.8155203532793881
0.596789981029776 0.8155203532793881
0.60083038507018 0.8155203532793881
0.5402243244641194 0.819560757319792
0.5442647285045235 0.819560757319792
0.5483051325449275 0.819560757319792
0.5523455365853316 0.819560757319792
0.5563859406257357 0.819560757319792
0.5604263446661397 0.819560757319792
0.5644667487065437 0.819560757319792
0.5685071527469477 0.819560757319792
0.5725475567873517 0.819560757319792
0.5765879608277558 0.819560757319792
0.5806283648681598 0.819560757319792
0.5846687689085639 0.819560757319792
0.588709172948968 0.819560757319792
0.592749576989372 0.819560757319792
0.596789981029776 0.819560757319792
0.5361839204237154 0.8236011613601961
0.5402243244641194 0.8236011613601961
0.5442647285045235 0.8236011613601961
0.5483051325449275 0.8236011613601961
0.5523455365853316 0.8236011613601961
0.5563859406257357 0.8236011613601961
0.5604263446661397 0.8236011613601961
0.5644667487065437 0.8236011613601961
0.5685071527469477 0.8236011613601961
0.5725475567873517 0.8236011613601961
0.5765879608277558 0.8236011613601961
0.5806283648681598 0.8236011613601961
0.5846687689085639 0.8236011613601961
0.588709172948968 0.8236011613601961
0.5321435163833114 0.8276415654006002
0.5361839204237154 0.8276415654006002
0.5402243244641194 0.8276415654006002
0.5442647285045235 0.8276415654006002
0.5483051325449275 0.8276415654006002
0.5523455365853316 0.8276415654006002
0.5563859406257357 0.8276415654006002
0.5604263446661397 0.8276415654006002
0.5644667487065437 0.8276415654006002
0.5685071527469477 0.8276415654006002
0.5725475567873517 0.8276415654006002
0.5765879608277558 0.8276415654006002
0.5806283648681598 0.8276415654006002
0.5846687689085639 0.8276415654006002
0.5281031123429073 0.8316819694410043
0.5321435163833114 0.8316819694410043
0.5361839204237154 0.8316819694410043
0.5402243244641194 0.8316819694410043
0.5442647285045235 0.8316819694410043
0.5483051325449275 0.8316819694410043
0.5523455365853316 0.8316819694410043
0.5563859406257357 0.8316819694410043
0.5604263446661397 0.8316819694410043
0.5644667487065437 0.8316819694410043
0.5685071527469477 0.8316819694410043
0.5725475567873517 0.8316819694410043
0.5765879608277558 0.8316819694410043
0.5200223042620993 0.8357223734814083
0.5240627083025033 0.8357223734814083
0.5281031123429073 0.8357223734814083
0.5321435163833114 0.8357223734814083
0.5361839204237154 0.8357223734814083
0.5402243244641194 0.8357223734814083
0.5442647285045235 0.8357223734814083
0.5483051325449275 0.8357223734814083
0.5523455365853316 0.8357223734814083
0.5563859406257357 0.8357223734814083
0.5604263446661397 0.8357223734814083
0.5644667487065437 0.8357223734814083
0.5685071527469477 0.8357223734814083
0.5725475567873517 0.8357223734814083
0.5765879608277558 0.8357223734814083
0.5119414961812911 0.8397627775218124
0.5159819002216952 0.8397627775218124
0.5200223042620993 0.8397627775218124
0.5240627083025033 0.8397627775218124
0.5281031123429073 0.8397627775218124
0.5321435163833114 0.8397627775218124
0.5361839204237154 0.8397627775218124
0.5402243244641194 0.8397627775218124
0.5442647285045235 0.8397627775218124
0.5483051325449275 0.8397627775218124
0.5523455365853316 0.8397627775218124
0.5563859406257357 0.8397627775218124
0.5604263446661397 0.8397627775218124
0.5644667487065437 0.8397627775218124
0.503860688100483 0.8438031815622163
0.5079010921408871 0.8438031815622163
0.5119414961812911 0.8438031815622163
0.5159819002216952 0.8438031815622163
0.5200223042620993 0.8438031815622163
0.5240627083025033 0.8438031815622163
0.5281031123429073 0.8438031815622163
0.5321435163833114 0.8438031815622163
0.5361839204237154 0.8438031815622163
0.5402243244641194 0.8438031815622163
0.5442647285045235 0.8438031815622163
0.5483051325449275 0.8438031815622163
0.5523455365853316 0.8438031815622163
0.5563859406257357 0.8438031815622163
0.5604263446661397 0.8438031815622163
0.49982028406007906 0.8478435856026204
0.503860688100483 0.8478435856026204
0.5079010921408871 0.8478435856026204
0.5119414961812911 0.8478435856026204
0.5159819002216952 0.8478435856026204
0.5200223042620993 0.8478435856026204
0.5240627083025033 0.8478435856026204
0.5281031123429073 0.8478435856026204
0.5321435163833114 0.8478435856026204
0.5361839204237154 0.8478435856026204
0.5402243244641194 0.8478435856026204
0.5442647285045235 0.8478435856026204
0.5483051325449275 0.8478435856026204
0.5523455365853316 0.8478435856026204
0.495779880019675 0.8518839896430245
0.49982028406007906 0.8518839896430245
0.503860688100483 0.8518839896430245
0.5079010921408871 0.8518839896430245
0.5119414961812911 0.8518839896430245
0.5159819002216952 0.8518839896430245
0.5200223042620993 0.8518839896430245
0.5240627083025033 0.8518839896430245
0.5281031123429073 0.8518839896430245
0.5321435163833114 0.8518839896430245
0.5361839204237154 0.8518839896430245
0.5402243244641194 0.8518839896430245
0.5442647285045235 0.8518839896430245
0.5483051325449275 0.8518839896430245
0.4836586678984629 0.8559243936834284
0.4876990719388669 0.8559243936834284
0.4917394759792709 0.8559243936834284
0.495779880019675 0.8559243936834284
0.49982028406007906 0.8559243936834284
0.503860688100483 0.8559243936834284
0.5079010921408871 0.8559243936834284
0.5119414961812911 0.8559243936834284
0.5159819002216952 0.8559243936834284
0.5200223042620993 0.8559243936834284
0.5240627083025033 0.8559243936834284
0.5281031123429073 0.8559243936834284
0.5321435163833114 0.8559243936834284
0.5361839204237154 0.8559243936834284
0.5402243244641194 0.8559243936834284
0.5483051325449275 0.8559243936834284
0.47557785981765477 0.8599647977238325
0.47961826385805884 0.8599647977238325
0.4836586678984629 0.8599647977238325
0.4876990719388669 0.8599647977238325
0.4917394759792709 0.8599647977238325
0.495779880019675 0.8599647977238325
0.49982028406007906 0.8599647977238325
0.503860688100483 0.8599647977238325
0.5079010921408871 0.8599647977238325
0.5119414961812911 0.8599647977238325
0.5159819002216952 0.8599647977238325
0.5200223042620993 0.8599647977238325
0.5240627083025033 0.8599647977238325
0.5281031123429073 0.8599647977238325
0.5321435163833114 0.8599647977238325
0.47557785981765477 0.8640052017642366
0.47961826385805884 0.8640052017642366
0.4836586678984629 0.8640052017642366
0.4876990719388669 0.8640052017642366
0.4917394759792709 0.8640052017642366
0.495779880019675 0.8640052017642366
0.49982028406007906 0.8640052017642366
0.503860688100483 0.8640052017642366
0.5079010921408871 0.8640052017642366
0.5119414961812911 0.8640052017642366
0.5159819002216952 0.8640052017642366
0.5200223042620993 0.8640052017642366
0.5240627083025033 0.8640052017642366
0.5281031123429073 0.8640052017642366
0.5321435163833114 0.8640052017642366
0.5361839204237154 0.8640052017642366
0.45537583961563455 0.8680456058046406
0.46749705173684675 0.8680456058046406
0.47153745577725076 0.8680456058046406
0.47557785981765477 0.8680456058046406
0.47961826385805884 0.8680456058046406
0.4836586678984629 0.8680456058046406
0.4876990719388669 0.8680456058046406
0.4917394759792709 0.8680456058046406
0.495779880019675 0.8680456058046406
0.49982028406007906 0.8680456058046406
0.503860688100483 0.8680456058046406
0.5079010921408871 0.8680456058046406
0.5119414961812911 0.8680456058046406
0.5159819002216952 0.8680456058046406
0.5200223042620993 0.8680456058046406
0.4594162436560386 0.8720860098450447
0.4634566476964427 0.8720860098450447
0.46749705173684675 0.8720860098450447
0.47153745577725076 0.8720860098450447
0.47557785981765477 0.8720860098450447
0.47961826385805884 0.8720860098450447
0.4836586678984629 0.8720860098450447
0.4876990719388669 0.8720860098450447
0.4917394759792709 0.8720860098450447
0.495779880019675 0.8720860098450447
0.49982028406007906 0.8720860098450447
0.503860688100483 0.8720860098450447
0.5079010921408871 0.8720860098450447
0.5119414961812911 0.8720860098450447
0.5159819002216952 0.8720860098450447
0.5200223042620993 0.8720860098450447
0.45133543557523054 0.8761264138854487
0.45537583961563455 0.8761264138854487
0.4594162436560386 0.8761264138854487
0.4634566476964427 0.8761264138854487
0.46749705173684675 0.8761264138854487
0.47153745577725076 0.8761264138854487
0.47557785981765477 0.8761264138854487
0.47961826385805884 0.8761264138854487
0.4836586678984629 0.8761264138854487
0.4876990719388669 0.8761264138854487
0.4917394759792709 0.8761264138854487
0.495779880019675 0.8761264138854487
0.49982028406007906 0.8761264138854487
0.503860688100483 0.8761264138854487
0.5079010921408871 0.8761264138854487
0.5159819002216952 0.8761264138854487
0.44325462749442246 0.8801668179258527
0.4472950315348265 0.8801668179258527
0.45133543557523054 0.8801668179258527
0.45537583961563455 0.8801668179258527
0.4594162436560386 0.8801668179258527
0.4634566476964427 0.8801668179258527
0.46749705173684675 0.8801668179258527
0.47153745577725076 0.8801668179258527
0.47557785981765477 0.8801668179258527
0.47961826385805884 0.8801668179258527
0.4836586678984629 0.8801668179258527
0.4876990719388669 0.8801668179258527
0.4917394759792709 0.8801668179258527
0.495779880019675 0.8801668179258527
0.49982028406007906 0.8801668179258527
0.503860688100483 0.8801668179258527
0.4351738194136144 0.8842072219662568
0.4392142234540184 0.8842072219662568
0.44325462749442246 0.8842072219662568
0.4472950315348265 0.8842072219662568
0.45133543557523054 0.8842072219662568
0.45537583961563455 0.8842072219662568
0.4594162436560386 0.8842072219662568
0.4634566476964427 0.8842072219662568
0.46749705173684675 0.8842072219662568
0.47153745577725076 0.8842072219662568
0.47557785981765477 0.8842072219662568
0.47961826385805884 0.8842072219662568
0.4836586678984629 0.8842072219662568
0.4876990719388669 0.8842072219662568
0.4917394759792709 0.8842072219662568
0.495779880019675 0.8842072219662568
0.42305260729240224 0.8882476260066607
0.4270930113328063 0.8882476260066607
0.43113341537321037 0.8882476260066607
0.4351738194136144 0.8882476260066607
0.4392142234540184 0.8882476260066607
0.44325462749442246 0.8882476260066607
0.4472950315348265 0.8882476260066607
0.45133543557523054 0.8882476260066607
0.45537583961563455 0.8882476260066607
0.4594162436560386 0.8882476260066607
0.4634566476964427 0.8882476260066607
0.46749705173684675 0.8882476260066607
0.47153745577725076 0.8882476260066607
0.47557785981765477 0.8882476260066607
0.47961826385805884 0.8882476260066607
0.4836586678984629 0.8882476260066607
0.4876990719388669 0.8882476260066607
0.4917394759792709 0.8882476260066607
0.4149717992115942 0.8922880300470648
0.4190122032519982 0.8922880300470648
0.42305260729240224 0.8922880300470648
0.4270930113328063 0.8922880300470648
0.43113341537321037 0.8922880300470648
0.4351738194136144 0.8922880300470648
0.4392142234540184 0.8922880300470648
0.44325462749442246 0.8922880300470648
0.4472950315348265 0.8922880300470648
0.45133543557523054 0.8922880300470648
0.45537583961563455 0.8922880300470648
0.4594162436560386 0.8922880300470648
0.4634566476964427 0.8922880300470648
0.46749705173684675 0.8922880300470648
0.47153745577725076 0.8922880300470648
0.47557785981765477 0.8922880300470648
0.47961826385805884 0.8922880300470648
0.4028505870903821 0.8963284340874689
0.4068909911307861 0.8963284340874689
0.41093139517119015 0.8963284340874689
0.4149717992115942 0.8963284340874689
0.4190122032519982 0.8963284340874689
0.42305260729240224 0.8963284340874689
0.4270930113328063 0.8963284340874689
0.43113341537321037 0.8963284340874689
0.4351738194136144 0.8963284340874689
0.4392142234540184 0.8963284340874689
0.44325462749442246 0.8963284340874689
0.4472950315348265 0.8963284340874689
0.45133543557523054 0.8963284340874689
0.45537583961563455 0.8963284340874689
0.4594162436560386 0.8963284340874689
0.4634566476964427 0.8963284340874689
0.46749705173684675 0.8963284340874689
0.47153745577725076 0.8963284340874689
0.47557785981765477 0.8963284340874689
0.4836586678984629 0.8963284340874689
0.39072937496916993 0.9003688381278729
0.398810183049978 0.9003688381278729
0.4028505870903821 0.9003688381278729
0.4068909911307861 0.9003688381278729
0.41093139517119015 0.9003688381278729
0.4149717992115942 0.9003688381278729
0.4190122032519982 0.9003688381278729
0.42305260729240224 0.9003688381278729
0.4270930113328063 0.9003688381278729
0.43113341537321037 0.9003688381278729
0.4351738194136144 0.9003688381278729
0.4392142234540184 0.9003688381278729
0.44325462749442246 0.9003688381278729
0.4472950315348265 0.9003688381278729
0.45133543557523054 0.9003688381278729
0.45537583961563455 0.9003688381278729
0.4594162436560386 0.9003688381278729
0.4634566476964427 0.9003688381278729
0.46749705173684675 0.9003688381278729
0.39072937496916993 0.904409242168277
0.394769779009574 0.904409242168277
0.398810183049978 0.904409242168277
0.4028505870903821 0.904409242168277
0.4068909911307861 0.904409242168277
0.41093139517119015 0.904409242168277
0.4149717992115942 0.904409242168277
0.4190122032519982 0.904409242168277
0.42305260729240224 0.904409242168277
0.4270930113328063 0.904409242168277
0.43113341537321037 0.904409242168277
0.4351738194136144 0.904409242168277
0.4392142234540184 0.904409242168277
0.44325462749442246 0.904409242168277
0.4472950315348265 0.904409242168277
0.45133543557523054 0.904409242168277
0.45537583961563455 0.904409242168277
0.38264856688836185 0.9084496462086811
0.3866889709287659 0.9084496462086811
0.39072937496916993 0.9084496462086811
0.394769779009574 0.9084496462086811
0.398810183049978 0.9084496462086811
0.4028505870903821 0.9084496462086811
0.4068909911307861 0.9084496462086811
0.41093139517119015 0.9084496462086811
0.4149717992115942 0.9084496462086811
0.4190122032519982 0.9084496462086811
0.42305260729240224 0.9084496462086811
0.4270930113328063 0.9084496462086811
0.43113341537321037 0.9084496462086811
0.4351738194136144 0.9084496462086811
0.4392142234540184 0.9084496462086811
0.44325462749442246 0.9084496462086811
0.4472950315348265 0.9084496462086811
0.3664869507267457 0.912490050249085
0.3705273547671497 0.912490050249085
0.3745677588075538 0.912490050249085
0.37860816284795784 0.912490050249085
0.38264856688836185 0.912490050249085
0.3866889709287659 0.912490050249085
0.39072937496916993 0.912490050249085
0.394769779009574 0.912490050249085
0.398810183049978 0.912490050249085
0.4028505870903821 0.912490050249085
0.4068909911307861 0.912490050249085
0.41093139517119015 0.912490050249085
0.4149717992115942 0.912490050249085
0.4190122032519982 0.912490050249085
0.42305260729240224 0.912490050249085
0.4270930113328063 0.912490050249085
0.43113341537321037 0.912490050249085
0.4351738194136144 0.912490050249085
0.4392142234540184 0.912490050249085
0.45537583961563455 0.912490050249085
0.3584061426459376 0.9165304542894891
0.3624465466863417 0.9165304542894891
0.3664869507267457 0.9165304542894891
0.3705273547671497 0.9165304542894891
0.3745677588075538 0.9165304542894891
0.37860816284795784 0.9165304542894891
0.38264856688836185 0.9165304542894891
0.3866889709287659 0.9165304542894891
0.39072937496916993 0.9165304542894891
0.394769779009574 0.9165304542894891
0.398810183049978 0.9165304542894891
0.4028505870903821 0.9165304542894891
0.4068909911307861 0.9165304542894891
0.41093139517119015 0.9165304542894891
0.4149717992115942 0.9165304542894891
0.4190122032519982 0.9165304542894891
0.42305260729240224 0.9165304542894891
0.4270930113328063 0.9165304542894891
0.43113341537321037 0.9165304542894891
0.4392142234540184 0.9165304542894891
0.35032533456512954 0.920570858329893
0.35436573860553355 0.920570858329893
0.3584061426459376 0.920570858329893
0.3624465466863417 0.920570858329893
0.3664869507267457 0.920570858329893
0.3705273547671497 0.920570858329893
0.3745677588075538 0.920570858329893
0.37860816284795784 0.920570858329893
0.38264856688836185 0.920570858329893
0.3866889709287659 0.920570858329893
0.39072937496916993 0.920570858329893
0.394769779009574 0.920570858329893
0.398810183049978 0.920570858329893
0.4028505870903821 0.920570858329893
0.4068909911307861 0.920570858329893
0.41093139517119015 0.920570858329893
0.4149717992115942 0.920570858329893
0.4190122032519982 0.920570858329893
0.4270930113328063 0.920570858329893
0.43113341537321037 0.920570858329893
0.3382041224439174 0.9246112623702971
0.34224452648432147 0.9246112623702971
0.34628493052472553 0.9246112623702971
0.35032533456512954 0.9246112623702971
0.35436573860553355 0.9246112623702971
0.3584061426459376 0.9246112623702971
0.3624465466863417 0.9246112623702971
0.3664869507267457 0.9246112623702971
0.3705273547671497 0.9246112623702971
0.3745677588075538 0.9246112623702971
0.37860816284795784 0.9246112623702971
0.38264856688836185 0.9246112623702971
0.3866889709287659 0.9246112623702971
0.39072937496916993 0.9246112623702971
0.394769779009574 0.9246112623702971
0.398810183049978 0.9246112623702971
0.4028505870903821 0.9246112623702971
0.4068909911307861 0.9246112623702971
0.41093139517119015 0.9246112623702971
0.4149717992115942 0.9246112623702971
0.32204250628230124 0.9286516664107012
0.3301233143631093 0.9286516664107012
0.3341637184035134 0.9286516664107012
0.3382041224439174 0.9286516664107012
0.34224452648432147 0.9286516664107012
0.34628493052472553 0.9286516664107012
0.35032533456512954 0.9286516664107012
0.35436573860553355 0.9286516664107012
0.3584061426459376 0.9286516664107012
0.3624465466863417 0.9286516664107012
0.3664869507267457 0.9286516664107012
0.3705273547671497 0.9286516664107012
0.3745677588075538 0.9286516664107012
0.37860816284795784 0.9286516664107012
0.38264856688836185 0.9286516664107012
0.3866889709287659 0.9286516664107012
0.39072937496916993 0.9286516664107012
0.394769779009574 0.9286516664107012
0.398810183049978 0.9286516664107012
0.4028505870903821 0.9286516664107012
0.4068909911307861 0.9286516664107012
0.30992129416108916 0.9326920704511052
0.3180021022418972 0.9326920704511052
0.32204250628230124 0.9326920704511052
0.3260829103227053 0.9326920704511052
0.3301233143631093 0.9326920704511052
0.3341637184035134 0.9326920704511052
0.3382041224439174 0.9326920704511052
0.34224452648432147 0.9326920704511052
0.34628493052472553 0.9326920704511052
0.35032533456512954 0.9326920704511052
0.35436573860553355 0.9326920704511052
0.3584061426459376 0.9326920704511052
0.3624465466863417 0.9326920704511052
0.3664869507267457 0.9326920704511052
0.3705273547671497 0.9326920704511052
0.3745677588075538 0.9326920704511052
0.37860816284795784 0.9326920704511052
0.38264856688836185 0.9326920704511052
0.3866889709287659 0.9326920704511052
0.39072937496916993 0.9326920704511052
0.394769779009574 0.9326920704511052
0.41093139517119015 0.9326920704511052
0.3058808901206851 0.9367324744915093
0.30992129416108916 0.9367324744915093
0.31396169820149317 0.9367324744915093
0.3180021022418972 0.9367324744915093
0.32204250628230124 0.9367324744915093
0.3260829103227053 0.9367324744915093
0.3301233143631093 0.9367324744915093
0.3341637184035134 0.9367324744915093
0.3382041224439174 0.9367324744915093
0.34224452648432147 0.9367324744915093
0.34628493052472553 0.9367324744915093
0.35032533456512954 0.9367324744915093
0.35436573860553355 0.9367324744915093
0.3584061426459376 0.9367324744915093
0.3624465466863417 0.9367324744915093
0.3664869507267457 0.9367324744915093
0.3705273547671497 0.9367324744915093
0.3745677588075538 0.9367324744915093
0.37860816284795784 0.9367324744915093
0.38264856688836185 0.9367324744915093
0.297800082039877 0.9407728785319134
0.301840486080281 0.9407728785319134
0.3058808901206851 0.9407728785319134
0.30992129416108916 0.9407728785319134
0.31396169820149317 0.9407728785319134
0.3180021022418972 0.9407728785319134
0.32204250628230124 0.9407728785319134
0.3260829103227053 0.9407728785319134
0.3301233143631093 0.9407728785319134
0.3341637184035134 0.9407728785319134
0.3382041224439174 0.9407728785319134
0.34224452648432147 0.9407728785319134
0.34628493052472553 0.9407728785319134
0.35032533456512954 0.9407728785319134
0.35436573860553355 0.9407728785319134
0.3584061426459376 0.9407728785319134
0.3624465466863417 0.9407728785319134
0.3664869507267457 0.9407728785319134
0.3705273547671497 0.9407728785319134
0.3745677588075538 0.9407728785319134
0.297800082039877 0.9448132825723174
0.301840486080281 0.9448132825723174
0.3058808901206851 0.9448132825723174
0.30992129416108916 0.9448132825723174
0.31396169820149317 0.9448132825723174
0.3180021022418972 0.9448132825723174
0.32204250628230124 0.9448132825723174
0.3260829103227053 0.9448132825723174
0.3301233143631093 0.9448132825723174
0.3341637184035134 0.9448132825723174
0.3382041224439174 0.9448132825723174
0.34224452648432147 0.9448132825723174
0.34628493052472553 0.9448132825723174
0.35032533456512954 0.9448132825723174
0.35436573860553355 0.9448132825723174
0.3584061426459376 0.9448132825723174
0.3624465466863417 0.9448132825723174
0.297800082039877 0.9488536866127214
0.301840486080281 0.9488536866127214
0.3058808901206851 0.9488536866127214
0.30992129416108916 0.9488536866127214
0.31396169820149317 0.9488536866127214
0.3180021022418972 0.9488536866127214
0.32204250628230124 0.9488536866127214
0.3260829103227053 0.9488536866127214
0.3301233143631093 0.9488536866127214
0.3341637184035134 0.9488536866127214
0.3382041224439174 0.9488536866127214
0.34224452648432147 0.9488536866127214
0.34628493052472553 0.9488536866127214
0.35032533456512954 0.9488536866127214
0.35436573860553355 0.9488536866127214
0.297800082039877 0.9528940906531255
0.301840486080281 0.9528940906531255
0.3058808901206851 0.9528940906531255
0.30992129416108916 0.9528940906531255
0.31396169820149317 0.9528940906531255
0.3180021022418972 0.9528940906531255
0.32204250628230124 0.9528940906531255
0.3260829103227053 0.9528940906531255
0.3301233143631093 0.9528940906531255
0.3341637184035134 0.9528940906531255
0.3382041224439174 0.9528940906531255
0.34224452648432147 0.9528940906531255
0.297800082039877 0.9569344946935294
0.301840486080281 0.9569344946935294
0.3058808901206851 0.9569344946935294
0.30992129416108916 0.9569344946935294
0.31396169820149317 0.9569344946935294
0.3180021022418972 0.9569344946935294
0.32204250628230124 0.9569344946935294
0.3260829103227053 0.9569344946935294
0.3301233143631093 0.9569344946935294
0.3341637184035134 0.9569344946935294
0.35436573860553355 0.9569344946935294
0.297800082039877 0.9609748987339335
0.301840486080281 0.9609748987339335
0.3058808901206851 0.9609748987339335
0.30992129416108916 0.9609748987339335
0.31396169820149317 0.9609748987339335
0.3180021022418972 0.9609748987339335
0.32204250628230124 0.9609748987339335
0.297800082039877 0.9650153027743376
0.301840486080281 0.9650153027743376
0.3058808901206851 0.9650153027743376
0.32204250628230124 0.9690557068147416
0.30992129416108916 0.9730961108551457
