# x y
0.6017406460417093 0.7831971209561558
0.5815386258396891 0.7872375249965597
0.5855790298800931 0.7872375249965597
0.5896194339204972 0.7872375249965597
0.5734578177588809 0.7912779290369638
0.577498221799285 0.7912779290369638
0.5815386258396891 0.7912779290369638
0.569417413718477 0.7953183330773679
0.577498221799285 0.7953183330773679
0.5815386258396891 0.7953183330773679
0.561336605637669 0.799358737117772
0.5653770096780729 0.799358737117772
0.569417413718477 0.799358737117772
0.5734578177588809 0.799358737117772
0.5532557975568608 0.803399141158176
0.5572962015972649 0.803399141158176
0.561336605637669 0.803399141158176
0.5653770096780729 0.803399141158176
0.569417413718477 0.803399141158176
0.5492153935164568 0.80743954519858
0.5532557975568608 0.80743954519858
0.5572962015972649 0.80743954519858
0.561336605637669 0.80743954519858
0.5653770096780729 0.80743954519858
0.569417413718477 0.80743954519858
0.5734578177588809 0.80743954519858
0.5451749894760527 0.811479949238984
0.5492153935164568 0.811479949238984
0.5532557975568608 0.811479949238984
0.5572962015972649 0.811479949238984
0.561336605637669 0.811479949238984
0.569417413718477 0.811479949238984
0.5411345854356486 0.8155203532793881
0.5451749894760527 0.8155203532793881
0.5492153935164568 0.8155203532793881
0.5532557975568608 0.8155203532793881
0.5572962015972649 0.8155203532793881
0.5330537773548406 0.819560757319792
0.5370941813952447 0.819560757319792
0.5411345854356486 0.819560757319792
0.5451749894760527 0.819560757319792
0.5492153935164568 0.819560757319792
0.5532557975568608 0.819560757319792
0.5249729692740326 0.8236011613601961
0.5290133733144367 0.8236011613601961
0.5330537773548406 0.8236011613601961
0.5370941813952447 0.8236011613601961
0.5411345854356486 0.8236011613601961
0.5451749894760527 0.8236011613601961
0.5209325652336285 0.8276415654006002
0.5249729692740326 0.8276415654006002
0.5290133733144367 0.8276415654006002
0.5330537773548406 0.8276415654006002
0.5370941813952447 0.8276415654006002
0.5411345854356486 0.8276415654006002
0.5128517571528204 0.8316819694410043
0.5168921611932245 0.8316819694410043
0.5209325652336285 0.8316819694410043
0.5249729692740326 0.8316819694410043
0.5290133733144367 0.8316819694410043
0.5330537773548406 0.8316819694410043
0.5370941813952447 0.8316819694410043
0.5047709490720124 0.8357223734814083
0.5088113531124163 0.8357223734814083
0.5128517571528204 0.8357223734814083
0.5168921611932245 0.8357223734814083
0.5209325652336285 0.8357223734814083
0.5249729692740326 0.8357223734814083
0.5290133733144367 0.8357223734814083
0.49669014099120423 0.8397627775218124
0.5007305450316083 0.8397627775218124
0.5047709490720124 0.8397627775218124
0.5088113531124163 0.8397627775218124
0.5128517571528204 0.8397627775218124
0.5168921611932245 0.8397627775218124
0.5209325652336285 0.8397627775218124
0.5249729692740326 0.8397627775218124
0.4926497369508002 0.8438031815622163
0.49669014099120423 0.8438031815622163
0.5007305450316083 0.8438031815622163
0.5047709490720124 0.8438031815622163
0.5088113531124163 0.8438031815622163
0.5128517571528204 0.8438031815622163
0.5168921611932245 0.8438031815622163
0.5209325652336285 0.8438031815622163
0.48456892886999214 0.8478435856026204
0.48860933291039615 0.8478435856026204
0.4926497369508002 0.8478435856026204
0.49669014099120423 0.8478435856026204
0.5007305450316083 0.8478435856026204
0.5047709490720124 0.8478435856026204
0.5088113531124163 0.8478435856026204
0.4805285248295881 0.8518839896430245
0.48456892886999214 0.8518839896430245
0.48860933291039615 0.8518839896430245
0.4926497369508002 0.8518839896430245
0.49669014099120423 0.8518839896430245
0.5007305450316083 0.8518839896430245
0.5047709490720124 0.8518839896430245
0.47244771674878 0.8559243936834284
0.476488120789184 0.8559243936834284
0.4805285248295881 0.8559243936834284
0.48456892886999214 0.8559243936834284
0.48860933291039615 0.8559243936834284
0.4926497369508002 0.8559243936834284
0.49669014099120423 0.8559243936834284
0.4643669086679719 0.8599647977238325
0.468407312708376 0.8599647977238325
0.47244771674878 0.8599647977238325
0.476488120789184 0.8599647977238325
0.4805285248295881 0.8599647977238325
0.48456892886999214 0.8599647977238325
0.48860933291039615 0.8599647977238325
0.46032650462756786 0.8640052017642366
0.4643669086679719 0.8640052017642366
0.468407312708376 0.8640052017642366
0.47244771674878 0.8640052017642366
0.476488120789184 0.8640052017642366
0.4805285248295881 0.8640052017642366
0.48456892886999214 0.8640052017642366
0.45224569654675983 0.8680456058046406
0.45628610058716385 0.8680456058046406
0.46032650462756786 0.8680456058046406
0.4643669086679719 0.8680456058046406
0.468407312708376 0.8680456058046406
0.47244771674878 0.8680456058046406
0.476488120789184 0.8680456058046406
0.4441648884659517 0.8720860098450447
0.44820529250635577 0.8720860098450447
0.45224569654675983 0.8720860098450447
0.45628610058716385 0.8720860098450447
0.46032650462756786 0.8720860098450447
0.4643669086679719 0.8720860098450447
0.468407312708376 0.8720860098450447
0.4360840803851437 0.8761264138854487
0.4401244844255477 0.8761264138854487
0.4441648884659517 0.8761264138854487
0.44820529250635577 0.8761264138854487
0.45224569654675983 0.8761264138854487
0.45628610058716385 0.8761264138854487
0.46032650462756786 0.8761264138854487
0.42800327230433555 0.8801668179258527
0.4320436763447396 0.8801668179258527
0.4360840803851437 0.8801668179258527
0.4401244844255477 0.8801668179258527
0.4441648884659517 0.8801668179258527
0.44820529250635577 0.8801668179258527
0.45224569654675983 0.8801668179258527
0.4239628682639315 0.8842072219662568
0.42800327230433555 0.8842072219662568
0.4320436763447396 0.8842072219662568
0.4360840803851437 0.8842072219662568
0.4401244844255477 0.8842072219662568
0.4441648884659517 0.8842072219662568
0.41588206018312346 0.8882476260066607
0.41992246422352747 0.8882476260066607
0.4239628682639315 0.8882476260066607
0.42800327230433555 0.8882476260066607
0.4320436763447396 0.8882476260066607
0.4360840803851437 0.8882476260066607
0.4078012521023153 0.8922880300470648
0.4118416561427194 0.8922880300470648
0.41588206018312346 0.8922880300470648
0.41992246422352747 0.8922880300470648
0.4239628682639315 0.8922880300470648
0.42800327230433555 0.8922880300470648
0.3997204440215073 0.8963284340874689
0.4037608480619113 0.8963284340874689
0.4078012521023153 0.8963284340874689
0.4118416561427194 0.8963284340874689
0.41588206018312346 0.8963284340874689
0.39163963594069917 0.9003688381278729
0.39568003998110324 0.9003688381278729
0.3997204440215073 0.9003688381278729
0.4037608480619113 0.9003688381278729
0.4078012521023153 0.9003688381278729
0.38759923190029516 0.904409242168277
0.39163963594069917 0.904409242168277
0.39568003998110324 0.904409242168277
0.3997204440215073 0.904409242168277
0.38355882785989115 0.9084496462086811
0.375478019779083 0.912490050249085
