# x y
0.6312691455690361 0.7872375249965597
0.6353095496094401 0.7872375249965597
0.61510752940742 0.803399141158176
0.5949055092053998 0.8316819694410043
0.522178236478127 0.8640052017642366
0.5019762162761068 0.8801668179258527
0.43732975162964216 0.9084496462086811
0.41712773142762194 0.9246112623702971
0.3686428829427735 0.9407728785319134
0.38076409506398556 0.9407728785319134
0.4009661152660058 0.9448132825723174
0.34844086274075325 0.9488536866127214
0.3646024789023694 0.9609748987339335
0.30803682233671287 0.9811769189359537
