# x y
0.6635846866750951 0.7629951007541356
0.6353018583922667 0.7872375249965597
0.5948978179882264 0.8316819694410043
0.5787362018266102 0.8438031815622163
0.5302513533417618 0.8761264138854487
0.47368569677610517 0.9084496462086811
0.4171200402104486 0.9246112623702971
0.4090392321296405 0.9286516664107012
0.38479680788721626 0.9326920704511052
0.3807564038468122 0.9407728785319134
0.36055438364479203 0.9488536866127214
0.32015034324075164 0.9569344946935294
0.3080291311195395 0.9609748987339335
0.36459478768519604 0.9609748987339335
