# x y
0.6999601051750679 0.7266314643904992
0.6959197011346638 0.7306718684309033
0.6918792970942599 0.7347122724713073
0.6474348526498155 0.7751163128753477
0.6353136405286033 0.7872375249965597
0.6151116203265831 0.803399141158176
0.5989500041649669 0.811479949238984
0.6110712162861791 0.819560757319792
0.5949096001245628 0.8316819694410043
0.50198030719527 0.8801668179258527
0.45349545871042146 0.9003688381278729
0.4454146506296134 0.904409242168277
0.41713182234678514 0.9246112623702971
0.39288939810436085 0.9286516664107012
0.3686469738619366 0.9407728785319134
0.3646065698215326 0.9609748987339335
0.3201621253770881 0.9771365148955498
