# x y
0.6999853426726829 0.7225910603500951
0.6959449386322788 0.7266314643904992
0.6717025143898545 0.7508738886329235
0.6191772618646021 0.7953183330773679
0.6353388780262181 0.799358737117772
0.5989752416625818 0.8155203532793881
0.5787732214605616 0.8236011613601961
0.5949348376221778 0.8316819694410043
0.5585712012585414 0.8397627775218124
0.5464499891373293 0.8478435856026204
0.522207564894905 0.8599647977238325
0.5545307972181374 0.8599647977238325
0.5020055446928848 0.8720860098450447
0.5302883729757132 0.8761264138854487
0.4656419083292485 0.8922880300470648
0.4656419083292485 0.9003688381278729
0.3969550396423798 0.9286516664107012
0.316146958834299 0.9650153027743376
0.3040257467130869 0.9690557068147416
