# x y
0.6715144055411572 0.7589546967137315
0.6634335974603491 0.7710759088349436
0.6311103651371168 0.799358737117772
0.6311103651371168 0.803399141158176
0.6109083449350965 0.819560757319792
0.5907063247330764 0.8357223734814083
0.5785851126118642 0.8438031815622163
0.5503022843290359 0.8518839896430245
0.5179790520058036 0.8720860098450447
0.4008073348340864 0.9326920704511052
0.3725245065512581 0.9448132825723174
0.35232248634923796 0.9528940906531255
0.3644436984704501 0.9609748987339335
0.3442416782684299 0.9690557068147416
