# x y
0.6932598363443387 0.702389040148075
0.6851790282635306 0.706429444188479
0.6892194323039347 0.706429444188479
0.6932598363443387 0.706429444188479
0.6811386242231265 0.710469848228883
0.6851790282635306 0.710469848228883
0.6892194323039347 0.710469848228883
0.6932598363443387 0.710469848228883
0.6770982201827225 0.7145102522692871
0.6811386242231265 0.7145102522692871
0.6851790282635306 0.7145102522692871
0.6892194323039347 0.7145102522692871
0.6932598363443387 0.7145102522692871
0.6730578161423185 0.7185506563096911
0.6770982201827225 0.7185506563096911
0.6811386242231265 0.7185506563096911
0.6851790282635306 0.7185506563096911
0.6892194323039347 0.7185506563096911
0.6932598363443387 0.7185506563096911
0.6690174121019145 0.7225910603500951
0.6730578161423185 0.7225910603500951
0.6770982201827225 0.7225910603500951
0.6811386242231265 0.7225910603500951
0.6851790282635306 0.7225910603500951
0.6892194323039347 0.7225910603500951
0.6932598363443387 0.7225910603500951
0.6649770080615105 0.7266314643904992
0.6690174121019145 0.7266314643904992
0.6730578161423185 0.7266314643904992
0.6770982201827225 0.7266314643904992
0.6811386242231265 0.7266314643904992
0.6851790282635306 0.7266314643904992
0.6892194323039347 0.7266314643904992
0.6932598363443387 0.7266314643904992
0.6609366040211064 0.7306718684309033
0.6649770080615105 0.7306718684309033
0.6690174121019145 0.7306718684309033
0.6730578161423185 0.7306718684309033
0.6770982201827225 0.7306718684309033
0.6811386242231265 0.7306718684309033
0.6851790282635306 0.7306718684309033
0.6892194323039347 0.7306718684309033
0.6932598363443387 0.7306718684309033
0.6568961999807024 0.7347122724713073
0.6609366040211064 0.7347122724713073
0.6649770080615105 0.7347122724713073
0.6690174121019145 0.7347122724713073
0.6730578161423185 0.7347122724713073
0.6770982201827225 0.7347122724713073
0.6811386242231265 0.7347122724713073
0.6851790282635306 0.7347122724713073
0.6892194323039347 0.7347122724713073
0.6488153918998942 0.7387526765117113
0.6528557959402983 0.7387526765117113
0.6568961999807024 0.7387526765117113
0.6609366040211064 0.7387526765117113
0.6649770080615105 0.7387526765117113
0.6690174121019145 0.7387526765117113
0.6730578161423185 0.7387526765117113
0.6770982201827225 0.7387526765117113
0.6811386242231265 0.7387526765117113
0.6851790282635306 0.7387526765117113
0.6447749878594902 0.7427930805521153
0.6488153918998942 0.7427930805521153
0.6528557959402983 0.7427930805521153
0.6568961999807024 0.7427930805521153
0.6609366040211064 0.7427930805521153
0.6649770080615105 0.7427930805521153
0.6690174121019145 0.7427930805521153
0.6730578161423185 0.7427930805521153
0.6770982201827225 0.7427930805521153
0.6811386242231265 0.7427930805521153
0.6407345838190862 0.7468334845925194
0.6447749878594902 0.7468334845925194
0.6488153918998942 0.7468334845925194
0.6528557959402983 0.7468334845925194
0.6568961999807024 0.7468334845925194
0.6609366040211064 0.7468334845925194
0.6649770080615105 0.7468334845925194
0.6690174121019145 0.7468334845925194
0.6730578161423185 0.7468334845925194
0.6770982201827225 0.7468334845925194
0.6366941797786821 0.7508738886329235
0.6407345838190862 0.7508738886329235
0.6447749878594902 0.7508738886329235
0.6488153918998942 0.7508738886329235
0.6528557959402983 0.7508738886329235
0.6568961999807024 0.7508738886329235
0.6609366040211064 0.7508738886329235
0.6649770080615105 0.7508738886329235
0.6690174121019145 0.7508738886329235
0.6730578161423185 0.7508738886329235
0.6286133716978741 0.7549142926733274
0.6326537757382782 0.7549142926733274
0.6366941797786821 0.7549142926733274
0.6407345838190862 0.7549142926733274
0.6447749878594902 0.7549142926733274
0.6488153918998942 0.7549142926733274
0.6528557959402983 0.7549142926733274
0.6568961999807024 0.7549142926733274
0.6609366040211064 0.7549142926733274
0.6649770080615105 0.7549142926733274
0.6690174121019145 0.7549142926733274
0.6245729676574701 0.7589546967137315
0.6286133716978741 0.7589546967137315
0.6326537757382782 0.7589546967137315
0.6366941797786821 0.7589546967137315
0.6407345838190862 0.7589546967137315
0.6447749878594902 0.7589546967137315
0.6488153918998942 0.7589546967137315
0.6528557959402983 0.7589546967137315
0.6568961999807024 0.7589546967137315
0.6609366040211064 0.7589546967137315
0.620532563617066 0.7629951007541356
0.6245729676574701 0.7629951007541356
0.6286133716978741 0.7629951007541356
0.6326537757382782 0.7629951007541356
0.6366941797786821 0.7629951007541356
0.6407345838190862 0.7629951007541356
0.6447749878594902 0.7629951007541356
0.6488153918998942 0.7629951007541356
0.6528557959402983 0.7629951007541356
0.6568961999807024 0.7629951007541356
0.6164921595766619 0.7670355047945396
0.620532563617066 0.7670355047945396
0.6245729676574701 0.7670355047945396
0.6286133716978741 0.7670355047945396
0.6326537757382782 0.7670355047945396
0.6366941797786821 0.7670355047945396
0.6407345838190862 0.7670355047945396
0.6447749878594902 0.7670355047945396
0.6488153918998942 0.7670355047945396
0.6528557959402983 0.7670355047945396
0.6084113514958538 0.7710759088349436
0.6124517555362579 0.7710759088349436
0.6164921595766619 0.7710759088349436
0.620532563617066 0.7710759088349436
0.6245729676574701 0.7710759088349436
0.6286133716978741 0.7710759088349436
0.6326537757382782 0.7710759088349436
0.6366941797786821 0.7710759088349436
0.6407345838190862 0.7710759088349436
0.6447749878594902 0.7710759088349436
0.6488153918998942 0.7710759088349436
0.6043709474554498 0.7751163128753477
0.6084113514958538 0.7751163128753477
0.6124517555362579 0.7751163128753477
0.6164921595766619 0.7751163128753477
0.620532563617066 0.7751163128753477
0.6245729676574701 0.7751163128753477
0.6286133716978741 0.7751163128753477
0.6326537757382782 0.7751163128753477
0.6366941797786821 0.7751163128753477
0.6407345838190862 0.7751163128753477
0.6447749878594902 0.7751163128753477
0.6003305434150458 0.7791567169157517
0.6043709474554498 0.7791567169157517
0.6084113514958538 0.7791567169157517
0.6124517555362579 0.7791567169157517
0.6164921595766619 0.7791567169157517
0.620532563617066 0.7791567169157517
0.6245729676574701 0.7791567169157517
0.6286133716978741 0.7791567169157517
0.6326537757382782 0.7791567169157517
0.6366941797786821 0.7791567169157517
0.6407345838190862 0.7791567169157517
0.5922497353342377 0.7831971209561558
0.5962901393746418 0.7831971209561558
0.6003305434150458 0.7831971209561558
0.6043709474554498 0.7831971209561558
0.6084113514958538 0.7831971209561558
0.6124517555362579 0.7831971209561558
0.6164921595766619 0.7831971209561558
0.620532563617066 0.7831971209561558
0.6245729676574701 0.7831971209561558
0.6286133716978741 0.7831971209561558
0.6326537757382782 0.7831971209561558
0.6366941797786821 0.7831971209561558
0.5882093312938337 0.7872375249965597
0.5922497353342377 0.7872375249965597
0.5962901393746418 0.7872375249965597
0.6003305434150458 0.7872375249965597
0.6043709474554498 0.7872375249965597
0.6084113514958538 0.7872375249965597
0.6124517555362579 0.7872375249965597
0.6164921595766619 0.7872375249965597
0.620532563617066 0.7872375249965597
0.6245729676574701 0.7872375249965597
0.6286133716978741 0.7872375249965597
0.5801285232130255 0.7912779290369638
0.5841689272534296 0.7912779290369638
0.5882093312938337 0.7912779290369638
0.5922497353342377 0.7912779290369638
0.5962901393746418 0.7912779290369638
0.6003305434150458 0.7912779290369638
0.6043709474554498 0.7912779290369638
0.6084113514958538 0.7912779290369638
0.6124517555362579 0.7912779290369638
0.6164921595766619 0.7912779290369638
0.620532563617066 0.7912779290369638
0.6245729676574701 0.7912779290369638
0.5760881191726215 0.7953183330773679
0.5801285232130255 0.7953183330773679
0.5841689272534296 0.7953183330773679
0.5882093312938337 0.7953183330773679
0.5922497353342377 0.7953183330773679
0.5962901393746418 0.7953183330773679
0.6003305434150458 0.7953183330773679
0.6043709474554498 0.7953183330773679
0.6084113514958538 0.7953183330773679
0.6124517555362579 0.7953183330773679
0.6164921595766619 0.7953183330773679
0.620532563617066 0.7953183330773679
0.5720477151322175 0.799358737117772
0.5760881191726215 0.799358737117772
0.5801285232130255 0.799358737117772
0.5841689272534296 0.799358737117772
0.5882093312938337 0.799358737117772
0.5922497353342377 0.799358737117772
0.5962901393746418 0.799358737117772
0.6003305434150458 0.799358737117772
0.6043709474554498 0.799358737117772
0.6084113514958538 0.799358737117772
0.6124517555362579 0.799358737117772
0.6164921595766619 0.799358737117772
0.5639669070514095 0.803399141158176
0.5680073110918135 0.803399141158176
0.5720477151322175 0.803399141158176
0.5760881191726215 0.803399141158176
0.5801285232130255 0.803399141158176
0.5841689272534296 0.803399141158176
0.5882093312938337 0.803399141158176
0.5922497353342377 0.803399141158176
0.5962901393746418 0.803399141158176
0.6003305434150458 0.803399141158176
0.6043709474554498 0.803399141158176
0.6084113514958538 0.803399141158176
0.5599265030110054 0.80743954519858
0.5639669070514095 0.80743954519858
0.5680073110918135 0.80743954519858
0.5720477151322175 0.80743954519858
0.5760881191726215 0.80743954519858
0.5801285232130255 0.80743954519858
0.5841689272534296 0.80743954519858
0.5882093312938337 0.80743954519858
0.5922497353342377 0.80743954519858
0.5962901393746418 0.80743954519858
0.6003305434150458 0.80743954519858
0.6043709474554498 0.80743954519858
0.5518456949301973 0.811479949238984
0.5558860989706014 0.811479949238984
0.5599265030110054 0.811479949238984
0.5639669070514095 0.811479949238984
0.5680073110918135 0.811479949238984
0.5720477151322175 0.811479949238984
0.5760881191726215 0.811479949238984
0.5801285232130255 0.811479949238984
0.5841689272534296 0.811479949238984
0.5882093312938337 0.811479949238984
0.5922497353342377 0.811479949238984
0.5962901393746418 0.811479949238984
0.6003305434150458 0.811479949238984
0.5478052908897932 0.8155203532793881
0.5518456949301973 0.8155203532793881
0.5558860989706014 0.8155203532793881
0.5599265030110054 0.8155203532793881
0.5639669070514095 0.8155203532793881
0.5680073110918135 0.8155203532793881
0.5720477151322175 0.8155203532793881
0.5760881191726215 0.8155203532793881
0.5801285232130255 0.8155203532793881
0.5841689272534296 0.8155203532793881
0.5882093312938337 0.8155203532793881
0.5922497353342377 0.8155203532793881
0.5962901393746418 0.8155203532793881
0.5397244828089852 0.819560757319792
0.5437648868493892 0.819560757319792
0.5478052908897932 0.819560757319792
0.5518456949301973 0.819560757319792
0.5558860989706014 0.819560757319792
0.5599265030110054 0.819560757319792
0.5639669070514095 0.819560757319792
0.5680073110918135 0.819560757319792
0.5720477151322175 0.819560757319792
0.5760881191726215 0.819560757319792
0.5801285232130255 0.819560757319792
0.5841689272534296 0.819560757319792
0.5882093312938337 0.819560757319792
0.5316436747281771 0.8236011613601961
0.5356840787685812 0.8236011613601961
0.5397244828089852 0.8236011613601961
0.5437648868493892 0.8236011613601961
0.5478052908897932 0.8236011613601961
0.5518456949301973 0.8236011613601961
0.5558860989706014 0.8236011613601961
0.5599265030110054 0.8236011613601961
0.5639669070514095 0.8236011613601961
0.5680073110918135 0.8236011613601961
0.5720477151322175 0.8236011613601961
0.5760881191726215 0.8236011613601961
0.5801285232130255 0.8236011613601961
0.5841689272534296 0.8236011613601961
0.5276032706877731 0.8276415654006002
0.5316436747281771 0.8276415654006002
0.5356840787685812 0.8276415654006002
0.5397244828089852 0.8276415654006002
0.5437648868493892 0.8276415654006002
0.5478052908897932 0.8276415654006002
0.5518456949301973 0.8276415654006002
0.5558860989706014 0.8276415654006002
0.5599265030110054 0.8276415654006002
0.5639669070514095 0.8276415654006002
0.5680073110918135 0.8276415654006002
0.5720477151322175 0.8276415654006002
0.5760881191726215 0.8276415654006002
0.519522462606965 0.8316819694410043
0.5235628666473691 0.8316819694410043
0.5276032706877731 0.8316819694410043
0.5316436747281771 0.8316819694410043
0.5356840787685812 0.8316819694410043
0.5397244828089852 0.8316819694410043
0.5437648868493892 0.8316819694410043
0.5478052908897932 0.8316819694410043
0.5518456949301973 0.8316819694410043
0.5558860989706014 0.8316819694410043
0.5599265030110054 0.8316819694410043
0.5639669070514095 0.8316819694410043
0.5680073110918135 0.8316819694410043
0.5720477151322175 0.8316819694410043
0.5114416545261569 0.8357223734814083
0.5154820585665609 0.8357223734814083
0.519522462606965 0.8357223734814083
0.5235628666473691 0.8357223734814083
0.5276032706877731 0.8357223734814083
0.5316436747281771 0.8357223734814083
0.5356840787685812 0.8357223734814083
0.5397244828089852 0.8357223734814083
0.5437648868493892 0.8357223734814083
0.5478052908897932 0.8357223734814083
0.5518456949301973 0.8357223734814083
0.5558860989706014 0.8357223734814083
0.5599265030110054 0.8357223734814083
0.5639669070514095 0.8357223734814083
0.5680073110918135 0.8357223734814083
0.5074012504857528 0.8397627775218124
0.5114416545261569 0.8397627775218124
0.5154820585665609 0.8397627775218124
0.519522462606965 0.8397627775218124
0.5235628666473691 0.8397627775218124
0.5276032706877731 0.8397627775218124
0.5316436747281771 0.8397627775218124
0.5356840787685812 0.8397627775218124
0.5397244828089852 0.8397627775218124
0.5437648868493892 0.8397627775218124
0.5478052908897932 0.8397627775218124
0.5518456949301973 0.8397627775218124
0.5558860989706014 0.8397627775218124
0.5599265030110054 0.8397627775218124
0.4993204424049448 0.8438031815622163
0.5033608464453488 0.8438031815622163
0.5074012504857528 0.8438031815622163
0.5114416545261569 0.8438031815622163
0.5154820585665609 0.8438031815622163
0.519522462606965 0.8438031815622163
0.5235628666473691 0.8438031815622163
0.5276032706877731 0.8438031815622163
0.5316436747281771 0.8438031815622163
0.5356840787685812 0.8438031815622163
0.5397244828089852 0.8438031815622163
0.5437648868493892 0.8438031815622163
0.5478052908897932 0.8438031815622163
0.5518456949301973 0.8438031815622163
0.5558860989706014 0.8438031815622163
0.4912396343241367 0.8478435856026204
0.4952800383645407 0.8478435856026204
0.4993204424049448 0.8478435856026204
0.5033608464453488 0.8478435856026204
0.5074012504857528 0.8478435856026204
0.5114416545261569 0.8478435856026204
0.5154820585665609 0.8478435856026204
0.519522462606965 0.8478435856026204
0.5235628666473691 0.8478435856026204
0.5276032706877731 0.8478435856026204
0.5316436747281771 0.8478435856026204
0.5356840787685812 0.8478435856026204
0.5397244828089852 0.8478435856026204
0.5437648868493892 0.8478435856026204
0.5478052908897932 0.8478435856026204
0.4831588262433286 0.8518839896430245
0.4871992302837327 0.8518839896430245
0.4912396343241367 0.8518839896430245
0.4952800383645407 0.8518839896430245
0.4993204424049448 0.8518839896430245
0.5033608464453488 0.8518839896430245
0.5074012504857528 0.8518839896430245
0.5114416545261569 0.8518839896430245
0.5154820585665609 0.8518839896430245
0.519522462606965 0.8518839896430245
0.5235628666473691 0.8518839896430245
0.5276032706877731 0.8518839896430245
0.5316436747281771 0.8518839896430245
0.5356840787685812 0.8518839896430245
0.5397244828089852 0.8518839896430245
0.5437648868493892 0.8518839896430245
0.47911842220292455 0.8559243936834284
0.4831588262433286 0.8559243936834284
0.4871992302837327 0.8559243936834284
0.4912396343241367 0.8559243936834284
0.4952800383645407 0.8559243936834284
0.4993204424049448 0.8559243936834284
0.5033608464453488 0.8559243936834284
0.5074012504857528 0.8559243936834284
0.5114416545261569 0.8559243936834284
0.5154820585665609 0.8559243936834284
0.519522462606965 0.8559243936834284
0.5235628666473691 0.8559243936834284
0.5276032706877731 0.8559243936834284
0.5316436747281771 0.8559243936834284
0.5356840787685812 0.8559243936834284
0.47103761412211653 0.8599647977238325
0.47507801816252054 0.8599647977238325
0.47911842220292455 0.8599647977238325
0.4831588262433286 0.8599647977238325
0.4871992302837327 0.8599647977238325
0.4912396343241367 0.8599647977238325
0.4952800383645407 0.8599647977238325
0.4993204424049448 0.8599647977238325
0.5033608464453488 0.8599647977238325
0.5074012504857528 0.8599647977238325
0.5114416545261569 0.8599647977238325
0.5154820585665609 0.8599647977238325
0.519522462606965 0.8599647977238325
0.5235628666473691 0.8599647977238325
0.5276032706877731 0.8599647977238325
0.5316436747281771 0.8599647977238325
0.4629568060413084 0.8640052017642366
0.46699721008171247 0.8640052017642366
0.47103761412211653 0.8640052017642366
0.47507801816252054 0.8640052017642366
0.47911842220292455 0.8640052017642366
0.4831588262433286 0.8640052017642366
0.4871992302837327 0.8640052017642366
0.4912396343241367 0.8640052017642366
0.4952800383645407 0.8640052017642366
0.4993204424049448 0.8640052017642366
0.5033608464453488 0.8640052017642366
0.5074012504857528 0.8640052017642366
0.5114416545261569 0.8640052017642366
0.5154820585665609 0.8640052017642366
0.519522462606965 0.8640052017642366
0.5235628666473691 0.8640052017642366
0.4548759979605003 0.8680456058046406
0.4589164020009044 0.8680456058046406
0.4629568060413084 0.8680456058046406
0.46699721008171247 0.8680456058046406
0.47103761412211653 0.8680456058046406
0.47507801816252054 0.8680456058046406
0.47911842220292455 0.8680456058046406
0.4831588262433286 0.8680456058046406
0.4871992302837327 0.8680456058046406
0.4912396343241367 0.8680456058046406
0.4952800383645407 0.8680456058046406
0.4993204424049448 0.8680456058046406
0.5033608464453488 0.8680456058046406
0.5074012504857528 0.8680456058046406
0.5114416545261569 0.8680456058046406
0.5154820585665609 0.8680456058046406
0.519522462606965 0.8680456058046406
0.44679518987969224 0.8720860098450447
0.4508355939200963 0.8720860098450447
0.4548759979605003 0.8720860098450447
0.4589164020009044 0.8720860098450447
0.4629568060413084 0.8720860098450447
0.46699721008171247 0.8720860098450447
0.47103761412211653 0.8720860098450447
0.47507801816252054 0.8720860098450447
0.47911842220292455 0.8720860098450447
0.4831588262433286 0.8720860098450447
0.4871992302837327 0.8720860098450447
0.4912396343241367 0.8720860098450447
0.4952800383645407 0.8720860098450447
0.4993204424049448 0.8720860098450447
0.5033608464453488 0.8720860098450447
0.5074012504857528 0.8720860098450447
0.5114416545261569 0.8720860098450447
0.43871438179888417 0.8761264138854487
0.4427547858392882 0.8761264138854487
0.44679518987969224 0.8761264138854487
0.4508355939200963 0.8761264138854487
0.4548759979605003 0.8761264138854487
0.4589164020009044 0.8761264138854487
0.4629568060413084 0.8761264138854487
0.46699721008171247 0.8761264138854487
0.47103761412211653 0.8761264138854487
0.47507801816252054 0.8761264138854487
0.47911842220292455 0.8761264138854487
0.4831588262433286 0.8761264138854487
0.4871992302837327 0.8761264138854487
0.4912396343241367 0.8761264138854487
0.4952800383645407 0.8761264138854487
0.4993204424049448 0.8761264138854487
0.5033608464453488 0.8761264138854487
0.4306335737180761 0.8801668179258527
0.43467397775848016 0.8801668179258527
0.43871438179888417 0.8801668179258527
0.4427547858392882 0.8801668179258527
0.44679518987969224 0.8801668179258527
0.4508355939200963 0.8801668179258527
0.4548759979605003 0.8801668179258527
0.4589164020009044 0.8801668179258527
0.4629568060413084 0.8801668179258527
0.46699721008171247 0.8801668179258527
0.47103761412211653 0.8801668179258527
0.47507801816252054 0.8801668179258527
0.47911842220292455 0.8801668179258527
0.4831588262433286 0.8801668179258527
0.4871992302837327 0.8801668179258527
0.4912396343241367 0.8801668179258527
0.4952800383645407 0.8801668179258527
0.422552765637268 0.8842072219662568
0.426593169677672 0.8842072219662568
0.4306335737180761 0.8842072219662568
0.43467397775848016 0.8842072219662568
0.43871438179888417 0.8842072219662568
0.4427547858392882 0.8842072219662568
0.44679518987969224 0.8842072219662568
0.4508355939200963 0.8842072219662568
0.4548759979605003 0.8842072219662568
0.4589164020009044 0.8842072219662568
0.4629568060413084 0.8842072219662568
0.46699721008171247 0.8842072219662568
0.47103761412211653 0.8842072219662568
0.47507801816252054 0.8842072219662568
0.47911842220292455 0.8842072219662568
0.4831588262433286 0.8842072219662568
0.4871992302837327 0.8842072219662568
0.4912396343241367 0.8842072219662568
0.41447195755645994 0.8882476260066607
0.418512361596864 0.8882476260066607
0.422552765637268 0.8882476260066607
0.426593169677672 0.8882476260066607
0.4306335737180761 0.8882476260066607
0.43467397775848016 0.8882476260066607
0.43871438179888417 0.8882476260066607
0.4427547858392882 0.8882476260066607
0.44679518987969224 0.8882476260066607
0.4508355939200963 0.8882476260066607
0.4548759979605003 0.8882476260066607
0.4589164020009044 0.8882476260066607
0.4629568060413084 0.8882476260066607
0.46699721008171247 0.8882476260066607
0.47103761412211653 0.8882476260066607
0.47507801816252054 0.8882476260066607
0.47911842220292455 0.8882476260066607
0.4831588262433286 0.8882476260066607
0.4023507454352478 0.8922880300470648
0.40639114947565186 0.8922880300470648
0.41043155351605587 0.8922880300470648
0.41447195755645994 0.8922880300470648
0.418512361596864 0.8922880300470648
0.422552765637268 0.8922880300470648
0.426593169677672 0.8922880300470648
0.4306335737180761 0.8922880300470648
0.43467397775848016 0.8922880300470648
0.43871438179888417 0.8922880300470648
0.4427547858392882 0.8922880300470648
0.44679518987969224 0.8922880300470648
0.4508355939200963 0.8922880300470648
0.4548759979605003 0.8922880300470648
0.4589164020009044 0.8922880300470648
0.4629568060413084 0.8922880300470648
0.46699721008171247 0.8922880300470648
0.47103761412211653 0.8922880300470648
0.47507801816252054 0.8922880300470648
0.3942699373544397 0.8963284340874689
0.3983103413948438 0.8963284340874689
0.4023507454352478 0.8963284340874689
0.40639114947565186 0.8963284340874689
0.41043155351605587 0.8963284340874689
0.41447195755645994 0.8963284340874689
0.418512361596864 0.8963284340874689
0.422552765637268 0.8963284340874689
0.426593169677672 0.8963284340874689
0.4306335737180761 0.8963284340874689
0.43467397775848016 0.8963284340874689
0.43871438179888417 0.8963284340874689
0.4427547858392882 0.8963284340874689
0.44679518987969224 0.8963284340874689
0.4508355939200963 0.8963284340874689
0.4548759979605003 0.8963284340874689
0.4589164020009044 0.8963284340874689
0.4629568060413084 0.8963284340874689
0.46699721008171247 0.8963284340874689
0.38618912927363164 0.9003688381278729
0.3902295333140357 0.9003688381278729
0.3942699373544397 0.9003688381278729
0.3983103413948438 0.9003688381278729
0.4023507454352478 0.9003688381278729
0.40639114947565186 0.9003688381278729
0.41043155351605587 0.9003688381278729
0.41447195755645994 0.9003688381278729
0.418512361596864 0.9003688381278729
0.422552765637268 0.9003688381278729
0.426593169677672 0.9003688381278729
0.4306335737180761 0.9003688381278729
0.43467397775848016 0.9003688381278729
0.43871438179888417 0.9003688381278729
0.4427547858392882 0.9003688381278729
0.44679518987969224 0.9003688381278729
0.4508355939200963 0.9003688381278729
0.4548759979605003 0.9003688381278729
0.4589164020009044 0.9003688381278729
0.3740679171524195 0.904409242168277
0.37810832119282356 0.904409242168277
0.3821487252332276 0.904409242168277
0.38618912927363164 0.904409242168277
0.3902295333140357 0.904409242168277
0.3942699373544397 0.904409242168277
0.3983103413948438 0.904409242168277
0.4023507454352478 0.904409242168277
0.40639114947565186 0.904409242168277
0.41043155351605587 0.904409242168277
0.41447195755645994 0.904409242168277
0.418512361596864 0.904409242168277
0.422552765637268 0.904409242168277
0.426593169677672 0.904409242168277
0.4306335737180761 0.904409242168277
0.43467397775848016 0.904409242168277
0.43871438179888417 0.904409242168277
0.4427547858392882 0.904409242168277
0.44679518987969224 0.904409242168277
0.4508355939200963 0.904409242168277
0.4548759979605003 0.904409242168277
0.36598710907161147 0.9084496462086811
0.3700275131120155 0.9084496462086811
0.3740679171524195 0.9084496462086811
0.37810832119282356 0.9084496462086811
0.3821487252332276 0.9084496462086811
0.38618912927363164 0.9084496462086811
0.3902295333140357 0.9084496462086811
0.3942699373544397 0.9084496462086811
0.3983103413948438 0.9084496462086811
0.4023507454352478 0.9084496462086811
0.40639114947565186 0.9084496462086811
0.41043155351605587 0.9084496462086811
0.41447195755645994 0.9084496462086811
0.418512361596864 0.9084496462086811
0.422552765637268 0.9084496462086811
0.426593169677672 0.9084496462086811
0.4306335737180761 0.9084496462086811
0.43467397775848016 0.9084496462086811
0.43871438179888417 0.9084496462086811
0.4427547858392882 0.9084496462086811
0.44679518987969224 0.9084496462086811
0.35386589695039933 0.912490050249085
0.35790630099080334 0.912490050249085
0.3619467050312074 0.912490050249085
0.36598710907161147 0.912490050249085
0.3700275131120155 0.912490050249085
0.3740679171524195 0.912490050249085
0.37810832119282356 0.912490050249085
0.3821487252332276 0.912490050249085
0.38618912927363164 0.912490050249085
0.3902295333140357 0.912490050249085
0.3942699373544397 0.912490050249085
0.3983103413948438 0.912490050249085
0.4023507454352478 0.912490050249085
0.40639114947565186 0.912490050249085
0.41043155351605587 0.912490050249085
0.41447195755645994 0.912490050249085
0.418512361596864 0.912490050249085
0.422552765637268 0.912490050249085
0.426593169677672 0.912490050249085
0.4306335737180761 0.912490050249085
0.43467397775848016 0.912490050249085
0.43871438179888417 0.912490050249085
0.34578508886959125 0.9165304542894891
0.3498254929099953 0.9165304542894891
0.35386589695039933 0.9165304542894891
0.35790630099080334 0.9165304542894891
0.3619467050312074 0.9165304542894891
0.36598710907161147 0.9165304542894891
0.3700275131120155 0.9165304542894891
0.3740679171524195 0.9165304542894891
0.37810832119282356 0.9165304542894891
0.3821487252332276 0.9165304542894891
0.38618912927363164 0.9165304542894891
0.3902295333140357 0.9165304542894891
0.3942699373544397 0.9165304542894891
0.3983103413948438 0.9165304542894891
0.4023507454352478 0.9165304542894891
0.40639114947565186 0.9165304542894891
0.41043155351605587 0.9165304542894891
0.41447195755645994 0.9165304542894891
0.418512361596864 0.9165304542894891
0.422552765637268 0.9165304542894891
0.426593169677672 0.9165304542894891
0.4306335737180761 0.9165304542894891
0.3336638767483791 0.920570858329893
0.3377042807887832 0.920570858329893
0.3417446848291872 0.920570858329893
0.34578508886959125 0.920570858329893
0.3498254929099953 0.920570858329893
0.35386589695039933 0.920570858329893
0.35790630099080334 0.920570858329893
0.3619467050312074 0.920570858329893
0.36598710907161147 0.920570858329893
0.3700275131120155 0.920570858329893
0.3740679171524195 0.920570858329893
0.37810832119282356 0.920570858329893
0.3821487252332276 0.920570858329893
0.38618912927363164 0.920570858329893
0.3902295333140357 0.920570858329893
0.3942699373544397 0.920570858329893
0.3983103413948438 0.920570858329893
0.4023507454352478 0.920570858329893
0.40639114947565186 0.920570858329893
0.41043155351605587 0.920570858329893
0.41447195755645994 0.920570858329893
0.418512361596864 0.920570858329893
0.321542664627167 0.9246112623702971
0.32558306866757103 0.9246112623702971
0.3296234727079751 0.9246112623702971
0.3336638767483791 0.9246112623702971
0.3377042807887832 0.9246112623702971
0.3417446848291872 0.9246112623702971
0.34578508886959125 0.9246112623702971
0.3498254929099953 0.9246112623702971
0.35386589695039933 0.9246112623702971
0.35790630099080334 0.9246112623702971
0.3619467050312074 0.9246112623702971
0.36598710907161147 0.9246112623702971
0.3700275131120155 0.9246112623702971
0.3740679171524195 0.9246112623702971
0.37810832119282356 0.9246112623702971
0.3821487252332276 0.9246112623702971
0.38618912927363164 0.9246112623702971
0.3902295333140357 0.9246112623702971
0.3942699373544397 0.9246112623702971
0.3983103413948438 0.9246112623702971
0.4023507454352478 0.9246112623702971
0.40639114947565186 0.9246112623702971
0.41043155351605587 0.9246112623702971
0.3094214525059549 0.9286516664107012
0.31346185654635894 0.9286516664107012
0.31750226058676295 0.9286516664107012
0.321542664627167 0.9286516664107012
0.32558306866757103 0.9286516664107012
0.3296234727079751 0.9286516664107012
0.3336638767483791 0.9286516664107012
0.3377042807887832 0.9286516664107012
0.3417446848291872 0.9286516664107012
0.34578508886959125 0.9286516664107012
0.3498254929099953 0.9286516664107012
0.35386589695039933 0.9286516664107012
0.35790630099080334 0.9286516664107012
0.3619467050312074 0.9286516664107012
0.36598710907161147 0.9286516664107012
0.3700275131120155 0.9286516664107012
0.3740679171524195 0.9286516664107012
0.37810832119282356 0.9286516664107012
0.3821487252332276 0.9286516664107012
0.38618912927363164 0.9286516664107012
0.3902295333140357 0.9286516664107012
0.3942699373544397 0.9286516664107012
0.3983103413948438 0.9286516664107012
0.4023507454352478 0.9286516664107012
0.2973002403847428 0.9326920704511052
0.3013406444251468 0.9326920704511052
0.3053810484655508 0.9326920704511052
0.3094214525059549 0.9326920704511052
0.31346185654635894 0.9326920704511052
0.31750226058676295 0.9326920704511052
0.321542664627167 0.9326920704511052
0.32558306866757103 0.9326920704511052
0.3296234727079751 0.9326920704511052
0.3336638767483791 0.9326920704511052
0.3377042807887832 0.9326920704511052
0.3417446848291872 0.9326920704511052
0.34578508886959125 0.9326920704511052
0.3498254929099953 0.9326920704511052
0.35386589695039933 0.9326920704511052
0.35790630099080334 0.9326920704511052
0.3619467050312074 0.9326920704511052
0.36598710907161147 0.9326920704511052
0.3700275131120155 0.9326920704511052
0.3740679171524195 0.9326920704511052
0.37810832119282356 0.9326920704511052
0.3821487252332276 0.9326920704511052
0.38618912927363164 0.9326920704511052
0.3902295333140357 0.9326920704511052
0.3942699373544397 0.9326920704511052
0.2932598363443387 0.9367324744915093
0.2973002403847428 0.9367324744915093
0.3013406444251468 0.9367324744915093
0.3053810484655508 0.9367324744915093
0.3094214525059549 0.9367324744915093
0.31346185654635894 0.9367324744915093
0.31750226058676295 0.9367324744915093
0.321542664627167 0.9367324744915093
0.32558306866757103 0.9367324744915093
0.3296234727079751 0.9367324744915093
0.3336638767483791 0.9367324744915093
0.3377042807887832 0.9367324744915093
0.3417446848291872 0.9367324744915093
0.34578508886959125 0.9367324744915093
0.3498254929099953 0.9367324744915093
0.35386589695039933 0.9367324744915093
0.35790630099080334 0.9367324744915093
0.3619467050312074 0.9367324744915093
0.36598710907161147 0.9367324744915093
0.3700275131120155 0.9367324744915093
0.3740679171524195 0.9367324744915093
0.37810832119282356 0.9367324744915093
0.3821487252332276 0.9367324744915093
0.2932598363443387 0.9407728785319134
0.2973002403847428 0.9407728785319134
0.3013406444251468 0.9407728785319134
0.3053810484655508 0.9407728785319134
0.3094214525059549 0.9407728785319134
0.31346185654635894 0.9407728785319134
0.31750226058676295 0.9407728785319134
0.321542664627167 0.9407728785319134
0.32558306866757103 0.9407728785319134
0.3296234727079751 0.9407728785319134
0.3336638767483791 0.9407728785319134
0.3377042807887832 0.9407728785319134
0.3417446848291872 0.9407728785319134
0.34578508886959125 0.9407728785319134
0.3498254929099953 0.9407728785319134
0.35386589695039933 0.9407728785319134
0.35790630099080334 0.9407728785319134
0.3619467050312074 0.9407728785319134
0.36598710907161147 0.9407728785319134
0.3700275131120155 0.9407728785319134
0.3740679171524195 0.9407728785319134
0.2932598363443387 0.9448132825723174
0.2973002403847428 0.9448132825723174
0.3013406444251468 0.9448132825723174
0.3053810484655508 0.9448132825723174
0.3094214525059549 0.9448132825723174
0.31346185654635894 0.9448132825723174
0.31750226058676295 0.9448132825723174
0.321542664627167 0.9448132825723174
0.32558306866757103 0.9448132825723174
0.3296234727079751 0.9448132825723174
0.3336638767483791 0.9448132825723174
0.3377042807887832 0.9448132825723174
0.3417446848291872 0.9448132825723174
0.34578508886959125 0.9448132825723174
0.3498254929099953 0.9448132825723174
0.35386589695039933 0.9448132825723174
0.35790630099080334 0.9448132825723174
0.3619467050312074 0.9448132825723174
0.36598710907161147 0.9448132825723174
0.2932598363443387 0.9488536866127214
0.2973002403847428 0.9488536866127214
0.3013406444251468 0.9488536866127214
0.3053810484655508 0.9488536866127214
0.3094214525059549 0.9488536866127214
0.31346185654635894 0.9488536866127214
0.31750226058676295 0.9488536866127214
0.321542664627167 0.9488536866127214
0.32558306866757103 0.9488536866127214
0.3296234727079751 0.9488536866127214
0.3336638767483791 0.9488536866127214
0.3377042807887832 0.9488536866127214
0.3417446848291872 0.9488536866127214
0.34578508886959125 0.9488536866127214
0.3498254929099953 0.9488536866127214
0.35386589695039933 0.9488536866127214
0.2932598363443387 0.9528940906531255
0.2973002403847428 0.9528940906531255
0.3013406444251468 0.9528940906531255
0.3053810484655508 0.9528940906531255
0.3094214525059549 0.9528940906531255
0.31346185654635894 0.9528940906531255
0.31750226058676295 0.9528940906531255
0.321542664627167 0.9528940906531255
0.32558306866757103 0.9528940906531255
0.3296234727079751 0.9528940906531255
0.3336638767483791 0.9528940906531255
0.3377042807887832 0.9528940906531255
0.3417446848291872 0.9528940906531255
0.2932598363443387 0.9569344946935294
0.2973002403847428 0.9569344946935294
0.3013406444251468 0.9569344946935294
0.3053810484655508 0.9569344946935294
0.3094214525059549 0.9569344946935294
0.31346185654635894 0.9569344946935294
0.31750226058676295 0.9569344946935294
0.321542664627167 0.9569344946935294
0.32558306866757103 0.9569344946935294
0.3296234727079751 0.9569344946935294
0.3336638767483791 0.9569344946935294
0.2932598363443387 0.9609748987339335
0.2973002403847428 0.9609748987339335
0.3013406444251468 0.9609748987339335
0.3053810484655508 0.9609748987339335
0.3094214525059549 0.9609748987339335
0.31346185654635894 0.9609748987339335
0.31750226058676295 0.9609748987339335
0.321542664627167 0.9609748987339335
0.2932598363443387 0.9650153027743376
0.2973002403847428 0.9650153027743376
0.3013406444251468 0.9650153027743376
0.3053810484655508 0.9650153027743376
0.3094214525059549 0.9650153027743376
0.2932598363443387 0.9690557068147416
0.2973002403847428 0.9690557068147416
