# x y
0.6838271118447659 0.7387526765117113
0.6555442835619376 0.7629951007541356
0.6595846876023416 0.7791567169157517
0.6151402431578972 0.7953183330773679
0.6191806471983012 0.7953183330773679
0.6110998391174931 0.799358737117772
0.5989786269962809 0.8155203532793881
0.594938222955877 0.8316819694410043
0.5585745865922406 0.8397627775218124
0.5464533744710285 0.8478435856026204
0.5343321623498163 0.8518839896430245
0.5302917583094123 0.8559243936834284
0.5141301421477962 0.8680456058046406
0.4131200411376951 0.9165304542894891
0.42524125325890727 0.920570858329893
0.39695842497607897 0.9246112623702971
0.3888776168952709 0.9367324744915093
0.3403927684104224 0.9488536866127214
0.33635236437001836 0.9528940906531255
0.299988728006382 0.9609748987339335
0.31615034416799814 0.9650153027743376
0.30402913204678605 0.9690557068147416
