# x y
0.699988728006382 0.7145102522692871
0.6959483239659779 0.7185506563096911
0.691907919925574 0.7225910603500951
0.6878675158851699 0.7266314643904992
0.6838271118447659 0.7306718684309033
0.6797867078043618 0.7347122724713073
0.6757463037639577 0.7387526765117113
0.6676654956831496 0.7427930805521153
0.6717058997235537 0.7427930805521153
0.6636250916427456 0.7468334845925194
0.6595846876023416 0.7508738886329235
0.6555442835619376 0.7549142926733274
0.6515038795215335 0.7589546967137315
0.6474634754811295 0.7629951007541356
0.6434230714407254 0.7670355047945396
0.6353422633599173 0.7710759088349436
0.6313018593195133 0.7751163128753477
0.6272614552791093 0.7791567169157517
0.6232210512387052 0.7831971209561558
0.6151402431578972 0.7872375249965597
0.6110998391174931 0.7912779290369638
0.607059435077089 0.7953183330773679
0.5989786269962809 0.799358737117772
0.603019031036685 0.799358737117772
0.594938222955877 0.803399141158176
0.5908978189154729 0.80743954519858
0.5828170108346649 0.811479949238984
0.5868574148750689 0.811479949238984
0.5787766067942608 0.8155203532793881
0.5706957987134527 0.819560757319792
0.5747362027538567 0.819560757319792
0.5666553946730486 0.8236011613601961
0.5626149906326446 0.8276415654006002
0.5545341825518365 0.8316819694410043
0.5504937785114326 0.8357223734814083
0.5424129704306244 0.8397627775218124
0.5343321623498163 0.8438031815622163
0.5383725663902204 0.8438031815622163
0.5302917583094123 0.8478435856026204
0.5222109502286042 0.8518839896430245
0.5262513542690083 0.8518839896430245
0.5181705461882001 0.8559243936834284
0.5100897381073921 0.8599647977238325
0.502008930026584 0.8640052017642366
0.506049334066988 0.8640052017642366
0.49392812194577596 0.8680456058046406
0.49796852598617997 0.8680456058046406
0.4898877179053719 0.8720860098450447
0.4818069098245638 0.8761264138854487
0.47372610174375573 0.8801668179258527
0.4777665057841598 0.8801668179258527
0.46564529366294766 0.8842072219662568
0.46968569770335167 0.8842072219662568
0.4575644855821396 0.8882476260066607
0.4616048896225436 0.8882476260066607
0.44948367750133145 0.8922880300470648
0.4535240815417355 0.8922880300470648
0.4414028694205234 0.8963284340874689
0.44544327346092744 0.8963284340874689
0.4333220613397153 0.9003688381278729
0.43736246538011936 0.9003688381278729
0.42524125325890727 0.904409242168277
0.4292816572993113 0.904409242168277
0.41716044517809914 0.9084496462086811
0.4212008492185032 0.9084496462086811
0.40907963709729106 0.912490050249085
0.39695842497607897 0.9165304542894891
0.400998829016483 0.9165304542894891
0.3888776168952709 0.920570858329893
0.3929180209356749 0.920570858329893
0.38079680881446276 0.9246112623702971
0.38483721285486683 0.9246112623702971
0.3686755966932507 0.9286516664107012
0.37271600073365474 0.9286516664107012
0.3605947886124426 0.9326920704511052
0.3646351926528466 0.9326920704511052
0.34847357649123045 0.9367324744915093
0.3525139805316345 0.9367324744915093
0.33635236437001836 0.9407728785319134
0.3403927684104224 0.9407728785319134
0.3242311522488062 0.9448132825723174
0.3282715562892103 0.9448132825723174
0.3323119603296143 0.9448132825723174
0.3121099401275941 0.9488536866127214
0.31615034416799814 0.9488536866127214
0.3201907482084022 0.9488536866127214
0.299988728006382 0.9528940906531255
0.30402913204678605 0.9528940906531255
0.30806953608719007 0.9528940906531255
