# x y
0.6676688074074678 0.7508738886329235
0.6676688074074678 0.7589546967137315
0.6353455750842355 0.7791567169157517
0.6313051710438315 0.7831971209561558
0.6191839589226193 0.7953183330773679
0.5949415346801952 0.811479949238984
0.5706991104377709 0.8276415654006002
0.5666587063973668 0.8316819694410043
0.5262546659933265 0.8559243936834284
0.4777698175084779 0.8842072219662568
0.4656486053872658 0.9003688381278729
0.44140618114484154 0.912490050249085
0.4050425447812052 0.920570858329893
0.4252445649832254 0.920570858329893
0.39696173670039714 0.9246112623702971
0.39696173670039714 0.9286516664107012
0.3767597164983769 0.9326920704511052
0.3565576962963567 0.9407728785319134
0.3242344639731244 0.9528940906531255
0.3121132518519123 0.9569344946935294
