# x y
0.6636032132682574 0.7589546967137315
0.6636032132682574 0.7629951007541356
0.6595628092278534 0.7791567169157517
0.6312799809450251 0.803399141158176
0.6110779607430048 0.819560757319792
0.5868355365005806 0.8236011613601961
0.5949163445813888 0.8316819694410043
0.49390624357128765 0.8801668179258527
0.5019870516520958 0.8801668179258527
0.4737042233692675 0.8963284340874689
0.4454213950864392 0.904409242168277
0.4373405870056311 0.9084496462086811
0.41713856680361094 0.9246112623702971
0.3686537183187624 0.9407728785319134
0.3646133142783584 0.9609748987339335
