# x y
0.6999580523522237 0.7145102522692871
0.6918772442714156 0.7185506563096911
0.6959176483118197 0.7185506563096911
0.6878368402310115 0.7225910603500951
0.6918772442714156 0.7225910603500951
0.6837964361906075 0.7266314643904992
0.6878368402310115 0.7266314643904992
0.6797560321502034 0.7306718684309033
0.6837964361906075 0.7306718684309033
0.6757156281097993 0.7347122724713073
0.6797560321502034 0.7347122724713073
0.6716752240693954 0.7387526765117113
0.6757156281097993 0.7387526765117113
0.6676348200289913 0.7427930805521153
0.6716752240693954 0.7427930805521153
0.6635944159885874 0.7468334845925194
0.6676348200289913 0.7468334845925194
0.6595540119481833 0.7508738886329235
0.6635944159885874 0.7508738886329235
0.6555136079077792 0.7549142926733274
0.6595540119481833 0.7549142926733274
0.6474327998269711 0.7589546967137315
0.6514732038673752 0.7589546967137315
0.643392395786567 0.7629951007541356
0.6474327998269711 0.7629951007541356
0.6393519917461631 0.7670355047945396
0.643392395786567 0.7670355047945396
0.635311587705759 0.7710759088349436
0.6393519917461631 0.7710759088349436
0.6312711836653551 0.7751163128753477
0.635311587705759 0.7751163128753477
0.6231903755845469 0.7791567169157517
0.627230779624951 0.7791567169157517
0.6191499715441429 0.7831971209561558
0.6231903755845469 0.7831971209561558
0.6151095675037388 0.7872375249965597
0.6191499715441429 0.7872375249965597
0.6110691634633347 0.7912779290369638
0.6151095675037388 0.7912779290369638
0.6029883553825267 0.7953183330773679
0.6070287594229307 0.7953183330773679
0.5989479513421226 0.799358737117772
0.6029883553825267 0.799358737117772
0.5949075473017187 0.803399141158176
0.5989479513421226 0.803399141158176
0.5868267392209106 0.80743954519858
0.5908671432613146 0.80743954519858
0.5827863351805065 0.811479949238984
0.5868267392209106 0.811479949238984
0.5747055270996984 0.8155203532793881
0.5787459311401024 0.8155203532793881
0.5827863351805065 0.8155203532793881
0.5706651230592944 0.819560757319792
0.5747055270996984 0.819560757319792
0.5625843149784864 0.8236011613601961
0.5666247190188903 0.8236011613601961
0.5706651230592944 0.8236011613601961
0.5585439109380823 0.8276415654006002
0.5625843149784864 0.8276415654006002
0.5504631028572742 0.8316819694410043
0.5545035068976782 0.8316819694410043
0.5585439109380823 0.8316819694410043
0.5464226988168701 0.8357223734814083
0.5504631028572742 0.8357223734814083
0.5383418907360621 0.8397627775218124
0.542382294776466 0.8397627775218124
0.5464226988168701 0.8397627775218124
0.534301486695658 0.8438031815622163
0.5383418907360621 0.8438031815622163
0.52622067861485 0.8478435856026204
0.530261082655254 0.8478435856026204
0.534301486695658 0.8478435856026204
0.5221802745744459 0.8518839896430245
0.52622067861485 0.8518839896430245
0.5140994664936378 0.8559243936834284
0.5181398705340419 0.8559243936834284
0.5060186584128297 0.8599647977238325
0.5100590624532337 0.8599647977238325
0.5140994664936378 0.8599647977238325
0.5019782543724257 0.8640052017642366
0.5060186584128297 0.8640052017642366
0.4938974462916176 0.8680456058046406
0.49793785033202165 0.8680456058046406
0.48581663821080956 0.8720860098450447
0.48985704225121357 0.8720860098450447
0.4938974462916176 0.8720860098450447
0.4777358301300014 0.8761264138854487
0.4817762341704055 0.8761264138854487
0.48581663821080956 0.8761264138854487
0.4696550220491934 0.8801668179258527
0.4736954260895974 0.8801668179258527
0.4777358301300014 0.8801668179258527
0.46157421396838527 0.8842072219662568
0.46561461800878934 0.8842072219662568
0.4696550220491934 0.8842072219662568
0.4575338099279812 0.8882476260066607
0.46157421396838527 0.8882476260066607
0.4494530018471732 0.8922880300470648
0.4534934058875772 0.8922880300470648
0.44137219376636505 0.8963284340874689
0.4454125978067691 0.8963284340874689
0.42925098164515296 0.9003688381278729
0.43329138568555703 0.9003688381278729
0.43733178972596104 0.9003688381278729
0.4211701735643449 0.904409242168277
0.4252105776047489 0.904409242168277
0.42925098164515296 0.904409242168277
0.4130893654835368 0.9084496462086811
0.4171297695239409 0.9084496462086811
0.4211701735643449 0.9084496462086811
0.40500855740272873 0.912490050249085
0.40904896144313274 0.912490050249085
0.4130893654835368 0.912490050249085
0.39692774932192065 0.9165304542894891
0.40096815336232466 0.9165304542894891
0.40500855740272873 0.9165304542894891
0.3848065372007085 0.920570858329893
0.3888469412411126 0.920570858329893
0.3928873452815166 0.920570858329893
0.39692774932192065 0.920570858329893
0.37672572911990043 0.9246112623702971
0.3807661331603045 0.9246112623702971
0.3848065372007085 0.9246112623702971
0.36460451699868834 0.9286516664107012
0.36864492103909235 0.9286516664107012
0.37268532507949637 0.9286516664107012
0.37672572911990043 0.9286516664107012
0.3565237089178802 0.9326920704511052
0.3605641129582843 0.9326920704511052
0.36460451699868834 0.9326920704511052
0.3444024967966681 0.9367324744915093
0.3484429008370722 0.9367324744915093
0.3524833048774762 0.9367324744915093
0.3565237089178802 0.9367324744915093
0.332281284675456 0.9407728785319134
0.33632168871586005 0.9407728785319134
0.34036209275626406 0.9407728785319134
0.3444024967966681 0.9407728785319134
0.32016007255424384 0.9448132825723174
0.3242004765946479 0.9448132825723174
0.32824088063505197 0.9448132825723174
0.332281284675456 0.9448132825723174
0.30803886043303175 0.9488536866127214
0.3120792644734358 0.9488536866127214
0.3161196685138398 0.9488536866127214
0.32016007255424384 0.9488536866127214
0.29995805235222367 0.9528940906531255
0.3039984563926277 0.9528940906531255
0.30803886043303175 0.9528940906531255
