# x y
0.6514980834309861 0.7670355047945396
0.639376871309774 0.7791567169157517
0.6595788915117942 0.7791567169157517
0.5989728309057336 0.8155203532793881
0.5949324268653295 0.8316819694410043
0.5585687905016932 0.8397627775218124
0.5585687905016932 0.8438031815622163
0.5464475783804811 0.8478435856026204
0.5302859622188649 0.8559243936834284
0.5545283864612891 0.8599647977238325
0.5302859622188649 0.8761264138854487
0.49392232585522855 0.8801668179258527
0.4656394975724003 0.8922880300470648
0.41715464908755184 0.9165304542894891
0.3969526288855316 0.9286516664107012
0.3161445480774508 0.9650153027743376
0.30402333595623865 0.9690557068147416
