# x y
0.6986842449896631 0.698348636107671
0.694643840949259 0.702389040148075
0.6986842449896631 0.702389040148075
0.6906034369088551 0.706429444188479
0.694643840949259 0.706429444188479
0.6986842449896631 0.706429444188479
0.6825226288280469 0.710469848228883
0.686563032868451 0.710469848228883
0.6906034369088551 0.710469848228883
0.694643840949259 0.710469848228883
0.6986842449896631 0.710469848228883
0.6825226288280469 0.7145102522692871
0.686563032868451 0.7145102522692871
0.6906034369088551 0.7145102522692871
0.694643840949259 0.7145102522692871
0.6986842449896631 0.7145102522692871
0.6744418207472389 0.7185506563096911
0.678482224787643 0.7185506563096911
0.6825226288280469 0.7185506563096911
0.686563032868451 0.7185506563096911
0.6906034369088551 0.7185506563096911
0.694643840949259 0.7185506563096911
0.6986842449896631 0.7185506563096911
0.6704014167068348 0.7225910603500951
0.6744418207472389 0.7225910603500951
0.678482224787643 0.7225910603500951
0.6825226288280469 0.7225910603500951
0.686563032868451 0.7225910603500951
0.6906034369088551 0.7225910603500951
0.694643840949259 0.7225910603500951
0.6986842449896631 0.7225910603500951
0.6704014167068348 0.7266314643904992
0.6744418207472389 0.7266314643904992
0.678482224787643 0.7266314643904992
0.6825226288280469 0.7266314643904992
0.686563032868451 0.7266314643904992
0.6906034369088551 0.7266314643904992
0.694643840949259 0.7266314643904992
0.6986842449896631 0.7266314643904992
0.6623206086260267 0.7306718684309033
0.6663610126664308 0.7306718684309033
0.6704014167068348 0.7306718684309033
0.6744418207472389 0.7306718684309033
0.678482224787643 0.7306718684309033
0.6825226288280469 0.7306718684309033
0.686563032868451 0.7306718684309033
0.6906034369088551 0.7306718684309033
0.694643840949259 0.7306718684309033
0.6986842449896631 0.7306718684309033
0.6582802045856226 0.7347122724713073
0.6623206086260267 0.7347122724713073
0.6663610126664308 0.7347122724713073
0.6704014167068348 0.7347122724713073
0.6744418207472389 0.7347122724713073
0.678482224787643 0.7347122724713073
0.6825226288280469 0.7347122724713073
0.686563032868451 0.7347122724713073
0.6906034369088551 0.7347122724713073
0.694643840949259 0.7347122724713073
0.6542398005452187 0.7387526765117113
0.6582802045856226 0.7387526765117113
0.6623206086260267 0.7387526765117113
0.6663610126664308 0.7387526765117113
0.6704014167068348 0.7387526765117113
0.6744418207472389 0.7387526765117113
0.678482224787643 0.7387526765117113
0.6825226288280469 0.7387526765117113
0.686563032868451 0.7387526765117113
0.6906034369088551 0.7387526765117113
0.6501993965048146 0.7427930805521153
0.6542398005452187 0.7427930805521153
0.6582802045856226 0.7427930805521153
0.6623206086260267 0.7427930805521153
0.6663610126664308 0.7427930805521153
0.6704014167068348 0.7427930805521153
0.6744418207472389 0.7427930805521153
0.678482224787643 0.7427930805521153
0.6825226288280469 0.7427930805521153
0.686563032868451 0.7427930805521153
0.6461589924644107 0.7468334845925194
0.6501993965048146 0.7468334845925194
0.6542398005452187 0.7468334845925194
0.6582802045856226 0.7468334845925194
0.6623206086260267 0.7468334845925194
0.6663610126664308 0.7468334845925194
0.6704014167068348 0.7468334845925194
0.6744418207472389 0.7468334845925194
0.678482224787643 0.7468334845925194
0.6825226288280469 0.7468334845925194
0.6421185884240066 0.7508738886329235
0.6461589924644107 0.7508738886329235
0.6501993965048146 0.7508738886329235
0.6542398005452187 0.7508738886329235
0.6582802045856226 0.7508738886329235
0.6623206086260267 0.7508738886329235
0.6663610126664308 0.7508738886329235
0.6704014167068348 0.7508738886329235
0.6744418207472389 0.7508738886329235
0.678482224787643 0.7508738886329235
0.6340377803431985 0.7549142926733274
0.6380781843836025 0.7549142926733274
0.6421185884240066 0.7549142926733274
0.6461589924644107 0.7549142926733274
0.6501993965048146 0.7549142926733274
0.6542398005452187 0.7549142926733274
0.6582802045856226 0.7549142926733274
0.6623206086260267 0.7549142926733274
0.6663610126664308 0.7549142926733274
0.6704014167068348 0.7549142926733274
0.6744418207472389 0.7549142926733274
0.6299973763027944 0.7589546967137315
0.6340377803431985 0.7589546967137315
0.6380781843836025 0.7589546967137315
0.6421185884240066 0.7589546967137315
0.6461589924644107 0.7589546967137315
0.6501993965048146 0.7589546967137315
0.6542398005452187 0.7589546967137315
0.6582802045856226 0.7589546967137315
0.6623206086260267 0.7589546967137315
0.6663610126664308 0.7589546967137315
0.6704014167068348 0.7589546967137315
0.6259569722623903 0.7629951007541356
0.6299973763027944 0.7629951007541356
0.6340377803431985 0.7629951007541356
0.6380781843836025 0.7629951007541356
0.6421185884240066 0.7629951007541356
0.6461589924644107 0.7629951007541356
0.6501993965048146 0.7629951007541356
0.6542398005452187 0.7629951007541356
0.6582802045856226 0.7629951007541356
0.6623206086260267 0.7629951007541356
0.6178761641815823 0.7670355047945396
0.6219165682219863 0.7670355047945396
0.6259569722623903 0.7670355047945396
0.6299973763027944 0.7670355047945396
0.6340377803431985 0.7670355047945396
0.6380781843836025 0.7670355047945396
0.6421185884240066 0.7670355047945396
0.6461589924644107 0.7670355047945396
0.6501993965048146 0.7670355047945396
0.6542398005452187 0.7670355047945396
0.6582802045856226 0.7670355047945396
0.6623206086260267 0.7670355047945396
0.6178761641815823 0.7710759088349436
0.6219165682219863 0.7710759088349436
0.6259569722623903 0.7710759088349436
0.6299973763027944 0.7710759088349436
0.6340377803431985 0.7710759088349436
0.6380781843836025 0.7710759088349436
0.6421185884240066 0.7710759088349436
0.6461589924644107 0.7710759088349436
0.6501993965048146 0.7710759088349436
0.6542398005452187 0.7710759088349436
0.6097953561007743 0.7751163128753477
0.6138357601411782 0.7751163128753477
0.6178761641815823 0.7751163128753477
0.6219165682219863 0.7751163128753477
0.6259569722623903 0.7751163128753477
0.6299973763027944 0.7751163128753477
0.6340377803431985 0.7751163128753477
0.6380781843836025 0.7751163128753477
0.6421185884240066 0.7751163128753477
0.6461589924644107 0.7751163128753477
0.6501993965048146 0.7751163128753477
0.6057549520603702 0.7791567169157517
0.6097953561007743 0.7791567169157517
0.6138357601411782 0.7791567169157517
0.6178761641815823 0.7791567169157517
0.6219165682219863 0.7791567169157517
0.6259569722623903 0.7791567169157517
0.6299973763027944 0.7791567169157517
0.6340377803431985 0.7791567169157517
0.6380781843836025 0.7791567169157517
0.6421185884240066 0.7791567169157517
0.6461589924644107 0.7791567169157517
0.5976741439795621 0.7831971209561558
0.6017145480199662 0.7831971209561558
0.6057549520603702 0.7831971209561558
0.6097953561007743 0.7831971209561558
0.6138357601411782 0.7831971209561558
0.6178761641815823 0.7831971209561558
0.6219165682219863 0.7831971209561558
0.6259569722623903 0.7831971209561558
0.6299973763027944 0.7831971209561558
0.6340377803431985 0.7831971209561558
0.6380781843836025 0.7831971209561558
0.6421185884240066 0.7831971209561558
0.593633739939158 0.7872375249965597
0.5976741439795621 0.7872375249965597
0.6017145480199662 0.7872375249965597
0.6057549520603702 0.7872375249965597
0.6097953561007743 0.7872375249965597
0.6138357601411782 0.7872375249965597
0.6178761641815823 0.7872375249965597
0.6219165682219863 0.7872375249965597
0.6259569722623903 0.7872375249965597
0.6299973763027944 0.7872375249965597
0.6340377803431985 0.7872375249965597
0.589593335898754 0.7912779290369638
0.593633739939158 0.7912779290369638
0.5976741439795621 0.7912779290369638
0.6017145480199662 0.7912779290369638
0.6057549520603702 0.7912779290369638
0.6097953561007743 0.7912779290369638
0.6138357601411782 0.7912779290369638
0.6178761641815823 0.7912779290369638
0.6219165682219863 0.7912779290369638
0.6259569722623903 0.7912779290369638
0.6299973763027944 0.7912779290369638
0.58555293185835 0.7953183330773679
0.589593335898754 0.7953183330773679
0.593633739939158 0.7953183330773679
0.5976741439795621 0.7953183330773679
0.6017145480199662 0.7953183330773679
0.6057549520603702 0.7953183330773679
0.6097953561007743 0.7953183330773679
0.6138357601411782 0.7953183330773679
0.6178761641815823 0.7953183330773679
0.6219165682219863 0.7953183330773679
0.6259569722623903 0.7953183330773679
0.577472123777542 0.799358737117772
0.5815125278179459 0.799358737117772
0.58555293185835 0.799358737117772
0.589593335898754 0.799358737117772
0.593633739939158 0.799358737117772
0.5976741439795621 0.799358737117772
0.6017145480199662 0.799358737117772
0.6057549520603702 0.799358737117772
0.6097953561007743 0.799358737117772
0.6138357601411782 0.799358737117772
0.6178761641815823 0.799358737117772
0.6219165682219863 0.799358737117772
0.5734317197371379 0.803399141158176
0.577472123777542 0.803399141158176
0.5815125278179459 0.803399141158176
0.58555293185835 0.803399141158176
0.589593335898754 0.803399141158176
0.593633739939158 0.803399141158176
0.5976741439795621 0.803399141158176
0.6017145480199662 0.803399141158176
0.6057549520603702 0.803399141158176
0.6097953561007743 0.803399141158176
0.6138357601411782 0.803399141158176
0.6178761641815823 0.803399141158176
0.5693913156967338 0.80743954519858
0.5734317197371379 0.80743954519858
0.577472123777542 0.80743954519858
0.5815125278179459 0.80743954519858
0.58555293185835 0.80743954519858
0.589593335898754 0.80743954519858
0.593633739939158 0.80743954519858
0.5976741439795621 0.80743954519858
0.6017145480199662 0.80743954519858
0.6057549520603702 0.80743954519858
0.6097953561007743 0.80743954519858
0.5613105076159257 0.811479949238984
0.5653509116563298 0.811479949238984
0.5693913156967338 0.811479949238984
0.5734317197371379 0.811479949238984
0.577472123777542 0.811479949238984
0.5815125278179459 0.811479949238984
0.58555293185835 0.811479949238984
0.589593335898754 0.811479949238984
0.593633739939158 0.811479949238984
0.5976741439795621 0.811479949238984
0.6017145480199662 0.811479949238984
0.5532296995351176 0.8155203532793881
0.5572701035755216 0.8155203532793881
0.5613105076159257 0.8155203532793881
0.5653509116563298 0.8155203532793881
0.5693913156967338 0.8155203532793881
0.5734317197371379 0.8155203532793881
0.577472123777542 0.8155203532793881
0.5815125278179459 0.8155203532793881
0.58555293185835 0.8155203532793881
0.589593335898754 0.8155203532793881
0.593633739939158 0.8155203532793881
0.5976741439795621 0.8155203532793881
0.5491892954947136 0.819560757319792
0.5532296995351176 0.819560757319792
0.5572701035755216 0.819560757319792
0.5613105076159257 0.819560757319792
0.5653509116563298 0.819560757319792
0.5693913156967338 0.819560757319792
0.5734317197371379 0.819560757319792
0.577472123777542 0.819560757319792
0.5815125278179459 0.819560757319792
0.58555293185835 0.819560757319792
0.589593335898754 0.819560757319792
0.5411084874139056 0.8236011613601961
0.5451488914543096 0.8236011613601961
0.5491892954947136 0.8236011613601961
0.5532296995351176 0.8236011613601961
0.5572701035755216 0.8236011613601961
0.5613105076159257 0.8236011613601961
0.5653509116563298 0.8236011613601961
0.5693913156967338 0.8236011613601961
0.5734317197371379 0.8236011613601961
0.577472123777542 0.8236011613601961
0.5815125278179459 0.8236011613601961
0.58555293185835 0.8236011613601961
0.5330276793330975 0.8276415654006002
0.5370680833735015 0.8276415654006002
0.5411084874139056 0.8276415654006002
0.5451488914543096 0.8276415654006002
0.5491892954947136 0.8276415654006002
0.5532296995351176 0.8276415654006002
0.5572701035755216 0.8276415654006002
0.5613105076159257 0.8276415654006002
0.5653509116563298 0.8276415654006002
0.5693913156967338 0.8276415654006002
0.5734317197371379 0.8276415654006002
0.577472123777542 0.8276415654006002
0.5815125278179459 0.8276415654006002
0.5330276793330975 0.8316819694410043
0.5370680833735015 0.8316819694410043
0.5411084874139056 0.8316819694410043
0.5451488914543096 0.8316819694410043
0.5491892954947136 0.8316819694410043
0.5532296995351176 0.8316819694410043
0.5572701035755216 0.8316819694410043
0.5613105076159257 0.8316819694410043
0.5653509116563298 0.8316819694410043
0.5693913156967338 0.8316819694410043
0.5734317197371379 0.8316819694410043
0.577472123777542 0.8316819694410043
0.5249468712522893 0.8357223734814083
0.5289872752926934 0.8357223734814083
0.5330276793330975 0.8357223734814083
0.5370680833735015 0.8357223734814083
0.5411084874139056 0.8357223734814083
0.5451488914543096 0.8357223734814083
0.5491892954947136 0.8357223734814083
0.5532296995351176 0.8357223734814083
0.5572701035755216 0.8357223734814083
0.5613105076159257 0.8357223734814083
0.5653509116563298 0.8357223734814083
0.5693913156967338 0.8357223734814083
0.5168660631714813 0.8397627775218124
0.5209064672118853 0.8397627775218124
0.5249468712522893 0.8397627775218124
0.5289872752926934 0.8397627775218124
0.5330276793330975 0.8397627775218124
0.5370680833735015 0.8397627775218124
0.5411084874139056 0.8397627775218124
0.5451488914543096 0.8397627775218124
0.5491892954947136 0.8397627775218124
0.5532296995351176 0.8397627775218124
0.5572701035755216 0.8397627775218124
0.5613105076159257 0.8397627775218124
0.5653509116563298 0.8397627775218124
0.5087852550906732 0.8438031815622163
0.5128256591310772 0.8438031815622163
0.5168660631714813 0.8438031815622163
0.5209064672118853 0.8438031815622163
0.5249468712522893 0.8438031815622163
0.5289872752926934 0.8438031815622163
0.5330276793330975 0.8438031815622163
0.5370680833735015 0.8438031815622163
0.5411084874139056 0.8438031815622163
0.5451488914543096 0.8438031815622163
0.5491892954947136 0.8438031815622163
0.5532296995351176 0.8438031815622163
0.5572701035755216 0.8438031815622163
0.5007044470098652 0.8478435856026204
0.5047448510502692 0.8478435856026204
0.5087852550906732 0.8478435856026204
0.5128256591310772 0.8478435856026204
0.5168660631714813 0.8478435856026204
0.5209064672118853 0.8478435856026204
0.5249468712522893 0.8478435856026204
0.5289872752926934 0.8478435856026204
0.5330276793330975 0.8478435856026204
0.5370680833735015 0.8478435856026204
0.5411084874139056 0.8478435856026204
0.5451488914543096 0.8478435856026204
0.5491892954947136 0.8478435856026204
0.4966640429694611 0.8518839896430245
0.5007044470098652 0.8518839896430245
0.5047448510502692 0.8518839896430245
0.5087852550906732 0.8518839896430245
0.5128256591310772 0.8518839896430245
0.5168660631714813 0.8518839896430245
0.5209064672118853 0.8518839896430245
0.5249468712522893 0.8518839896430245
0.5289872752926934 0.8518839896430245
0.5330276793330975 0.8518839896430245
0.5370680833735015 0.8518839896430245
0.5411084874139056 0.8518839896430245
0.5451488914543096 0.8518839896430245
0.49262363892905703 0.8559243936834284
0.4966640429694611 0.8559243936834284
0.5007044470098652 0.8559243936834284
0.5047448510502692 0.8559243936834284
0.5087852550906732 0.8559243936834284
0.5128256591310772 0.8559243936834284
0.5168660631714813 0.8559243936834284
0.5209064672118853 0.8559243936834284
0.5249468712522893 0.8559243936834284
0.5289872752926934 0.8559243936834284
0.5330276793330975 0.8559243936834284
0.5370680833735015 0.8559243936834284
0.484542830848249 0.8599647977238325
0.488583234888653 0.8599647977238325
0.49262363892905703 0.8599647977238325
0.4966640429694611 0.8599647977238325
0.5007044470098652 0.8599647977238325
0.5047448510502692 0.8599647977238325
0.5087852550906732 0.8599647977238325
0.5128256591310772 0.8599647977238325
0.5168660631714813 0.8599647977238325
0.5209064672118853 0.8599647977238325
0.5249468712522893 0.8599647977238325
0.5289872752926934 0.8599647977238325
0.5330276793330975 0.8599647977238325
0.4764620227674409 0.8640052017642366
0.48050242680784494 0.8640052017642366
0.484542830848249 0.8640052017642366
0.488583234888653 0.8640052017642366
0.49262363892905703 0.8640052017642366
0.4966640429694611 0.8640052017642366
0.5007044470098652 0.8640052017642366
0.5047448510502692 0.8640052017642366
0.5087852550906732 0.8640052017642366
0.5128256591310772 0.8640052017642366
0.5168660631714813 0.8640052017642366
0.5209064672118853 0.8640052017642366
0.5249468712522893 0.8640052017642366
0.46838121468663285 0.8680456058046406
0.47242161872703686 0.8680456058046406
0.4764620227674409 0.8680456058046406
0.48050242680784494 0.8680456058046406
0.484542830848249 0.8680456058046406
0.488583234888653 0.8680456058046406
0.49262363892905703 0.8680456058046406
0.4966640429694611 0.8680456058046406
0.5007044470098652 0.8680456058046406
0.5047448510502692 0.8680456058046406
0.5087852550906732 0.8680456058046406
0.5128256591310772 0.8680456058046406
0.5168660631714813 0.8680456058046406
0.5209064672118853 0.8680456058046406
0.4603004066058247 0.8720860098450447
0.4643408106462288 0.8720860098450447
0.46838121468663285 0.8720860098450447
0.47242161872703686 0.8720860098450447
0.4764620227674409 0.8720860098450447
0.48050242680784494 0.8720860098450447
0.484542830848249 0.8720860098450447
0.488583234888653 0.8720860098450447
0.49262363892905703 0.8720860098450447
0.4966640429694611 0.8720860098450447
0.5007044470098652 0.8720860098450447
0.5047448510502692 0.8720860098450447
0.5087852550906732 0.8720860098450447
0.5128256591310772 0.8720860098450447
0.45221959852501664 0.8761264138854487
0.45626000256542065 0.8761264138854487
0.4603004066058247 0.8761264138854487
0.4643408106462288 0.8761264138854487
0.46838121468663285 0.8761264138854487
0.47242161872703686 0.8761264138854487
0.4764620227674409 0.8761264138854487
0.48050242680784494 0.8761264138854487
0.484542830848249 0.8761264138854487
0.488583234888653 0.8761264138854487
0.49262363892905703 0.8761264138854487
0.4966640429694611 0.8761264138854487
0.5007044470098652 0.8761264138854487
0.5047448510502692 0.8761264138854487
0.44413879044420856 0.8801668179258527
0.44817919448461263 0.8801668179258527
0.45221959852501664 0.8801668179258527
0.45626000256542065 0.8801668179258527
0.4603004066058247 0.8801668179258527
0.4643408106462288 0.8801668179258527
0.46838121468663285 0.8801668179258527
0.47242161872703686 0.8801668179258527
0.4764620227674409 0.8801668179258527
0.48050242680784494 0.8801668179258527
0.484542830848249 0.8801668179258527
0.488583234888653 0.8801668179258527
0.49262363892905703 0.8801668179258527
0.4966640429694611 0.8801668179258527
0.4360579823634005 0.8842072219662568
0.4400983864038045 0.8842072219662568
0.44413879044420856 0.8842072219662568
0.44817919448461263 0.8842072219662568
0.45221959852501664 0.8842072219662568
0.45626000256542065 0.8842072219662568
0.4603004066058247 0.8842072219662568
0.4643408106462288 0.8842072219662568
0.46838121468663285 0.8842072219662568
0.47242161872703686 0.8842072219662568
0.4764620227674409 0.8842072219662568
0.48050242680784494 0.8842072219662568
0.484542830848249 0.8842072219662568
0.488583234888653 0.8842072219662568
0.4279771742825924 0.8882476260066607
0.4320175783229965 0.8882476260066607
0.4360579823634005 0.8882476260066607
0.4400983864038045 0.8882476260066607
0.44413879044420856 0.8882476260066607
0.44817919448461263 0.8882476260066607
0.45221959852501664 0.8882476260066607
0.45626000256542065 0.8882476260066607
0.4603004066058247 0.8882476260066607
0.4643408106462288 0.8882476260066607
0.46838121468663285 0.8882476260066607
0.47242161872703686 0.8882476260066607
0.4764620227674409 0.8882476260066607
0.48050242680784494 0.8882476260066607
0.484542830848249 0.8882476260066607
0.41989636620178433 0.8922880300470648
0.42393677024218834 0.8922880300470648
0.4279771742825924 0.8922880300470648
0.4320175783229965 0.8922880300470648
0.4360579823634005 0.8922880300470648
0.4400983864038045 0.8922880300470648
0.44413879044420856 0.8922880300470648
0.44817919448461263 0.8922880300470648
0.45221959852501664 0.8922880300470648
0.45626000256542065 0.8922880300470648
0.4603004066058247 0.8922880300470648
0.4643408106462288 0.8922880300470648
0.46838121468663285 0.8922880300470648
0.47242161872703686 0.8922880300470648
0.4764620227674409 0.8922880300470648
0.4077751540805722 0.8963284340874689
0.41181555812097626 0.8963284340874689
0.4158559621613803 0.8963284340874689
0.41989636620178433 0.8963284340874689
0.42393677024218834 0.8963284340874689
0.4279771742825924 0.8963284340874689
0.4320175783229965 0.8963284340874689
0.4360579823634005 0.8963284340874689
0.4400983864038045 0.8963284340874689
0.44413879044420856 0.8963284340874689
0.44817919448461263 0.8963284340874689
0.45221959852501664 0.8963284340874689
0.45626000256542065 0.8963284340874689
0.4603004066058247 0.8963284340874689
0.4643408106462288 0.8963284340874689
0.46838121468663285 0.8963284340874689
0.4037347500401682 0.9003688381278729
0.4077751540805722 0.9003688381278729
0.41181555812097626 0.9003688381278729
0.4158559621613803 0.9003688381278729
0.41989636620178433 0.9003688381278729
0.42393677024218834 0.9003688381278729
0.4279771742825924 0.9003688381278729
0.4320175783229965 0.9003688381278729
0.4360579823634005 0.9003688381278729
0.4400983864038045 0.9003688381278729
0.44413879044420856 0.9003688381278729
0.44817919448461263 0.9003688381278729
0.45221959852501664 0.9003688381278729
0.45626000256542065 0.9003688381278729
0.4603004066058247 0.9003688381278729
0.39161353791895603 0.904409242168277
0.3956539419593601 0.904409242168277
0.3996943459997641 0.904409242168277
0.4037347500401682 0.904409242168277
0.4077751540805722 0.904409242168277
0.41181555812097626 0.904409242168277
0.4158559621613803 0.904409242168277
0.41989636620178433 0.904409242168277
0.42393677024218834 0.904409242168277
0.4279771742825924 0.904409242168277
0.4320175783229965 0.904409242168277
0.4360579823634005 0.904409242168277
0.4400983864038045 0.904409242168277
0.44413879044420856 0.904409242168277
0.44817919448461263 0.904409242168277
0.45221959852501664 0.904409242168277
0.38353272983814796 0.9084496462086811
0.387573133878552 0.9084496462086811
0.39161353791895603 0.9084496462086811
0.3956539419593601 0.9084496462086811
0.3996943459997641 0.9084496462086811
0.4037347500401682 0.9084496462086811
0.4077751540805722 0.9084496462086811
0.41181555812097626 0.9084496462086811
0.4158559621613803 0.9084496462086811
0.41989636620178433 0.9084496462086811
0.42393677024218834 0.9084496462086811
0.4279771742825924 0.9084496462086811
0.4320175783229965 0.9084496462086811
0.4360579823634005 0.9084496462086811
0.4400983864038045 0.9084496462086811
0.44413879044420856 0.9084496462086811
0.3714115177169358 0.912490050249085
0.3754519217573399 0.912490050249085
0.37949232579774395 0.912490050249085
0.38353272983814796 0.912490050249085
0.387573133878552 0.912490050249085
0.39161353791895603 0.912490050249085
0.3956539419593601 0.912490050249085
0.3996943459997641 0.912490050249085
0.4037347500401682 0.912490050249085
0.4077751540805722 0.912490050249085
0.41181555812097626 0.912490050249085
0.4158559621613803 0.912490050249085
0.41989636620178433 0.912490050249085
0.42393677024218834 0.912490050249085
0.4279771742825924 0.912490050249085
0.4320175783229965 0.912490050249085
0.4360579823634005 0.912490050249085
0.3633307096361278 0.9165304542894891
0.3673711136765318 0.9165304542894891
0.3714115177169358 0.9165304542894891
0.3754519217573399 0.9165304542894891
0.37949232579774395 0.9165304542894891
0.38353272983814796 0.9165304542894891
0.387573133878552 0.9165304542894891
0.39161353791895603 0.9165304542894891
0.3956539419593601 0.9165304542894891
0.3996943459997641 0.9165304542894891
0.4037347500401682 0.9165304542894891
0.4077751540805722 0.9165304542894891
0.41181555812097626 0.9165304542894891
0.4158559621613803 0.9165304542894891
0.41989636620178433 0.9165304542894891
0.42393677024218834 0.9165304542894891
0.4279771742825924 0.9165304542894891
0.35524990155531966 0.920570858329893
0.3592903055957237 0.920570858329893
0.3633307096361278 0.920570858329893
0.3673711136765318 0.920570858329893
0.3714115177169358 0.920570858329893
0.3754519217573399 0.920570858329893
0.37949232579774395 0.920570858329893
0.38353272983814796 0.920570858329893
0.387573133878552 0.920570858329893
0.39161353791895603 0.920570858329893
0.3956539419593601 0.920570858329893
0.3996943459997641 0.920570858329893
0.4037347500401682 0.920570858329893
0.4077751540805722 0.920570858329893
0.41181555812097626 0.920570858329893
0.4158559621613803 0.920570858329893
0.41989636620178433 0.920570858329893
0.3390882853937035 0.9246112623702971
0.34716909347451164 0.9246112623702971
0.35120949751491565 0.9246112623702971
0.35524990155531966 0.9246112623702971
0.3592903055957237 0.9246112623702971
0.3633307096361278 0.9246112623702971
0.3673711136765318 0.9246112623702971
0.3714115177169358 0.9246112623702971
0.3754519217573399 0.9246112623702971
0.37949232579774395 0.9246112623702971
0.38353272983814796 0.9246112623702971
0.387573133878552 0.9246112623702971
0.39161353791895603 0.9246112623702971
0.3956539419593601 0.9246112623702971
0.3996943459997641 0.9246112623702971
0.4037347500401682 0.9246112623702971
0.4077751540805722 0.9246112623702971
0.41181555812097626 0.9246112623702971
0.3310074773128954 0.9286516664107012
0.3350478813532995 0.9286516664107012
0.3390882853937035 0.9286516664107012
0.34312868943410757 0.9286516664107012
0.34716909347451164 0.9286516664107012
0.35120949751491565 0.9286516664107012
0.35524990155531966 0.9286516664107012
0.3592903055957237 0.9286516664107012
0.3633307096361278 0.9286516664107012
0.3673711136765318 0.9286516664107012
0.3714115177169358 0.9286516664107012
0.3754519217573399 0.9286516664107012
0.37949232579774395 0.9286516664107012
0.38353272983814796 0.9286516664107012
0.387573133878552 0.9286516664107012
0.39161353791895603 0.9286516664107012
0.3956539419593601 0.9286516664107012
0.3996943459997641 0.9286516664107012
0.32292666923208735 0.9326920704511052
0.3269670732724914 0.9326920704511052
0.3310074773128954 0.9326920704511052
0.3350478813532995 0.9326920704511052
0.3390882853937035 0.9326920704511052
0.34312868943410757 0.9326920704511052
0.34716909347451164 0.9326920704511052
0.35120949751491565 0.9326920704511052
0.35524990155531966 0.9326920704511052
0.3592903055957237 0.9326920704511052
0.3633307096361278 0.9326920704511052
0.3673711136765318 0.9326920704511052
0.3714115177169358 0.9326920704511052
0.3754519217573399 0.9326920704511052
0.37949232579774395 0.9326920704511052
0.38353272983814796 0.9326920704511052
0.387573133878552 0.9326920704511052
0.39161353791895603 0.9326920704511052
0.3067650530704712 0.9367324744915093
0.31080545711087526 0.9367324744915093
0.31484586115127927 0.9367324744915093
0.3188862651916833 0.9367324744915093
0.32292666923208735 0.9367324744915093
0.3269670732724914 0.9367324744915093
0.3310074773128954 0.9367324744915093
0.3350478813532995 0.9367324744915093
0.3390882853937035 0.9367324744915093
0.34312868943410757 0.9367324744915093
0.34716909347451164 0.9367324744915093
0.35120949751491565 0.9367324744915093
0.35524990155531966 0.9367324744915093
0.3592903055957237 0.9367324744915093
0.3633307096361278 0.9367324744915093
0.3673711136765318 0.9367324744915093
0.3714115177169358 0.9367324744915093
0.3754519217573399 0.9367324744915093
0.37949232579774395 0.9367324744915093
0.38353272983814796 0.9367324744915093
0.2986842449896631 0.9407728785319134
0.30272464903006713 0.9407728785319134
0.3067650530704712 0.9407728785319134
0.31080545711087526 0.9407728785319134
0.31484586115127927 0.9407728785319134
0.3188862651916833 0.9407728785319134
0.32292666923208735 0.9407728785319134
0.3269670732724914 0.9407728785319134
0.3310074773128954 0.9407728785319134
0.3350478813532995 0.9407728785319134
0.3390882853937035 0.9407728785319134
0.34312868943410757 0.9407728785319134
0.34716909347451164 0.9407728785319134
0.35120949751491565 0.9407728785319134
0.35524990155531966 0.9407728785319134
0.3592903055957237 0.9407728785319134
0.3633307096361278 0.9407728785319134
0.3673711136765318 0.9407728785319134
0.3714115177169358 0.9407728785319134
0.3754519217573399 0.9407728785319134
0.2986842449896631 0.9448132825723174
0.30272464903006713 0.9448132825723174
0.3067650530704712 0.9448132825723174
0.31080545711087526 0.9448132825723174
0.31484586115127927 0.9448132825723174
0.3188862651916833 0.9448132825723174
0.32292666923208735 0.9448132825723174
0.3269670732724914 0.9448132825723174
0.3310074773128954 0.9448132825723174
0.3350478813532995 0.9448132825723174
0.3390882853937035 0.9448132825723174
0.34312868943410757 0.9448132825723174
0.34716909347451164 0.9448132825723174
0.35120949751491565 0.9448132825723174
0.35524990155531966 0.9448132825723174
0.3592903055957237 0.9448132825723174
0.3633307096361278 0.9448132825723174
0.2986842449896631 0.9488536866127214
0.30272464903006713 0.9488536866127214
0.3067650530704712 0.9488536866127214
0.31080545711087526 0.9488536866127214
0.31484586115127927 0.9488536866127214
0.3188862651916833 0.9488536866127214
0.32292666923208735 0.9488536866127214
0.3269670732724914 0.9488536866127214
0.3310074773128954 0.9488536866127214
0.3350478813532995 0.9488536866127214
0.3390882853937035 0.9488536866127214
0.34312868943410757 0.9488536866127214
0.34716909347451164 0.9488536866127214
0.35120949751491565 0.9488536866127214
0.2986842449896631 0.9528940906531255
0.30272464903006713 0.9528940906531255
0.3067650530704712 0.9528940906531255
0.31080545711087526 0.9528940906531255
0.31484586115127927 0.9528940906531255
0.3188862651916833 0.9528940906531255
0.32292666923208735 0.9528940906531255
0.3269670732724914 0.9528940906531255
0.3310074773128954 0.9528940906531255
0.3350478813532995 0.9528940906531255
0.3390882853937035 0.9528940906531255
0.2986842449896631 0.9569344946935294
0.30272464903006713 0.9569344946935294
0.3067650530704712 0.9569344946935294
0.31080545711087526 0.9569344946935294
0.31484586115127927 0.9569344946935294
0.3188862651916833 0.9569344946935294
0.32292666923208735 0.9569344946935294
0.3269670732724914 0.9569344946935294
0.3310074773128954 0.9569344946935294
0.2986842449896631 0.9609748987339335
0.30272464903006713 0.9609748987339335
0.3067650530704712 0.9609748987339335
0.31080545711087526 0.9609748987339335
0.31484586115127927 0.9609748987339335
0.3188862651916833 0.9609748987339335
0.2986842449896631 0.9650153027743376
0.30272464903006713 0.9650153027743376
