# x y
0.6897076103205009 0.698348636107671
0.6977884184013089 0.698348636107671
0.6897076103205009 0.702389040148075
0.6937480143609048 0.702389040148075
0.6977884184013089 0.702389040148075
0.6897076103205009 0.706429444188479
0.6937480143609048 0.706429444188479
0.6977884184013089 0.706429444188479
0.6816268022396927 0.710469848228883
0.6856672062800968 0.710469848228883
0.6897076103205009 0.710469848228883
0.6937480143609048 0.710469848228883
0.6977884184013089 0.710469848228883
0.6816268022396927 0.7145102522692871
0.6856672062800968 0.7145102522692871
0.6897076103205009 0.7145102522692871
0.6937480143609048 0.7145102522692871
0.6977884184013089 0.7145102522692871
0.6735459941588846 0.7185506563096911
0.6775863981992887 0.7185506563096911
0.6816268022396927 0.7185506563096911
0.6856672062800968 0.7185506563096911
0.6897076103205009 0.7185506563096911
0.6937480143609048 0.7185506563096911
0.6977884184013089 0.7185506563096911
0.6695055901184805 0.7225910603500951
0.6735459941588846 0.7225910603500951
0.6775863981992887 0.7225910603500951
0.6816268022396927 0.7225910603500951
0.6856672062800968 0.7225910603500951
0.6897076103205009 0.7225910603500951
0.6937480143609048 0.7225910603500951
0.6977884184013089 0.7225910603500951
0.6614247820376725 0.7266314643904992
0.6654651860780765 0.7266314643904992
0.6695055901184805 0.7266314643904992
0.6735459941588846 0.7266314643904992
0.6775863981992887 0.7266314643904992
0.6816268022396927 0.7266314643904992
0.6856672062800968 0.7266314643904992
0.6897076103205009 0.7266314643904992
0.6937480143609048 0.7266314643904992
0.6977884184013089 0.7266314643904992
0.6614247820376725 0.7306718684309033
0.6654651860780765 0.7306718684309033
0.6695055901184805 0.7306718684309033
0.6735459941588846 0.7306718684309033
0.6775863981992887 0.7306718684309033
0.6816268022396927 0.7306718684309033
0.6856672062800968 0.7306718684309033
0.6897076103205009 0.7306718684309033
0.6937480143609048 0.7306718684309033
0.6977884184013089 0.7306718684309033
0.6573843779972685 0.7347122724713073
0.6614247820376725 0.7347122724713073
0.6654651860780765 0.7347122724713073
0.6695055901184805 0.7347122724713073
0.6735459941588846 0.7347122724713073
0.6775863981992887 0.7347122724713073
0.6816268022396927 0.7347122724713073
0.6856672062800968 0.7347122724713073
0.6897076103205009 0.7347122724713073
0.6937480143609048 0.7347122724713073
0.6452631658760564 0.7387526765117113
0.6533439739568645 0.7387526765117113
0.6573843779972685 0.7387526765117113
0.6614247820376725 0.7387526765117113
0.6654651860780765 0.7387526765117113
0.6695055901184805 0.7387526765117113
0.6735459941588846 0.7387526765117113
0.6775863981992887 0.7387526765117113
0.6816268022396927 0.7387526765117113
0.6856672062800968 0.7387526765117113
0.6897076103205009 0.7387526765117113
0.6412227618356523 0.7427930805521153
0.6452631658760564 0.7427930805521153
0.6493035699164604 0.7427930805521153
0.6533439739568645 0.7427930805521153
0.6573843779972685 0.7427930805521153
0.6614247820376725 0.7427930805521153
0.6654651860780765 0.7427930805521153
0.6695055901184805 0.7427930805521153
0.6735459941588846 0.7427930805521153
0.6775863981992887 0.7427930805521153
0.6816268022396927 0.7427930805521153
0.6856672062800968 0.7427930805521153
0.6412227618356523 0.7468334845925194
0.6452631658760564 0.7468334845925194
0.6493035699164604 0.7468334845925194
0.6533439739568645 0.7468334845925194
0.6573843779972685 0.7468334845925194
0.6614247820376725 0.7468334845925194
0.6654651860780765 0.7468334845925194
0.6695055901184805 0.7468334845925194
0.6735459941588846 0.7468334845925194
0.6775863981992887 0.7468334845925194
0.6816268022396927 0.7468334845925194
0.6371823577952482 0.7508738886329235
0.6412227618356523 0.7508738886329235
0.6452631658760564 0.7508738886329235
0.6493035699164604 0.7508738886329235
0.6533439739568645 0.7508738886329235
0.6573843779972685 0.7508738886329235
0.6614247820376725 0.7508738886329235
0.6654651860780765 0.7508738886329235
0.6695055901184805 0.7508738886329235
0.6735459941588846 0.7508738886329235
0.6775863981992887 0.7508738886329235
0.6816268022396927 0.7508738886329235
0.6331419537548442 0.7549142926733274
0.6371823577952482 0.7549142926733274
0.6412227618356523 0.7549142926733274
0.6452631658760564 0.7549142926733274
0.6493035699164604 0.7549142926733274
0.6533439739568645 0.7549142926733274
0.6573843779972685 0.7549142926733274
0.6614247820376725 0.7549142926733274
0.6654651860780765 0.7549142926733274
0.6695055901184805 0.7549142926733274
0.6735459941588846 0.7549142926733274
0.6210207416336321 0.7589546967137315
0.6291015497144402 0.7589546967137315
0.6331419537548442 0.7589546967137315
0.6371823577952482 0.7589546967137315
0.6412227618356523 0.7589546967137315
0.6452631658760564 0.7589546967137315
0.6493035699164604 0.7589546967137315
0.6533439739568645 0.7589546967137315
0.6573843779972685 0.7589546967137315
0.6614247820376725 0.7589546967137315
0.6654651860780765 0.7589546967137315
0.6695055901184805 0.7589546967137315
0.6250611456740361 0.7629951007541356
0.6291015497144402 0.7629951007541356
0.6331419537548442 0.7629951007541356
0.6371823577952482 0.7629951007541356
0.6412227618356523 0.7629951007541356
0.6452631658760564 0.7629951007541356
0.6493035699164604 0.7629951007541356
0.6533439739568645 0.7629951007541356
0.6573843779972685 0.7629951007541356
0.6614247820376725 0.7629951007541356
0.6654651860780765 0.7629951007541356
0.6129399335528241 0.7670355047945396
0.6169803375932281 0.7670355047945396
0.6210207416336321 0.7670355047945396
0.6250611456740361 0.7670355047945396
0.6291015497144402 0.7670355047945396
0.6331419537548442 0.7670355047945396
0.6371823577952482 0.7670355047945396
0.6412227618356523 0.7670355047945396
0.6452631658760564 0.7670355047945396
0.6493035699164604 0.7670355047945396
0.6533439739568645 0.7670355047945396
0.6573843779972685 0.7670355047945396
0.6614247820376725 0.7670355047945396
0.6129399335528241 0.7710759088349436
0.6169803375932281 0.7710759088349436
0.6210207416336321 0.7710759088349436
0.6250611456740361 0.7710759088349436
0.6291015497144402 0.7710759088349436
0.6331419537548442 0.7710759088349436
0.6371823577952482 0.7710759088349436
0.6412227618356523 0.7710759088349436
0.6452631658760564 0.7710759088349436
0.6493035699164604 0.7710759088349436
0.6533439739568645 0.7710759088349436
0.60889952951242 0.7751163128753477
0.6129399335528241 0.7751163128753477
0.6169803375932281 0.7751163128753477
0.6210207416336321 0.7751163128753477
0.6250611456740361 0.7751163128753477
0.6291015497144402 0.7751163128753477
0.6331419537548442 0.7751163128753477
0.6371823577952482 0.7751163128753477
0.6412227618356523 0.7751163128753477
0.6452631658760564 0.7751163128753477
0.6493035699164604 0.7751163128753477
0.6008187214316119 0.7791567169157517
0.6048591254720159 0.7791567169157517
0.60889952951242 0.7791567169157517
0.6129399335528241 0.7791567169157517
0.6169803375932281 0.7791567169157517
0.6210207416336321 0.7791567169157517
0.6250611456740361 0.7791567169157517
0.6291015497144402 0.7791567169157517
0.6331419537548442 0.7791567169157517
0.6371823577952482 0.7791567169157517
0.6412227618356523 0.7791567169157517
0.6452631658760564 0.7791567169157517
0.6493035699164604 0.7791567169157517
0.5967783173912078 0.7831971209561558
0.6008187214316119 0.7831971209561558
0.6048591254720159 0.7831971209561558
0.60889952951242 0.7831971209561558
0.6129399335528241 0.7831971209561558
0.6169803375932281 0.7831971209561558
0.6210207416336321 0.7831971209561558
0.6250611456740361 0.7831971209561558
0.6291015497144402 0.7831971209561558
0.6331419537548442 0.7831971209561558
0.6371823577952482 0.7831971209561558
0.6412227618356523 0.7831971209561558
0.5927379133508038 0.7872375249965597
0.5967783173912078 0.7872375249965597
0.6008187214316119 0.7872375249965597
0.6048591254720159 0.7872375249965597
0.60889952951242 0.7872375249965597
0.6129399335528241 0.7872375249965597
0.6169803375932281 0.7872375249965597
0.6210207416336321 0.7872375249965597
0.6250611456740361 0.7872375249965597
0.6291015497144402 0.7872375249965597
0.6331419537548442 0.7872375249965597
0.6371823577952482 0.7872375249965597
0.5846571052699958 0.7912779290369638
0.5886975093103998 0.7912779290369638
0.5927379133508038 0.7912779290369638
0.5967783173912078 0.7912779290369638
0.6008187214316119 0.7912779290369638
0.6048591254720159 0.7912779290369638
0.60889952951242 0.7912779290369638
0.6129399335528241 0.7912779290369638
0.6169803375932281 0.7912779290369638
0.6210207416336321 0.7912779290369638
0.6250611456740361 0.7912779290369638
0.6291015497144402 0.7912779290369638
0.6331419537548442 0.7912779290369638
0.5806167012295917 0.7953183330773679
0.5846571052699958 0.7953183330773679
0.5886975093103998 0.7953183330773679
0.5927379133508038 0.7953183330773679
0.5967783173912078 0.7953183330773679
0.6008187214316119 0.7953183330773679
0.6048591254720159 0.7953183330773679
0.60889952951242 0.7953183330773679
0.6129399335528241 0.7953183330773679
0.6169803375932281 0.7953183330773679
0.6210207416336321 0.7953183330773679
0.6250611456740361 0.7953183330773679
0.5765762971891877 0.799358737117772
0.5806167012295917 0.799358737117772
0.5846571052699958 0.799358737117772
0.5886975093103998 0.799358737117772
0.5927379133508038 0.799358737117772
0.5967783173912078 0.799358737117772
0.6008187214316119 0.799358737117772
0.6048591254720159 0.799358737117772
0.60889952951242 0.799358737117772
0.6129399335528241 0.799358737117772
0.6169803375932281 0.799358737117772
0.6210207416336321 0.799358737117772
0.5644550850679755 0.803399141158176
0.5725358931487836 0.803399141158176
0.5765762971891877 0.803399141158176
0.5806167012295917 0.803399141158176
0.5846571052699958 0.803399141158176
0.5886975093103998 0.803399141158176
0.5927379133508038 0.803399141158176
0.5967783173912078 0.803399141158176
0.6008187214316119 0.803399141158176
0.6048591254720159 0.803399141158176
0.60889952951242 0.803399141158176
0.6129399335528241 0.803399141158176
0.6169803375932281 0.803399141158176
0.5644550850679755 0.80743954519858
0.5684954891083795 0.80743954519858
0.5725358931487836 0.80743954519858
0.5765762971891877 0.80743954519858
0.5806167012295917 0.80743954519858
0.5846571052699958 0.80743954519858
0.5886975093103998 0.80743954519858
0.5927379133508038 0.80743954519858
0.5967783173912078 0.80743954519858
0.6008187214316119 0.80743954519858
0.6048591254720159 0.80743954519858
0.60889952951242 0.80743954519858
0.5563742769871675 0.811479949238984
0.5604146810275715 0.811479949238984
0.5644550850679755 0.811479949238984
0.5684954891083795 0.811479949238984
0.5725358931487836 0.811479949238984
0.5765762971891877 0.811479949238984
0.5806167012295917 0.811479949238984
0.5846571052699958 0.811479949238984
0.5886975093103998 0.811479949238984
0.5927379133508038 0.811479949238984
0.5967783173912078 0.811479949238984
0.6008187214316119 0.811479949238984
0.6048591254720159 0.811479949238984
0.5523338729467634 0.8155203532793881
0.5563742769871675 0.8155203532793881
0.5604146810275715 0.8155203532793881
0.5644550850679755 0.8155203532793881
0.5684954891083795 0.8155203532793881
0.5725358931487836 0.8155203532793881
0.5765762971891877 0.8155203532793881
0.5806167012295917 0.8155203532793881
0.5846571052699958 0.8155203532793881
0.5886975093103998 0.8155203532793881
0.5927379133508038 0.8155203532793881
0.5967783173912078 0.8155203532793881
0.6008187214316119 0.8155203532793881
0.5402126608255513 0.819560757319792
0.5442530648659554 0.819560757319792
0.5482934689063594 0.819560757319792
0.5523338729467634 0.819560757319792
0.5563742769871675 0.819560757319792
0.5604146810275715 0.819560757319792
0.5644550850679755 0.819560757319792
0.5684954891083795 0.819560757319792
0.5725358931487836 0.819560757319792
0.5765762971891877 0.819560757319792
0.5806167012295917 0.819560757319792
0.5846571052699958 0.819560757319792
0.5886975093103998 0.819560757319792
0.5927379133508038 0.819560757319792
0.5967783173912078 0.819560757319792
0.5402126608255513 0.8236011613601961
0.5442530648659554 0.8236011613601961
0.5482934689063594 0.8236011613601961
0.5523338729467634 0.8236011613601961
0.5563742769871675 0.8236011613601961
0.5604146810275715 0.8236011613601961
0.5644550850679755 0.8236011613601961
0.5684954891083795 0.8236011613601961
0.5725358931487836 0.8236011613601961
0.5765762971891877 0.8236011613601961
0.5806167012295917 0.8236011613601961
0.5846571052699958 0.8236011613601961
0.5886975093103998 0.8236011613601961
0.5361722567851472 0.8276415654006002
0.5402126608255513 0.8276415654006002
0.5442530648659554 0.8276415654006002
0.5482934689063594 0.8276415654006002
0.5523338729467634 0.8276415654006002
0.5563742769871675 0.8276415654006002
0.5604146810275715 0.8276415654006002
0.5644550850679755 0.8276415654006002
0.5684954891083795 0.8276415654006002
0.5725358931487836 0.8276415654006002
0.5765762971891877 0.8276415654006002
0.5806167012295917 0.8276415654006002
0.5846571052699958 0.8276415654006002
0.5280914487043392 0.8316819694410043
0.5321318527447432 0.8316819694410043
0.5361722567851472 0.8316819694410043
0.5402126608255513 0.8316819694410043
0.5442530648659554 0.8316819694410043
0.5482934689063594 0.8316819694410043
0.5523338729467634 0.8316819694410043
0.5563742769871675 0.8316819694410043
0.5604146810275715 0.8316819694410043
0.5644550850679755 0.8316819694410043
0.5684954891083795 0.8316819694410043
0.5725358931487836 0.8316819694410043
0.5765762971891877 0.8316819694410043
0.5240510446639352 0.8357223734814083
0.5280914487043392 0.8357223734814083
0.5321318527447432 0.8357223734814083
0.5361722567851472 0.8357223734814083
0.5402126608255513 0.8357223734814083
0.5442530648659554 0.8357223734814083
0.5482934689063594 0.8357223734814083
0.5523338729467634 0.8357223734814083
0.5563742769871675 0.8357223734814083
0.5604146810275715 0.8357223734814083
0.5644550850679755 0.8357223734814083
0.5684954891083795 0.8357223734814083
0.5725358931487836 0.8357223734814083
0.507889428502319 0.8397627775218124
0.5119298325427231 0.8397627775218124
0.515970236583127 0.8397627775218124
0.5200106406235311 0.8397627775218124
0.5240510446639352 0.8397627775218124
0.5280914487043392 0.8397627775218124
0.5321318527447432 0.8397627775218124
0.5361722567851472 0.8397627775218124
0.5402126608255513 0.8397627775218124
0.5442530648659554 0.8397627775218124
0.5482934689063594 0.8397627775218124
0.5523338729467634 0.8397627775218124
0.5563742769871675 0.8397627775218124
0.5604146810275715 0.8397627775218124
0.5644550850679755 0.8397627775218124
0.5684954891083795 0.8397627775218124
0.5038490244619149 0.8438031815622163
0.507889428502319 0.8438031815622163
0.5119298325427231 0.8438031815622163
0.515970236583127 0.8438031815622163
0.5200106406235311 0.8438031815622163
0.5240510446639352 0.8438031815622163
0.5280914487043392 0.8438031815622163
0.5321318527447432 0.8438031815622163
0.5361722567851472 0.8438031815622163
0.5402126608255513 0.8438031815622163
0.5442530648659554 0.8438031815622163
0.5482934689063594 0.8438031815622163
0.5523338729467634 0.8438031815622163
0.5563742769871675 0.8438031815622163
0.5604146810275715 0.8438031815622163
0.5644550850679755 0.8438031815622163
0.49980862042151086 0.8478435856026204
0.5038490244619149 0.8478435856026204
0.507889428502319 0.8478435856026204
0.5119298325427231 0.8478435856026204
0.515970236583127 0.8478435856026204
0.5200106406235311 0.8478435856026204
0.5240510446639352 0.8478435856026204
0.5280914487043392 0.8478435856026204
0.5321318527447432 0.8478435856026204
0.5361722567851472 0.8478435856026204
0.5402126608255513 0.8478435856026204
0.5442530648659554 0.8478435856026204
0.5482934689063594 0.8478435856026204
0.5523338729467634 0.8478435856026204
0.49576821638110685 0.8518839896430245
0.49980862042151086 0.8518839896430245
0.5038490244619149 0.8518839896430245
0.507889428502319 0.8518839896430245
0.5119298325427231 0.8518839896430245
0.515970236583127 0.8518839896430245
0.5200106406235311 0.8518839896430245
0.5240510446639352 0.8518839896430245
0.5280914487043392 0.8518839896430245
0.5321318527447432 0.8518839896430245
0.5361722567851472 0.8518839896430245
0.5402126608255513 0.8518839896430245
0.5442530648659554 0.8518839896430245
0.5482934689063594 0.8518839896430245
0.4836470042598947 0.8559243936834284
0.4876874083002988 0.8559243936834284
0.49172781234070284 0.8559243936834284
0.49576821638110685 0.8559243936834284
0.49980862042151086 0.8559243936834284
0.5038490244619149 0.8559243936834284
0.507889428502319 0.8559243936834284
0.5119298325427231 0.8559243936834284
0.515970236583127 0.8559243936834284
0.5200106406235311 0.8559243936834284
0.5240510446639352 0.8559243936834284
0.5280914487043392 0.8559243936834284
0.5321318527447432 0.8559243936834284
0.5361722567851472 0.8559243936834284
0.5402126608255513 0.8559243936834284
0.4796066002194907 0.8599647977238325
0.4836470042598947 0.8599647977238325
0.4876874083002988 0.8599647977238325
0.49172781234070284 0.8599647977238325
0.49576821638110685 0.8599647977238325
0.49980862042151086 0.8599647977238325
0.5038490244619149 0.8599647977238325
0.507889428502319 0.8599647977238325
0.5119298325427231 0.8599647977238325
0.515970236583127 0.8599647977238325
0.5200106406235311 0.8599647977238325
0.5240510446639352 0.8599647977238325
0.5280914487043392 0.8599647977238325
0.5321318527447432 0.8599647977238325
0.5361722567851472 0.8599647977238325
0.5402126608255513 0.8599647977238325
0.4715257921386826 0.8640052017642366
0.4755661961790867 0.8640052017642366
0.4796066002194907 0.8640052017642366
0.4836470042598947 0.8640052017642366
0.4876874083002988 0.8640052017642366
0.49172781234070284 0.8640052017642366
0.49576821638110685 0.8640052017642366
0.49980862042151086 0.8640052017642366
0.5038490244619149 0.8640052017642366
0.507889428502319 0.8640052017642366
0.5119298325427231 0.8640052017642366
0.515970236583127 0.8640052017642366
0.5200106406235311 0.8640052017642366
0.5240510446639352 0.8640052017642366
0.5280914487043392 0.8640052017642366
0.5361722567851472 0.8640052017642366
0.46748538809827855 0.8680456058046406
0.4715257921386826 0.8680456058046406
0.4755661961790867 0.8680456058046406
0.4796066002194907 0.8680456058046406
0.4836470042598947 0.8680456058046406
0.4876874083002988 0.8680456058046406
0.49172781234070284 0.8680456058046406
0.49576821638110685 0.8680456058046406
0.49980862042151086 0.8680456058046406
0.5038490244619149 0.8680456058046406
0.507889428502319 0.8680456058046406
0.5119298325427231 0.8680456058046406
0.515970236583127 0.8680456058046406
0.5200106406235311 0.8680456058046406
0.5240510446639352 0.8680456058046406
0.5280914487043392 0.8680456058046406
0.4594045800174705 0.8720860098450447
0.46344498405787454 0.8720860098450447
0.46748538809827855 0.8720860098450447
0.4715257921386826 0.8720860098450447
0.4755661961790867 0.8720860098450447
0.4796066002194907 0.8720860098450447
0.4836470042598947 0.8720860098450447
0.4876874083002988 0.8720860098450447
0.49172781234070284 0.8720860098450447
0.49576821638110685 0.8720860098450447
0.49980862042151086 0.8720860098450447
0.5038490244619149 0.8720860098450447
0.507889428502319 0.8720860098450447
0.5119298325427231 0.8720860098450447
0.5200106406235311 0.8720860098450447
0.4513237719366624 0.8761264138854487
0.45536417597706647 0.8761264138854487
0.4594045800174705 0.8761264138854487
0.46344498405787454 0.8761264138854487
0.46748538809827855 0.8761264138854487
0.4715257921386826 0.8761264138854487
0.4755661961790867 0.8761264138854487
0.4796066002194907 0.8761264138854487
0.4836470042598947 0.8761264138854487
0.4876874083002988 0.8761264138854487
0.49172781234070284 0.8761264138854487
0.49576821638110685 0.8761264138854487
0.49980862042151086 0.8761264138854487
0.5038490244619149 0.8761264138854487
0.507889428502319 0.8761264138854487
0.4392025598154503 0.8801668179258527
0.4432429638558543 0.8801668179258527
0.44728336789625833 0.8801668179258527
0.4513237719366624 0.8801668179258527
0.45536417597706647 0.8801668179258527
0.4594045800174705 0.8801668179258527
0.46344498405787454 0.8801668179258527
0.46748538809827855 0.8801668179258527
0.4715257921386826 0.8801668179258527
0.4755661961790867 0.8801668179258527
0.4796066002194907 0.8801668179258527
0.4836470042598947 0.8801668179258527
0.4876874083002988 0.8801668179258527
0.49172781234070284 0.8801668179258527
0.49576821638110685 0.8801668179258527
0.49980862042151086 0.8801668179258527
0.507889428502319 0.8801668179258527
0.43516215577504624 0.8842072219662568
0.4392025598154503 0.8842072219662568
0.4432429638558543 0.8842072219662568
0.44728336789625833 0.8842072219662568
0.4513237719366624 0.8842072219662568
0.45536417597706647 0.8842072219662568
0.4594045800174705 0.8842072219662568
0.46344498405787454 0.8842072219662568
0.46748538809827855 0.8842072219662568
0.4715257921386826 0.8842072219662568
0.4755661961790867 0.8842072219662568
0.4796066002194907 0.8842072219662568
0.4836470042598947 0.8842072219662568
0.4876874083002988 0.8842072219662568
0.49172781234070284 0.8842072219662568
0.49576821638110685 0.8842072219662568
0.49980862042151086 0.8842072219662568
0.42304094365383416 0.8882476260066607
0.42708134769423817 0.8882476260066607
0.4311217517346422 0.8882476260066607
0.43516215577504624 0.8882476260066607
0.4392025598154503 0.8882476260066607
0.4432429638558543 0.8882476260066607
0.44728336789625833 0.8882476260066607
0.4513237719366624 0.8882476260066607
0.45536417597706647 0.8882476260066607
0.4594045800174705 0.8882476260066607
0.46344498405787454 0.8882476260066607
0.46748538809827855 0.8882476260066607
0.4715257921386826 0.8882476260066607
0.4755661961790867 0.8882476260066607
0.4796066002194907 0.8882476260066607
0.4836470042598947 0.8882476260066607
0.49576821638110685 0.8882476260066607
0.414960135573026 0.8922880300470648
0.4190005396134301 0.8922880300470648
0.42304094365383416 0.8922880300470648
0.42708134769423817 0.8922880300470648
0.4311217517346422 0.8922880300470648
0.43516215577504624 0.8922880300470648
0.4392025598154503 0.8922880300470648
0.4432429638558543 0.8922880300470648
0.44728336789625833 0.8922880300470648
0.4513237719366624 0.8922880300470648
0.45536417597706647 0.8922880300470648
0.4594045800174705 0.8922880300470648
0.46344498405787454 0.8922880300470648
0.46748538809827855 0.8922880300470648
0.4715257921386826 0.8922880300470648
0.4755661961790867 0.8922880300470648
0.4796066002194907 0.8922880300470648
0.40687932749221795 0.8963284340874689
0.410919731532622 0.8963284340874689
0.414960135573026 0.8963284340874689
0.4190005396134301 0.8963284340874689
0.42304094365383416 0.8963284340874689
0.42708134769423817 0.8963284340874689
0.4311217517346422 0.8963284340874689
0.43516215577504624 0.8963284340874689
0.4392025598154503 0.8963284340874689
0.4432429638558543 0.8963284340874689
0.44728336789625833 0.8963284340874689
0.4513237719366624 0.8963284340874689
0.45536417597706647 0.8963284340874689
0.4594045800174705 0.8963284340874689
0.46344498405787454 0.8963284340874689
0.46748538809827855 0.8963284340874689
0.4755661961790867 0.8963284340874689
0.39879851941140987 0.9003688381278729
0.40283892345181394 0.9003688381278729
0.40687932749221795 0.9003688381278729
0.410919731532622 0.9003688381278729
0.414960135573026 0.9003688381278729
0.4190005396134301 0.9003688381278729
0.42304094365383416 0.9003688381278729
0.42708134769423817 0.9003688381278729
0.4311217517346422 0.9003688381278729
0.43516215577504624 0.9003688381278729
0.4392025598154503 0.9003688381278729
0.4432429638558543 0.9003688381278729
0.44728336789625833 0.9003688381278729
0.4513237719366624 0.9003688381278729
0.45536417597706647 0.9003688381278729
0.4594045800174705 0.9003688381278729
0.46748538809827855 0.9003688381278729
0.3907177113306018 0.904409242168277
0.39475811537100586 0.904409242168277
0.39879851941140987 0.904409242168277
0.40283892345181394 0.904409242168277
0.40687932749221795 0.904409242168277
0.410919731532622 0.904409242168277
0.414960135573026 0.904409242168277
0.4190005396134301 0.904409242168277
0.42304094365383416 0.904409242168277
0.42708134769423817 0.904409242168277
0.4311217517346422 0.904409242168277
0.43516215577504624 0.904409242168277
0.4392025598154503 0.904409242168277
0.4432429638558543 0.904409242168277
0.44728336789625833 0.904409242168277
0.4513237719366624 0.904409242168277
0.45536417597706647 0.904409242168277
0.4594045800174705 0.904409242168277
0.37455609516898564 0.9084496462086811
0.37859649920938965 0.9084496462086811
0.3826369032497937 0.9084496462086811
0.3866773072901978 0.9084496462086811
0.3907177113306018 0.9084496462086811
0.39475811537100586 0.9084496462086811
0.39879851941140987 0.9084496462086811
0.40283892345181394 0.9084496462086811
0.40687932749221795 0.9084496462086811
0.410919731532622 0.9084496462086811
0.414960135573026 0.9084496462086811
0.4190005396134301 0.9084496462086811
0.42304094365383416 0.9084496462086811
0.42708134769423817 0.9084496462086811
0.4311217517346422 0.9084496462086811
0.43516215577504624 0.9084496462086811
0.4392025598154503 0.9084496462086811
0.4432429638558543 0.9084496462086811
0.4513237719366624 0.9084496462086811
0.3583944790073695 0.912490050249085
0.3705156911285816 0.912490050249085
0.37455609516898564 0.912490050249085
0.37859649920938965 0.912490050249085
0.3826369032497937 0.912490050249085
0.3866773072901978 0.912490050249085
0.3907177113306018 0.912490050249085
0.39475811537100586 0.912490050249085
0.39879851941140987 0.912490050249085
0.40283892345181394 0.912490050249085
0.40687932749221795 0.912490050249085
0.410919731532622 0.912490050249085
0.414960135573026 0.912490050249085
0.4190005396134301 0.912490050249085
0.42304094365383416 0.912490050249085
0.42708134769423817 0.912490050249085
0.4311217517346422 0.912490050249085
0.43516215577504624 0.912490050249085
0.4392025598154503 0.912490050249085
0.35435407496696547 0.9165304542894891
0.3624348830477735 0.9165304542894891
0.36647528708817756 0.9165304542894891
0.3705156911285816 0.9165304542894891
0.37455609516898564 0.9165304542894891
0.37859649920938965 0.9165304542894891
0.3826369032497937 0.9165304542894891
0.3866773072901978 0.9165304542894891
0.3907177113306018 0.9165304542894891
0.39475811537100586 0.9165304542894891
0.39879851941140987 0.9165304542894891
0.40283892345181394 0.9165304542894891
0.40687932749221795 0.9165304542894891
0.410919731532622 0.9165304542894891
0.414960135573026 0.9165304542894891
0.4190005396134301 0.9165304542894891
0.42304094365383416 0.9165304542894891
0.42708134769423817 0.9165304542894891
0.4311217517346422 0.9165304542894891
0.3503136709265614 0.920570858329893
0.35435407496696547 0.920570858329893
0.3583944790073695 0.920570858329893
0.3624348830477735 0.920570858329893
0.36647528708817756 0.920570858329893
0.3705156911285816 0.920570858329893
0.37455609516898564 0.920570858329893
0.37859649920938965 0.920570858329893
0.3826369032497937 0.920570858329893
0.3866773072901978 0.920570858329893
0.3907177113306018 0.920570858329893
0.39475811537100586 0.920570858329893
0.39879851941140987 0.920570858329893
0.40283892345181394 0.920570858329893
0.40687932749221795 0.920570858329893
0.410919731532622 0.920570858329893
0.414960135573026 0.920570858329893
0.4190005396134301 0.920570858329893
0.33819245880534926 0.9246112623702971
0.3422328628457533 0.9246112623702971
0.34627326688615734 0.9246112623702971
0.3503136709265614 0.9246112623702971
0.35435407496696547 0.9246112623702971
0.3583944790073695 0.9246112623702971
0.3624348830477735 0.9246112623702971
0.36647528708817756 0.9246112623702971
0.3705156911285816 0.9246112623702971
0.37455609516898564 0.9246112623702971
0.37859649920938965 0.9246112623702971
0.3826369032497937 0.9246112623702971
0.3866773072901978 0.9246112623702971
0.3907177113306018 0.9246112623702971
0.39475811537100586 0.9246112623702971
0.39879851941140987 0.9246112623702971
0.40283892345181394 0.9246112623702971
0.40687932749221795 0.9246112623702971
0.410919731532622 0.9246112623702971
0.414960135573026 0.9246112623702971
0.3260712466841372 0.9286516664107012
0.3301116507245412 0.9286516664107012
0.33415205476494525 0.9286516664107012
0.33819245880534926 0.9286516664107012
0.3422328628457533 0.9286516664107012
0.34627326688615734 0.9286516664107012
0.3503136709265614 0.9286516664107012
0.35435407496696547 0.9286516664107012
0.3583944790073695 0.9286516664107012
0.3624348830477735 0.9286516664107012
0.36647528708817756 0.9286516664107012
0.3705156911285816 0.9286516664107012
0.37455609516898564 0.9286516664107012
0.37859649920938965 0.9286516664107012
0.3826369032497937 0.9286516664107012
0.3866773072901978 0.9286516664107012
0.3907177113306018 0.9286516664107012
0.39475811537100586 0.9286516664107012
0.39879851941140987 0.9286516664107012
0.40283892345181394 0.9286516664107012
0.3179904386033291 0.9326920704511052
0.3220308426437331 0.9326920704511052
0.3260712466841372 0.9326920704511052
0.3301116507245412 0.9326920704511052
0.33415205476494525 0.9326920704511052
0.33819245880534926 0.9326920704511052
0.3422328628457533 0.9326920704511052
0.34627326688615734 0.9326920704511052
0.3503136709265614 0.9326920704511052
0.35435407496696547 0.9326920704511052
0.3583944790073695 0.9326920704511052
0.3624348830477735 0.9326920704511052
0.36647528708817756 0.9326920704511052
0.3705156911285816 0.9326920704511052
0.37455609516898564 0.9326920704511052
0.37859649920938965 0.9326920704511052
0.3826369032497937 0.9326920704511052
0.3866773072901978 0.9326920704511052
0.3907177113306018 0.9326920704511052
0.39475811537100586 0.9326920704511052
0.30586922648211695 0.9367324744915093
0.30990963052252096 0.9367324744915093
0.31395003456292503 0.9367324744915093
0.3179904386033291 0.9367324744915093
0.3220308426437331 0.9367324744915093
0.3260712466841372 0.9367324744915093
0.3301116507245412 0.9367324744915093
0.33415205476494525 0.9367324744915093
0.33819245880534926 0.9367324744915093
0.3422328628457533 0.9367324744915093
0.34627326688615734 0.9367324744915093
0.3503136709265614 0.9367324744915093
0.35435407496696547 0.9367324744915093
0.3583944790073695 0.9367324744915093
0.3624348830477735 0.9367324744915093
0.36647528708817756 0.9367324744915093
0.3705156911285816 0.9367324744915093
0.37455609516898564 0.9367324744915093
0.37859649920938965 0.9367324744915093
0.3826369032497937 0.9367324744915093
0.39879851941140987 0.9367324744915093
0.2977884184013089 0.9407728785319134
0.30182882244171294 0.9407728785319134
0.30586922648211695 0.9407728785319134
0.30990963052252096 0.9407728785319134
0.31395003456292503 0.9407728785319134
0.3179904386033291 0.9407728785319134
0.3220308426437331 0.9407728785319134
0.3260712466841372 0.9407728785319134
0.3301116507245412 0.9407728785319134
0.33415205476494525 0.9407728785319134
0.33819245880534926 0.9407728785319134
0.3422328628457533 0.9407728785319134
0.34627326688615734 0.9407728785319134
0.3503136709265614 0.9407728785319134
0.35435407496696547 0.9407728785319134
0.3583944790073695 0.9407728785319134
0.3624348830477735 0.9407728785319134
0.36647528708817756 0.9407728785319134
0.3705156911285816 0.9407728785319134
0.37455609516898564 0.9407728785319134
0.2977884184013089 0.9448132825723174
0.30182882244171294 0.9448132825723174
0.30586922648211695 0.9448132825723174
0.30990963052252096 0.9448132825723174
0.31395003456292503 0.9448132825723174
0.3179904386033291 0.9448132825723174
0.3220308426437331 0.9448132825723174
0.3260712466841372 0.9448132825723174
0.3301116507245412 0.9448132825723174
0.33415205476494525 0.9448132825723174
0.33819245880534926 0.9448132825723174
0.3422328628457533 0.9448132825723174
0.34627326688615734 0.9448132825723174
0.3503136709265614 0.9448132825723174
0.35435407496696547 0.9448132825723174
0.3583944790073695 0.9448132825723174
0.3624348830477735 0.9448132825723174
0.2977884184013089 0.9488536866127214
0.30182882244171294 0.9488536866127214
0.30586922648211695 0.9488536866127214
0.30990963052252096 0.9488536866127214
0.31395003456292503 0.9488536866127214
0.3179904386033291 0.9488536866127214
0.3220308426437331 0.9488536866127214
0.3260712466841372 0.9488536866127214
0.3301116507245412 0.9488536866127214
0.33415205476494525 0.9488536866127214
0.33819245880534926 0.9488536866127214
0.3422328628457533 0.9488536866127214
0.34627326688615734 0.9488536866127214
0.3503136709265614 0.9488536866127214
0.2977884184013089 0.9528940906531255
0.30182882244171294 0.9528940906531255
0.30586922648211695 0.9528940906531255
0.30990963052252096 0.9528940906531255
0.31395003456292503 0.9528940906531255
0.3179904386033291 0.9528940906531255
0.3220308426437331 0.9528940906531255
0.3260712466841372 0.9528940906531255
0.3301116507245412 0.9528940906531255
0.33415205476494525 0.9528940906531255
0.33819245880534926 0.9528940906531255
0.3422328628457533 0.9528940906531255
0.34627326688615734 0.9528940906531255
0.2977884184013089 0.9569344946935294
0.30182882244171294 0.9569344946935294
0.30586922648211695 0.9569344946935294
0.30990963052252096 0.9569344946935294
0.31395003456292503 0.9569344946935294
0.3179904386033291 0.9569344946935294
0.3220308426437331 0.9569344946935294
0.3260712466841372 0.9569344946935294
0.3301116507245412 0.9569344946935294
0.2977884184013089 0.9609748987339335
0.30182882244171294 0.9609748987339335
0.30586922648211695 0.9609748987339335
0.30990963052252096 0.9609748987339335
0.31395003456292503 0.9609748987339335
0.3179904386033291 0.9609748987339335
0.2977884184013089 0.9650153027743376
0.30182882244171294 0.9650153027743376
0.30586922648211695 0.9650153027743376
0.30990963052252096 0.9650153027743376
