# x y
0.699940064520172 0.710469848228883
0.6958996604797679 0.7145102522692871
0.699940064520172 0.7145102522692871
0.691859256439364 0.7185506563096911
0.6958996604797679 0.7185506563096911
0.6878188523989599 0.7225910603500951
0.691859256439364 0.7225910603500951
0.6837784483585558 0.7266314643904992
0.6878188523989599 0.7266314643904992
0.6797380443181518 0.7306718684309033
0.6837784483585558 0.7306718684309033
0.6756976402777477 0.7347122724713073
0.6797380443181518 0.7347122724713073
0.6716572362373436 0.7387526765117113
0.6756976402777477 0.7387526765117113
0.6676168321969396 0.7427930805521153
0.6716572362373436 0.7427930805521153
0.6635764281565356 0.7468334845925194
0.6676168321969396 0.7468334845925194
0.6595360241161315 0.7508738886329235
0.6635764281565356 0.7508738886329235
0.6514552160353235 0.7549142926733274
0.6554956200757276 0.7549142926733274
0.6595360241161315 0.7549142926733274
0.6474148119949195 0.7589546967137315
0.6514552160353235 0.7589546967137315
0.6554956200757276 0.7589546967137315
0.6433744079545154 0.7629951007541356
0.6474148119949195 0.7629951007541356
0.6393340039141113 0.7670355047945396
0.6433744079545154 0.7670355047945396
0.6352935998737073 0.7710759088349436
0.6393340039141113 0.7710759088349436
0.6272127917928992 0.7751163128753477
0.6312531958333033 0.7751163128753477
0.6352935998737073 0.7751163128753477
0.6231723877524952 0.7791567169157517
0.6272127917928992 0.7791567169157517
0.6312531958333033 0.7791567169157517
0.6191319837120912 0.7831971209561558
0.6231723877524952 0.7831971209561558
0.6150915796716871 0.7872375249965597
0.6191319837120912 0.7872375249965597
0.607010771590879 0.7912779290369638
0.6110511756312831 0.7912779290369638
0.6150915796716871 0.7912779290369638
0.602970367550475 0.7953183330773679
0.607010771590879 0.7953183330773679
0.6110511756312831 0.7953183330773679
0.5989299635100709 0.799358737117772
0.602970367550475 0.799358737117772
0.5908491554292629 0.803399141158176
0.5948895594696669 0.803399141158176
0.5989299635100709 0.803399141158176
0.5868087513888589 0.80743954519858
0.5908491554292629 0.80743954519858
0.5948895594696669 0.80743954519858
0.5827683473484548 0.811479949238984
0.5868087513888589 0.811479949238984
0.5746875392676467 0.8155203532793881
0.5787279433080508 0.8155203532793881
0.5827683473484548 0.8155203532793881
0.5706471352272426 0.819560757319792
0.5746875392676467 0.819560757319792
0.5625663271464346 0.8236011613601961
0.5666067311868386 0.8236011613601961
0.5706471352272426 0.8236011613601961
0.5585259231060306 0.8276415654006002
0.5625663271464346 0.8276415654006002
0.5666067311868386 0.8276415654006002
0.5504451150252225 0.8316819694410043
0.5544855190656265 0.8316819694410043
0.5585259231060306 0.8316819694410043
0.5464047109848185 0.8357223734814083
0.5504451150252225 0.8357223734814083
0.5544855190656265 0.8357223734814083
0.5383239029040103 0.8397627775218124
0.5423643069444144 0.8397627775218124
0.5464047109848185 0.8397627775218124
0.5342834988636063 0.8438031815622163
0.5383239029040103 0.8438031815622163
0.5423643069444144 0.8438031815622163
0.5262026907827982 0.8478435856026204
0.5302430948232023 0.8478435856026204
0.5342834988636063 0.8478435856026204
0.5181218827019901 0.8518839896430245
0.5221622867423942 0.8518839896430245
0.5262026907827982 0.8518839896430245
0.5140814786615862 0.8559243936834284
0.5181218827019901 0.8559243936834284
0.5221622867423942 0.8559243936834284
0.506000670580778 0.8599647977238325
0.5100410746211821 0.8599647977238325
0.5140814786615862 0.8599647977238325
0.49791986249996995 0.8640052017642366
0.501960266540374 0.8640052017642366
0.506000670580778 0.8640052017642366
0.49387945845956593 0.8680456058046406
0.49791986249996995 0.8680456058046406
0.501960266540374 0.8680456058046406
0.4857986503787578 0.8720860098450447
0.48983905441916187 0.8720860098450447
0.49387945845956593 0.8720860098450447
0.4777178422979498 0.8761264138854487
0.4817582463383538 0.8761264138854487
0.4857986503787578 0.8761264138854487
0.46963703421714165 0.8801668179258527
0.4736774382575457 0.8801668179258527
0.4777178422979498 0.8801668179258527
0.46155622613633357 0.8842072219662568
0.46559663017673764 0.8842072219662568
0.46963703421714165 0.8842072219662568
0.4736774382575457 0.8842072219662568
0.4534754180555255 0.8882476260066607
0.45751582209592956 0.8882476260066607
0.46155622613633357 0.8882476260066607
0.46559663017673764 0.8882476260066607
0.4453946099747174 0.8922880300470648
0.4494350140151214 0.8922880300470648
0.4534754180555255 0.8922880300470648
0.45751582209592956 0.8922880300470648
0.43731380189390934 0.8963284340874689
0.4413542059343134 0.8963284340874689
0.4453946099747174 0.8963284340874689
0.4494350140151214 0.8963284340874689
0.42923299381310126 0.9003688381278729
0.43327339785350527 0.9003688381278729
0.43731380189390934 0.9003688381278729
0.4413542059343134 0.9003688381278729
0.4211521857322932 0.904409242168277
0.42519258977269725 0.904409242168277
0.42923299381310126 0.904409242168277
0.43327339785350527 0.904409242168277
0.4130713776514851 0.9084496462086811
0.4171117816918891 0.9084496462086811
0.4211521857322932 0.9084496462086811
0.42519258977269725 0.9084496462086811
0.40499056957067703 0.912490050249085
0.40903097361108104 0.912490050249085
0.4130713776514851 0.912490050249085
0.3928693574494649 0.9165304542894891
0.39690976148986895 0.9165304542894891
0.40095016553027296 0.9165304542894891
0.40499056957067703 0.9165304542894891
0.3847885493686568 0.920570858329893
0.3888289534090609 0.920570858329893
0.3928693574494649 0.920570858329893
0.39690976148986895 0.920570858329893
0.3726673372474447 0.9246112623702971
0.37670774128784873 0.9246112623702971
0.38074814532825274 0.9246112623702971
0.3847885493686568 0.9246112623702971
0.3888289534090609 0.9246112623702971
0.3645865291666366 0.9286516664107012
0.36862693320704065 0.9286516664107012
0.3726673372474447 0.9286516664107012
0.37670774128784873 0.9286516664107012
0.3524653170454245 0.9326920704511052
0.35650572108582856 0.9326920704511052
0.3605461251262326 0.9326920704511052
0.3645865291666366 0.9326920704511052
0.36862693320704065 0.9326920704511052
0.3443845089646164 0.9367324744915093
0.34842491300502043 0.9367324744915093
0.3524653170454245 0.9367324744915093
0.35650572108582856 0.9367324744915093
0.3322632968434043 0.9407728785319134
0.33630370088380834 0.9407728785319134
0.34034410492421235 0.9407728785319134
0.3443845089646164 0.9407728785319134
0.3201420847221922 0.9448132825723174
0.3241824887625962 0.9448132825723174
0.32822289280300027 0.9448132825723174
0.3322632968434043 0.9448132825723174
0.33630370088380834 0.9448132825723174
0.30802087260098004 0.9488536866127214
0.31206127664138406 0.9488536866127214
0.3161016806817881 0.9488536866127214
0.3201420847221922 0.9488536866127214
0.3241824887625962 0.9488536866127214
0.29994006452017197 0.9528940906531255
0.30398046856057603 0.9528940906531255
0.30802087260098004 0.9528940906531255
0.31206127664138406 0.9528940906531255
0.29994006452017197 0.9569344946935294
