# x y
0.6991433697458866 0.698348636107671
0.6951029657054826 0.702389040148075
0.6991433697458866 0.702389040148075
0.6910625616650786 0.706429444188479
0.6951029657054826 0.706429444188479
0.6991433697458866 0.706429444188479
0.6870221576246746 0.710469848228883
0.6910625616650786 0.710469848228883
0.6951029657054826 0.710469848228883
0.6991433697458866 0.710469848228883
0.6829817535842705 0.7145102522692871
0.6870221576246746 0.7145102522692871
0.6910625616650786 0.7145102522692871
0.6951029657054826 0.7145102522692871
0.6991433697458866 0.7145102522692871
0.6789413495438665 0.7185506563096911
0.6829817535842705 0.7185506563096911
0.6870221576246746 0.7185506563096911
0.6910625616650786 0.7185506563096911
0.6951029657054826 0.7185506563096911
0.6991433697458866 0.7185506563096911
0.6749009455034625 0.7225910603500951
0.6789413495438665 0.7225910603500951
0.6829817535842705 0.7225910603500951
0.6870221576246746 0.7225910603500951
0.6910625616650786 0.7225910603500951
0.6951029657054826 0.7225910603500951
0.6991433697458866 0.7225910603500951
0.6708605414630584 0.7266314643904992
0.6749009455034625 0.7266314643904992
0.6789413495438665 0.7266314643904992
0.6829817535842705 0.7266314643904992
0.6870221576246746 0.7266314643904992
0.6910625616650786 0.7266314643904992
0.6951029657054826 0.7266314643904992
0.6991433697458866 0.7266314643904992
0.6668201374226543 0.7306718684309033
0.6708605414630584 0.7306718684309033
0.6749009455034625 0.7306718684309033
0.6789413495438665 0.7306718684309033
0.6829817535842705 0.7306718684309033
0.6870221576246746 0.7306718684309033
0.6910625616650786 0.7306718684309033
0.6951029657054826 0.7306718684309033
0.6627797333822503 0.7347122724713073
0.6668201374226543 0.7347122724713073
0.6708605414630584 0.7347122724713073
0.6749009455034625 0.7347122724713073
0.6789413495438665 0.7347122724713073
0.6829817535842705 0.7347122724713073
0.6870221576246746 0.7347122724713073
0.6910625616650786 0.7347122724713073
0.6587393293418462 0.7387526765117113
0.6627797333822503 0.7387526765117113
0.6668201374226543 0.7387526765117113
0.6708605414630584 0.7387526765117113
0.6749009455034625 0.7387526765117113
0.6789413495438665 0.7387526765117113
0.6829817535842705 0.7387526765117113
0.6870221576246746 0.7387526765117113
0.6546989253014422 0.7427930805521153
0.6587393293418462 0.7427930805521153
0.6627797333822503 0.7427930805521153
0.6668201374226543 0.7427930805521153
0.6708605414630584 0.7427930805521153
0.6749009455034625 0.7427930805521153
0.6789413495438665 0.7427930805521153
0.6829817535842705 0.7427930805521153
0.6466181172206342 0.7468334845925194
0.6506585212610382 0.7468334845925194
0.6546989253014422 0.7468334845925194
0.6587393293418462 0.7468334845925194
0.6627797333822503 0.7468334845925194
0.6668201374226543 0.7468334845925194
0.6708605414630584 0.7468334845925194
0.6749009455034625 0.7468334845925194
0.6789413495438665 0.7468334845925194
0.6425777131802302 0.7508738886329235
0.6466181172206342 0.7508738886329235
0.6506585212610382 0.7508738886329235
0.6546989253014422 0.7508738886329235
0.6587393293418462 0.7508738886329235
0.6627797333822503 0.7508738886329235
0.6668201374226543 0.7508738886329235
0.6708605414630584 0.7508738886329235
0.6749009455034625 0.7508738886329235
0.6385373091398261 0.7549142926733274
0.6425777131802302 0.7549142926733274
0.6466181172206342 0.7549142926733274
0.6506585212610382 0.7549142926733274
0.6546989253014422 0.7549142926733274
0.6587393293418462 0.7549142926733274
0.6627797333822503 0.7549142926733274
0.6668201374226543 0.7549142926733274
0.6708605414630584 0.7549142926733274
0.634496905099422 0.7589546967137315
0.6385373091398261 0.7589546967137315
0.6425777131802302 0.7589546967137315
0.6466181172206342 0.7589546967137315
0.6506585212610382 0.7589546967137315
0.6546989253014422 0.7589546967137315
0.6587393293418462 0.7589546967137315
0.6627797333822503 0.7589546967137315
0.6668201374226543 0.7589546967137315
0.630456501059018 0.7629951007541356
0.634496905099422 0.7629951007541356
0.6385373091398261 0.7629951007541356
0.6425777131802302 0.7629951007541356
0.6466181172206342 0.7629951007541356
0.6506585212610382 0.7629951007541356
0.6546989253014422 0.7629951007541356
0.6587393293418462 0.7629951007541356
0.6264160970186139 0.7670355047945396
0.630456501059018 0.7670355047945396
0.634496905099422 0.7670355047945396
0.6385373091398261 0.7670355047945396
0.6425777131802302 0.7670355047945396
0.6466181172206342 0.7670355047945396
0.6506585212610382 0.7670355047945396
0.6546989253014422 0.7670355047945396
0.6183352889378059 0.7710759088349436
0.6223756929782098 0.7710759088349436
0.6264160970186139 0.7710759088349436
0.630456501059018 0.7710759088349436
0.634496905099422 0.7710759088349436
0.6385373091398261 0.7710759088349436
0.6425777131802302 0.7710759088349436
0.6466181172206342 0.7710759088349436
0.6506585212610382 0.7710759088349436
0.6142948848974018 0.7751163128753477
0.6183352889378059 0.7751163128753477
0.6223756929782098 0.7751163128753477
0.6264160970186139 0.7751163128753477
0.630456501059018 0.7751163128753477
0.634496905099422 0.7751163128753477
0.6385373091398261 0.7751163128753477
0.6425777131802302 0.7751163128753477
0.6466181172206342 0.7751163128753477
0.6102544808569978 0.7791567169157517
0.6142948848974018 0.7791567169157517
0.6183352889378059 0.7791567169157517
0.6223756929782098 0.7791567169157517
0.6264160970186139 0.7791567169157517
0.630456501059018 0.7791567169157517
0.634496905099422 0.7791567169157517
0.6385373091398261 0.7791567169157517
0.6425777131802302 0.7791567169157517
0.6021736727761897 0.7831971209561558
0.6062140768165938 0.7831971209561558
0.6102544808569978 0.7831971209561558
0.6142948848974018 0.7831971209561558
0.6183352889378059 0.7831971209561558
0.6223756929782098 0.7831971209561558
0.6264160970186139 0.7831971209561558
0.630456501059018 0.7831971209561558
0.634496905099422 0.7831971209561558
0.6385373091398261 0.7831971209561558
0.5981332687357857 0.7872375249965597
0.6021736727761897 0.7872375249965597
0.6062140768165938 0.7872375249965597
0.6102544808569978 0.7872375249965597
0.6142948848974018 0.7872375249965597
0.6183352889378059 0.7872375249965597
0.6223756929782098 0.7872375249965597
0.6264160970186139 0.7872375249965597
0.630456501059018 0.7872375249965597
0.5940928646953816 0.7912779290369638
0.5981332687357857 0.7912779290369638
0.6021736727761897 0.7912779290369638
0.6062140768165938 0.7912779290369638
0.6102544808569978 0.7912779290369638
0.6142948848974018 0.7912779290369638
0.6183352889378059 0.7912779290369638
0.6223756929782098 0.7912779290369638
0.6264160970186139 0.7912779290369638
0.5900524606549775 0.7953183330773679
0.5940928646953816 0.7953183330773679
0.5981332687357857 0.7953183330773679
0.6021736727761897 0.7953183330773679
0.6062140768165938 0.7953183330773679
0.6102544808569978 0.7953183330773679
0.6142948848974018 0.7953183330773679
0.6183352889378059 0.7953183330773679
0.6223756929782098 0.7953183330773679
0.5819716525741695 0.799358737117772
0.5860120566145736 0.799358737117772
0.5900524606549775 0.799358737117772
0.5940928646953816 0.799358737117772
0.5981332687357857 0.799358737117772
0.6021736727761897 0.799358737117772
0.6062140768165938 0.799358737117772
0.6102544808569978 0.799358737117772
0.6142948848974018 0.799358737117772
0.6183352889378059 0.799358737117772
0.5779312485337655 0.803399141158176
0.5819716525741695 0.803399141158176
0.5860120566145736 0.803399141158176
0.5900524606549775 0.803399141158176
0.5940928646953816 0.803399141158176
0.5981332687357857 0.803399141158176
0.6021736727761897 0.803399141158176
0.6062140768165938 0.803399141158176
0.6102544808569978 0.803399141158176
0.5698504404529574 0.80743954519858
0.5738908444933615 0.80743954519858
0.5779312485337655 0.80743954519858
0.5819716525741695 0.80743954519858
0.5860120566145736 0.80743954519858
0.5900524606549775 0.80743954519858
0.5940928646953816 0.80743954519858
0.5981332687357857 0.80743954519858
0.6021736727761897 0.80743954519858
0.6062140768165938 0.80743954519858
0.5658100364125533 0.811479949238984
0.5698504404529574 0.811479949238984
0.5738908444933615 0.811479949238984
0.5779312485337655 0.811479949238984
0.5819716525741695 0.811479949238984
0.5860120566145736 0.811479949238984
0.5900524606549775 0.811479949238984
0.5940928646953816 0.811479949238984
0.5981332687357857 0.811479949238984
0.6021736727761897 0.811479949238984
0.5577292283317452 0.8155203532793881
0.5617696323721493 0.8155203532793881
0.5658100364125533 0.8155203532793881
0.5698504404529574 0.8155203532793881
0.5738908444933615 0.8155203532793881
0.5779312485337655 0.8155203532793881
0.5819716525741695 0.8155203532793881
0.5860120566145736 0.8155203532793881
0.5900524606549775 0.8155203532793881
0.5940928646953816 0.8155203532793881
0.5536888242913411 0.819560757319792
0.5577292283317452 0.819560757319792
0.5617696323721493 0.819560757319792
0.5658100364125533 0.819560757319792
0.5698504404529574 0.819560757319792
0.5738908444933615 0.819560757319792
0.5779312485337655 0.819560757319792
0.5819716525741695 0.819560757319792
0.5860120566145736 0.819560757319792
0.5900524606549775 0.819560757319792
0.5496484202509372 0.8236011613601961
0.5536888242913411 0.8236011613601961
0.5577292283317452 0.8236011613601961
0.5617696323721493 0.8236011613601961
0.5658100364125533 0.8236011613601961
0.5698504404529574 0.8236011613601961
0.5738908444933615 0.8236011613601961
0.5779312485337655 0.8236011613601961
0.5819716525741695 0.8236011613601961
0.5415676121701292 0.8276415654006002
0.5456080162105331 0.8276415654006002
0.5496484202509372 0.8276415654006002
0.5536888242913411 0.8276415654006002
0.5577292283317452 0.8276415654006002
0.5617696323721493 0.8276415654006002
0.5658100364125533 0.8276415654006002
0.5698504404529574 0.8276415654006002
0.5738908444933615 0.8276415654006002
0.5779312485337655 0.8276415654006002
0.533486804089321 0.8316819694410043
0.5375272081297251 0.8316819694410043
0.5415676121701292 0.8316819694410043
0.5456080162105331 0.8316819694410043
0.5496484202509372 0.8316819694410043
0.5536888242913411 0.8316819694410043
0.5577292283317452 0.8316819694410043
0.5617696323721493 0.8316819694410043
0.5658100364125533 0.8316819694410043
0.5698504404529574 0.8316819694410043
0.5738908444933615 0.8316819694410043
0.529446400048917 0.8357223734814083
0.533486804089321 0.8357223734814083
0.5375272081297251 0.8357223734814083
0.5415676121701292 0.8357223734814083
0.5456080162105331 0.8357223734814083
0.5496484202509372 0.8357223734814083
0.5536888242913411 0.8357223734814083
0.5577292283317452 0.8357223734814083
0.5617696323721493 0.8357223734814083
0.5658100364125533 0.8357223734814083
0.5213655919681088 0.8397627775218124
0.5254059960085129 0.8397627775218124
0.529446400048917 0.8397627775218124
0.533486804089321 0.8397627775218124
0.5375272081297251 0.8397627775218124
0.5415676121701292 0.8397627775218124
0.5456080162105331 0.8397627775218124
0.5496484202509372 0.8397627775218124
0.5536888242913411 0.8397627775218124
0.5577292283317452 0.8397627775218124
0.5617696323721493 0.8397627775218124
0.5173251879277049 0.8438031815622163
0.5213655919681088 0.8438031815622163
0.5254059960085129 0.8438031815622163
0.529446400048917 0.8438031815622163
0.533486804089321 0.8438031815622163
0.5375272081297251 0.8438031815622163
0.5415676121701292 0.8438031815622163
0.5456080162105331 0.8438031815622163
0.5496484202509372 0.8438031815622163
0.5536888242913411 0.8438031815622163
0.5092443798468967 0.8478435856026204
0.5132847838873008 0.8478435856026204
0.5173251879277049 0.8478435856026204
0.5213655919681088 0.8478435856026204
0.5254059960085129 0.8478435856026204
0.529446400048917 0.8478435856026204
0.533486804089321 0.8478435856026204
0.5375272081297251 0.8478435856026204
0.5415676121701292 0.8478435856026204
0.5456080162105331 0.8478435856026204
0.5496484202509372 0.8478435856026204
0.5011635717660887 0.8518839896430245
0.5052039758064928 0.8518839896430245
0.5092443798468967 0.8518839896430245
0.5132847838873008 0.8518839896430245
0.5173251879277049 0.8518839896430245
0.5213655919681088 0.8518839896430245
0.5254059960085129 0.8518839896430245
0.529446400048917 0.8518839896430245
0.533486804089321 0.8518839896430245
0.5375272081297251 0.8518839896430245
0.5415676121701292 0.8518839896430245
0.4930827636852806 0.8559243936834284
0.49712316772568466 0.8559243936834284
0.5011635717660887 0.8559243936834284
0.5052039758064928 0.8559243936834284
0.5092443798468967 0.8559243936834284
0.5132847838873008 0.8559243936834284
0.5173251879277049 0.8559243936834284
0.5213655919681088 0.8559243936834284
0.5254059960085129 0.8559243936834284
0.529446400048917 0.8559243936834284
0.533486804089321 0.8559243936834284
0.5375272081297251 0.8559243936834284
0.4890423596448766 0.8599647977238325
0.4930827636852806 0.8599647977238325
0.49712316772568466 0.8599647977238325
0.5011635717660887 0.8599647977238325
0.5052039758064928 0.8599647977238325
0.5092443798468967 0.8599647977238325
0.5132847838873008 0.8599647977238325
0.5173251879277049 0.8599647977238325
0.5213655919681088 0.8599647977238325
0.5254059960085129 0.8599647977238325
0.529446400048917 0.8599647977238325
0.4809615515640685 0.8640052017642366
0.48500195560447257 0.8640052017642366
0.4890423596448766 0.8640052017642366
0.4930827636852806 0.8640052017642366
0.49712316772568466 0.8640052017642366
0.5011635717660887 0.8640052017642366
0.5052039758064928 0.8640052017642366
0.5092443798468967 0.8640052017642366
0.5132847838873008 0.8640052017642366
0.5173251879277049 0.8640052017642366
0.5213655919681088 0.8640052017642366
0.4728807434832604 0.8680456058046406
0.47692114752366443 0.8680456058046406
0.4809615515640685 0.8680456058046406
0.48500195560447257 0.8680456058046406
0.4890423596448766 0.8680456058046406
0.4930827636852806 0.8680456058046406
0.49712316772568466 0.8680456058046406
0.5011635717660887 0.8680456058046406
0.5052039758064928 0.8680456058046406
0.5092443798468967 0.8680456058046406
0.5132847838873008 0.8680456058046406
0.5173251879277049 0.8680456058046406
0.46479993540245235 0.8720860098450447
0.4688403394428564 0.8720860098450447
0.4728807434832604 0.8720860098450447
0.47692114752366443 0.8720860098450447
0.4809615515640685 0.8720860098450447
0.48500195560447257 0.8720860098450447
0.4890423596448766 0.8720860098450447
0.4930827636852806 0.8720860098450447
0.49712316772568466 0.8720860098450447
0.5011635717660887 0.8720860098450447
0.5052039758064928 0.8720860098450447
0.5092443798468967 0.8720860098450447
0.4567191273216442 0.8761264138854487
0.4607595313620483 0.8761264138854487
0.46479993540245235 0.8761264138854487
0.4688403394428564 0.8761264138854487
0.4728807434832604 0.8761264138854487
0.47692114752366443 0.8761264138854487
0.4809615515640685 0.8761264138854487
0.48500195560447257 0.8761264138854487
0.4890423596448766 0.8761264138854487
0.4930827636852806 0.8761264138854487
0.49712316772568466 0.8761264138854487
0.5011635717660887 0.8761264138854487
0.4486383192408362 0.8801668179258527
0.4526787232812402 0.8801668179258527
0.4567191273216442 0.8801668179258527
0.4607595313620483 0.8801668179258527
0.46479993540245235 0.8801668179258527
0.4688403394428564 0.8801668179258527
0.4728807434832604 0.8801668179258527
0.47692114752366443 0.8801668179258527
0.4809615515640685 0.8801668179258527
0.48500195560447257 0.8801668179258527
0.4890423596448766 0.8801668179258527
0.4930827636852806 0.8801668179258527
0.49712316772568466 0.8801668179258527
0.44055751116002806 0.8842072219662568
0.4445979152004321 0.8842072219662568
0.4486383192408362 0.8842072219662568
0.4526787232812402 0.8842072219662568
0.4567191273216442 0.8842072219662568
0.4607595313620483 0.8842072219662568
0.46479993540245235 0.8842072219662568
0.4688403394428564 0.8842072219662568
0.4728807434832604 0.8842072219662568
0.47692114752366443 0.8842072219662568
0.4809615515640685 0.8842072219662568
0.48500195560447257 0.8842072219662568
0.4890423596448766 0.8842072219662568
0.43247670307922004 0.8882476260066607
0.43651710711962405 0.8882476260066607
0.44055751116002806 0.8882476260066607
0.4445979152004321 0.8882476260066607
0.4486383192408362 0.8882476260066607
0.4526787232812402 0.8882476260066607
0.4567191273216442 0.8882476260066607
0.4607595313620483 0.8882476260066607
0.46479993540245235 0.8882476260066607
0.4688403394428564 0.8882476260066607
0.4728807434832604 0.8882476260066607
0.47692114752366443 0.8882476260066607
0.4809615515640685 0.8882476260066607
0.4243958949984119 0.8922880300470648
0.42843629903881597 0.8922880300470648
0.43247670307922004 0.8922880300470648
0.43651710711962405 0.8922880300470648
0.44055751116002806 0.8922880300470648
0.4445979152004321 0.8922880300470648
0.4486383192408362 0.8922880300470648
0.4526787232812402 0.8922880300470648
0.4567191273216442 0.8922880300470648
0.4607595313620483 0.8922880300470648
0.46479993540245235 0.8922880300470648
0.4688403394428564 0.8922880300470648
0.4728807434832604 0.8922880300470648
0.4163150869176039 0.8963284340874689
0.4203554909580079 0.8963284340874689
0.4243958949984119 0.8963284340874689
0.42843629903881597 0.8963284340874689
0.43247670307922004 0.8963284340874689
0.43651710711962405 0.8963284340874689
0.44055751116002806 0.8963284340874689
0.4445979152004321 0.8963284340874689
0.4486383192408362 0.8963284340874689
0.4526787232812402 0.8963284340874689
0.4567191273216442 0.8963284340874689
0.4607595313620483 0.8963284340874689
0.46479993540245235 0.8963284340874689
0.40823427883679575 0.9003688381278729
0.4122746828771998 0.9003688381278729
0.4163150869176039 0.9003688381278729
0.4203554909580079 0.9003688381278729
0.4243958949984119 0.9003688381278729
0.42843629903881597 0.9003688381278729
0.43247670307922004 0.9003688381278729
0.43651710711962405 0.9003688381278729
0.44055751116002806 0.9003688381278729
0.4445979152004321 0.9003688381278729
0.4486383192408362 0.9003688381278729
0.4526787232812402 0.9003688381278729
0.4567191273216442 0.9003688381278729
0.4001534707559877 0.904409242168277
0.40419387479639174 0.904409242168277
0.40823427883679575 0.904409242168277
0.4122746828771998 0.904409242168277
0.4163150869176039 0.904409242168277
0.4203554909580079 0.904409242168277
0.4243958949984119 0.904409242168277
0.42843629903881597 0.904409242168277
0.43247670307922004 0.904409242168277
0.43651710711962405 0.904409242168277
0.44055751116002806 0.904409242168277
0.4445979152004321 0.904409242168277
0.4486383192408362 0.904409242168277
0.3880322586347756 0.9084496462086811
0.3920726626751796 0.9084496462086811
0.39611306671558366 0.9084496462086811
0.4001534707559877 0.9084496462086811
0.40419387479639174 0.9084496462086811
0.40823427883679575 0.9084496462086811
0.4122746828771998 0.9084496462086811
0.4163150869176039 0.9084496462086811
0.4203554909580079 0.9084496462086811
0.4243958949984119 0.9084496462086811
0.42843629903881597 0.9084496462086811
0.43247670307922004 0.9084496462086811
0.43651710711962405 0.9084496462086811
0.44055751116002806 0.9084496462086811
0.4445979152004321 0.9084496462086811
0.3799514505539675 0.912490050249085
0.3839918545943715 0.912490050249085
0.3880322586347756 0.912490050249085
0.3920726626751796 0.912490050249085
0.39611306671558366 0.912490050249085
0.4001534707559877 0.912490050249085
0.40419387479639174 0.912490050249085
0.40823427883679575 0.912490050249085
0.4122746828771998 0.912490050249085
0.4163150869176039 0.912490050249085
0.4203554909580079 0.912490050249085
0.4243958949984119 0.912490050249085
0.42843629903881597 0.912490050249085
0.43247670307922004 0.912490050249085
0.3718706424731594 0.9165304542894891
0.37591104651356344 0.9165304542894891
0.3799514505539675 0.9165304542894891
0.3839918545943715 0.9165304542894891
0.3880322586347756 0.9165304542894891
0.3920726626751796 0.9165304542894891
0.39611306671558366 0.9165304542894891
0.4001534707559877 0.9165304542894891
0.40419387479639174 0.9165304542894891
0.40823427883679575 0.9165304542894891
0.4122746828771998 0.9165304542894891
0.4163150869176039 0.9165304542894891
0.4203554909580079 0.9165304542894891
0.4243958949984119 0.9165304542894891
0.3597494303519473 0.920570858329893
0.36378983439235135 0.920570858329893
0.36783023843275536 0.920570858329893
0.3718706424731594 0.920570858329893
0.37591104651356344 0.920570858329893
0.3799514505539675 0.920570858329893
0.3839918545943715 0.920570858329893
0.3880322586347756 0.920570858329893
0.3920726626751796 0.920570858329893
0.39611306671558366 0.920570858329893
0.4001534707559877 0.920570858329893
0.40419387479639174 0.920570858329893
0.40823427883679575 0.920570858329893
0.4122746828771998 0.920570858329893
0.4163150869176039 0.920570858329893
0.3516686222711392 0.9246112623702971
0.3557090263115432 0.9246112623702971
0.3597494303519473 0.9246112623702971
0.36378983439235135 0.9246112623702971
0.36783023843275536 0.9246112623702971
0.3718706424731594 0.9246112623702971
0.37591104651356344 0.9246112623702971
0.3799514505539675 0.9246112623702971
0.3839918545943715 0.9246112623702971
0.3880322586347756 0.9246112623702971
0.3920726626751796 0.9246112623702971
0.39611306671558366 0.9246112623702971
0.4001534707559877 0.9246112623702971
0.40419387479639174 0.9246112623702971
0.40823427883679575 0.9246112623702971
0.33954741014992706 0.9286516664107012
0.34358781419033113 0.9286516664107012
0.3476282182307352 0.9286516664107012
0.3516686222711392 0.9286516664107012
0.3557090263115432 0.9286516664107012
0.3597494303519473 0.9286516664107012
0.36378983439235135 0.9286516664107012
0.36783023843275536 0.9286516664107012
0.3718706424731594 0.9286516664107012
0.37591104651356344 0.9286516664107012
0.3799514505539675 0.9286516664107012
0.3839918545943715 0.9286516664107012
0.3880322586347756 0.9286516664107012
0.3920726626751796 0.9286516664107012
0.39611306671558366 0.9286516664107012
0.4001534707559877 0.9286516664107012
0.327426198028715 0.9326920704511052
0.331466602069119 0.9326920704511052
0.33550700610952305 0.9326920704511052
0.33954741014992706 0.9326920704511052
0.34358781419033113 0.9326920704511052
0.3476282182307352 0.9326920704511052
0.3516686222711392 0.9326920704511052
0.3557090263115432 0.9326920704511052
0.3597494303519473 0.9326920704511052
0.36378983439235135 0.9326920704511052
0.36783023843275536 0.9326920704511052
0.3718706424731594 0.9326920704511052
0.37591104651356344 0.9326920704511052
0.3799514505539675 0.9326920704511052
0.3839918545943715 0.9326920704511052
0.3880322586347756 0.9326920704511052
0.31530498590750283 0.9367324744915093
0.31934538994790684 0.9367324744915093
0.3233857939883109 0.9367324744915093
0.327426198028715 0.9367324744915093
0.331466602069119 0.9367324744915093
0.33550700610952305 0.9367324744915093
0.33954741014992706 0.9367324744915093
0.34358781419033113 0.9367324744915093
0.3476282182307352 0.9367324744915093
0.3516686222711392 0.9367324744915093
0.3557090263115432 0.9367324744915093
0.3597494303519473 0.9367324744915093
0.36378983439235135 0.9367324744915093
0.36783023843275536 0.9367324744915093
0.3718706424731594 0.9367324744915093
0.37591104651356344 0.9367324744915093
0.3799514505539675 0.9367324744915093
0.3031837737862907 0.9407728785319134
0.30722417782669476 0.9407728785319134
0.3112645818670988 0.9407728785319134
0.31530498590750283 0.9407728785319134
0.31934538994790684 0.9407728785319134
0.3233857939883109 0.9407728785319134
0.327426198028715 0.9407728785319134
0.331466602069119 0.9407728785319134
0.33550700610952305 0.9407728785319134
0.33954741014992706 0.9407728785319134
0.34358781419033113 0.9407728785319134
0.3476282182307352 0.9407728785319134
0.3516686222711392 0.9407728785319134
0.3557090263115432 0.9407728785319134
0.3597494303519473 0.9407728785319134
0.36378983439235135 0.9407728785319134
0.36783023843275536 0.9407728785319134
0.2991433697458867 0.9448132825723174
0.3031837737862907 0.9448132825723174
0.30722417782669476 0.9448132825723174
0.3112645818670988 0.9448132825723174
0.31530498590750283 0.9448132825723174
0.31934538994790684 0.9448132825723174
0.3233857939883109 0.9448132825723174
0.327426198028715 0.9448132825723174
0.331466602069119 0.9448132825723174
0.33550700610952305 0.9448132825723174
0.33954741014992706 0.9448132825723174
0.34358781419033113 0.9448132825723174
0.3476282182307352 0.9448132825723174
0.3516686222711392 0.9448132825723174
0.3557090263115432 0.9448132825723174
0.2991433697458867 0.9488536866127214
0.3031837737862907 0.9488536866127214
0.30722417782669476 0.9488536866127214
0.3112645818670988 0.9488536866127214
0.31530498590750283 0.9488536866127214
0.31934538994790684 0.9488536866127214
0.3233857939883109 0.9488536866127214
0.327426198028715 0.9488536866127214
0.331466602069119 0.9488536866127214
0.33550700610952305 0.9488536866127214
0.33954741014992706 0.9488536866127214
0.34358781419033113 0.9488536866127214
0.3476282182307352 0.9488536866127214
0.2991433697458867 0.9528940906531255
0.3031837737862907 0.9528940906531255
0.30722417782669476 0.9528940906531255
0.3112645818670988 0.9528940906531255
0.31530498590750283 0.9528940906531255
0.31934538994790684 0.9528940906531255
0.3233857939883109 0.9528940906531255
0.327426198028715 0.9528940906531255
0.331466602069119 0.9528940906531255
0.33550700610952305 0.9528940906531255
0.2991433697458867 0.9569344946935294
0.3031837737862907 0.9569344946935294
0.30722417782669476 0.9569344946935294
0.3112645818670988 0.9569344946935294
0.31530498590750283 0.9569344946935294
0.31934538994790684 0.9569344946935294
0.3233857939883109 0.9569344946935294
0.2991433697458867 0.9609748987339335
0.3031837737862907 0.9609748987339335
0.30722417782669476 0.9609748987339335
0.3112645818670988 0.9609748987339335
0.2991433697458867 0.9650153027743376
