# x y
0.6999865754789787 0.7225910603500951
0.6919057673981707 0.7306718684309033
0.6838249593173625 0.7387526765117113
0.6717037471961504 0.7508738886329235
0.6191784946708979 0.7953183330773679
0.6353401108325141 0.799358737117772
0.5989764744688777 0.8155203532793881
0.5949360704284736 0.8316819694410043
0.5585724340648373 0.8397627775218124
0.5464512219436252 0.8478435856026204
0.5020067774991808 0.8720860098450447
0.530289605782009 0.8761264138854487
0.4898855653779686 0.9003688381278729
0.42523910073150395 0.920570858329893
0.3969562724486757 0.9286516664107012
0.38887546436786763 0.9367324744915093
0.3161481916405949 0.9650153027743376
0.30402697951938273 0.9690557068147416
