# x y
0.689718363861602 0.698348636107671
0.6977991719424101 0.698348636107671
0.689718363861602 0.702389040148075
0.6937587679020061 0.702389040148075
0.6977991719424101 0.702389040148075
0.689718363861602 0.706429444188479
0.6937587679020061 0.706429444188479
0.6977991719424101 0.706429444188479
0.6816375557807939 0.710469848228883
0.685677959821198 0.710469848228883
0.689718363861602 0.710469848228883
0.6937587679020061 0.710469848228883
0.6977991719424101 0.710469848228883
0.6735567476999859 0.7145102522692871
0.6775971517403899 0.7145102522692871
0.6816375557807939 0.7145102522692871
0.685677959821198 0.7145102522692871
0.689718363861602 0.7145102522692871
0.6937587679020061 0.7145102522692871
0.6977991719424101 0.7145102522692871
0.6735567476999859 0.7185506563096911
0.6775971517403899 0.7185506563096911
0.6816375557807939 0.7185506563096911
0.685677959821198 0.7185506563096911
0.689718363861602 0.7185506563096911
0.6937587679020061 0.7185506563096911
0.6977991719424101 0.7185506563096911
0.6695163436595819 0.7225910603500951
0.6735567476999859 0.7225910603500951
0.6775971517403899 0.7225910603500951
0.6816375557807939 0.7225910603500951
0.685677959821198 0.7225910603500951
0.689718363861602 0.7225910603500951
0.6937587679020061 0.7225910603500951
0.6977991719424101 0.7225910603500951
0.6654759396191778 0.7266314643904992
0.6695163436595819 0.7266314643904992
0.6735567476999859 0.7266314643904992
0.6775971517403899 0.7266314643904992
0.6816375557807939 0.7266314643904992
0.685677959821198 0.7266314643904992
0.689718363861602 0.7266314643904992
0.6937587679020061 0.7266314643904992
0.6977991719424101 0.7266314643904992
0.6614355355787738 0.7306718684309033
0.6654759396191778 0.7306718684309033
0.6695163436595819 0.7306718684309033
0.6735567476999859 0.7306718684309033
0.6775971517403899 0.7306718684309033
0.6816375557807939 0.7306718684309033
0.685677959821198 0.7306718684309033
0.689718363861602 0.7306718684309033
0.6937587679020061 0.7306718684309033
0.6977991719424101 0.7306718684309033
0.6533547274979656 0.7347122724713073
0.6573951315383697 0.7347122724713073
0.6614355355787738 0.7347122724713073
0.6654759396191778 0.7347122724713073
0.6695163436595819 0.7347122724713073
0.6735567476999859 0.7347122724713073
0.6775971517403899 0.7347122724713073
0.6816375557807939 0.7347122724713073
0.685677959821198 0.7347122724713073
0.689718363861602 0.7347122724713073
0.6937587679020061 0.7347122724713073
0.6533547274979656 0.7387526765117113
0.6573951315383697 0.7387526765117113
0.6614355355787738 0.7387526765117113
0.6654759396191778 0.7387526765117113
0.6695163436595819 0.7387526765117113
0.6735567476999859 0.7387526765117113
0.6775971517403899 0.7387526765117113
0.6816375557807939 0.7387526765117113
0.685677959821198 0.7387526765117113
0.689718363861602 0.7387526765117113
0.6452739194171576 0.7427930805521153
0.6493143234575616 0.7427930805521153
0.6533547274979656 0.7427930805521153
0.6573951315383697 0.7427930805521153
0.6614355355787738 0.7427930805521153
0.6654759396191778 0.7427930805521153
0.6695163436595819 0.7427930805521153
0.6735567476999859 0.7427930805521153
0.6775971517403899 0.7427930805521153
0.6816375557807939 0.7427930805521153
0.685677959821198 0.7427930805521153
0.6412335153767535 0.7468334845925194
0.6452739194171576 0.7468334845925194
0.6493143234575616 0.7468334845925194
0.6533547274979656 0.7468334845925194
0.6573951315383697 0.7468334845925194
0.6614355355787738 0.7468334845925194
0.6654759396191778 0.7468334845925194
0.6695163436595819 0.7468334845925194
0.6735567476999859 0.7468334845925194
0.6775971517403899 0.7468334845925194
0.6816375557807939 0.7468334845925194
0.6371931113363496 0.7508738886329235
0.6412335153767535 0.7508738886329235
0.6452739194171576 0.7508738886329235
0.6493143234575616 0.7508738886329235
0.6533547274979656 0.7508738886329235
0.6573951315383697 0.7508738886329235
0.6614355355787738 0.7508738886329235
0.6654759396191778 0.7508738886329235
0.6695163436595819 0.7508738886329235
0.6735567476999859 0.7508738886329235
0.6775971517403899 0.7508738886329235
0.6331527072959455 0.7549142926733274
0.6371931113363496 0.7549142926733274
0.6412335153767535 0.7549142926733274
0.6452739194171576 0.7549142926733274
0.6493143234575616 0.7549142926733274
0.6533547274979656 0.7549142926733274
0.6573951315383697 0.7549142926733274
0.6614355355787738 0.7549142926733274
0.6654759396191778 0.7549142926733274
0.6695163436595819 0.7549142926733274
0.6735567476999859 0.7549142926733274
0.6291123032555415 0.7589546967137315
0.6331527072959455 0.7589546967137315
0.6371931113363496 0.7589546967137315
0.6412335153767535 0.7589546967137315
0.6452739194171576 0.7589546967137315
0.6493143234575616 0.7589546967137315
0.6533547274979656 0.7589546967137315
0.6573951315383697 0.7589546967137315
0.6614355355787738 0.7589546967137315
0.6654759396191778 0.7589546967137315
0.6695163436595819 0.7589546967137315
0.6169910911343293 0.7629951007541356
0.6250718992151374 0.7629951007541356
0.6291123032555415 0.7629951007541356
0.6331527072959455 0.7629951007541356
0.6371931113363496 0.7629951007541356
0.6412335153767535 0.7629951007541356
0.6452739194171576 0.7629951007541356
0.6493143234575616 0.7629951007541356
0.6533547274979656 0.7629951007541356
0.6573951315383697 0.7629951007541356
0.6614355355787738 0.7629951007541356
0.6654759396191778 0.7629951007541356
0.6169910911343293 0.7670355047945396
0.6210314951747333 0.7670355047945396
0.6250718992151374 0.7670355047945396
0.6291123032555415 0.7670355047945396
0.6331527072959455 0.7670355047945396
0.6371931113363496 0.7670355047945396
0.6412335153767535 0.7670355047945396
0.6452739194171576 0.7670355047945396
0.6493143234575616 0.7670355047945396
0.6533547274979656 0.7670355047945396
0.6573951315383697 0.7670355047945396
0.6129506870939252 0.7710759088349436
0.6169910911343293 0.7710759088349436
0.6210314951747333 0.7710759088349436
0.6250718992151374 0.7710759088349436
0.6291123032555415 0.7710759088349436
0.6331527072959455 0.7710759088349436
0.6371931113363496 0.7710759088349436
0.6412335153767535 0.7710759088349436
0.6452739194171576 0.7710759088349436
0.6493143234575616 0.7710759088349436
0.6533547274979656 0.7710759088349436
0.6573951315383697 0.7710759088349436
0.6048698790131172 0.7751163128753477
0.6089102830535212 0.7751163128753477
0.6129506870939252 0.7751163128753477
0.6169910911343293 0.7751163128753477
0.6210314951747333 0.7751163128753477
0.6250718992151374 0.7751163128753477
0.6291123032555415 0.7751163128753477
0.6331527072959455 0.7751163128753477
0.6371931113363496 0.7751163128753477
0.6412335153767535 0.7751163128753477
0.6452739194171576 0.7751163128753477
0.6493143234575616 0.7751163128753477
0.6008294749727132 0.7791567169157517
0.6048698790131172 0.7791567169157517
0.6089102830535212 0.7791567169157517
0.6129506870939252 0.7791567169157517
0.6169910911343293 0.7791567169157517
0.6210314951747333 0.7791567169157517
0.6250718992151374 0.7791567169157517
0.6291123032555415 0.7791567169157517
0.6331527072959455 0.7791567169157517
0.6371931113363496 0.7791567169157517
0.6412335153767535 0.7791567169157517
0.6452739194171576 0.7791567169157517
0.5967890709323092 0.7831971209561558
0.6008294749727132 0.7831971209561558
0.6048698790131172 0.7831971209561558
0.6089102830535212 0.7831971209561558
0.6129506870939252 0.7831971209561558
0.6169910911343293 0.7831971209561558
0.6210314951747333 0.7831971209561558
0.6250718992151374 0.7831971209561558
0.6291123032555415 0.7831971209561558
0.6331527072959455 0.7831971209561558
0.6371931113363496 0.7831971209561558
0.6412335153767535 0.7831971209561558
0.588708262851501 0.7872375249965597
0.5927486668919051 0.7872375249965597
0.5967890709323092 0.7872375249965597
0.6008294749727132 0.7872375249965597
0.6048698790131172 0.7872375249965597
0.6089102830535212 0.7872375249965597
0.6129506870939252 0.7872375249965597
0.6169910911343293 0.7872375249965597
0.6210314951747333 0.7872375249965597
0.6250718992151374 0.7872375249965597
0.6291123032555415 0.7872375249965597
0.6331527072959455 0.7872375249965597
0.584667858811097 0.7912779290369638
0.588708262851501 0.7912779290369638
0.5927486668919051 0.7912779290369638
0.5967890709323092 0.7912779290369638
0.6008294749727132 0.7912779290369638
0.6048698790131172 0.7912779290369638
0.6089102830535212 0.7912779290369638
0.6129506870939252 0.7912779290369638
0.6169910911343293 0.7912779290369638
0.6210314951747333 0.7912779290369638
0.6250718992151374 0.7912779290369638
0.6291123032555415 0.7912779290369638
0.6331527072959455 0.7912779290369638
0.5806274547706929 0.7953183330773679
0.584667858811097 0.7953183330773679
0.588708262851501 0.7953183330773679
0.5927486668919051 0.7953183330773679
0.5967890709323092 0.7953183330773679
0.6008294749727132 0.7953183330773679
0.6048698790131172 0.7953183330773679
0.6089102830535212 0.7953183330773679
0.6129506870939252 0.7953183330773679
0.6169910911343293 0.7953183330773679
0.6210314951747333 0.7953183330773679
0.6250718992151374 0.7953183330773679
0.5765870507302889 0.799358737117772
0.5806274547706929 0.799358737117772
0.584667858811097 0.799358737117772
0.588708262851501 0.799358737117772
0.5927486668919051 0.799358737117772
0.5967890709323092 0.799358737117772
0.6008294749727132 0.799358737117772
0.6048698790131172 0.799358737117772
0.6089102830535212 0.799358737117772
0.6129506870939252 0.799358737117772
0.6169910911343293 0.799358737117772
0.6210314951747333 0.799358737117772
0.5685062426494809 0.803399141158176
0.5725466466898849 0.803399141158176
0.5765870507302889 0.803399141158176
0.5806274547706929 0.803399141158176
0.584667858811097 0.803399141158176
0.588708262851501 0.803399141158176
0.5927486668919051 0.803399141158176
0.5967890709323092 0.803399141158176
0.6008294749727132 0.803399141158176
0.6048698790131172 0.803399141158176
0.6089102830535212 0.803399141158176
0.6129506870939252 0.803399141158176
0.6169910911343293 0.803399141158176
0.5644658386090768 0.80743954519858
0.5685062426494809 0.80743954519858
0.5725466466898849 0.80743954519858
0.5765870507302889 0.80743954519858
0.5806274547706929 0.80743954519858
0.584667858811097 0.80743954519858
0.588708262851501 0.80743954519858
0.5927486668919051 0.80743954519858
0.5967890709323092 0.80743954519858
0.6008294749727132 0.80743954519858
0.6048698790131172 0.80743954519858
0.6089102830535212 0.80743954519858
0.5523446264878646 0.811479949238984
0.5563850305282687 0.811479949238984
0.5604254345686728 0.811479949238984
0.5644658386090768 0.811479949238984
0.5685062426494809 0.811479949238984
0.5725466466898849 0.811479949238984
0.5765870507302889 0.811479949238984
0.5806274547706929 0.811479949238984
0.584667858811097 0.811479949238984
0.588708262851501 0.811479949238984
0.5927486668919051 0.811479949238984
0.5967890709323092 0.811479949238984
0.6008294749727132 0.811479949238984
0.6048698790131172 0.811479949238984
0.5523446264878646 0.8155203532793881
0.5563850305282687 0.8155203532793881
0.5604254345686728 0.8155203532793881
0.5644658386090768 0.8155203532793881
0.5685062426494809 0.8155203532793881
0.5725466466898849 0.8155203532793881
0.5765870507302889 0.8155203532793881
0.5806274547706929 0.8155203532793881
0.584667858811097 0.8155203532793881
0.588708262851501 0.8155203532793881
0.5927486668919051 0.8155203532793881
0.5967890709323092 0.8155203532793881
0.6008294749727132 0.8155203532793881
0.6048698790131172 0.8155203532793881
0.5402234143666526 0.819560757319792
0.5442638184070566 0.819560757319792
0.5483042224474606 0.819560757319792
0.5523446264878646 0.819560757319792
0.5563850305282687 0.819560757319792
0.5604254345686728 0.819560757319792
0.5644658386090768 0.819560757319792
0.5685062426494809 0.819560757319792
0.5725466466898849 0.819560757319792
0.5765870507302889 0.819560757319792
0.5806274547706929 0.819560757319792
0.584667858811097 0.819560757319792
0.588708262851501 0.819560757319792
0.5927486668919051 0.819560757319792
0.5402234143666526 0.8236011613601961
0.5442638184070566 0.8236011613601961
0.5483042224474606 0.8236011613601961
0.5523446264878646 0.8236011613601961
0.5563850305282687 0.8236011613601961
0.5604254345686728 0.8236011613601961
0.5644658386090768 0.8236011613601961
0.5685062426494809 0.8236011613601961
0.5725466466898849 0.8236011613601961
0.5765870507302889 0.8236011613601961
0.5806274547706929 0.8236011613601961
0.584667858811097 0.8236011613601961
0.588708262851501 0.8236011613601961
0.5927486668919051 0.8236011613601961
0.5281022022454405 0.8276415654006002
0.5321426062858445 0.8276415654006002
0.5361830103262485 0.8276415654006002
0.5402234143666526 0.8276415654006002
0.5442638184070566 0.8276415654006002
0.5483042224474606 0.8276415654006002
0.5523446264878646 0.8276415654006002
0.5563850305282687 0.8276415654006002
0.5604254345686728 0.8276415654006002
0.5644658386090768 0.8276415654006002
0.5685062426494809 0.8276415654006002
0.5725466466898849 0.8276415654006002
0.5765870507302889 0.8276415654006002
0.5806274547706929 0.8276415654006002
0.584667858811097 0.8276415654006002
0.5281022022454405 0.8316819694410043
0.5321426062858445 0.8316819694410043
0.5361830103262485 0.8316819694410043
0.5402234143666526 0.8316819694410043
0.5442638184070566 0.8316819694410043
0.5483042224474606 0.8316819694410043
0.5523446264878646 0.8316819694410043
0.5563850305282687 0.8316819694410043
0.5604254345686728 0.8316819694410043
0.5644658386090768 0.8316819694410043
0.5685062426494809 0.8316819694410043
0.5725466466898849 0.8316819694410043
0.5765870507302889 0.8316819694410043
0.5200213941646323 0.8357223734814083
0.5240617982050364 0.8357223734814083
0.5281022022454405 0.8357223734814083
0.5321426062858445 0.8357223734814083
0.5361830103262485 0.8357223734814083
0.5402234143666526 0.8357223734814083
0.5442638184070566 0.8357223734814083
0.5483042224474606 0.8357223734814083
0.5523446264878646 0.8357223734814083
0.5563850305282687 0.8357223734814083
0.5604254345686728 0.8357223734814083
0.5644658386090768 0.8357223734814083
0.5685062426494809 0.8357223734814083
0.5725466466898849 0.8357223734814083
0.5119405860838242 0.8397627775218124
0.5159809901242283 0.8397627775218124
0.5200213941646323 0.8397627775218124
0.5240617982050364 0.8397627775218124
0.5281022022454405 0.8397627775218124
0.5321426062858445 0.8397627775218124
0.5361830103262485 0.8397627775218124
0.5402234143666526 0.8397627775218124
0.5442638184070566 0.8397627775218124
0.5483042224474606 0.8397627775218124
0.5523446264878646 0.8397627775218124
0.5563850305282687 0.8397627775218124
0.5604254345686728 0.8397627775218124
0.5644658386090768 0.8397627775218124
0.5038597780030162 0.8438031815622163
0.5079001820434202 0.8438031815622163
0.5119405860838242 0.8438031815622163
0.5159809901242283 0.8438031815622163
0.5200213941646323 0.8438031815622163
0.5240617982050364 0.8438031815622163
0.5281022022454405 0.8438031815622163
0.5321426062858445 0.8438031815622163
0.5361830103262485 0.8438031815622163
0.5402234143666526 0.8438031815622163
0.5442638184070566 0.8438031815622163
0.5483042224474606 0.8438031815622163
0.5523446264878646 0.8438031815622163
0.5563850305282687 0.8438031815622163
0.5604254345686728 0.8438031815622163
0.4998193739626121 0.8478435856026204
0.5038597780030162 0.8478435856026204
0.5079001820434202 0.8478435856026204
0.5119405860838242 0.8478435856026204
0.5159809901242283 0.8478435856026204
0.5200213941646323 0.8478435856026204
0.5240617982050364 0.8478435856026204
0.5281022022454405 0.8478435856026204
0.5321426062858445 0.8478435856026204
0.5361830103262485 0.8478435856026204
0.5402234143666526 0.8478435856026204
0.5442638184070566 0.8478435856026204
0.5483042224474606 0.8478435856026204
0.5523446264878646 0.8478435856026204
0.4876981618414 0.8518839896430245
0.4957789699222081 0.8518839896430245
0.4998193739626121 0.8518839896430245
0.5038597780030162 0.8518839896430245
0.5079001820434202 0.8518839896430245
0.5119405860838242 0.8518839896430245
0.5159809901242283 0.8518839896430245
0.5200213941646323 0.8518839896430245
0.5240617982050364 0.8518839896430245
0.5281022022454405 0.8518839896430245
0.5321426062858445 0.8518839896430245
0.5361830103262485 0.8518839896430245
0.5402234143666526 0.8518839896430245
0.5442638184070566 0.8518839896430245
0.5483042224474606 0.8518839896430245
0.48365775780099596 0.8559243936834284
0.4876981618414 0.8559243936834284
0.4917385658818041 0.8559243936834284
0.4957789699222081 0.8559243936834284
0.4998193739626121 0.8559243936834284
0.5038597780030162 0.8559243936834284
0.5079001820434202 0.8559243936834284
0.5119405860838242 0.8559243936834284
0.5159809901242283 0.8559243936834284
0.5200213941646323 0.8559243936834284
0.5240617982050364 0.8559243936834284
0.5281022022454405 0.8559243936834284
0.5321426062858445 0.8559243936834284
0.5361830103262485 0.8559243936834284
0.5402234143666526 0.8559243936834284
0.5442638184070566 0.8559243936834284
0.5483042224474606 0.8559243936834284
0.47557694972018794 0.8599647977238325
0.47961735376059195 0.8599647977238325
0.48365775780099596 0.8599647977238325
0.4876981618414 0.8599647977238325
0.4917385658818041 0.8599647977238325
0.4957789699222081 0.8599647977238325
0.4998193739626121 0.8599647977238325
0.5038597780030162 0.8599647977238325
0.5079001820434202 0.8599647977238325
0.5119405860838242 0.8599647977238325
0.5159809901242283 0.8599647977238325
0.5200213941646323 0.8599647977238325
0.5240617982050364 0.8599647977238325
0.5281022022454405 0.8599647977238325
0.5321426062858445 0.8599647977238325
0.4674961416393798 0.8640052017642366
0.47153654567978387 0.8640052017642366
0.47557694972018794 0.8640052017642366
0.47961735376059195 0.8640052017642366
0.48365775780099596 0.8640052017642366
0.4876981618414 0.8640052017642366
0.4917385658818041 0.8640052017642366
0.4957789699222081 0.8640052017642366
0.4998193739626121 0.8640052017642366
0.5038597780030162 0.8640052017642366
0.5079001820434202 0.8640052017642366
0.5119405860838242 0.8640052017642366
0.5159809901242283 0.8640052017642366
0.5200213941646323 0.8640052017642366
0.5240617982050364 0.8640052017642366
0.5281022022454405 0.8640052017642366
0.4553749295181677 0.8680456058046406
0.4674961416393798 0.8680456058046406
0.47153654567978387 0.8680456058046406
0.47557694972018794 0.8680456058046406
0.47961735376059195 0.8680456058046406
0.48365775780099596 0.8680456058046406
0.4876981618414 0.8680456058046406
0.4917385658818041 0.8680456058046406
0.4957789699222081 0.8680456058046406
0.4998193739626121 0.8680456058046406
0.5038597780030162 0.8680456058046406
0.5079001820434202 0.8680456058046406
0.5119405860838242 0.8680456058046406
0.5159809901242283 0.8680456058046406
0.5200213941646323 0.8680456058046406
0.4594153335585717 0.8720860098450447
0.4634557375989758 0.8720860098450447
0.4674961416393798 0.8720860098450447
0.47153654567978387 0.8720860098450447
0.47557694972018794 0.8720860098450447
0.47961735376059195 0.8720860098450447
0.48365775780099596 0.8720860098450447
0.4876981618414 0.8720860098450447
0.4917385658818041 0.8720860098450447
0.4957789699222081 0.8720860098450447
0.4998193739626121 0.8720860098450447
0.5038597780030162 0.8720860098450447
0.5079001820434202 0.8720860098450447
0.5119405860838242 0.8720860098450447
0.45133452547776365 0.8761264138854487
0.4553749295181677 0.8761264138854487
0.4594153335585717 0.8761264138854487
0.4634557375989758 0.8761264138854487
0.4674961416393798 0.8761264138854487
0.47153654567978387 0.8761264138854487
0.47557694972018794 0.8761264138854487
0.47961735376059195 0.8761264138854487
0.48365775780099596 0.8761264138854487
0.4876981618414 0.8761264138854487
0.4917385658818041 0.8761264138854487
0.4957789699222081 0.8761264138854487
0.4998193739626121 0.8761264138854487
0.5038597780030162 0.8761264138854487
0.5079001820434202 0.8761264138854487
0.5119405860838242 0.8761264138854487
0.5159809901242283 0.8761264138854487
0.44325371739695557 0.8801668179258527
0.4472941214373596 0.8801668179258527
0.45133452547776365 0.8801668179258527
0.4553749295181677 0.8801668179258527
0.4594153335585717 0.8801668179258527
0.4634557375989758 0.8801668179258527
0.4674961416393798 0.8801668179258527
0.47153654567978387 0.8801668179258527
0.47557694972018794 0.8801668179258527
0.47961735376059195 0.8801668179258527
0.48365775780099596 0.8801668179258527
0.4876981618414 0.8801668179258527
0.4917385658818041 0.8801668179258527
0.4957789699222081 0.8801668179258527
0.4998193739626121 0.8801668179258527
0.4351729093161475 0.8842072219662568
0.43921331335655156 0.8842072219662568
0.44325371739695557 0.8842072219662568
0.4472941214373596 0.8842072219662568
0.45133452547776365 0.8842072219662568
0.4553749295181677 0.8842072219662568
0.4594153335585717 0.8842072219662568
0.4634557375989758 0.8842072219662568
0.4674961416393798 0.8842072219662568
0.47153654567978387 0.8842072219662568
0.47557694972018794 0.8842072219662568
0.47961735376059195 0.8842072219662568
0.48365775780099596 0.8842072219662568
0.4876981618414 0.8842072219662568
0.4917385658818041 0.8842072219662568
0.4957789699222081 0.8842072219662568
0.4270921012353394 0.8882476260066607
0.4311325052757434 0.8882476260066607
0.4351729093161475 0.8882476260066607
0.43921331335655156 0.8882476260066607
0.44325371739695557 0.8882476260066607
0.4472941214373596 0.8882476260066607
0.45133452547776365 0.8882476260066607
0.4553749295181677 0.8882476260066607
0.4594153335585717 0.8882476260066607
0.4634557375989758 0.8882476260066607
0.4674961416393798 0.8882476260066607
0.47153654567978387 0.8882476260066607
0.47557694972018794 0.8882476260066607
0.47961735376059195 0.8882476260066607
0.48365775780099596 0.8882476260066607
0.4876981618414 0.8882476260066607
0.4917385658818041 0.8882476260066607
0.4068900810333192 0.8922880300470648
0.41093048507372326 0.8922880300470648
0.41901129315453134 0.8922880300470648
0.4230516971949354 0.8922880300470648
0.4270921012353394 0.8922880300470648
0.4311325052757434 0.8922880300470648
0.4351729093161475 0.8922880300470648
0.43921331335655156 0.8922880300470648
0.44325371739695557 0.8922880300470648
0.4472941214373596 0.8922880300470648
0.45133452547776365 0.8922880300470648
0.4553749295181677 0.8922880300470648
0.4594153335585717 0.8922880300470648
0.4634557375989758 0.8922880300470648
0.4674961416393798 0.8922880300470648
0.47153654567978387 0.8922880300470648
0.47557694972018794 0.8922880300470648
0.47961735376059195 0.8922880300470648
0.4028496769929152 0.8963284340874689
0.4068900810333192 0.8963284340874689
0.41093048507372326 0.8963284340874689
0.4149708891141273 0.8963284340874689
0.41901129315453134 0.8963284340874689
0.4230516971949354 0.8963284340874689
0.4270921012353394 0.8963284340874689
0.4311325052757434 0.8963284340874689
0.4351729093161475 0.8963284340874689
0.43921331335655156 0.8963284340874689
0.44325371739695557 0.8963284340874689
0.4472941214373596 0.8963284340874689
0.45133452547776365 0.8963284340874689
0.4553749295181677 0.8963284340874689
0.4594153335585717 0.8963284340874689
0.4634557375989758 0.8963284340874689
0.4674961416393798 0.8963284340874689
0.47557694972018794 0.8963284340874689
0.47961735376059195 0.8963284340874689
0.48365775780099596 0.8963284340874689
0.39072846487170304 0.9003688381278729
0.3988092729525111 0.9003688381278729
0.4028496769929152 0.9003688381278729
0.4068900810333192 0.9003688381278729
0.41093048507372326 0.9003688381278729
0.4149708891141273 0.9003688381278729
0.41901129315453134 0.9003688381278729
0.4230516971949354 0.9003688381278729
0.4270921012353394 0.9003688381278729
0.4311325052757434 0.9003688381278729
0.4351729093161475 0.9003688381278729
0.43921331335655156 0.9003688381278729
0.44325371739695557 0.9003688381278729
0.4472941214373596 0.9003688381278729
0.45133452547776365 0.9003688381278729
0.4553749295181677 0.9003688381278729
0.4594153335585717 0.9003688381278729
0.4674961416393798 0.9003688381278729
0.38668806083129903 0.904409242168277
0.39072846487170304 0.904409242168277
0.3947688689121071 0.904409242168277
0.3988092729525111 0.904409242168277
0.4028496769929152 0.904409242168277
0.4068900810333192 0.904409242168277
0.41093048507372326 0.904409242168277
0.4149708891141273 0.904409242168277
0.41901129315453134 0.904409242168277
0.4230516971949354 0.904409242168277
0.4270921012353394 0.904409242168277
0.4311325052757434 0.904409242168277
0.4351729093161475 0.904409242168277
0.43921331335655156 0.904409242168277
0.44325371739695557 0.904409242168277
0.4472941214373596 0.904409242168277
0.45133452547776365 0.904409242168277
0.4553749295181677 0.904409242168277
0.38264765679089496 0.9084496462086811
0.38668806083129903 0.9084496462086811
0.39072846487170304 0.9084496462086811
0.3947688689121071 0.9084496462086811
0.3988092729525111 0.9084496462086811
0.4028496769929152 0.9084496462086811
0.4068900810333192 0.9084496462086811
0.41093048507372326 0.9084496462086811
0.4149708891141273 0.9084496462086811
0.41901129315453134 0.9084496462086811
0.4230516971949354 0.9084496462086811
0.4270921012353394 0.9084496462086811
0.4311325052757434 0.9084496462086811
0.4351729093161475 0.9084496462086811
0.43921331335655156 0.9084496462086811
0.44325371739695557 0.9084496462086811
0.4472941214373596 0.9084496462086811
0.3705264446696829 0.912490050249085
0.3745668487100869 0.912490050249085
0.3786072527504909 0.912490050249085
0.38264765679089496 0.912490050249085
0.38668806083129903 0.912490050249085
0.39072846487170304 0.912490050249085
0.3947688689121071 0.912490050249085
0.3988092729525111 0.912490050249085
0.4028496769929152 0.912490050249085
0.4068900810333192 0.912490050249085
0.41093048507372326 0.912490050249085
0.4149708891141273 0.912490050249085
0.41901129315453134 0.912490050249085
0.4230516971949354 0.912490050249085
0.4270921012353394 0.912490050249085
0.4311325052757434 0.912490050249085
0.4351729093161475 0.912490050249085
0.43921331335655156 0.912490050249085
0.3543648285080667 0.9165304542894891
0.36244563658887474 0.9165304542894891
0.3664860406292788 0.9165304542894891
0.3705264446696829 0.9165304542894891
0.3745668487100869 0.9165304542894891
0.3786072527504909 0.9165304542894891
0.38264765679089496 0.9165304542894891
0.38668806083129903 0.9165304542894891
0.39072846487170304 0.9165304542894891
0.3947688689121071 0.9165304542894891
0.3988092729525111 0.9165304542894891
0.4028496769929152 0.9165304542894891
0.4068900810333192 0.9165304542894891
0.41093048507372326 0.9165304542894891
0.4149708891141273 0.9165304542894891
0.41901129315453134 0.9165304542894891
0.4230516971949354 0.9165304542894891
0.4270921012353394 0.9165304542894891
0.4311325052757434 0.9165304542894891
0.35032442446766265 0.920570858329893
0.3543648285080667 0.920570858329893
0.35840523254847073 0.920570858329893
0.36244563658887474 0.920570858329893
0.3664860406292788 0.920570858329893
0.3705264446696829 0.920570858329893
0.3745668487100869 0.920570858329893
0.3786072527504909 0.920570858329893
0.38264765679089496 0.920570858329893
0.38668806083129903 0.920570858329893
0.39072846487170304 0.920570858329893
0.3947688689121071 0.920570858329893
0.3988092729525111 0.920570858329893
0.4028496769929152 0.920570858329893
0.4068900810333192 0.920570858329893
0.41093048507372326 0.920570858329893
0.4149708891141273 0.920570858329893
0.41901129315453134 0.920570858329893
0.4230516971949354 0.920570858329893
0.4270921012353394 0.920570858329893
0.3382032123464505 0.9246112623702971
0.3422436163868546 0.9246112623702971
0.3462840204272586 0.9246112623702971
0.35032442446766265 0.9246112623702971
0.3543648285080667 0.9246112623702971
0.35840523254847073 0.9246112623702971
0.36244563658887474 0.9246112623702971
0.3664860406292788 0.9246112623702971
0.3705264446696829 0.9246112623702971
0.3745668487100869 0.9246112623702971
0.3786072527504909 0.9246112623702971
0.38264765679089496 0.9246112623702971
0.38668806083129903 0.9246112623702971
0.39072846487170304 0.9246112623702971
0.3947688689121071 0.9246112623702971
0.3988092729525111 0.9246112623702971
0.4028496769929152 0.9246112623702971
0.4068900810333192 0.9246112623702971
0.41093048507372326 0.9246112623702971
0.4270921012353394 0.9246112623702971
0.33012240426564243 0.9286516664107012
0.3341628083060465 0.9286516664107012
0.3382032123464505 0.9286516664107012
0.3422436163868546 0.9286516664107012
0.3462840204272586 0.9286516664107012
0.35032442446766265 0.9286516664107012
0.3543648285080667 0.9286516664107012
0.35840523254847073 0.9286516664107012
0.36244563658887474 0.9286516664107012
0.3664860406292788 0.9286516664107012
0.3705264446696829 0.9286516664107012
0.3745668487100869 0.9286516664107012
0.3786072527504909 0.9286516664107012
0.38264765679089496 0.9286516664107012
0.38668806083129903 0.9286516664107012
0.39072846487170304 0.9286516664107012
0.3947688689121071 0.9286516664107012
0.3988092729525111 0.9286516664107012
0.4028496769929152 0.9286516664107012
0.4068900810333192 0.9286516664107012
0.3058799800232182 0.9326920704511052
0.3099203840636222 0.9326920704511052
0.31800119214443034 0.9326920704511052
0.32204159618483436 0.9326920704511052
0.3260820002252384 0.9326920704511052
0.33012240426564243 0.9326920704511052
0.3341628083060465 0.9326920704511052
0.3382032123464505 0.9326920704511052
0.3422436163868546 0.9326920704511052
0.3462840204272586 0.9326920704511052
0.35032442446766265 0.9326920704511052
0.3543648285080667 0.9326920704511052
0.35840523254847073 0.9326920704511052
0.36244563658887474 0.9326920704511052
0.3664860406292788 0.9326920704511052
0.3705264446696829 0.9326920704511052
0.3745668487100869 0.9326920704511052
0.3786072527504909 0.9326920704511052
0.38264765679089496 0.9326920704511052
0.38668806083129903 0.9326920704511052
0.39072846487170304 0.9326920704511052
0.3947688689121071 0.9326920704511052
0.3988092729525111 0.9326920704511052
0.3058799800232182 0.9367324744915093
0.3099203840636222 0.9367324744915093
0.3139607881040263 0.9367324744915093
0.31800119214443034 0.9367324744915093
0.32204159618483436 0.9367324744915093
0.3260820002252384 0.9367324744915093
0.33012240426564243 0.9367324744915093
0.3341628083060465 0.9367324744915093
0.3382032123464505 0.9367324744915093
0.3422436163868546 0.9367324744915093
0.3462840204272586 0.9367324744915093
0.35032442446766265 0.9367324744915093
0.3543648285080667 0.9367324744915093
0.35840523254847073 0.9367324744915093
0.36244563658887474 0.9367324744915093
0.3664860406292788 0.9367324744915093
0.3705264446696829 0.9367324744915093
0.3745668487100869 0.9367324744915093
0.3786072527504909 0.9367324744915093
0.38264765679089496 0.9367324744915093
0.3947688689121071 0.9367324744915093
0.4028496769929152 0.9367324744915093
0.2977991719424101 0.9407728785319134
0.3018395759828142 0.9407728785319134
0.3058799800232182 0.9407728785319134
0.3099203840636222 0.9407728785319134
0.3139607881040263 0.9407728785319134
0.31800119214443034 0.9407728785319134
0.32204159618483436 0.9407728785319134
0.3260820002252384 0.9407728785319134
0.33012240426564243 0.9407728785319134
0.3341628083060465 0.9407728785319134
0.3382032123464505 0.9407728785319134
0.3422436163868546 0.9407728785319134
0.3462840204272586 0.9407728785319134
0.35032442446766265 0.9407728785319134
0.3543648285080667 0.9407728785319134
0.35840523254847073 0.9407728785319134
0.36244563658887474 0.9407728785319134
0.3664860406292788 0.9407728785319134
0.3705264446696829 0.9407728785319134
0.3745668487100869 0.9407728785319134
0.38264765679089496 0.9407728785319134
0.2977991719424101 0.9448132825723174
0.3018395759828142 0.9448132825723174
0.3058799800232182 0.9448132825723174
0.3099203840636222 0.9448132825723174
0.3139607881040263 0.9448132825723174
0.31800119214443034 0.9448132825723174
0.32204159618483436 0.9448132825723174
0.3260820002252384 0.9448132825723174
0.33012240426564243 0.9448132825723174
0.3341628083060465 0.9448132825723174
0.3382032123464505 0.9448132825723174
0.3422436163868546 0.9448132825723174
0.3462840204272586 0.9448132825723174
0.35032442446766265 0.9448132825723174
0.3543648285080667 0.9448132825723174
0.35840523254847073 0.9448132825723174
0.36244563658887474 0.9448132825723174
0.3664860406292788 0.9448132825723174
0.2977991719424101 0.9488536866127214
0.3018395759828142 0.9488536866127214
0.3058799800232182 0.9488536866127214
0.3099203840636222 0.9488536866127214
0.3139607881040263 0.9488536866127214
0.31800119214443034 0.9488536866127214
0.32204159618483436 0.9488536866127214
0.3260820002252384 0.9488536866127214
0.33012240426564243 0.9488536866127214
0.3341628083060465 0.9488536866127214
0.3382032123464505 0.9488536866127214
0.3422436163868546 0.9488536866127214
0.3462840204272586 0.9488536866127214
0.35032442446766265 0.9488536866127214
0.3543648285080667 0.9488536866127214
0.2977991719424101 0.9528940906531255
0.3018395759828142 0.9528940906531255
0.3058799800232182 0.9528940906531255
0.3099203840636222 0.9528940906531255
0.3139607881040263 0.9528940906531255
0.31800119214443034 0.9528940906531255
0.32204159618483436 0.9528940906531255
0.3260820002252384 0.9528940906531255
0.33012240426564243 0.9528940906531255
0.3341628083060465 0.9528940906531255
0.3382032123464505 0.9528940906531255
0.3422436163868546 0.9528940906531255
0.3462840204272586 0.9528940906531255
0.36244563658887474 0.9528940906531255
0.2977991719424101 0.9569344946935294
0.3018395759828142 0.9569344946935294
0.3058799800232182 0.9569344946935294
0.3099203840636222 0.9569344946935294
0.3139607881040263 0.9569344946935294
0.31800119214443034 0.9569344946935294
0.32204159618483436 0.9569344946935294
0.3260820002252384 0.9569344946935294
0.33012240426564243 0.9569344946935294
0.3543648285080667 0.9569344946935294
0.2977991719424101 0.9609748987339335
0.3018395759828142 0.9609748987339335
0.3058799800232182 0.9609748987339335
0.3099203840636222 0.9609748987339335
0.3139607881040263 0.9609748987339335
0.31800119214443034 0.9609748987339335
0.2977991719424101 0.9650153027743376
0.3018395759828142 0.9650153027743376
0.3058799800232182 0.9650153027743376
0.3099203840636222 0.9650153027743376
0.32204159618483436 0.9690557068147416
