# x y
0.6999289077931087 0.710469848228883
0.6958885037527046 0.7145102522692871
0.6999289077931087 0.7145102522692871
0.6918480997123007 0.7185506563096911
0.6958885037527046 0.7185506563096911
0.6999289077931087 0.7185506563096911
0.6878076956718966 0.7225910603500951
0.6918480997123007 0.7225910603500951
0.6958885037527046 0.7225910603500951
0.6837672916314925 0.7266314643904992
0.6878076956718966 0.7266314643904992
0.6797268875910885 0.7306718684309033
0.6837672916314925 0.7306718684309033
0.6756864835506844 0.7347122724713073
0.6797268875910885 0.7347122724713073
0.6716460795102803 0.7387526765117113
0.6756864835506844 0.7387526765117113
0.6676056754698763 0.7427930805521153
0.6716460795102803 0.7427930805521153
0.6635652714294723 0.7468334845925194
0.6676056754698763 0.7468334845925194
0.6554844633486643 0.7508738886329235
0.6595248673890682 0.7508738886329235
0.6635652714294723 0.7508738886329235
0.6514440593082602 0.7549142926733274
0.6554844633486643 0.7549142926733274
0.6595248673890682 0.7549142926733274
0.6474036552678561 0.7589546967137315
0.6514440593082602 0.7589546967137315
0.6554844633486643 0.7589546967137315
0.6433632512274521 0.7629951007541356
0.6474036552678561 0.7629951007541356
0.6514440593082602 0.7629951007541356
0.639322847187048 0.7670355047945396
0.6433632512274521 0.7670355047945396
0.635282443146644 0.7710759088349436
0.639322847187048 0.7710759088349436
0.6272016350658359 0.7751163128753477
0.63124203910624 0.7751163128753477
0.635282443146644 0.7751163128753477
0.6231612310254319 0.7791567169157517
0.6272016350658359 0.7791567169157517
0.63124203910624 0.7791567169157517
0.6191208269850279 0.7831971209561558
0.6231612310254319 0.7831971209561558
0.6110400189042198 0.7872375249965597
0.6150804229446238 0.7872375249965597
0.6191208269850279 0.7872375249965597
0.6069996148638157 0.7912779290369638
0.6110400189042198 0.7912779290369638
0.6150804229446238 0.7912779290369638
0.6029592108234116 0.7953183330773679
0.6069996148638157 0.7953183330773679
0.6110400189042198 0.7953183330773679
0.5989188067830076 0.799358737117772
0.6029592108234116 0.799358737117772
0.5908379987021996 0.803399141158176
0.5948784027426036 0.803399141158176
0.5989188067830076 0.803399141158176
0.5867975946617956 0.80743954519858
0.5908379987021996 0.80743954519858
0.5948784027426036 0.80743954519858
0.5787167865809875 0.811479949238984
0.5827571906213915 0.811479949238984
0.5867975946617956 0.811479949238984
0.5746763825405834 0.8155203532793881
0.5787167865809875 0.8155203532793881
0.5827571906213915 0.8155203532793881
0.5706359785001793 0.819560757319792
0.5746763825405834 0.819560757319792
0.5787167865809875 0.819560757319792
0.5625551704193713 0.8236011613601961
0.5665955744597753 0.8236011613601961
0.5706359785001793 0.8236011613601961
0.5585147663789672 0.8276415654006002
0.5625551704193713 0.8276415654006002
0.5665955744597753 0.8276415654006002
0.5504339582981592 0.8316819694410043
0.5544743623385632 0.8316819694410043
0.5585147663789672 0.8316819694410043
0.5463935542577552 0.8357223734814083
0.5504339582981592 0.8357223734814083
0.5544743623385632 0.8357223734814083
0.538312746176947 0.8397627775218124
0.5423531502173511 0.8397627775218124
0.5463935542577552 0.8397627775218124
0.530231938096139 0.8438031815622163
0.534272342136543 0.8438031815622163
0.538312746176947 0.8438031815622163
0.5423531502173511 0.8438031815622163
0.5261915340557349 0.8478435856026204
0.530231938096139 0.8478435856026204
0.534272342136543 0.8478435856026204
0.5181107259749268 0.8518839896430245
0.5221511300153309 0.8518839896430245
0.5261915340557349 0.8518839896430245
0.5140703219345228 0.8559243936834284
0.5181107259749268 0.8559243936834284
0.5221511300153309 0.8559243936834284
0.5059895138537147 0.8599647977238325
0.5100299178941188 0.8599647977238325
0.5140703219345228 0.8599647977238325
0.49790870577290663 0.8640052017642366
0.5019491098133106 0.8640052017642366
0.5059895138537147 0.8640052017642366
0.5100299178941188 0.8640052017642366
0.48982789769209856 0.8680456058046406
0.4938683017325026 0.8680456058046406
0.49790870577290663 0.8680456058046406
0.5019491098133106 0.8680456058046406
0.4857874936516945 0.8720860098450447
0.48982789769209856 0.8720860098450447
0.4938683017325026 0.8720860098450447
0.47770668557088647 0.8761264138854487
0.4817470896112905 0.8761264138854487
0.4857874936516945 0.8761264138854487
0.46962587749007834 0.8801668179258527
0.4736662815304824 0.8801668179258527
0.47770668557088647 0.8801668179258527
0.4817470896112905 0.8801668179258527
0.46154506940927026 0.8842072219662568
0.4655854734496743 0.8842072219662568
0.46962587749007834 0.8842072219662568
0.4736662815304824 0.8842072219662568
0.4534642613284622 0.8882476260066607
0.45750466536886625 0.8882476260066607
0.46154506940927026 0.8882476260066607
0.4655854734496743 0.8882476260066607
0.4453834532476541 0.8922880300470648
0.4494238572880581 0.8922880300470648
0.4534642613284622 0.8922880300470648
0.45750466536886625 0.8922880300470648
0.437302645166846 0.8963284340874689
0.4413430492072501 0.8963284340874689
0.4453834532476541 0.8963284340874689
0.4494238572880581 0.8963284340874689
0.42922183708603795 0.9003688381278729
0.43326224112644196 0.9003688381278729
0.437302645166846 0.9003688381278729
0.4413430492072501 0.9003688381278729
0.42114102900522987 0.904409242168277
0.42518143304563394 0.904409242168277
0.42922183708603795 0.904409242168277
0.43326224112644196 0.904409242168277
0.4130602209244218 0.9084496462086811
0.4171006249648258 0.9084496462086811
0.42114102900522987 0.9084496462086811
0.42518143304563394 0.9084496462086811
0.40093900880320965 0.912490050249085
0.4049794128436137 0.912490050249085
0.40901981688401773 0.912490050249085
0.4130602209244218 0.912490050249085
0.4171006249648258 0.912490050249085
0.3928582007224016 0.9165304542894891
0.39689860476280564 0.9165304542894891
0.40093900880320965 0.9165304542894891
0.4049794128436137 0.9165304542894891
0.3847773926415935 0.920570858329893
0.38881779668199756 0.920570858329893
0.3928582007224016 0.920570858329893
0.39689860476280564 0.920570858329893
0.3726561805203814 0.9246112623702971
0.3766965845607854 0.9246112623702971
0.38073698860118943 0.9246112623702971
0.3847773926415935 0.9246112623702971
0.38881779668199756 0.9246112623702971
0.3645753724395733 0.9286516664107012
0.36861577647997734 0.9286516664107012
0.3726561805203814 0.9286516664107012
0.3766965845607854 0.9286516664107012
0.3524541603183612 0.9326920704511052
0.35649456435876525 0.9326920704511052
0.36053496839916926 0.9326920704511052
0.3645753724395733 0.9326920704511052
0.36861577647997734 0.9326920704511052
0.34033294819714904 0.9367324744915093
0.3443733522375531 0.9367324744915093
0.3484137562779571 0.9367324744915093
0.3524541603183612 0.9367324744915093
0.35649456435876525 0.9367324744915093
0.33225214011634097 0.9407728785319134
0.33629254415674503 0.9407728785319134
0.34033294819714904 0.9407728785319134
0.3443733522375531 0.9407728785319134
0.3484137562779571 0.9407728785319134
0.3201309279951289 0.9448132825723174
0.3241713320355329 0.9448132825723174
0.32821173607593696 0.9448132825723174
0.33225214011634097 0.9448132825723174
0.33629254415674503 0.9448132825723174
0.30800971587391673 0.9488536866127214
0.31205011991432074 0.9488536866127214
0.3160905239547248 0.9488536866127214
0.3201309279951289 0.9488536866127214
0.3241713320355329 0.9488536866127214
0.29992890779310866 0.9528940906531255
0.3039693118335127 0.9528940906531255
0.30800971587391673 0.9528940906531255
0.31205011991432074 0.9528940906531255
0.29992890779310866 0.9569344946935294
