# x y
0.6474302161958505 0.7751163128753477
0.6312686000342345 0.7872375249965597
0.6353090040746384 0.7872375249965597
0.6151069838726182 0.803399141158176
0.5949049636705981 0.8316819694410043
0.5221776909433253 0.8640052017642366
0.5019756707413051 0.8801668179258527
0.4575312262968606 0.9003688381278729
0.42924839801403236 0.912490050249085
0.4171271858928203 0.9246112623702971
0.36864233740797175 0.9407728785319134
0.3807635495291839 0.9407728785319134
0.3484403172059516 0.9488536866127214
0.3322787010443354 0.9528940906531255
0.36460193336756774 0.9609748987339335
0.30803627680191115 0.9811769189359537
