# x y
0.6999882145706089 0.7145102522692871
0.6959478105302048 0.7185506563096911
0.6919074064898008 0.7225910603500951
0.6878670024493967 0.7266314643904992
0.6838265984089926 0.7306718684309033
0.6797861943685886 0.7347122724713073
0.6757457903281845 0.7387526765117113
0.6676649822473765 0.7427930805521153
0.6717053862877805 0.7427930805521153
0.6636245782069725 0.7468334845925194
0.6595841741665684 0.7508738886329235
0.6555437701261644 0.7549142926733274
0.6515033660857603 0.7589546967137315
0.6474629620453562 0.7629951007541356
0.6434225580049522 0.7670355047945396
0.6353417499241442 0.7710759088349436
0.6313013458837402 0.7751163128753477
0.6272609418433361 0.7791567169157517
0.6232205378029321 0.7831971209561558
0.6151397297221239 0.7872375249965597
0.6110993256817199 0.7912779290369638
0.6070589216413158 0.7953183330773679
0.5989781135605078 0.799358737117772
0.6030185176009119 0.799358737117772
0.5949377095201038 0.803399141158176
0.5908973054796998 0.80743954519858
0.5828164973988916 0.811479949238984
0.5868569014392957 0.811479949238984
0.5787760933584876 0.8155203532793881
0.5706952852776795 0.819560757319792
0.5747356893180835 0.819560757319792
0.5666548812372755 0.8236011613601961
0.5626144771968715 0.8276415654006002
0.5545336691160634 0.8316819694410043
0.5504932650756593 0.8357223734814083
0.5424124569948512 0.8397627775218124
0.5343316489140432 0.8438031815622163
0.5383720529544472 0.8438031815622163
0.5302912448736391 0.8478435856026204
0.5222104367928311 0.8518839896430245
0.5262508408332351 0.8518839896430245
0.518170032752427 0.8559243936834284
0.5100892246716189 0.8599647977238325
0.5020084165908109 0.8640052017642366
0.5060488206312148 0.8640052017642366
0.4939276085100027 0.8680456058046406
0.4979680125504068 0.8680456058046406
0.4898872044695987 0.8720860098450447
0.48180639638879064 0.8761264138854487
0.47372558830798256 0.8801668179258527
0.47776599234838657 0.8801668179258527
0.4656447802271745 0.8842072219662568
0.46968518426757855 0.8842072219662568
0.45756397214636635 0.8882476260066607
0.4616043761867704 0.8882476260066607
0.4494831640655583 0.8922880300470648
0.45352356810596234 0.8922880300470648
0.4414023559847502 0.8963284340874689
0.44544276002515426 0.8963284340874689
0.4333215479039422 0.9003688381278729
0.4373619519443462 0.9003688381278729
0.42524073982313404 0.904409242168277
0.4292811438635381 0.904409242168277
0.417159931742326 0.9084496462086811
0.42120033578273003 0.9084496462086811
0.4090791236615179 0.912490050249085
0.3969579115403058 0.9165304542894891
0.4009983155807098 0.9165304542894891
0.3888771034594977 0.920570858329893
0.39291750749990173 0.920570858329893
0.38079629537868964 0.9246112623702971
0.38483669941909365 0.9246112623702971
0.3686750832574775 0.9286516664107012
0.3727154872978815 0.9286516664107012
0.3605942751766694 0.9326920704511052
0.3646346792170735 0.9326920704511052
0.34847306305545733 0.9367324744915093
0.35251346709586134 0.9367324744915093
0.3363518509342452 0.9407728785319134
0.3403922549746492 0.9407728785319134
0.32423063881303305 0.9448132825723174
0.3282710428534371 0.9448132825723174
0.3323114468938411 0.9448132825723174
0.31210942669182096 0.9488536866127214
0.31614983073222497 0.9488536866127214
0.320190234772629 0.9488536866127214
0.2999882145706088 0.9528940906531255
0.3040286186110128 0.9528940906531255
0.3080690226514169 0.9528940906531255
