# x y
0.6999905237172601 0.7145102522692871
0.695950119676856 0.7185506563096911
0.691909715636452 0.7225910603500951
0.6878693115960479 0.7266314643904992
0.6838289075556439 0.7306718684309033
0.6797885035152399 0.7347122724713073
0.6757480994748358 0.7387526765117113
0.6676672913940278 0.7427930805521153
0.6636268873536237 0.7468334845925194
0.6595864833132197 0.7508738886329235
0.6555460792728156 0.7549142926733274
0.6515056752324115 0.7589546967137315
0.6474652711920076 0.7629951007541356
0.6434248671516035 0.7670355047945396
0.6353440590707955 0.7710759088349436
0.6313036550303914 0.7751163128753477
0.6272632509899874 0.7791567169157517
0.6232228469495833 0.7831971209561558
0.6151420388687752 0.7872375249965597
0.6111016348283712 0.7912779290369638
0.6070612307879671 0.7953183330773679
0.5989804227071591 0.799358737117772
0.6030208267475632 0.799358737117772
0.594940018666755 0.803399141158176
0.590899614626351 0.80743954519858
0.5828188065455429 0.811479949238984
0.5868592105859469 0.811479949238984
0.5787784025051389 0.8155203532793881
0.5747379984647348 0.819560757319792
0.5666571903839268 0.8236011613601961
0.5626167863435227 0.8276415654006002
0.5545359782627146 0.8316819694410043
0.5504955742223105 0.8357223734814083
0.5424147661415025 0.8397627775218124
0.5343339580606945 0.8438031815622163
0.5383743621010985 0.8438031815622163
0.5302935540202904 0.8478435856026204
0.5222127459394823 0.8518839896430245
0.5262531499798864 0.8518839896430245
0.5181723418990782 0.8559243936834284
0.5100915338182702 0.8599647977238325
0.5020107257374621 0.8640052017642366
0.5060511297778661 0.8640052017642366
0.49392991765665406 0.8680456058046406
0.49797032169705807 0.8680456058046406
0.48988951361625 0.8720860098450447
0.4818087055354419 0.8761264138854487
0.47372789745463384 0.8801668179258527
0.4777683014950379 0.8801668179258527
0.46564708937382576 0.8842072219662568
0.4696874934142298 0.8842072219662568
0.4575662812930177 0.8882476260066607
0.4616066853334217 0.8882476260066607
0.44948547321220955 0.8922880300470648
0.4535258772526136 0.8922880300470648
0.44140466513140153 0.8963284340874689
0.44544506917180554 0.8963284340874689
0.4333238570505934 0.9003688381278729
0.43736426109099746 0.9003688381278729
0.4252430489697854 0.904409242168277
0.4292834530101894 0.904409242168277
0.41716224088897724 0.9084496462086811
0.4212026449293813 0.9084496462086811
0.40908143280816917 0.912490050249085
0.3969602206869571 0.9165304542894891
0.4010006247273611 0.9165304542894891
0.388879412606149 0.920570858329893
0.392919816646553 0.920570858329893
0.38079860452534087 0.9246112623702971
0.38483900856574493 0.9246112623702971
0.3686773924041288 0.9286516664107012
0.37271779644453285 0.9286516664107012
0.3605965843233207 0.9326920704511052
0.3646369883637247 0.9326920704511052
0.34847537220210856 0.9367324744915093
0.3525157762425126 0.9367324744915093
0.33635416008089647 0.9407728785319134
0.3403945641213005 0.9407728785319134
0.3242329479596843 0.9448132825723174
0.3282733520000884 0.9448132825723174
0.3323137560404924 0.9448132825723174
0.3121117358384722 0.9488536866127214
0.31615213987887625 0.9488536866127214
0.3201925439192803 0.9488536866127214
0.2999905237172601 0.9528940906531255
0.30403092775766416 0.9528940906531255
0.30807133179806817 0.9528940906531255
