# x y
0.6999849876562436 0.7225910603500951
0.6959445836158396 0.7266314643904992
0.6717021593734154 0.7508738886329235
0.6191769068481627 0.7953183330773679
0.635338523009779 0.799358737117772
0.5989748866461426 0.8155203532793881
0.5949344826057386 0.8316819694410043
0.5585708462421022 0.8397627775218124
0.5464496341208901 0.8478435856026204
0.5222072098784658 0.8599647977238325
0.5020051896764456 0.8720860098450447
0.5302880179592739 0.8761264138854487
0.46564155331280926 0.9003688381278729
0.3969546846259406 0.9286516664107012
0.31614660381785975 0.9650153027743376
0.30402539169664766 0.9690557068147416
