# x y
0.6595589787810994 0.7629951007541356
0.6716801909023115 0.7670355047945396
0.6353165545386751 0.7872375249965597
0.6151145343366549 0.803399141158176
0.6312761504982711 0.803399141158176
0.5989529181750387 0.811479949238984
0.6110741302962508 0.819560757319792
0.5949125141346348 0.8316819694410043
0.5019832212053418 0.8801668179258527
0.41713473635685694 0.9246112623702971
0.39289231211443265 0.9286516664107012
0.37269029191241243 0.9367324744915093
0.3686498878720084 0.9407728785319134
0.36056907979120034 0.9488536866127214
0.3646094838316044 0.9609748987339335
