# x y
0.6998613981288363 0.710469848228883
0.6958209940884322 0.7145102522692871
0.6998613981288363 0.7145102522692871
0.6917805900480283 0.7185506563096911
0.6958209940884322 0.7185506563096911
0.6998613981288363 0.7185506563096911
0.6877401860076242 0.7225910603500951
0.6917805900480283 0.7225910603500951
0.6958209940884322 0.7225910603500951
0.6836997819672201 0.7266314643904992
0.6877401860076242 0.7266314643904992
0.6917805900480283 0.7266314643904992
0.6796593779268161 0.7306718684309033
0.6836997819672201 0.7306718684309033
0.6877401860076242 0.7306718684309033
0.6715785698460079 0.7347122724713073
0.675618973886412 0.7347122724713073
0.6796593779268161 0.7347122724713073
0.6836997819672201 0.7347122724713073
0.6675381658056039 0.7387526765117113
0.6715785698460079 0.7387526765117113
0.675618973886412 0.7387526765117113
0.6796593779268161 0.7387526765117113
0.6634977617651999 0.7427930805521153
0.6675381658056039 0.7427930805521153
0.6715785698460079 0.7427930805521153
0.675618973886412 0.7427930805521153
0.6594573577247959 0.7468334845925194
0.6634977617651999 0.7468334845925194
0.6675381658056039 0.7468334845925194
0.6715785698460079 0.7468334845925194
0.6554169536843919 0.7508738886329235
0.6594573577247959 0.7508738886329235
0.6634977617651999 0.7508738886329235
0.6513765496439878 0.7549142926733274
0.6554169536843919 0.7549142926733274
0.6594573577247959 0.7549142926733274
0.6473361456035838 0.7589546967137315
0.6513765496439878 0.7589546967137315
0.6554169536843919 0.7589546967137315
0.6392553375227756 0.7629951007541356
0.6432957415631797 0.7629951007541356
0.6473361456035838 0.7629951007541356
0.6513765496439878 0.7629951007541356
0.6352149334823716 0.7670355047945396
0.6392553375227756 0.7670355047945396
0.6432957415631797 0.7670355047945396
0.6473361456035838 0.7670355047945396
0.6311745294419676 0.7710759088349436
0.6352149334823716 0.7710759088349436
0.6392553375227756 0.7710759088349436
0.6432957415631797 0.7710759088349436
0.6271341254015635 0.7751163128753477
0.6311745294419676 0.7751163128753477
0.6352149334823716 0.7751163128753477
0.6230937213611595 0.7791567169157517
0.6271341254015635 0.7791567169157517
0.6311745294419676 0.7791567169157517
0.6150129132803515 0.7831971209561558
0.6190533173207555 0.7831971209561558
0.6230937213611595 0.7831971209561558
0.6271341254015635 0.7831971209561558
0.6109725092399474 0.7872375249965597
0.6150129132803515 0.7872375249965597
0.6190533173207555 0.7872375249965597
0.6230937213611595 0.7872375249965597
0.6069321051995433 0.7912779290369638
0.6109725092399474 0.7912779290369638
0.6150129132803515 0.7912779290369638
0.5988512971187352 0.7953183330773679
0.6028917011591393 0.7953183330773679
0.6069321051995433 0.7953183330773679
0.6109725092399474 0.7953183330773679
0.5948108930783312 0.799358737117772
0.5988512971187352 0.799358737117772
0.6028917011591393 0.799358737117772
0.6069321051995433 0.799358737117772
0.5907704890379272 0.803399141158176
0.5948108930783312 0.803399141158176
0.5988512971187352 0.803399141158176
0.6028917011591393 0.803399141158176
0.5826896809571191 0.80743954519858
0.5867300849975232 0.80743954519858
0.5907704890379272 0.80743954519858
0.5948108930783312 0.80743954519858
0.5786492769167151 0.811479949238984
0.5826896809571191 0.811479949238984
0.5867300849975232 0.811479949238984
0.5907704890379272 0.811479949238984
0.570568468835907 0.8155203532793881
0.574608872876311 0.8155203532793881
0.5786492769167151 0.8155203532793881
0.5826896809571191 0.8155203532793881
0.5867300849975232 0.8155203532793881
0.5665280647955029 0.819560757319792
0.570568468835907 0.819560757319792
0.574608872876311 0.819560757319792
0.5786492769167151 0.819560757319792
0.5624876607550989 0.8236011613601961
0.5665280647955029 0.8236011613601961
0.570568468835907 0.8236011613601961
0.574608872876311 0.8236011613601961
0.5544068526742908 0.8276415654006002
0.5584472567146949 0.8276415654006002
0.5624876607550989 0.8276415654006002
0.5665280647955029 0.8276415654006002
0.5503664486338868 0.8316819694410043
0.5544068526742908 0.8316819694410043
0.5584472567146949 0.8316819694410043
0.5624876607550989 0.8316819694410043
0.5422856405530787 0.8357223734814083
0.5463260445934828 0.8357223734814083
0.5503664486338868 0.8357223734814083
0.5544068526742908 0.8357223734814083
0.5342048324722706 0.8397627775218124
0.5382452365126746 0.8397627775218124
0.5422856405530787 0.8397627775218124
0.5463260445934828 0.8397627775218124
0.5503664486338868 0.8397627775218124
0.5301644284318666 0.8438031815622163
0.5342048324722706 0.8438031815622163
0.5382452365126746 0.8438031815622163
0.5422856405530787 0.8438031815622163
0.5220836203510585 0.8478435856026204
0.5261240243914626 0.8478435856026204
0.5301644284318666 0.8478435856026204
0.5342048324722706 0.8478435856026204
0.5382452365126746 0.8478435856026204
0.5180432163106544 0.8518839896430245
0.5220836203510585 0.8518839896430245
0.5261240243914626 0.8518839896430245
0.5301644284318666 0.8518839896430245
0.5099624082298464 0.8559243936834284
0.5140028122702505 0.8559243936834284
0.5180432163106544 0.8559243936834284
0.5220836203510585 0.8559243936834284
0.5018816001490383 0.8599647977238325
0.5059220041894423 0.8599647977238325
0.5099624082298464 0.8599647977238325
0.5140028122702505 0.8599647977238325
0.5180432163106544 0.8599647977238325
0.49380079206823024 0.8640052017642366
0.49784119610863425 0.8640052017642366
0.5018816001490383 0.8640052017642366
0.5059220041894423 0.8640052017642366
0.5099624082298464 0.8640052017642366
0.4897603880278262 0.8680456058046406
0.49380079206823024 0.8680456058046406
0.49784119610863425 0.8680456058046406
0.5018816001490383 0.8680456058046406
0.4816795799470181 0.8720860098450447
0.4857199839874221 0.8720860098450447
0.4897603880278262 0.8720860098450447
0.49380079206823024 0.8720860098450447
0.49784119610863425 0.8720860098450447
0.47359877186621 0.8761264138854487
0.4776391759066141 0.8761264138854487
0.4816795799470181 0.8761264138854487
0.4857199839874221 0.8761264138854487
0.4897603880278262 0.8761264138854487
0.46551796378540194 0.8801668179258527
0.46955836782580596 0.8801668179258527
0.47359877186621 0.8801668179258527
0.4776391759066141 0.8801668179258527
0.4816795799470181 0.8801668179258527
0.45743715570459387 0.8842072219662568
0.4614775597449979 0.8842072219662568
0.46551796378540194 0.8842072219662568
0.46955836782580596 0.8842072219662568
0.47359877186621 0.8842072219662568
0.44935634762378573 0.8882476260066607
0.4533967516641898 0.8882476260066607
0.45743715570459387 0.8882476260066607
0.4614775597449979 0.8882476260066607
0.46551796378540194 0.8882476260066607
0.4412755395429777 0.8922880300470648
0.4453159435833817 0.8922880300470648
0.44935634762378573 0.8922880300470648
0.4533967516641898 0.8922880300470648
0.45743715570459387 0.8922880300470648
0.4614775597449979 0.8922880300470648
0.4331947314621696 0.8963284340874689
0.43723513550257365 0.8963284340874689
0.4412755395429777 0.8963284340874689
0.4453159435833817 0.8963284340874689
0.44935634762378573 0.8963284340874689
0.4533967516641898 0.8963284340874689
0.42511392338136156 0.9003688381278729
0.42915432742176557 0.9003688381278729
0.4331947314621696 0.9003688381278729
0.43723513550257365 0.9003688381278729
0.4412755395429777 0.9003688381278729
0.4453159435833817 0.9003688381278729
0.4170331153005534 0.904409242168277
0.4210735193409575 0.904409242168277
0.42511392338136156 0.904409242168277
0.42915432742176557 0.904409242168277
0.4331947314621696 0.904409242168277
0.43723513550257365 0.904409242168277
0.40895230721974535 0.9084496462086811
0.4129927112601494 0.9084496462086811
0.4170331153005534 0.9084496462086811
0.4210735193409575 0.9084496462086811
0.42511392338136156 0.9084496462086811
0.40087149913893727 0.912490050249085
0.40491190317934134 0.912490050249085
0.40895230721974535 0.912490050249085
0.4129927112601494 0.912490050249085
0.4170331153005534 0.912490050249085
0.3887502870177252 0.9165304542894891
0.3927906910581292 0.9165304542894891
0.39683109509853326 0.9165304542894891
0.40087149913893727 0.9165304542894891
0.40491190317934134 0.9165304542894891
0.40895230721974535 0.9165304542894891
0.38066947893691705 0.920570858329893
0.3847098829773211 0.920570858329893
0.3887502870177252 0.920570858329893
0.3927906910581292 0.920570858329893
0.39683109509853326 0.920570858329893
0.40087149913893727 0.920570858329893
0.36854826681570496 0.9246112623702971
0.372588670856109 0.9246112623702971
0.37662907489651304 0.9246112623702971
0.38066947893691705 0.9246112623702971
0.3847098829773211 0.9246112623702971
0.3887502870177252 0.9246112623702971
0.3927906910581292 0.9246112623702971
0.3604674587348969 0.9286516664107012
0.3645078627753009 0.9286516664107012
0.36854826681570496 0.9286516664107012
0.372588670856109 0.9286516664107012
0.37662907489651304 0.9286516664107012
0.38066947893691705 0.9286516664107012
0.34834624661368474 0.9326920704511052
0.3523866506540888 0.9326920704511052
0.3564270546944929 0.9326920704511052
0.3604674587348969 0.9326920704511052
0.3645078627753009 0.9326920704511052
0.36854826681570496 0.9326920704511052
0.372588670856109 0.9326920704511052
0.33622503449247265 0.9367324744915093
0.34026543853287666 0.9367324744915093
0.34430584257328073 0.9367324744915093
0.34834624661368474 0.9367324744915093
0.3523866506540888 0.9367324744915093
0.3564270546944929 0.9367324744915093
0.3604674587348969 0.9367324744915093
0.3281442264116646 0.9407728785319134
0.3321846304520686 0.9407728785319134
0.33622503449247265 0.9407728785319134
0.34026543853287666 0.9407728785319134
0.34430584257328073 0.9407728785319134
0.34834624661368474 0.9407728785319134
0.3523866506540888 0.9407728785319134
0.31602301429045243 0.9448132825723174
0.3200634183308565 0.9448132825723174
0.3241038223712605 0.9448132825723174
0.3281442264116646 0.9448132825723174
0.3321846304520686 0.9448132825723174
0.33622503449247265 0.9448132825723174
0.34026543853287666 0.9448132825723174
0.30390180216924034 0.9488536866127214
0.30794220620964435 0.9488536866127214
0.31198261025004836 0.9488536866127214
0.31602301429045243 0.9488536866127214
0.3200634183308565 0.9488536866127214
0.3241038223712605 0.9488536866127214
0.3281442264116646 0.9488536866127214
0.2998613981288363 0.9528940906531255
0.30390180216924034 0.9528940906531255
0.30794220620964435 0.9528940906531255
0.31198261025004836 0.9528940906531255
0.31602301429045243 0.9528940906531255
0.2998613981288363 0.9569344946935294
0.30390180216924034 0.9569344946935294
