# x y
0.6999393703872585 0.710469848228883
0.6958989663468544 0.7145102522692871
0.6999393703872585 0.7145102522692871
0.6918585623064505 0.7185506563096911
0.6958989663468544 0.7185506563096911
0.6878181582660464 0.7225910603500951
0.6918585623064505 0.7225910603500951
0.6837777542256424 0.7266314643904992
0.6878181582660464 0.7266314643904992
0.6797373501852384 0.7306718684309033
0.6837777542256424 0.7306718684309033
0.6756969461448343 0.7347122724713073
0.6797373501852384 0.7347122724713073
0.6716565421044303 0.7387526765117113
0.6756969461448343 0.7387526765117113
0.6676161380640262 0.7427930805521153
0.6716565421044303 0.7427930805521153
0.6635757340236221 0.7468334845925194
0.6676161380640262 0.7468334845925194
0.6595353299832181 0.7508738886329235
0.6635757340236221 0.7508738886329235
0.65145452190241 0.7549142926733274
0.6554949259428141 0.7549142926733274
0.6595353299832181 0.7549142926733274
0.6474141178620061 0.7589546967137315
0.65145452190241 0.7589546967137315
0.6554949259428141 0.7589546967137315
0.643373713821602 0.7629951007541356
0.6474141178620061 0.7629951007541356
0.639333309781198 0.7670355047945396
0.643373713821602 0.7670355047945396
0.6352929057407939 0.7710759088349436
0.639333309781198 0.7710759088349436
0.6272120976599858 0.7751163128753477
0.6312525017003898 0.7751163128753477
0.6352929057407939 0.7751163128753477
0.6231716936195817 0.7791567169157517
0.6272120976599858 0.7791567169157517
0.6312525017003898 0.7791567169157517
0.6191312895791777 0.7831971209561558
0.6231716936195817 0.7831971209561558
0.6150908855387737 0.7872375249965597
0.6191312895791777 0.7872375249965597
0.6070100774579656 0.7912779290369638
0.6110504814983697 0.7912779290369638
0.6150908855387737 0.7912779290369638
0.6029696734175616 0.7953183330773679
0.6070100774579656 0.7953183330773679
0.6110504814983697 0.7953183330773679
0.5989292693771575 0.799358737117772
0.6029696734175616 0.799358737117772
0.5908484612963494 0.803399141158176
0.5948888653367534 0.803399141158176
0.5989292693771575 0.803399141158176
0.5868080572559454 0.80743954519858
0.5908484612963494 0.80743954519858
0.5948888653367534 0.80743954519858
0.5827676532155414 0.811479949238984
0.5868080572559454 0.811479949238984
0.5746868451347333 0.8155203532793881
0.5787272491751374 0.8155203532793881
0.5827676532155414 0.8155203532793881
0.5706464410943293 0.819560757319792
0.5746868451347333 0.819560757319792
0.5625656330135211 0.8236011613601961
0.5666060370539252 0.8236011613601961
0.5706464410943293 0.8236011613601961
0.5585252289731171 0.8276415654006002
0.5625656330135211 0.8276415654006002
0.5666060370539252 0.8276415654006002
0.550444420892309 0.8316819694410043
0.554484824932713 0.8316819694410043
0.5585252289731171 0.8316819694410043
0.546404016851905 0.8357223734814083
0.550444420892309 0.8357223734814083
0.554484824932713 0.8357223734814083
0.538323208771097 0.8397627775218124
0.542363612811501 0.8397627775218124
0.546404016851905 0.8397627775218124
0.5342828047306929 0.8438031815622163
0.538323208771097 0.8438031815622163
0.542363612811501 0.8438031815622163
0.5262019966498848 0.8478435856026204
0.5302424006902888 0.8478435856026204
0.5342828047306929 0.8478435856026204
0.5181211885690767 0.8518839896430245
0.5221615926094807 0.8518839896430245
0.5262019966498848 0.8518839896430245
0.5140807845286727 0.8559243936834284
0.5181211885690767 0.8559243936834284
0.5221615926094807 0.8559243936834284
0.5059999764478647 0.8599647977238325
0.5100403804882686 0.8599647977238325
0.5140807845286727 0.8599647977238325
0.4979191683670565 0.8640052017642366
0.5019595724074606 0.8640052017642366
0.5059999764478647 0.8640052017642366
0.49387876432665245 0.8680456058046406
0.4979191683670565 0.8680456058046406
0.5019595724074606 0.8680456058046406
0.48579795624584443 0.8720860098450447
0.48983836028624844 0.8720860098450447
0.49387876432665245 0.8720860098450447
0.4777171481650363 0.8761264138854487
0.48175755220544036 0.8761264138854487
0.48579795624584443 0.8761264138854487
0.4696363400842283 0.8801668179258527
0.4736767441246323 0.8801668179258527
0.4777171481650363 0.8801668179258527
0.46155553200342014 0.8842072219662568
0.4655959360438242 0.8842072219662568
0.4696363400842283 0.8842072219662568
0.4736767441246323 0.8842072219662568
0.45347472392261207 0.8882476260066607
0.4575151279630161 0.8882476260066607
0.46155553200342014 0.8882476260066607
0.4655959360438242 0.8882476260066607
0.445393915841804 0.8922880300470648
0.44943431988220806 0.8922880300470648
0.45347472392261207 0.8922880300470648
0.4575151279630161 0.8922880300470648
0.4373131077609959 0.8963284340874689
0.4413535118013999 0.8963284340874689
0.445393915841804 0.8963284340874689
0.44943431988220806 0.8963284340874689
0.42923229968018783 0.9003688381278729
0.4332727037205919 0.9003688381278729
0.4373131077609959 0.9003688381278729
0.4413535118013999 0.9003688381278729
0.42115149159937976 0.904409242168277
0.42519189563978377 0.904409242168277
0.42923229968018783 0.904409242168277
0.4332727037205919 0.904409242168277
0.4130706835185717 0.9084496462086811
0.41711108755897575 0.9084496462086811
0.42115149159937976 0.9084496462086811
0.42519189563978377 0.9084496462086811
0.4049898754377636 0.912490050249085
0.4090302794781676 0.912490050249085
0.4130706835185717 0.912490050249085
0.39286866331655146 0.9165304542894891
0.3969090673569555 0.9165304542894891
0.40094947139735954 0.9165304542894891
0.4049898754377636 0.9165304542894891
0.3847878552357434 0.920570858329893
0.38882825927614745 0.920570858329893
0.39286866331655146 0.920570858329893
0.3969090673569555 0.920570858329893
0.37266664311453124 0.9246112623702971
0.3767070471549353 0.9246112623702971
0.38074745119533937 0.9246112623702971
0.3847878552357434 0.9246112623702971
0.38882825927614745 0.9246112623702971
0.3645858350337232 0.9286516664107012
0.3686262390741272 0.9286516664107012
0.37266664311453124 0.9286516664107012
0.3767070471549353 0.9286516664107012
0.35246462291251107 0.9326920704511052
0.3565050269529151 0.9326920704511052
0.36054543099331915 0.9326920704511052
0.3645858350337232 0.9326920704511052
0.3686262390741272 0.9326920704511052
0.344383814831703 0.9367324744915093
0.34842421887210706 0.9367324744915093
0.35246462291251107 0.9367324744915093
0.3565050269529151 0.9367324744915093
0.33226260271049085 0.9407728785319134
0.3363030067508949 0.9407728785319134
0.34034341079129893 0.9407728785319134
0.344383814831703 0.9407728785319134
0.3201413905892787 0.9448132825723174
0.3241817946296828 0.9448132825723174
0.32822219867008684 0.9448132825723174
0.33226260271049085 0.9448132825723174
0.3363030067508949 0.9448132825723174
0.3080201784680666 0.9488536866127214
0.3120605825084707 0.9488536866127214
0.3161009865488747 0.9488536866127214
0.3201413905892787 0.9488536866127214
0.3241817946296828 0.9488536866127214
0.29993937038725854 0.9528940906531255
0.30397977442766255 0.9528940906531255
0.3080201784680666 0.9528940906531255
0.3120605825084707 0.9528940906531255
0.29993937038725854 0.9569344946935294
