# x y
0.6999844872525478 0.7225910603500951
0.6959440832121437 0.7266314643904992
0.6919036791717398 0.7306718684309033
0.6878632751313357 0.7347122724713073
0.6393784266464873 0.7791567169157517
0.619176406444467 0.7953183330773679
0.6353380226060832 0.799358737117772
0.5989743862424468 0.8155203532793881
0.5949339822020427 0.8316819694410043
0.5585703458384064 0.8397627775218124
0.5464491337171943 0.8478435856026204
0.52220670947477 0.8599647977238325
0.5020046892727499 0.8720860098450447
0.5302875175555781 0.8761264138854487
0.3969541842222448 0.9286516664107012
0.3363481236161842 0.9488536866127214
0.316146103414164 0.9650153027743376
0.30402489129295185 0.9690557068147416
