# x y
0.6999911471513949 0.7145102522692871
0.6959507431109908 0.7185506563096911
0.6919103390705867 0.7225910603500951
0.6878699350301827 0.7266314643904992
0.6838295309897786 0.7306718684309033
0.6797891269493747 0.7347122724713073
0.6757487229089706 0.7387526765117113
0.6676679148281626 0.7427930805521153
0.6636275107877585 0.7468334845925194
0.6595871067473544 0.7508738886329235
0.6555467027069504 0.7549142926733274
0.6515062986665463 0.7589546967137315
0.6474658946261423 0.7629951007541356
0.6434254905857383 0.7670355047945396
0.6353446825049303 0.7710759088349436
0.6313042784645262 0.7751163128753477
0.6272638744241221 0.7791567169157517
0.6232234703837181 0.7831971209561558
0.6151426623029099 0.7872375249965597
0.611102258262506 0.7912779290369638
0.6070618542221019 0.7953183330773679
0.5989810461412939 0.799358737117772
0.603021450181698 0.799358737117772
0.5949406421008898 0.803399141158176
0.5909002380604857 0.80743954519858
0.5828194299796776 0.811479949238984
0.5868598340200817 0.811479949238984
0.5787790259392737 0.8155203532793881
0.5747386218988696 0.819560757319792
0.5666578138180616 0.8236011613601961
0.5626174097776575 0.8276415654006002
0.5545366016968494 0.8316819694410043
0.5504961976564453 0.8357223734814083
0.5424153895756373 0.8397627775218124
0.5343345814948293 0.8438031815622163
0.5383749855352332 0.8438031815622163
0.5302941774544252 0.8478435856026204
0.5222133693736171 0.8518839896430245
0.5262537734140211 0.8518839896430245
0.518172965333213 0.8559243936834284
0.510092157252405 0.8599647977238325
0.5020113491715968 0.8640052017642366
0.5060517532120009 0.8640052017642366
0.4939305410907888 0.8680456058046406
0.49797094513119283 0.8680456058046406
0.48989013705038476 0.8720860098450447
0.4818093289695767 0.8761264138854487
0.4737285208887686 0.8801668179258527
0.47776892492917267 0.8801668179258527
0.4656477128079605 0.8842072219662568
0.46968811684836453 0.8842072219662568
0.45756690472715245 0.8882476260066607
0.46160730876755646 0.8882476260066607
0.4494860966463443 0.8922880300470648
0.4535265006867484 0.8922880300470648
0.4414052885655363 0.8963284340874689
0.4454456926059403 0.8963284340874689
0.43332448048472816 0.9003688381278729
0.4373648845251322 0.9003688381278729
0.42524367240392014 0.904409242168277
0.42928407644432415 0.904409242168277
0.417162864323112 0.9084496462086811
0.42120326836351607 0.9084496462086811
0.4090820562423039 0.912490050249085
0.39696084412109184 0.9165304542894891
0.40100124816149585 0.9165304542894891
0.38888003604028376 0.920570858329893
0.39292044008068777 0.920570858329893
0.38079922795947563 0.9246112623702971
0.3848396319998797 0.9246112623702971
0.36867801583826354 0.9286516664107012
0.3727184198786676 0.9286516664107012
0.36059720775745546 0.9326920704511052
0.3646376117978595 0.9326920704511052
0.3484759956362433 0.9367324744915093
0.3525163996766474 0.9367324744915093
0.33635478351503123 0.9407728785319134
0.34039518755543524 0.9407728785319134
0.3242335713938191 0.9448132825723174
0.32827397543422315 0.9448132825723174
0.33231437947462716 0.9448132825723174
0.31211235927260694 0.9488536866127214
0.316152763313011 0.9488536866127214
0.3201931673534151 0.9488536866127214
0.29999114715139485 0.9528940906531255
0.3040315511917989 0.9528940906531255
0.30807195523220293 0.9528940906531255
