# x y
0.6999746076375236 0.7145102522692871
0.6959342035971195 0.7185506563096911
0.6918937995567156 0.7225910603500951
0.6878533955163115 0.7266314643904992
0.6838129914759075 0.7306718684309033
0.6757321833950993 0.7347122724713073
0.6797725874355034 0.7347122724713073
0.6716917793546953 0.7387526765117113
0.6757321833950993 0.7387526765117113
0.6676513753142912 0.7427930805521153
0.6716917793546953 0.7427930805521153
0.6636109712738872 0.7468334845925194
0.6676513753142912 0.7468334845925194
0.6595705672334832 0.7508738886329235
0.6555301631930792 0.7549142926733274
0.6514897591526752 0.7589546967137315
0.643408951071867 0.7629951007541356
0.6474493551122711 0.7629951007541356
0.639368547031463 0.7670355047945396
0.643408951071867 0.7670355047945396
0.6353281429910589 0.7710759088349436
0.639368547031463 0.7710759088349436
0.6312877389506549 0.7751163128753477
0.6272473349102509 0.7791567169157517
0.6191665268294428 0.7831971209561558
0.6232069308698468 0.7831971209561558
0.6151261227890388 0.7872375249965597
0.6191665268294428 0.7872375249965597
0.6110857187486347 0.7912779290369638
0.6030049106678266 0.7953183330773679
0.6070453147082306 0.7953183330773679
0.5989645066274225 0.799358737117772
0.6030049106678266 0.799358737117772
0.5949241025870186 0.803399141158176
0.5868432945062105 0.80743954519858
0.5908836985466145 0.80743954519858
0.5828028904658065 0.811479949238984
0.5868432945062105 0.811479949238984
0.5787624864254024 0.8155203532793881
0.5706816783445943 0.819560757319792
0.5747220823849983 0.819560757319792
0.5666412743041902 0.8236011613601961
0.5706816783445943 0.8236011613601961
0.5585604662233822 0.8276415654006002
0.5626008702637862 0.8276415654006002
0.5545200621829781 0.8316819694410043
0.5585604662233822 0.8316819694410043
0.5464392541021701 0.8357223734814083
0.5504796581425742 0.8357223734814083
0.542398850061766 0.8397627775218124
0.5464392541021701 0.8397627775218124
0.5343180419809579 0.8438031815622163
0.538358446021362 0.8438031815622163
0.5302776379405539 0.8478435856026204
0.5221968298597458 0.8518839896430245
0.5262372339001499 0.8518839896430245
0.5141160217789378 0.8559243936834284
0.5181564258193417 0.8559243936834284
0.5100756177385337 0.8599647977238325
0.5141160217789378 0.8599647977238325
0.5019948096577256 0.8640052017642366
0.5060352136981296 0.8640052017642366
0.49391400157691756 0.8680456058046406
0.49795440561732157 0.8680456058046406
0.48583319349610943 0.8720860098450447
0.4898735975365135 0.8720860098450447
0.4817927894557054 0.8761264138854487
0.48583319349610943 0.8761264138854487
0.47371198137489734 0.8801668179258527
0.4777523854153014 0.8801668179258527
0.46563117329408926 0.8842072219662568
0.4696715773344933 0.8842072219662568
0.4575503652132812 0.8882476260066607
0.4615907692536852 0.8882476260066607
0.44946955713247305 0.8922880300470648
0.4535099611728771 0.8922880300470648
0.44138874905166503 0.8963284340874689
0.44542915309206904 0.8963284340874689
0.4333079409708569 0.9003688381278729
0.43734834501126096 0.9003688381278729
0.4252271328900489 0.904409242168277
0.4292675369304529 0.904409242168277
0.41310592076883673 0.9084496462086811
0.41714632480924074 0.9084496462086811
0.4211867288496448 0.9084496462086811
0.40502511268802865 0.912490050249085
0.40906551672843267 0.912490050249085
0.41310592076883673 0.912490050249085
0.3969443046072206 0.9165304542894891
0.4009847086476246 0.9165304542894891
0.40502511268802865 0.9165304542894891
0.3888634965264125 0.920570858329893
0.3929039005668165 0.920570858329893
0.37674228440520036 0.9246112623702971
0.38078268844560437 0.9246112623702971
0.38482309248600843 0.9246112623702971
0.3686614763243923 0.9286516664107012
0.37270188036479635 0.9286516664107012
0.3565402642031802 0.9326920704511052
0.3605806682435842 0.9326920704511052
0.3646210722839882 0.9326920704511052
0.34441905208196805 0.9367324744915093
0.34845945612237206 0.9367324744915093
0.3524998601627761 0.9367324744915093
0.33633824400115997 0.9407728785319134
0.340378648041564 0.9407728785319134
0.34441905208196805 0.9407728785319134
0.3242170318799478 0.9448132825723174
0.3282574359203519 0.9448132825723174
0.3322978399607559 0.9448132825723174
0.3120958197587357 0.9488536866127214
0.31613622379913975 0.9488536866127214
0.3201766278395438 0.9488536866127214
0.2999746076375236 0.9528940906531255
0.30401501167792766 0.9528940906531255
0.30805541571833167 0.9528940906531255
