# x y
0.6636290675809992 0.7549142926733274
0.6676694716214031 0.7589546967137315
0.6313058352577668 0.7831971209561558
0.6191846231365548 0.7953183330773679
0.6111038150557466 0.799358737117772
0.5949421988941305 0.811479949238984
0.5706997746517062 0.8276415654006002
0.5666593706113021 0.8316819694410043
0.5262553302072618 0.8559243936834284
0.5060533100052416 0.8680456058046406
0.48585128980322134 0.8801668179258527
0.4777704817224133 0.8842072219662568
0.48181088576281733 0.8842072219662568
0.4656492696012012 0.9003688381278729
0.4373664413183729 0.904409242168277
0.44948765343958497 0.9084496462086811
0.4252452291971608 0.920570858329893
0.3969624009143325 0.9246112623702971
0.3969624009143325 0.9286516664107012
0.3565583605102921 0.9407728785319134
0.32423512818705974 0.9528940906531255
0.3121139160658476 0.9569344946935294
0.3040331079850396 0.9609748987339335
0.3121139160658476 0.9609748987339335
