# x y
0.6999600756933164 0.7266314643904992
0.6959196716529124 0.7306718684309033
0.6918792676125083 0.7347122724713073
0.6474348231680638 0.7751163128753477
0.6353136110468517 0.7872375249965597
0.6151115908448315 0.803399141158176
0.5989499746832153 0.811479949238984
0.6110711868044274 0.819560757319792
0.5949095706428114 0.8316819694410043
0.5019802777135184 0.8801668179258527
0.45349542922866987 0.9003688381278729
0.4454146211478618 0.904409242168277
0.41713179286503355 0.9246112623702971
0.39288936862260926 0.9286516664107012
0.368646944380185 0.9407728785319134
0.364606540339781 0.9609748987339335
0.3201620958953365 0.9771365148955498
