# x y
0.6959571827300081 0.7225910603500951
0.6919167786896041 0.7266314643904992
0.683835970608796 0.7347122724713073
0.6717147584875838 0.7468334845925194
0.6757551625279878 0.7468334845925194
0.6717147584875838 0.7549142926733274
0.6434319302047555 0.7751163128753477
0.6393915261643515 0.7831971209561558
0.6232299100027353 0.7872375249965597
0.5787854655582909 0.819560757319792
0.5424218291946545 0.8478435856026204
0.5303006170734424 0.8518839896430245
0.5141390009118263 0.8640052017642366
0.48181576858859393 0.8801668179258527
0.4212097079825333 0.912490050249085
0.4090884958613212 0.9165304542894891
0.4090884958613212 0.920570858329893
0.4252501120229374 0.920570858329893
0.3646440514168767 0.9367324744915093
0.3323208190936444 0.9488536866127214
0.32424001101283634 0.9569344946935294
0.2999975867704121 0.9650153027743376
