# x y
0.6554408113697816 0.7710759088349436
0.6554408113697816 0.7831971209561558
0.6109963669253371 0.80743954519858
0.4897842457132159 0.8882476260066607
0.4817034376324078 0.8922880300470648
0.4897842457132159 0.9003688381278729
0.4534206093495795 0.904409242168277
0.44938020530917544 0.920570858329893
0.44533980126877143 0.9246112623702971
0.43725899318796335 0.9286516664107012
0.4291781851071553 0.9326920704511052
0.38069333662230675 0.9367324744915093
0.3604913164202866 0.9448132825723174
0.3645317204606906 0.9448132825723174
0.38069333662230675 0.9528940906531255
0.31604687197584214 0.9609748987339335
0.30392565985463005 0.9650153027743376
