# x y
0.699969112593076 0.7145102522692871
0.695928708552672 0.7185506563096911
0.6918883045122679 0.7225910603500951
0.6878479004718638 0.7266314643904992
0.6797670923910557 0.7306718684309033
0.6838074964314598 0.7306718684309033
0.6757266883506516 0.7347122724713073
0.6797670923910557 0.7347122724713073
0.6716862843102477 0.7387526765117113
0.6757266883506516 0.7387526765117113
0.6676458802698436 0.7427930805521153
0.6716862843102477 0.7427930805521153
0.6636054762294397 0.7468334845925194
0.6676458802698436 0.7468334845925194
0.6595650721890356 0.7508738886329235
0.6636054762294397 0.7508738886329235
0.6555246681486315 0.7549142926733274
0.6514842641082275 0.7589546967137315
0.6434034560274193 0.7629951007541356
0.6474438600678234 0.7629951007541356
0.6393630519870154 0.7670355047945396
0.6434034560274193 0.7670355047945396
0.6353226479466113 0.7710759088349436
0.6393630519870154 0.7710759088349436
0.6312822439062074 0.7751163128753477
0.6272418398658033 0.7791567169157517
0.6191610317849952 0.7831971209561558
0.6232014358253992 0.7831971209561558
0.6151206277445911 0.7872375249965597
0.6191610317849952 0.7872375249965597
0.611080223704187 0.7912779290369638
0.602999415623379 0.7953183330773679
0.607039819663783 0.7953183330773679
0.5989590115829749 0.799358737117772
0.602999415623379 0.799358737117772
0.594918607542571 0.803399141158176
0.5989590115829749 0.803399141158176
0.5868377994617628 0.80743954519858
0.5908782035021669 0.80743954519858
0.5827973954213588 0.811479949238984
0.5868377994617628 0.811479949238984
0.5787569913809547 0.8155203532793881
0.5706761833001467 0.819560757319792
0.5747165873405506 0.819560757319792
0.5666357792597426 0.8236011613601961
0.5706761833001467 0.8236011613601961
0.5585549711789346 0.8276415654006002
0.5625953752193387 0.8276415654006002
0.5545145671385305 0.8316819694410043
0.5585549711789346 0.8316819694410043
0.5464337590577224 0.8357223734814083
0.5504741630981265 0.8357223734814083
0.5423933550173183 0.8397627775218124
0.5464337590577224 0.8397627775218124
0.5343125469365103 0.8438031815622163
0.5383529509769144 0.8438031815622163
0.5262317388557023 0.8478435856026204
0.5302721428961062 0.8478435856026204
0.5343125469365103 0.8478435856026204
0.5221913348152982 0.8518839896430245
0.5262317388557023 0.8518839896430245
0.5141105267344901 0.8559243936834284
0.5181509307748942 0.8559243936834284
0.506029718653682 0.8599647977238325
0.510070122694086 0.8599647977238325
0.5141105267344901 0.8599647977238325
0.501989314613278 0.8640052017642366
0.506029718653682 0.8640052017642366
0.49390850653246987 0.8680456058046406
0.49794891057287394 0.8680456058046406
0.48582769845166185 0.8720860098450447
0.48986810249206586 0.8720860098450447
0.49390850653246987 0.8720860098450447
0.4777468903708537 0.8761264138854487
0.4817872944112578 0.8761264138854487
0.48582769845166185 0.8761264138854487
0.4737064863304497 0.8801668179258527
0.4777468903708537 0.8801668179258527
0.46562567824964163 0.8842072219662568
0.4696660822900457 0.8842072219662568
0.4575448701688335 0.8882476260066607
0.46158527420923756 0.8882476260066607
0.4494640620880255 0.8922880300470648
0.4535044661284295 0.8922880300470648
0.44138325400721734 0.8963284340874689
0.4454236580476214 0.8963284340874689
0.4333024459264093 0.9003688381278729
0.43734284996681333 0.9003688381278729
0.4252216378456012 0.904409242168277
0.42926204188600525 0.904409242168277
0.4131004257243891 0.9084496462086811
0.41714082976479316 0.9084496462086811
0.4211812338051972 0.9084496462086811
0.405019617643581 0.912490050249085
0.40906002168398503 0.912490050249085
0.4131004257243891 0.912490050249085
0.39693880956277294 0.9165304542894891
0.40097921360317695 0.9165304542894891
0.405019617643581 0.9165304542894891
0.3848175974415608 0.920570858329893
0.38885800148196487 0.920570858329893
0.3928984055223689 0.920570858329893
0.3767367893607527 0.9246112623702971
0.3807771934011568 0.9246112623702971
0.3848175974415608 0.9246112623702971
0.36865598127994464 0.9286516664107012
0.37269638532034866 0.9286516664107012
0.3767367893607527 0.9286516664107012
0.3565347691587325 0.9326920704511052
0.36057517319913657 0.9326920704511052
0.36461557723954063 0.9326920704511052
0.3444135570375204 0.9367324744915093
0.3484539610779245 0.9367324744915093
0.3524943651183285 0.9367324744915093
0.33633274895671234 0.9407728785319134
0.34037315299711635 0.9407728785319134
0.3444135570375204 0.9407728785319134
0.3242115368355002 0.9448132825723174
0.32825194087590426 0.9448132825723174
0.33229234491630827 0.9448132825723174
0.3120903247142881 0.9488536866127214
0.3161307287546921 0.9488536866127214
0.3201711327950961 0.9488536866127214
0.29996911259307596 0.9528940906531255
0.30400951663347997 0.9528940906531255
0.30804992067388404 0.9528940906531255
