# x y
0.699990134084623 0.7145102522692871
0.6959497300442189 0.7185506563096911
0.6919093260038149 0.7225910603500951
0.6878689219634109 0.7266314643904992
0.6838285179230068 0.7306718684309033
0.6797881138826027 0.7347122724713073
0.6757477098421987 0.7387526765117113
0.6676669017613905 0.7427930805521153
0.6717073058017946 0.7427930805521153
0.6636264977209866 0.7468334845925194
0.6595860936805825 0.7508738886329235
0.6555456896401786 0.7549142926733274
0.6515052855997745 0.7589546967137315
0.6474648815593704 0.7629951007541356
0.6434244775189664 0.7670355047945396
0.6353436694381582 0.7710759088349436
0.6313032653977543 0.7751163128753477
0.6272628613573502 0.7791567169157517
0.6232224573169461 0.7831971209561558
0.6151416492361381 0.7872375249965597
0.611101245195734 0.7912779290369638
0.60706084115533 0.7953183330773679
0.5989800330745219 0.799358737117772
0.6030204371149259 0.799358737117772
0.5949396290341179 0.803399141158176
0.5908992249937138 0.80743954519858
0.5828184169129058 0.811479949238984
0.5868588209533099 0.811479949238984
0.5787780128725017 0.8155203532793881
0.5706972047916936 0.819560757319792
0.5747376088320977 0.819560757319792
0.5666568007512895 0.8236011613601961
0.5626163967108856 0.8276415654006002
0.5545355886300775 0.8316819694410043
0.5504951845896735 0.8357223734814083
0.5424143765088654 0.8397627775218124
0.5343335684280572 0.8438031815622163
0.5383739724684613 0.8438031815622163
0.5302931643876533 0.8478435856026204
0.5222123563068451 0.8518839896430245
0.5262527603472492 0.8518839896430245
0.5181719522664411 0.8559243936834284
0.5100911441856331 0.8599647977238325
0.5020103361048249 0.8640052017642366
0.506050740145229 0.8640052017642366
0.4939295280240169 0.8680456058046406
0.4979699320644209 0.8680456058046406
0.48988912398361284 0.8720860098450447
0.48180831590280476 0.8761264138854487
0.4737275078219967 0.8801668179258527
0.47776791186240075 0.8801668179258527
0.4656466997411886 0.8842072219662568
0.4696871037815926 0.8842072219662568
0.45756589166038053 0.8882476260066607
0.46160629570078454 0.8882476260066607
0.4494850835795724 0.8922880300470648
0.45352548761997646 0.8922880300470648
0.4414042754987644 0.8963284340874689
0.4454446795391684 0.8963284340874689
0.43332346741795624 0.9003688381278729
0.4373638714583603 0.9003688381278729
0.4252426593371482 0.904409242168277
0.42928306337755223 0.904409242168277
0.4171618512563401 0.9084496462086811
0.42120225529674415 0.9084496462086811
0.409081043175532 0.912490050249085
0.3969598310543199 0.9165304542894891
0.40100023509472393 0.9165304542894891
0.38887902297351185 0.920570858329893
0.39291942701391586 0.920570858329893
0.3807982148927037 0.9246112623702971
0.3848386189331078 0.9246112623702971
0.3686770027714916 0.9286516664107012
0.3727174068118957 0.9286516664107012
0.36059619469068355 0.9326920704511052
0.36463659873108756 0.9326920704511052
0.3484749825694714 0.9367324744915093
0.35251538660987547 0.9367324744915093
0.3363537704482593 0.9407728785319134
0.3403941744886633 0.9407728785319134
0.32423255832704717 0.9448132825723174
0.32827296236745124 0.9448132825723174
0.33231336640785525 0.9448132825723174
0.312111346205835 0.9488536866127214
0.3161517502462391 0.9488536866127214
0.32019215428664316 0.9488536866127214
0.29999013408462294 0.9528940906531255
0.304030538125027 0.9528940906531255
0.308070942165431 0.9528940906531255
