# x y
0.6927666803947186 0.698348636107671
0.6927666803947186 0.702389040148075
0.6887262763543145 0.706429444188479
0.6927666803947186 0.706429444188479
0.6846858723139105 0.710469848228883
0.6887262763543145 0.710469848228883
0.6927666803947186 0.710469848228883
0.6766050642331024 0.7145102522692871
0.6806454682735065 0.7145102522692871
0.6846858723139105 0.7145102522692871
0.6887262763543145 0.7145102522692871
0.6927666803947186 0.7145102522692871
0.6725646601926984 0.7185506563096911
0.6766050642331024 0.7185506563096911
0.6806454682735065 0.7185506563096911
0.6846858723139105 0.7185506563096911
0.6887262763543145 0.7185506563096911
0.6927666803947186 0.7185506563096911
0.6685242561522944 0.7225910603500951
0.6725646601926984 0.7225910603500951
0.6766050642331024 0.7225910603500951
0.6806454682735065 0.7225910603500951
0.6846858723139105 0.7225910603500951
0.6887262763543145 0.7225910603500951
0.6927666803947186 0.7225910603500951
0.6604434480714862 0.7266314643904992
0.6644838521118903 0.7266314643904992
0.6685242561522944 0.7266314643904992
0.6725646601926984 0.7266314643904992
0.6766050642331024 0.7266314643904992
0.6806454682735065 0.7266314643904992
0.6846858723139105 0.7266314643904992
0.6887262763543145 0.7266314643904992
0.6927666803947186 0.7266314643904992
0.6604434480714862 0.7306718684309033
0.6644838521118903 0.7306718684309033
0.6685242561522944 0.7306718684309033
0.6725646601926984 0.7306718684309033
0.6766050642331024 0.7306718684309033
0.6806454682735065 0.7306718684309033
0.6846858723139105 0.7306718684309033
0.6887262763543145 0.7306718684309033
0.6523626399906781 0.7347122724713073
0.6564030440310822 0.7347122724713073
0.6604434480714862 0.7347122724713073
0.6644838521118903 0.7347122724713073
0.6685242561522944 0.7347122724713073
0.6725646601926984 0.7347122724713073
0.6766050642331024 0.7347122724713073
0.6806454682735065 0.7347122724713073
0.6846858723139105 0.7347122724713073
0.6887262763543145 0.7347122724713073
0.6483222359502742 0.7387526765117113
0.6523626399906781 0.7387526765117113
0.6564030440310822 0.7387526765117113
0.6604434480714862 0.7387526765117113
0.6644838521118903 0.7387526765117113
0.6685242561522944 0.7387526765117113
0.6725646601926984 0.7387526765117113
0.6766050642331024 0.7387526765117113
0.6806454682735065 0.7387526765117113
0.6846858723139105 0.7387526765117113
0.6442818319098701 0.7427930805521153
0.6483222359502742 0.7427930805521153
0.6523626399906781 0.7427930805521153
0.6564030440310822 0.7427930805521153
0.6604434480714862 0.7427930805521153
0.6644838521118903 0.7427930805521153
0.6685242561522944 0.7427930805521153
0.6725646601926984 0.7427930805521153
0.6766050642331024 0.7427930805521153
0.6806454682735065 0.7427930805521153
0.6402414278694661 0.7468334845925194
0.6442818319098701 0.7468334845925194
0.6483222359502742 0.7468334845925194
0.6523626399906781 0.7468334845925194
0.6564030440310822 0.7468334845925194
0.6604434480714862 0.7468334845925194
0.6644838521118903 0.7468334845925194
0.6685242561522944 0.7468334845925194
0.6725646601926984 0.7468334845925194
0.6766050642331024 0.7468334845925194
0.632160619788658 0.7508738886329235
0.6362010238290621 0.7508738886329235
0.6402414278694661 0.7508738886329235
0.6442818319098701 0.7508738886329235
0.6483222359502742 0.7508738886329235
0.6523626399906781 0.7508738886329235
0.6564030440310822 0.7508738886329235
0.6604434480714862 0.7508738886329235
0.6644838521118903 0.7508738886329235
0.6685242561522944 0.7508738886329235
0.6725646601926984 0.7508738886329235
0.6281202157482539 0.7549142926733274
0.632160619788658 0.7549142926733274
0.6362010238290621 0.7549142926733274
0.6402414278694661 0.7549142926733274
0.6442818319098701 0.7549142926733274
0.6483222359502742 0.7549142926733274
0.6523626399906781 0.7549142926733274
0.6564030440310822 0.7549142926733274
0.6604434480714862 0.7549142926733274
0.6644838521118903 0.7549142926733274
0.6240798117078499 0.7589546967137315
0.6281202157482539 0.7589546967137315
0.632160619788658 0.7589546967137315
0.6362010238290621 0.7589546967137315
0.6402414278694661 0.7589546967137315
0.6442818319098701 0.7589546967137315
0.6483222359502742 0.7589546967137315
0.6523626399906781 0.7589546967137315
0.6564030440310822 0.7589546967137315
0.6604434480714862 0.7589546967137315
0.6644838521118903 0.7589546967137315
0.6200394076674458 0.7629951007541356
0.6240798117078499 0.7629951007541356
0.6281202157482539 0.7629951007541356
0.632160619788658 0.7629951007541356
0.6362010238290621 0.7629951007541356
0.6402414278694661 0.7629951007541356
0.6442818319098701 0.7629951007541356
0.6483222359502742 0.7629951007541356
0.6523626399906781 0.7629951007541356
0.6564030440310822 0.7629951007541356
0.6604434480714862 0.7629951007541356
0.6159990036270417 0.7670355047945396
0.6200394076674458 0.7670355047945396
0.6240798117078499 0.7670355047945396
0.6281202157482539 0.7670355047945396
0.632160619788658 0.7670355047945396
0.6362010238290621 0.7670355047945396
0.6402414278694661 0.7670355047945396
0.6442818319098701 0.7670355047945396
0.6483222359502742 0.7670355047945396
0.6523626399906781 0.7670355047945396
0.6079181955462337 0.7710759088349436
0.6119585995866378 0.7710759088349436
0.6159990036270417 0.7710759088349436
0.6200394076674458 0.7710759088349436
0.6240798117078499 0.7710759088349436
0.6281202157482539 0.7710759088349436
0.632160619788658 0.7710759088349436
0.6362010238290621 0.7710759088349436
0.6402414278694661 0.7710759088349436
0.6442818319098701 0.7710759088349436
0.6483222359502742 0.7710759088349436
0.6038777915058298 0.7751163128753477
0.6079181955462337 0.7751163128753477
0.6119585995866378 0.7751163128753477
0.6159990036270417 0.7751163128753477
0.6200394076674458 0.7751163128753477
0.6240798117078499 0.7751163128753477
0.6281202157482539 0.7751163128753477
0.632160619788658 0.7751163128753477
0.6362010238290621 0.7751163128753477
0.6402414278694661 0.7751163128753477
0.6442818319098701 0.7751163128753477
0.5998373874654257 0.7791567169157517
0.6038777915058298 0.7791567169157517
0.6079181955462337 0.7791567169157517
0.6119585995866378 0.7791567169157517
0.6159990036270417 0.7791567169157517
0.6200394076674458 0.7791567169157517
0.6240798117078499 0.7791567169157517
0.6281202157482539 0.7791567169157517
0.632160619788658 0.7791567169157517
0.6362010238290621 0.7791567169157517
0.6402414278694661 0.7791567169157517
0.5917565793846176 0.7831971209561558
0.5957969834250216 0.7831971209561558
0.5998373874654257 0.7831971209561558
0.6038777915058298 0.7831971209561558
0.6079181955462337 0.7831971209561558
0.6119585995866378 0.7831971209561558
0.6159990036270417 0.7831971209561558
0.6200394076674458 0.7831971209561558
0.6240798117078499 0.7831971209561558
0.6281202157482539 0.7831971209561558
0.632160619788658 0.7831971209561558
0.6362010238290621 0.7831971209561558
0.5836757713038094 0.7872375249965597
0.5877161753442135 0.7872375249965597
0.5917565793846176 0.7872375249965597
0.5957969834250216 0.7872375249965597
0.5998373874654257 0.7872375249965597
0.6038777915058298 0.7872375249965597
0.6079181955462337 0.7872375249965597
0.6119585995866378 0.7872375249965597
0.6159990036270417 0.7872375249965597
0.6200394076674458 0.7872375249965597
0.6240798117078499 0.7872375249965597
0.6281202157482539 0.7872375249965597
0.5796353672634055 0.7912779290369638
0.5836757713038094 0.7912779290369638
0.5877161753442135 0.7912779290369638
0.5917565793846176 0.7912779290369638
0.5957969834250216 0.7912779290369638
0.5998373874654257 0.7912779290369638
0.6038777915058298 0.7912779290369638
0.6079181955462337 0.7912779290369638
0.6119585995866378 0.7912779290369638
0.6159990036270417 0.7912779290369638
0.6200394076674458 0.7912779290369638
0.6240798117078499 0.7912779290369638
0.5715545591825975 0.7953183330773679
0.5755949632230014 0.7953183330773679
0.5796353672634055 0.7953183330773679
0.5836757713038094 0.7953183330773679
0.5877161753442135 0.7953183330773679
0.5917565793846176 0.7953183330773679
0.5957969834250216 0.7953183330773679
0.5998373874654257 0.7953183330773679
0.6038777915058298 0.7953183330773679
0.6079181955462337 0.7953183330773679
0.6119585995866378 0.7953183330773679
0.6159990036270417 0.7953183330773679
0.6200394076674458 0.7953183330773679
0.5715545591825975 0.799358737117772
0.5755949632230014 0.799358737117772
0.5796353672634055 0.799358737117772
0.5836757713038094 0.799358737117772
0.5877161753442135 0.799358737117772
0.5917565793846176 0.799358737117772
0.5957969834250216 0.799358737117772
0.5998373874654257 0.799358737117772
0.6038777915058298 0.799358737117772
0.6079181955462337 0.799358737117772
0.6119585995866378 0.799358737117772
0.6159990036270417 0.799358737117772
0.5634737511017893 0.803399141158176
0.5675141551421934 0.803399141158176
0.5715545591825975 0.803399141158176
0.5755949632230014 0.803399141158176
0.5796353672634055 0.803399141158176
0.5836757713038094 0.803399141158176
0.5877161753442135 0.803399141158176
0.5917565793846176 0.803399141158176
0.5957969834250216 0.803399141158176
0.5998373874654257 0.803399141158176
0.6038777915058298 0.803399141158176
0.6079181955462337 0.803399141158176
0.6119585995866378 0.803399141158176
0.5594333470613853 0.80743954519858
0.5634737511017893 0.80743954519858
0.5675141551421934 0.80743954519858
0.5715545591825975 0.80743954519858
0.5755949632230014 0.80743954519858
0.5796353672634055 0.80743954519858
0.5836757713038094 0.80743954519858
0.5877161753442135 0.80743954519858
0.5917565793846176 0.80743954519858
0.5957969834250216 0.80743954519858
0.5998373874654257 0.80743954519858
0.6038777915058298 0.80743954519858
0.5473121349401731 0.811479949238984
0.5513525389805771 0.811479949238984
0.5553929430209812 0.811479949238984
0.5594333470613853 0.811479949238984
0.5634737511017893 0.811479949238984
0.5675141551421934 0.811479949238984
0.5715545591825975 0.811479949238984
0.5755949632230014 0.811479949238984
0.5796353672634055 0.811479949238984
0.5836757713038094 0.811479949238984
0.5877161753442135 0.811479949238984
0.5917565793846176 0.811479949238984
0.5957969834250216 0.811479949238984
0.5998373874654257 0.811479949238984
0.5473121349401731 0.8155203532793881
0.5513525389805771 0.8155203532793881
0.5553929430209812 0.8155203532793881
0.5594333470613853 0.8155203532793881
0.5634737511017893 0.8155203532793881
0.5675141551421934 0.8155203532793881
0.5715545591825975 0.8155203532793881
0.5755949632230014 0.8155203532793881
0.5796353672634055 0.8155203532793881
0.5836757713038094 0.8155203532793881
0.5877161753442135 0.8155203532793881
0.5917565793846176 0.8155203532793881
0.5957969834250216 0.8155203532793881
0.539231326859365 0.819560757319792
0.5432717308997691 0.819560757319792
0.5473121349401731 0.819560757319792
0.5513525389805771 0.819560757319792
0.5553929430209812 0.819560757319792
0.5594333470613853 0.819560757319792
0.5634737511017893 0.819560757319792
0.5675141551421934 0.819560757319792
0.5715545591825975 0.819560757319792
0.5755949632230014 0.819560757319792
0.5796353672634055 0.819560757319792
0.5836757713038094 0.819560757319792
0.5877161753442135 0.819560757319792
0.531150518778557 0.8236011613601961
0.5351909228189611 0.8236011613601961
0.539231326859365 0.8236011613601961
0.5432717308997691 0.8236011613601961
0.5473121349401731 0.8236011613601961
0.5513525389805771 0.8236011613601961
0.5553929430209812 0.8236011613601961
0.5594333470613853 0.8236011613601961
0.5634737511017893 0.8236011613601961
0.5675141551421934 0.8236011613601961
0.5715545591825975 0.8236011613601961
0.5755949632230014 0.8236011613601961
0.5796353672634055 0.8236011613601961
0.5836757713038094 0.8236011613601961
0.527110114738153 0.8276415654006002
0.531150518778557 0.8276415654006002
0.5351909228189611 0.8276415654006002
0.539231326859365 0.8276415654006002
0.5432717308997691 0.8276415654006002
0.5473121349401731 0.8276415654006002
0.5513525389805771 0.8276415654006002
0.5553929430209812 0.8276415654006002
0.5594333470613853 0.8276415654006002
0.5634737511017893 0.8276415654006002
0.5675141551421934 0.8276415654006002
0.5715545591825975 0.8276415654006002
0.5755949632230014 0.8276415654006002
0.5796353672634055 0.8276415654006002
0.5190293066573448 0.8316819694410043
0.5230697106977489 0.8316819694410043
0.527110114738153 0.8316819694410043
0.531150518778557 0.8316819694410043
0.5351909228189611 0.8316819694410043
0.539231326859365 0.8316819694410043
0.5432717308997691 0.8316819694410043
0.5473121349401731 0.8316819694410043
0.5513525389805771 0.8316819694410043
0.5553929430209812 0.8316819694410043
0.5594333470613853 0.8316819694410043
0.5634737511017893 0.8316819694410043
0.5675141551421934 0.8316819694410043
0.5715545591825975 0.8316819694410043
0.5149889026169407 0.8357223734814083
0.5190293066573448 0.8357223734814083
0.5230697106977489 0.8357223734814083
0.527110114738153 0.8357223734814083
0.531150518778557 0.8357223734814083
0.5351909228189611 0.8357223734814083
0.539231326859365 0.8357223734814083
0.5432717308997691 0.8357223734814083
0.5473121349401731 0.8357223734814083
0.5513525389805771 0.8357223734814083
0.5553929430209812 0.8357223734814083
0.5594333470613853 0.8357223734814083
0.5634737511017893 0.8357223734814083
0.5675141551421934 0.8357223734814083
0.5069080945361327 0.8397627775218124
0.5109484985765368 0.8397627775218124
0.5149889026169407 0.8397627775218124
0.5190293066573448 0.8397627775218124
0.5230697106977489 0.8397627775218124
0.527110114738153 0.8397627775218124
0.531150518778557 0.8397627775218124
0.5351909228189611 0.8397627775218124
0.539231326859365 0.8397627775218124
0.5432717308997691 0.8397627775218124
0.5473121349401731 0.8397627775218124
0.5513525389805771 0.8397627775218124
0.5553929430209812 0.8397627775218124
0.5594333470613853 0.8397627775218124
0.49478688241492064 0.8438031815622163
0.49882728645532465 0.8438031815622163
0.5028676904957287 0.8438031815622163
0.5069080945361327 0.8438031815622163
0.5109484985765368 0.8438031815622163
0.5149889026169407 0.8438031815622163
0.5190293066573448 0.8438031815622163
0.5230697106977489 0.8438031815622163
0.527110114738153 0.8438031815622163
0.531150518778557 0.8438031815622163
0.5351909228189611 0.8438031815622163
0.539231326859365 0.8438031815622163
0.5432717308997691 0.8438031815622163
0.5473121349401731 0.8438031815622163
0.5513525389805771 0.8438031815622163
0.5553929430209812 0.8438031815622163
0.4867060743341125 0.8478435856026204
0.49074647837451657 0.8478435856026204
0.49478688241492064 0.8478435856026204
0.49882728645532465 0.8478435856026204
0.5028676904957287 0.8478435856026204
0.5069080945361327 0.8478435856026204
0.5109484985765368 0.8478435856026204
0.5149889026169407 0.8478435856026204
0.5190293066573448 0.8478435856026204
0.5230697106977489 0.8478435856026204
0.527110114738153 0.8478435856026204
0.531150518778557 0.8478435856026204
0.5351909228189611 0.8478435856026204
0.539231326859365 0.8478435856026204
0.5432717308997691 0.8478435856026204
0.5473121349401731 0.8478435856026204
0.5513525389805771 0.8478435856026204
0.4786252662533045 0.8518839896430245
0.4867060743341125 0.8518839896430245
0.49074647837451657 0.8518839896430245
0.49478688241492064 0.8518839896430245
0.49882728645532465 0.8518839896430245
0.5028676904957287 0.8518839896430245
0.5069080945361327 0.8518839896430245
0.5109484985765368 0.8518839896430245
0.5149889026169407 0.8518839896430245
0.5190293066573448 0.8518839896430245
0.5230697106977489 0.8518839896430245
0.527110114738153 0.8518839896430245
0.531150518778557 0.8518839896430245
0.5351909228189611 0.8518839896430245
0.539231326859365 0.8518839896430245
0.5432717308997691 0.8518839896430245
0.4786252662533045 0.8559243936834284
0.4826656702937085 0.8559243936834284
0.4867060743341125 0.8559243936834284
0.49074647837451657 0.8559243936834284
0.49478688241492064 0.8559243936834284
0.49882728645532465 0.8559243936834284
0.5028676904957287 0.8559243936834284
0.5069080945361327 0.8559243936834284
0.5109484985765368 0.8559243936834284
0.5149889026169407 0.8559243936834284
0.5190293066573448 0.8559243936834284
0.5230697106977489 0.8559243936834284
0.527110114738153 0.8559243936834284
0.531150518778557 0.8559243936834284
0.5351909228189611 0.8559243936834284
0.4624636500916883 0.8599647977238325
0.46650405413209234 0.8599647977238325
0.47054445817249635 0.8599647977238325
0.4745848622129004 0.8599647977238325
0.4786252662533045 0.8599647977238325
0.4826656702937085 0.8599647977238325
0.4867060743341125 0.8599647977238325
0.49074647837451657 0.8599647977238325
0.49478688241492064 0.8599647977238325
0.49882728645532465 0.8599647977238325
0.5028676904957287 0.8599647977238325
0.5069080945361327 0.8599647977238325
0.5109484985765368 0.8599647977238325
0.5149889026169407 0.8599647977238325
0.5190293066573448 0.8599647977238325
0.5230697106977489 0.8599647977238325
0.527110114738153 0.8599647977238325
0.531150518778557 0.8599647977238325
0.45842324605128426 0.8640052017642366
0.4624636500916883 0.8640052017642366
0.46650405413209234 0.8640052017642366
0.47054445817249635 0.8640052017642366
0.4745848622129004 0.8640052017642366
0.4786252662533045 0.8640052017642366
0.4826656702937085 0.8640052017642366
0.4867060743341125 0.8640052017642366
0.49074647837451657 0.8640052017642366
0.49478688241492064 0.8640052017642366
0.49882728645532465 0.8640052017642366
0.5028676904957287 0.8640052017642366
0.5069080945361327 0.8640052017642366
0.5109484985765368 0.8640052017642366
0.5149889026169407 0.8640052017642366
0.5190293066573448 0.8640052017642366
0.5230697106977489 0.8640052017642366
0.4543828420108802 0.8680456058046406
0.45842324605128426 0.8680456058046406
0.4624636500916883 0.8680456058046406
0.46650405413209234 0.8680456058046406
0.47054445817249635 0.8680456058046406
0.4745848622129004 0.8680456058046406
0.4786252662533045 0.8680456058046406
0.4826656702937085 0.8680456058046406
0.4867060743341125 0.8680456058046406
0.49074647837451657 0.8680456058046406
0.49478688241492064 0.8680456058046406
0.49882728645532465 0.8680456058046406
0.5028676904957287 0.8680456058046406
0.5069080945361327 0.8680456058046406
0.5109484985765368 0.8680456058046406
0.5149889026169407 0.8680456058046406
0.5190293066573448 0.8680456058046406
0.4463020339300721 0.8720860098450447
0.45034243797047613 0.8720860098450447
0.4543828420108802 0.8720860098450447
0.45842324605128426 0.8720860098450447
0.4624636500916883 0.8720860098450447
0.46650405413209234 0.8720860098450447
0.47054445817249635 0.8720860098450447
0.4745848622129004 0.8720860098450447
0.4786252662533045 0.8720860098450447
0.4826656702937085 0.8720860098450447
0.4867060743341125 0.8720860098450447
0.49074647837451657 0.8720860098450447
0.49478688241492064 0.8720860098450447
0.49882728645532465 0.8720860098450447
0.5028676904957287 0.8720860098450447
0.5069080945361327 0.8720860098450447
0.5109484985765368 0.8720860098450447
0.43822122584926404 0.8761264138854487
0.4422616298896681 0.8761264138854487
0.4463020339300721 0.8761264138854487
0.45034243797047613 0.8761264138854487
0.4543828420108802 0.8761264138854487
0.45842324605128426 0.8761264138854487
0.4624636500916883 0.8761264138854487
0.46650405413209234 0.8761264138854487
0.47054445817249635 0.8761264138854487
0.4745848622129004 0.8761264138854487
0.4786252662533045 0.8761264138854487
0.4826656702937085 0.8761264138854487
0.4867060743341125 0.8761264138854487
0.49074647837451657 0.8761264138854487
0.49478688241492064 0.8761264138854487
0.49882728645532465 0.8761264138854487
0.5028676904957287 0.8761264138854487
0.43014041776845596 0.8801668179258527
0.43418082180886 0.8801668179258527
0.43822122584926404 0.8801668179258527
0.4422616298896681 0.8801668179258527
0.4463020339300721 0.8801668179258527
0.45034243797047613 0.8801668179258527
0.4543828420108802 0.8801668179258527
0.45842324605128426 0.8801668179258527
0.4624636500916883 0.8801668179258527
0.46650405413209234 0.8801668179258527
0.47054445817249635 0.8801668179258527
0.4745848622129004 0.8801668179258527
0.4786252662533045 0.8801668179258527
0.4826656702937085 0.8801668179258527
0.4867060743341125 0.8801668179258527
0.49074647837451657 0.8801668179258527
0.49478688241492064 0.8801668179258527
0.4139788016068398 0.8842072219662568
0.4180192056472438 0.8842072219662568
0.4220596096876479 0.8842072219662568
0.42610001372805195 0.8842072219662568
0.43014041776845596 0.8842072219662568
0.43418082180886 0.8842072219662568
0.43822122584926404 0.8842072219662568
0.4422616298896681 0.8842072219662568
0.4463020339300721 0.8842072219662568
0.45034243797047613 0.8842072219662568
0.4543828420108802 0.8842072219662568
0.45842324605128426 0.8842072219662568
0.4624636500916883 0.8842072219662568
0.46650405413209234 0.8842072219662568
0.47054445817249635 0.8842072219662568
0.4745848622129004 0.8842072219662568
0.4786252662533045 0.8842072219662568
0.4826656702937085 0.8842072219662568
0.4867060743341125 0.8842072219662568
0.49074647837451657 0.8842072219662568
0.40589799352603173 0.8882476260066607
0.4139788016068398 0.8882476260066607
0.4180192056472438 0.8882476260066607
0.4220596096876479 0.8882476260066607
0.42610001372805195 0.8882476260066607
0.43014041776845596 0.8882476260066607
0.43418082180886 0.8882476260066607
0.43822122584926404 0.8882476260066607
0.4422616298896681 0.8882476260066607
0.4463020339300721 0.8882476260066607
0.45034243797047613 0.8882476260066607
0.4543828420108802 0.8882476260066607
0.45842324605128426 0.8882476260066607
0.4624636500916883 0.8882476260066607
0.46650405413209234 0.8882476260066607
0.47054445817249635 0.8882476260066607
0.4745848622129004 0.8882476260066607
0.4786252662533045 0.8882476260066607
0.4826656702937085 0.8882476260066607
0.4867060743341125 0.8882476260066607
0.39781718544522365 0.8922880300470648
0.40185758948562766 0.8922880300470648
0.40589799352603173 0.8922880300470648
0.4099383975664358 0.8922880300470648
0.4139788016068398 0.8922880300470648
0.4180192056472438 0.8922880300470648
0.4220596096876479 0.8922880300470648
0.42610001372805195 0.8922880300470648
0.43014041776845596 0.8922880300470648
0.43418082180886 0.8922880300470648
0.43822122584926404 0.8922880300470648
0.4422616298896681 0.8922880300470648
0.4463020339300721 0.8922880300470648
0.45034243797047613 0.8922880300470648
0.4543828420108802 0.8922880300470648
0.45842324605128426 0.8922880300470648
0.4624636500916883 0.8922880300470648
0.46650405413209234 0.8922880300470648
0.47054445817249635 0.8922880300470648
0.4745848622129004 0.8922880300470648
0.3897363773644156 0.8963284340874689
0.3937767814048196 0.8963284340874689
0.39781718544522365 0.8963284340874689
0.40185758948562766 0.8963284340874689
0.40589799352603173 0.8963284340874689
0.4099383975664358 0.8963284340874689
0.4139788016068398 0.8963284340874689
0.4180192056472438 0.8963284340874689
0.4220596096876479 0.8963284340874689
0.42610001372805195 0.8963284340874689
0.43014041776845596 0.8963284340874689
0.43418082180886 0.8963284340874689
0.43822122584926404 0.8963284340874689
0.4422616298896681 0.8963284340874689
0.4463020339300721 0.8963284340874689
0.45034243797047613 0.8963284340874689
0.4543828420108802 0.8963284340874689
0.45842324605128426 0.8963284340874689
0.4624636500916883 0.8963284340874689
0.46650405413209234 0.8963284340874689
0.37761516524320343 0.9003688381278729
0.3856959733240115 0.9003688381278729
0.3897363773644156 0.9003688381278729
0.3937767814048196 0.9003688381278729
0.39781718544522365 0.9003688381278729
0.40185758948562766 0.9003688381278729
0.40589799352603173 0.9003688381278729
0.4099383975664358 0.9003688381278729
0.4139788016068398 0.9003688381278729
0.4180192056472438 0.9003688381278729
0.4220596096876479 0.9003688381278729
0.42610001372805195 0.9003688381278729
0.43014041776845596 0.9003688381278729
0.43418082180886 0.9003688381278729
0.43822122584926404 0.9003688381278729
0.4422616298896681 0.9003688381278729
0.4463020339300721 0.9003688381278729
0.45034243797047613 0.9003688381278729
0.4543828420108802 0.9003688381278729
0.45842324605128426 0.9003688381278729
0.36953435716239535 0.904409242168277
0.3735747612027994 0.904409242168277
0.37761516524320343 0.904409242168277
0.3816555692836075 0.904409242168277
0.3856959733240115 0.904409242168277
0.3897363773644156 0.904409242168277
0.3937767814048196 0.904409242168277
0.39781718544522365 0.904409242168277
0.40185758948562766 0.904409242168277
0.40589799352603173 0.904409242168277
0.4099383975664358 0.904409242168277
0.4139788016068398 0.904409242168277
0.4180192056472438 0.904409242168277
0.4220596096876479 0.904409242168277
0.42610001372805195 0.904409242168277
0.43014041776845596 0.904409242168277
0.43418082180886 0.904409242168277
0.43822122584926404 0.904409242168277
0.4422616298896681 0.904409242168277
0.4463020339300721 0.904409242168277
0.45034243797047613 0.904409242168277
0.4543828420108802 0.904409242168277
0.35741314504118327 0.9084496462086811
0.3614535490815873 0.9084496462086811
0.3654939531219913 0.9084496462086811
0.36953435716239535 0.9084496462086811
0.3735747612027994 0.9084496462086811
0.37761516524320343 0.9084496462086811
0.3816555692836075 0.9084496462086811
0.3856959733240115 0.9084496462086811
0.3897363773644156 0.9084496462086811
0.3937767814048196 0.9084496462086811
0.39781718544522365 0.9084496462086811
0.40185758948562766 0.9084496462086811
0.40589799352603173 0.9084496462086811
0.4099383975664358 0.9084496462086811
0.4139788016068398 0.9084496462086811
0.4180192056472438 0.9084496462086811
0.4220596096876479 0.9084496462086811
0.42610001372805195 0.9084496462086811
0.43014041776845596 0.9084496462086811
0.43418082180886 0.9084496462086811
0.43822122584926404 0.9084496462086811
0.4422616298896681 0.9084496462086811
0.4463020339300721 0.9084496462086811
0.34933233696037513 0.912490050249085
0.3533727410007792 0.912490050249085
0.35741314504118327 0.912490050249085
0.3614535490815873 0.912490050249085
0.3654939531219913 0.912490050249085
0.36953435716239535 0.912490050249085
0.3735747612027994 0.912490050249085
0.37761516524320343 0.912490050249085
0.3816555692836075 0.912490050249085
0.3856959733240115 0.912490050249085
0.3897363773644156 0.912490050249085
0.3937767814048196 0.912490050249085
0.39781718544522365 0.912490050249085
0.40185758948562766 0.912490050249085
0.40589799352603173 0.912490050249085
0.4099383975664358 0.912490050249085
0.4139788016068398 0.912490050249085
0.4180192056472438 0.912490050249085
0.4220596096876479 0.912490050249085
0.42610001372805195 0.912490050249085
0.43014041776845596 0.912490050249085
0.43418082180886 0.912490050249085
0.43822122584926404 0.912490050249085
0.3412515288795671 0.9165304542894891
0.3452919329199711 0.9165304542894891
0.34933233696037513 0.9165304542894891
0.3533727410007792 0.9165304542894891
0.35741314504118327 0.9165304542894891
0.3614535490815873 0.9165304542894891
0.3654939531219913 0.9165304542894891
0.36953435716239535 0.9165304542894891
0.3735747612027994 0.9165304542894891
0.37761516524320343 0.9165304542894891
0.3816555692836075 0.9165304542894891
0.3856959733240115 0.9165304542894891
0.3897363773644156 0.9165304542894891
0.3937767814048196 0.9165304542894891
0.39781718544522365 0.9165304542894891
0.40185758948562766 0.9165304542894891
0.40589799352603173 0.9165304542894891
0.4099383975664358 0.9165304542894891
0.4139788016068398 0.9165304542894891
0.4180192056472438 0.9165304542894891
0.4220596096876479 0.9165304542894891
0.42610001372805195 0.9165304542894891
0.43014041776845596 0.9165304542894891
0.3250899127179509 0.920570858329893
0.32913031675835497 0.920570858329893
0.333170720798759 0.920570858329893
0.33721112483916305 0.920570858329893
0.3412515288795671 0.920570858329893
0.3452919329199711 0.920570858329893
0.34933233696037513 0.920570858329893
0.3533727410007792 0.920570858329893
0.35741314504118327 0.920570858329893
0.3614535490815873 0.920570858329893
0.3654939531219913 0.920570858329893
0.36953435716239535 0.920570858329893
0.3735747612027994 0.920570858329893
0.37761516524320343 0.920570858329893
0.3816555692836075 0.920570858329893
0.3856959733240115 0.920570858329893
0.3897363773644156 0.920570858329893
0.3937767814048196 0.920570858329893
0.39781718544522365 0.920570858329893
0.40185758948562766 0.920570858329893
0.40589799352603173 0.920570858329893
0.4099383975664358 0.920570858329893
0.4139788016068398 0.920570858329893
0.4180192056472438 0.920570858329893
0.31296870059673876 0.9246112623702971
0.3210495086775469 0.9246112623702971
0.3250899127179509 0.9246112623702971
0.32913031675835497 0.9246112623702971
0.333170720798759 0.9246112623702971
0.33721112483916305 0.9246112623702971
0.3412515288795671 0.9246112623702971
0.3452919329199711 0.9246112623702971
0.34933233696037513 0.9246112623702971
0.3533727410007792 0.9246112623702971
0.35741314504118327 0.9246112623702971
0.3614535490815873 0.9246112623702971
0.3654939531219913 0.9246112623702971
0.36953435716239535 0.9246112623702971
0.3735747612027994 0.9246112623702971
0.37761516524320343 0.9246112623702971
0.3816555692836075 0.9246112623702971
0.3856959733240115 0.9246112623702971
0.3897363773644156 0.9246112623702971
0.3937767814048196 0.9246112623702971
0.39781718544522365 0.9246112623702971
0.40185758948562766 0.9246112623702971
0.40589799352603173 0.9246112623702971
0.4099383975664358 0.9246112623702971
0.30084748847552667 0.9286516664107012
0.30892829655633475 0.9286516664107012
0.31296870059673876 0.9286516664107012
0.3170091046371428 0.9286516664107012
0.3210495086775469 0.9286516664107012
0.3250899127179509 0.9286516664107012
0.32913031675835497 0.9286516664107012
0.333170720798759 0.9286516664107012
0.33721112483916305 0.9286516664107012
0.3412515288795671 0.9286516664107012
0.3452919329199711 0.9286516664107012
0.34933233696037513 0.9286516664107012
0.3533727410007792 0.9286516664107012
0.35741314504118327 0.9286516664107012
0.3614535490815873 0.9286516664107012
0.3654939531219913 0.9286516664107012
0.36953435716239535 0.9286516664107012
0.3735747612027994 0.9286516664107012
0.37761516524320343 0.9286516664107012
0.3816555692836075 0.9286516664107012
0.3856959733240115 0.9286516664107012
0.3897363773644156 0.9286516664107012
0.3937767814048196 0.9286516664107012
0.39781718544522365 0.9286516664107012
0.40185758948562766 0.9286516664107012
0.40589799352603173 0.9286516664107012
0.2927666803947186 0.9326920704511052
0.2968070844351226 0.9326920704511052
0.30084748847552667 0.9326920704511052
0.30488789251593074 0.9326920704511052
0.30892829655633475 0.9326920704511052
0.31296870059673876 0.9326920704511052
0.3170091046371428 0.9326920704511052
0.3210495086775469 0.9326920704511052
0.3250899127179509 0.9326920704511052
0.32913031675835497 0.9326920704511052
0.333170720798759 0.9326920704511052
0.33721112483916305 0.9326920704511052
0.3412515288795671 0.9326920704511052
0.3452919329199711 0.9326920704511052
0.34933233696037513 0.9326920704511052
0.3533727410007792 0.9326920704511052
0.35741314504118327 0.9326920704511052
0.3614535490815873 0.9326920704511052
0.3654939531219913 0.9326920704511052
0.36953435716239535 0.9326920704511052
0.3735747612027994 0.9326920704511052
0.37761516524320343 0.9326920704511052
0.3816555692836075 0.9326920704511052
0.3856959733240115 0.9326920704511052
0.3897363773644156 0.9326920704511052
0.3937767814048196 0.9326920704511052
0.39781718544522365 0.9326920704511052
0.2927666803947186 0.9367324744915093
0.2968070844351226 0.9367324744915093
0.30084748847552667 0.9367324744915093
0.30488789251593074 0.9367324744915093
0.30892829655633475 0.9367324744915093
0.31296870059673876 0.9367324744915093
0.3170091046371428 0.9367324744915093
0.3210495086775469 0.9367324744915093
0.3250899127179509 0.9367324744915093
0.32913031675835497 0.9367324744915093
0.333170720798759 0.9367324744915093
0.33721112483916305 0.9367324744915093
0.3412515288795671 0.9367324744915093
0.3452919329199711 0.9367324744915093
0.34933233696037513 0.9367324744915093
0.3533727410007792 0.9367324744915093
0.35741314504118327 0.9367324744915093
0.3614535490815873 0.9367324744915093
0.3654939531219913 0.9367324744915093
0.36953435716239535 0.9367324744915093
0.3735747612027994 0.9367324744915093
0.37761516524320343 0.9367324744915093
0.3816555692836075 0.9367324744915093
0.2927666803947186 0.9407728785319134
0.2968070844351226 0.9407728785319134
0.30084748847552667 0.9407728785319134
0.30488789251593074 0.9407728785319134
0.30892829655633475 0.9407728785319134
0.31296870059673876 0.9407728785319134
0.3170091046371428 0.9407728785319134
0.3210495086775469 0.9407728785319134
0.3250899127179509 0.9407728785319134
0.32913031675835497 0.9407728785319134
0.333170720798759 0.9407728785319134
0.33721112483916305 0.9407728785319134
0.3412515288795671 0.9407728785319134
0.3452919329199711 0.9407728785319134
0.34933233696037513 0.9407728785319134
0.3533727410007792 0.9407728785319134
0.35741314504118327 0.9407728785319134
0.3614535490815873 0.9407728785319134
0.3654939531219913 0.9407728785319134
0.36953435716239535 0.9407728785319134
0.3735747612027994 0.9407728785319134
0.37761516524320343 0.9407728785319134
0.2927666803947186 0.9448132825723174
0.2968070844351226 0.9448132825723174
0.30084748847552667 0.9448132825723174
0.30488789251593074 0.9448132825723174
0.30892829655633475 0.9448132825723174
0.31296870059673876 0.9448132825723174
0.3170091046371428 0.9448132825723174
0.3210495086775469 0.9448132825723174
0.3250899127179509 0.9448132825723174
0.32913031675835497 0.9448132825723174
0.333170720798759 0.9448132825723174
0.33721112483916305 0.9448132825723174
0.3412515288795671 0.9448132825723174
0.3452919329199711 0.9448132825723174
0.34933233696037513 0.9448132825723174
0.3533727410007792 0.9448132825723174
0.35741314504118327 0.9448132825723174
0.3614535490815873 0.9448132825723174
0.2927666803947186 0.9488536866127214
0.2968070844351226 0.9488536866127214
0.30084748847552667 0.9488536866127214
0.30488789251593074 0.9488536866127214
0.30892829655633475 0.9488536866127214
0.31296870059673876 0.9488536866127214
0.3170091046371428 0.9488536866127214
0.3210495086775469 0.9488536866127214
0.3250899127179509 0.9488536866127214
0.32913031675835497 0.9488536866127214
0.333170720798759 0.9488536866127214
0.33721112483916305 0.9488536866127214
0.3412515288795671 0.9488536866127214
0.3452919329199711 0.9488536866127214
0.34933233696037513 0.9488536866127214
0.3533727410007792 0.9488536866127214
0.35741314504118327 0.9488536866127214
0.2927666803947186 0.9528940906531255
0.2968070844351226 0.9528940906531255
0.30084748847552667 0.9528940906531255
0.30488789251593074 0.9528940906531255
0.30892829655633475 0.9528940906531255
0.31296870059673876 0.9528940906531255
0.3170091046371428 0.9528940906531255
0.3210495086775469 0.9528940906531255
0.3250899127179509 0.9528940906531255
0.32913031675835497 0.9528940906531255
0.333170720798759 0.9528940906531255
0.33721112483916305 0.9528940906531255
0.3412515288795671 0.9528940906531255
0.2927666803947186 0.9569344946935294
0.2968070844351226 0.9569344946935294
0.30084748847552667 0.9569344946935294
0.30488789251593074 0.9569344946935294
0.30892829655633475 0.9569344946935294
0.31296870059673876 0.9569344946935294
0.3170091046371428 0.9569344946935294
0.3210495086775469 0.9569344946935294
0.3250899127179509 0.9569344946935294
0.32913031675835497 0.9569344946935294
0.33721112483916305 0.9569344946935294
0.2927666803947186 0.9609748987339335
0.2968070844351226 0.9609748987339335
0.30084748847552667 0.9609748987339335
0.30488789251593074 0.9609748987339335
0.30892829655633475 0.9609748987339335
0.31296870059673876 0.9609748987339335
0.3170091046371428 0.9609748987339335
0.3210495086775469 0.9609748987339335
0.3250899127179509 0.9609748987339335
0.2927666803947186 0.9650153027743376
0.2968070844351226 0.9650153027743376
0.30084748847552667 0.9650153027743376
0.30488789251593074 0.9650153027743376
0.30892829655633475 0.9650153027743376
0.31296870059673876 0.9650153027743376
0.2927666803947186 0.9690557068147416
0.2968070844351226 0.9690557068147416
0.30084748847552667 0.9690557068147416
