# x y
0.6434089756161613 0.7791567169157517
0.6595705917777774 0.7791567169157517
0.6312877634949492 0.803399141158176
0.5989645311717169 0.8155203532793881
0.5626008948080805 0.8357223734814083
0.5221968544040401 0.8680456058046406
0.48987362208080776 0.8801668179258527
0.5019948342020198 0.8801668179258527
0.4656311978383835 0.9003688381278729
0.48987362208080776 0.9003688381278729
0.40098473319191885 0.9246112623702971
0.3727019049090906 0.9367324744915093
0.3646210968282825 0.9609748987339335
0.316136248343434 0.9650153027743376
0.3040150362222219 0.9690557068147416
0.33229786450505017 0.9730961108551457
