# x y
0.6999227008543518 0.710469848228883
0.6958822968139478 0.7145102522692871
0.6999227008543518 0.7145102522692871
0.6918418927735438 0.7185506563096911
0.6958822968139478 0.7185506563096911
0.6999227008543518 0.7185506563096911
0.6878014887331397 0.7225910603500951
0.6918418927735438 0.7225910603500951
0.6958822968139478 0.7225910603500951
0.6837610846927357 0.7266314643904992
0.6878014887331397 0.7266314643904992
0.6918418927735438 0.7266314643904992
0.6797206806523317 0.7306718684309033
0.6837610846927357 0.7306718684309033
0.6756802766119276 0.7347122724713073
0.6797206806523317 0.7347122724713073
0.6716398725715236 0.7387526765117113
0.6756802766119276 0.7387526765117113
0.6675994685311195 0.7427930805521153
0.6716398725715236 0.7427930805521153
0.6635590644907154 0.7468334845925194
0.6675994685311195 0.7468334845925194
0.6554782564099074 0.7508738886329235
0.6595186604503114 0.7508738886329235
0.6635590644907154 0.7508738886329235
0.6514378523695034 0.7549142926733274
0.6554782564099074 0.7549142926733274
0.6595186604503114 0.7549142926733274
0.6473974483290994 0.7589546967137315
0.6514378523695034 0.7589546967137315
0.6554782564099074 0.7589546967137315
0.6433570442886953 0.7629951007541356
0.6473974483290994 0.7629951007541356
0.6514378523695034 0.7629951007541356
0.6393166402482913 0.7670355047945396
0.6433570442886953 0.7670355047945396
0.6312358321674831 0.7710759088349436
0.6352762362078872 0.7710759088349436
0.6393166402482913 0.7710759088349436
0.6271954281270791 0.7751163128753477
0.6312358321674831 0.7751163128753477
0.6352762362078872 0.7751163128753477
0.623155024086675 0.7791567169157517
0.6271954281270791 0.7791567169157517
0.6312358321674831 0.7791567169157517
0.619114620046271 0.7831971209561558
0.623155024086675 0.7831971209561558
0.6271954281270791 0.7831971209561558
0.611033811965463 0.7872375249965597
0.615074216005867 0.7872375249965597
0.619114620046271 0.7872375249965597
0.606993407925059 0.7912779290369638
0.611033811965463 0.7912779290369638
0.615074216005867 0.7912779290369638
0.6029530038846549 0.7953183330773679
0.606993407925059 0.7953183330773679
0.611033811965463 0.7953183330773679
0.5948721958038468 0.799358737117772
0.5989125998442508 0.799358737117772
0.6029530038846549 0.799358737117772
0.5908317917634427 0.803399141158176
0.5948721958038468 0.803399141158176
0.5989125998442508 0.803399141158176
0.5867913877230387 0.80743954519858
0.5908317917634427 0.80743954519858
0.5948721958038468 0.80743954519858
0.5787105796422307 0.811479949238984
0.5827509836826347 0.811479949238984
0.5867913877230387 0.811479949238984
0.5746701756018266 0.8155203532793881
0.5787105796422307 0.8155203532793881
0.5827509836826347 0.8155203532793881
0.5706297715614226 0.819560757319792
0.5746701756018266 0.819560757319792
0.5787105796422307 0.819560757319792
0.5625489634806145 0.8236011613601961
0.5665893675210185 0.8236011613601961
0.5706297715614226 0.8236011613601961
0.5585085594402104 0.8276415654006002
0.5625489634806145 0.8276415654006002
0.5665893675210185 0.8276415654006002
0.5504277513594024 0.8316819694410043
0.5544681553998063 0.8316819694410043
0.5585085594402104 0.8316819694410043
0.5463873473189983 0.8357223734814083
0.5504277513594024 0.8357223734814083
0.5544681553998063 0.8357223734814083
0.5383065392381903 0.8397627775218124
0.5423469432785943 0.8397627775218124
0.5463873473189983 0.8397627775218124
0.5302257311573821 0.8438031815622163
0.5342661351977862 0.8438031815622163
0.5383065392381903 0.8438031815622163
0.5423469432785943 0.8438031815622163
0.5261853271169781 0.8478435856026204
0.5302257311573821 0.8478435856026204
0.5342661351977862 0.8478435856026204
0.51810451903617 0.8518839896430245
0.522144923076574 0.8518839896430245
0.5261853271169781 0.8518839896430245
0.5302257311573821 0.8518839896430245
0.5100237109553619 0.8559243936834284
0.514064114995766 0.8559243936834284
0.51810451903617 0.8559243936834284
0.522144923076574 0.8559243936834284
0.505983306914958 0.8599647977238325
0.5100237109553619 0.8599647977238325
0.514064114995766 0.8599647977238325
0.49790249883414983 0.8640052017642366
0.5019429028745539 0.8640052017642366
0.505983306914958 0.8640052017642366
0.5100237109553619 0.8640052017642366
0.48982169075334175 0.8680456058046406
0.49386209479374577 0.8680456058046406
0.49790249883414983 0.8680456058046406
0.5019429028745539 0.8680456058046406
0.48578128671293774 0.8720860098450447
0.48982169075334175 0.8720860098450447
0.49386209479374577 0.8720860098450447
0.4777004786321296 0.8761264138854487
0.4817408826725337 0.8761264138854487
0.48578128671293774 0.8761264138854487
0.4696196705513216 0.8801668179258527
0.4736600745917256 0.8801668179258527
0.4777004786321296 0.8801668179258527
0.4817408826725337 0.8801668179258527
0.46153886247051346 0.8842072219662568
0.4655792665109175 0.8842072219662568
0.4696196705513216 0.8842072219662568
0.4736600745917256 0.8842072219662568
0.4534580543897054 0.8882476260066607
0.4574984584301094 0.8882476260066607
0.46153886247051346 0.8882476260066607
0.4655792665109175 0.8882476260066607
0.4453772463088973 0.8922880300470648
0.44941765034930137 0.8922880300470648
0.4534580543897054 0.8922880300470648
0.4574984584301094 0.8922880300470648
0.4372964382280892 0.8963284340874689
0.44133684226849323 0.8963284340874689
0.4453772463088973 0.8963284340874689
0.44941765034930137 0.8963284340874689
0.42921563014728115 0.9003688381278729
0.4332560341876852 0.9003688381278729
0.4372964382280892 0.9003688381278729
0.44133684226849323 0.9003688381278729
0.42113482206647307 0.904409242168277
0.4251752261068771 0.904409242168277
0.42921563014728115 0.904409242168277
0.4332560341876852 0.904409242168277
0.413054013985665 0.9084496462086811
0.41709441802606906 0.9084496462086811
0.42113482206647307 0.9084496462086811
0.4251752261068771 0.9084496462086811
0.40093280186445285 0.912490050249085
0.4049732059048569 0.912490050249085
0.4090136099452609 0.912490050249085
0.413054013985665 0.912490050249085
0.41709441802606906 0.912490050249085
0.39285199378364477 0.9165304542894891
0.39689239782404884 0.9165304542894891
0.40093280186445285 0.9165304542894891
0.4049732059048569 0.9165304542894891
0.3847711857028367 0.920570858329893
0.38881158974324076 0.920570858329893
0.39285199378364477 0.920570858329893
0.39689239782404884 0.920570858329893
0.37264997358162455 0.9246112623702971
0.3766903776220286 0.9246112623702971
0.3807307816624327 0.9246112623702971
0.3847711857028367 0.9246112623702971
0.38881158974324076 0.9246112623702971
0.3645691655008165 0.9286516664107012
0.36860956954122054 0.9286516664107012
0.37264997358162455 0.9286516664107012
0.3766903776220286 0.9286516664107012
0.3524479533796044 0.9326920704511052
0.3564883574200084 0.9326920704511052
0.36052876146041246 0.9326920704511052
0.3645691655008165 0.9326920704511052
0.36860956954122054 0.9326920704511052
0.34032674125839224 0.9367324744915093
0.3443671452987963 0.9367324744915093
0.3484075493392004 0.9367324744915093
0.3524479533796044 0.9367324744915093
0.3564883574200084 0.9367324744915093
0.33224593317758416 0.9407728785319134
0.33628633721798823 0.9407728785319134
0.34032674125839224 0.9407728785319134
0.3443671452987963 0.9407728785319134
0.3484075493392004 0.9407728785319134
0.320124721056372 0.9448132825723174
0.3241651250967761 0.9448132825723174
0.32820552913718015 0.9448132825723174
0.33224593317758416 0.9448132825723174
0.33628633721798823 0.9448132825723174
0.30800350893515993 0.9488536866127214
0.312043912975564 0.9488536866127214
0.316084317015968 0.9488536866127214
0.320124721056372 0.9488536866127214
0.3241651250967761 0.9488536866127214
0.29992270085435185 0.9528940906531255
0.30396310489475586 0.9528940906531255
0.30800350893515993 0.9528940906531255
0.312043912975564 0.9528940906531255
0.29992270085435185 0.9569344946935294
