# x y
0.6635839086752081 0.7629951007541356
0.6353010803923798 0.7872375249965597
0.5948970399883394 0.8155203532793881
0.5948970399883394 0.8316819694410043
0.5302505753418748 0.8761264138854487
0.4736849187762182 0.9084496462086811
0.4171192622105616 0.9246112623702971
0.40903845412975354 0.9286516664107012
0.3645940096853091 0.9407728785319134
0.38075562584692524 0.9407728785319134
0.3605536056449051 0.9488536866127214
0.3201495652408647 0.9569344946935294
0.30802835311965254 0.9609748987339335
0.3645940096853091 0.9609748987339335
