# x y
0.6999838704765886 0.7145102522692871
0.6959434664361845 0.7185506563096911
0.6919030623957805 0.7225910603500951
0.6878626583553764 0.7266314643904992
0.6838222543149723 0.7306718684309033
0.6797818502745684 0.7347122724713073
0.6717010421937604 0.7387526765117113
0.6757414462341643 0.7387526765117113
0.6676606381533563 0.7427930805521153
0.6717010421937604 0.7427930805521153
0.6636202341129522 0.7468334845925194
0.6595798300725482 0.7508738886329235
0.6555394260321441 0.7549142926733274
0.65149902199174 0.7589546967137315
0.6474586179513361 0.7629951007541356
0.6393778098705281 0.7670355047945396
0.643418213910932 0.7670355047945396
0.635337405830124 0.7710759088349436
0.6393778098705281 0.7710759088349436
0.6312970017897199 0.7751163128753477
0.6272565977493159 0.7791567169157517
0.6191757896685077 0.7831971209561558
0.6232161937089118 0.7831971209561558
0.6151353856281037 0.7872375249965597
0.6191757896685077 0.7872375249965597
0.6110949815876997 0.7912779290369638
0.6070545775472956 0.7953183330773679
0.5989737694664876 0.799358737117772
0.6030141735068917 0.799358737117772
0.5949333654260835 0.803399141158176
0.5908929613856795 0.80743954519858
0.5828121533048713 0.811479949238984
0.5868525573452754 0.811479949238984
0.5787717492644674 0.8155203532793881
0.5706909411836594 0.819560757319792
0.5747313452240633 0.819560757319792
0.5666505371432553 0.8236011613601961
0.5585697290624472 0.8276415654006002
0.5626101331028512 0.8276415654006002
0.5545293250220431 0.8316819694410043
0.5464485169412351 0.8357223734814083
0.550488920981639 0.8357223734814083
0.542408112900831 0.8397627775218124
0.534327304820023 0.8438031815622163
0.538367708860427 0.8438031815622163
0.5302869007796189 0.8478435856026204
0.5222060926988108 0.8518839896430245
0.5262464967392149 0.8518839896430245
0.5141252846180027 0.8559243936834284
0.5181656886584067 0.8559243936834284
0.5100848805775987 0.8599647977238325
0.5020040724967906 0.8640052017642366
0.5060444765371946 0.8640052017642366
0.49392326441598255 0.8680456058046406
0.49796366845638657 0.8680456058046406
0.4898828603755785 0.8720860098450447
0.4818020522947704 0.8761264138854487
0.47372124421396233 0.8801668179258527
0.4777616482543664 0.8801668179258527
0.46564043613315426 0.8842072219662568
0.46968084017355827 0.8842072219662568
0.4575596280523462 0.8882476260066607
0.4616000320927502 0.8882476260066607
0.44947881997153805 0.8922880300470648
0.4535192240119421 0.8922880300470648
0.44139801189073 0.8963284340874689
0.44543841593113404 0.8963284340874689
0.4333172038099219 0.9003688381278729
0.43735760785032596 0.9003688381278729
0.42523639572911387 0.904409242168277
0.4292767997695179 0.904409242168277
0.41715558764830574 0.9084496462086811
0.4211959916887098 0.9084496462086811
0.40907477956749766 0.912490050249085
0.4131151836079017 0.912490050249085
0.39695356744628557 0.9165304542894891
0.4009939714866896 0.9165304542894891
0.3888727593654775 0.920570858329893
0.3929131634058815 0.920570858329893
0.37675154724426535 0.9246112623702971
0.38079195128466936 0.9246112623702971
0.3848323553250734 0.9246112623702971
0.3686707391634573 0.9286516664107012
0.37271114320386134 0.9286516664107012
0.3565495270422452 0.9326920704511052
0.3605899310826492 0.9326920704511052
0.3646303351230532 0.9326920704511052
0.34846871896143705 0.9367324744915093
0.3525091230018411 0.9367324744915093
0.33634750684022496 0.9407728785319134
0.340387910880629 0.9407728785319134
0.3242262947190128 0.9448132825723174
0.3282666987594169 0.9448132825723174
0.3323071027998209 0.9448132825723174
0.3121050825978007 0.9488536866127214
0.31614548663820474 0.9488536866127214
0.3201858906786088 0.9488536866127214
0.2999838704765886 0.9528940906531255
0.30402427451699265 0.9528940906531255
0.30806467855739667 0.9528940906531255
