# x y
0.6944316612381931 0.6943082320672669
0.6944316612381931 0.698348636107671
0.690391257197789 0.702389040148075
0.6944316612381931 0.702389040148075
0.6863508531573851 0.706429444188479
0.690391257197789 0.706429444188479
0.6944316612381931 0.706429444188479
0.682310449116981 0.710469848228883
0.6863508531573851 0.710469848228883
0.690391257197789 0.710469848228883
0.6944316612381931 0.710469848228883
0.6621084289149608 0.7145102522692871
0.678270045076577 0.7145102522692871
0.682310449116981 0.7145102522692871
0.6863508531573851 0.7145102522692871
0.690391257197789 0.7145102522692871
0.6944316612381931 0.7145102522692871
0.674229641036173 0.7185506563096911
0.678270045076577 0.7185506563096911
0.682310449116981 0.7185506563096911
0.6863508531573851 0.7185506563096911
0.690391257197789 0.7185506563096911
0.6944316612381931 0.7185506563096911
0.6661488329553649 0.7225910603500951
0.6701892369957689 0.7225910603500951
0.674229641036173 0.7225910603500951
0.678270045076577 0.7225910603500951
0.682310449116981 0.7225910603500951
0.6863508531573851 0.7225910603500951
0.690391257197789 0.7225910603500951
0.6944316612381931 0.7225910603500951
0.6621084289149608 0.7266314643904992
0.6661488329553649 0.7266314643904992
0.6701892369957689 0.7266314643904992
0.674229641036173 0.7266314643904992
0.678270045076577 0.7266314643904992
0.682310449116981 0.7266314643904992
0.6863508531573851 0.7266314643904992
0.690391257197789 0.7266314643904992
0.6944316612381931 0.7266314643904992
0.6580680248745567 0.7306718684309033
0.6621084289149608 0.7306718684309033
0.6661488329553649 0.7306718684309033
0.6701892369957689 0.7306718684309033
0.674229641036173 0.7306718684309033
0.678270045076577 0.7306718684309033
0.682310449116981 0.7306718684309033
0.6863508531573851 0.7306718684309033
0.690391257197789 0.7306718684309033
0.6944316612381931 0.7306718684309033
0.6540276208341527 0.7347122724713073
0.6580680248745567 0.7347122724713073
0.6621084289149608 0.7347122724713073
0.6661488329553649 0.7347122724713073
0.6701892369957689 0.7347122724713073
0.674229641036173 0.7347122724713073
0.678270045076577 0.7347122724713073
0.682310449116981 0.7347122724713073
0.6863508531573851 0.7347122724713073
0.690391257197789 0.7347122724713073
0.6499872167937487 0.7387526765117113
0.6540276208341527 0.7387526765117113
0.6580680248745567 0.7387526765117113
0.6621084289149608 0.7387526765117113
0.6661488329553649 0.7387526765117113
0.6701892369957689 0.7387526765117113
0.674229641036173 0.7387526765117113
0.678270045076577 0.7387526765117113
0.682310449116981 0.7387526765117113
0.6863508531573851 0.7387526765117113
0.6419064087129407 0.7427930805521153
0.6459468127533446 0.7427930805521153
0.6499872167937487 0.7427930805521153
0.6540276208341527 0.7427930805521153
0.6580680248745567 0.7427930805521153
0.6621084289149608 0.7427930805521153
0.6661488329553649 0.7427930805521153
0.6701892369957689 0.7427930805521153
0.674229641036173 0.7427930805521153
0.678270045076577 0.7427930805521153
0.682310449116981 0.7427930805521153
0.6378660046725366 0.7468334845925194
0.6419064087129407 0.7468334845925194
0.6459468127533446 0.7468334845925194
0.6499872167937487 0.7468334845925194
0.6540276208341527 0.7468334845925194
0.6580680248745567 0.7468334845925194
0.6621084289149608 0.7468334845925194
0.6661488329553649 0.7468334845925194
0.6701892369957689 0.7468334845925194
0.674229641036173 0.7468334845925194
0.678270045076577 0.7468334845925194
0.6338256006321326 0.7508738886329235
0.6378660046725366 0.7508738886329235
0.6419064087129407 0.7508738886329235
0.6459468127533446 0.7508738886329235
0.6499872167937487 0.7508738886329235
0.6540276208341527 0.7508738886329235
0.6580680248745567 0.7508738886329235
0.6621084289149608 0.7508738886329235
0.6661488329553649 0.7508738886329235
0.6701892369957689 0.7508738886329235
0.674229641036173 0.7508738886329235
0.6257447925513244 0.7549142926733274
0.6297851965917285 0.7549142926733274
0.6338256006321326 0.7549142926733274
0.6378660046725366 0.7549142926733274
0.6419064087129407 0.7549142926733274
0.6459468127533446 0.7549142926733274
0.6499872167937487 0.7549142926733274
0.6540276208341527 0.7549142926733274
0.6580680248745567 0.7549142926733274
0.6621084289149608 0.7549142926733274
0.6661488329553649 0.7549142926733274
0.6217043885109204 0.7589546967137315
0.6257447925513244 0.7589546967137315
0.6297851965917285 0.7589546967137315
0.6338256006321326 0.7589546967137315
0.6378660046725366 0.7589546967137315
0.6419064087129407 0.7589546967137315
0.6459468127533446 0.7589546967137315
0.6499872167937487 0.7589546967137315
0.6540276208341527 0.7589546967137315
0.6580680248745567 0.7589546967137315
0.6621084289149608 0.7589546967137315
0.6661488329553649 0.7589546967137315
0.6176639844705163 0.7629951007541356
0.6217043885109204 0.7629951007541356
0.6257447925513244 0.7629951007541356
0.6297851965917285 0.7629951007541356
0.6338256006321326 0.7629951007541356
0.6378660046725366 0.7629951007541356
0.6419064087129407 0.7629951007541356
0.6459468127533446 0.7629951007541356
0.6499872167937487 0.7629951007541356
0.6540276208341527 0.7629951007541356
0.6580680248745567 0.7629951007541356
0.6621084289149608 0.7629951007541356
0.6136235804301123 0.7670355047945396
0.6176639844705163 0.7670355047945396
0.6217043885109204 0.7670355047945396
0.6257447925513244 0.7670355047945396
0.6297851965917285 0.7670355047945396
0.6338256006321326 0.7670355047945396
0.6378660046725366 0.7670355047945396
0.6419064087129407 0.7670355047945396
0.6459468127533446 0.7670355047945396
0.6499872167937487 0.7670355047945396
0.6540276208341527 0.7670355047945396
0.6580680248745567 0.7670355047945396
0.6055427723493043 0.7710759088349436
0.6095831763897083 0.7710759088349436
0.6136235804301123 0.7710759088349436
0.6176639844705163 0.7710759088349436
0.6217043885109204 0.7710759088349436
0.6257447925513244 0.7710759088349436
0.6297851965917285 0.7710759088349436
0.6338256006321326 0.7710759088349436
0.6378660046725366 0.7710759088349436
0.6419064087129407 0.7710759088349436
0.6459468127533446 0.7710759088349436
0.6499872167937487 0.7710759088349436
0.6540276208341527 0.7710759088349436
0.6015023683089002 0.7751163128753477
0.6055427723493043 0.7751163128753477
0.6095831763897083 0.7751163128753477
0.6136235804301123 0.7751163128753477
0.6176639844705163 0.7751163128753477
0.6217043885109204 0.7751163128753477
0.6257447925513244 0.7751163128753477
0.6297851965917285 0.7751163128753477
0.6338256006321326 0.7751163128753477
0.6378660046725366 0.7751163128753477
0.6419064087129407 0.7751163128753477
0.6459468127533446 0.7751163128753477
0.5974619642684962 0.7791567169157517
0.6015023683089002 0.7791567169157517
0.6055427723493043 0.7791567169157517
0.6095831763897083 0.7791567169157517
0.6136235804301123 0.7791567169157517
0.6176639844705163 0.7791567169157517
0.6217043885109204 0.7791567169157517
0.6257447925513244 0.7791567169157517
0.6297851965917285 0.7791567169157517
0.6338256006321326 0.7791567169157517
0.6378660046725366 0.7791567169157517
0.6419064087129407 0.7791567169157517
0.589381156187688 0.7831971209561558
0.5934215602280921 0.7831971209561558
0.5974619642684962 0.7831971209561558
0.6015023683089002 0.7831971209561558
0.6055427723493043 0.7831971209561558
0.6095831763897083 0.7831971209561558
0.6136235804301123 0.7831971209561558
0.6176639844705163 0.7831971209561558
0.6217043885109204 0.7831971209561558
0.6257447925513244 0.7831971209561558
0.6297851965917285 0.7831971209561558
0.6338256006321326 0.7831971209561558
0.6378660046725366 0.7831971209561558
0.585340752147284 0.7872375249965597
0.589381156187688 0.7872375249965597
0.5934215602280921 0.7872375249965597
0.5974619642684962 0.7872375249965597
0.6015023683089002 0.7872375249965597
0.6055427723493043 0.7872375249965597
0.6095831763897083 0.7872375249965597
0.6136235804301123 0.7872375249965597
0.6176639844705163 0.7872375249965597
0.6217043885109204 0.7872375249965597
0.6257447925513244 0.7872375249965597
0.6297851965917285 0.7872375249965597
0.6338256006321326 0.7872375249965597
0.577259944066476 0.7912779290369638
0.58130034810688 0.7912779290369638
0.585340752147284 0.7912779290369638
0.589381156187688 0.7912779290369638
0.5934215602280921 0.7912779290369638
0.5974619642684962 0.7912779290369638
0.6015023683089002 0.7912779290369638
0.6055427723493043 0.7912779290369638
0.6095831763897083 0.7912779290369638
0.6136235804301123 0.7912779290369638
0.6176639844705163 0.7912779290369638
0.6217043885109204 0.7912779290369638
0.6257447925513244 0.7912779290369638
0.6297851965917285 0.7912779290369638
0.573219540026072 0.7953183330773679
0.577259944066476 0.7953183330773679
0.58130034810688 0.7953183330773679
0.585340752147284 0.7953183330773679
0.589381156187688 0.7953183330773679
0.5934215602280921 0.7953183330773679
0.5974619642684962 0.7953183330773679
0.6015023683089002 0.7953183330773679
0.6055427723493043 0.7953183330773679
0.6095831763897083 0.7953183330773679
0.6136235804301123 0.7953183330773679
0.6176639844705163 0.7953183330773679
0.6217043885109204 0.7953183330773679
0.6257447925513244 0.7953183330773679
0.5691791359856679 0.799358737117772
0.573219540026072 0.799358737117772
0.577259944066476 0.799358737117772
0.58130034810688 0.799358737117772
0.585340752147284 0.799358737117772
0.589381156187688 0.799358737117772
0.5934215602280921 0.799358737117772
0.5974619642684962 0.799358737117772
0.6015023683089002 0.799358737117772
0.6055427723493043 0.799358737117772
0.6095831763897083 0.799358737117772
0.6136235804301123 0.799358737117772
0.6176639844705163 0.799358737117772
0.5610983279048598 0.803399141158176
0.5651387319452639 0.803399141158176
0.5691791359856679 0.803399141158176
0.573219540026072 0.803399141158176
0.577259944066476 0.803399141158176
0.58130034810688 0.803399141158176
0.585340752147284 0.803399141158176
0.589381156187688 0.803399141158176
0.5934215602280921 0.803399141158176
0.5974619642684962 0.803399141158176
0.6015023683089002 0.803399141158176
0.6055427723493043 0.803399141158176
0.6095831763897083 0.803399141158176
0.6136235804301123 0.803399141158176
0.5570579238644557 0.80743954519858
0.5610983279048598 0.80743954519858
0.5651387319452639 0.80743954519858
0.5691791359856679 0.80743954519858
0.573219540026072 0.80743954519858
0.577259944066476 0.80743954519858
0.58130034810688 0.80743954519858
0.585340752147284 0.80743954519858
0.589381156187688 0.80743954519858
0.5934215602280921 0.80743954519858
0.5974619642684962 0.80743954519858
0.6015023683089002 0.80743954519858
0.6055427723493043 0.80743954519858
0.6095831763897083 0.80743954519858
0.5489771157836476 0.811479949238984
0.5530175198240517 0.811479949238984
0.5570579238644557 0.811479949238984
0.5610983279048598 0.811479949238984
0.5651387319452639 0.811479949238984
0.5691791359856679 0.811479949238984
0.573219540026072 0.811479949238984
0.577259944066476 0.811479949238984
0.58130034810688 0.811479949238984
0.585340752147284 0.811479949238984
0.589381156187688 0.811479949238984
0.5934215602280921 0.811479949238984
0.5974619642684962 0.811479949238984
0.6015023683089002 0.811479949238984
0.5368559036624356 0.8155203532793881
0.5408963077028396 0.8155203532793881
0.5449367117432437 0.8155203532793881
0.5489771157836476 0.8155203532793881
0.5530175198240517 0.8155203532793881
0.5570579238644557 0.8155203532793881
0.5610983279048598 0.8155203532793881
0.5651387319452639 0.8155203532793881
0.5691791359856679 0.8155203532793881
0.573219540026072 0.8155203532793881
0.577259944066476 0.8155203532793881
0.58130034810688 0.8155203532793881
0.585340752147284 0.8155203532793881
0.589381156187688 0.8155203532793881
0.5934215602280921 0.8155203532793881
0.5974619642684962 0.8155203532793881
0.5368559036624356 0.819560757319792
0.5408963077028396 0.819560757319792
0.5449367117432437 0.819560757319792
0.5489771157836476 0.819560757319792
0.5530175198240517 0.819560757319792
0.5570579238644557 0.819560757319792
0.5610983279048598 0.819560757319792
0.5651387319452639 0.819560757319792
0.5691791359856679 0.819560757319792
0.573219540026072 0.819560757319792
0.577259944066476 0.819560757319792
0.58130034810688 0.819560757319792
0.585340752147284 0.819560757319792
0.589381156187688 0.819560757319792
0.5934215602280921 0.819560757319792
0.5328154996220316 0.8236011613601961
0.5368559036624356 0.8236011613601961
0.5408963077028396 0.8236011613601961
0.5449367117432437 0.8236011613601961
0.5489771157836476 0.8236011613601961
0.5530175198240517 0.8236011613601961
0.5570579238644557 0.8236011613601961
0.5610983279048598 0.8236011613601961
0.5651387319452639 0.8236011613601961
0.5691791359856679 0.8236011613601961
0.573219540026072 0.8236011613601961
0.577259944066476 0.8236011613601961
0.58130034810688 0.8236011613601961
0.585340752147284 0.8236011613601961
0.5247346915412234 0.8276415654006002
0.5287750955816275 0.8276415654006002
0.5328154996220316 0.8276415654006002
0.5368559036624356 0.8276415654006002
0.5408963077028396 0.8276415654006002
0.5449367117432437 0.8276415654006002
0.5489771157836476 0.8276415654006002
0.5530175198240517 0.8276415654006002
0.5570579238644557 0.8276415654006002
0.5610983279048598 0.8276415654006002
0.5651387319452639 0.8276415654006002
0.5691791359856679 0.8276415654006002
0.573219540026072 0.8276415654006002
0.577259944066476 0.8276415654006002
0.58130034810688 0.8276415654006002
0.5166538834604153 0.8316819694410043
0.5206942875008194 0.8316819694410043
0.5247346915412234 0.8316819694410043
0.5287750955816275 0.8316819694410043
0.5328154996220316 0.8316819694410043
0.5368559036624356 0.8316819694410043
0.5408963077028396 0.8316819694410043
0.5449367117432437 0.8316819694410043
0.5489771157836476 0.8316819694410043
0.5530175198240517 0.8316819694410043
0.5570579238644557 0.8316819694410043
0.5610983279048598 0.8316819694410043
0.5651387319452639 0.8316819694410043
0.5691791359856679 0.8316819694410043
0.573219540026072 0.8316819694410043
0.577259944066476 0.8316819694410043
0.5085730753796073 0.8357223734814083
0.5126134794200113 0.8357223734814083
0.5166538834604153 0.8357223734814083
0.5206942875008194 0.8357223734814083
0.5247346915412234 0.8357223734814083
0.5287750955816275 0.8357223734814083
0.5328154996220316 0.8357223734814083
0.5368559036624356 0.8357223734814083
0.5408963077028396 0.8357223734814083
0.5449367117432437 0.8357223734814083
0.5489771157836476 0.8357223734814083
0.5530175198240517 0.8357223734814083
0.5570579238644557 0.8357223734814083
0.5610983279048598 0.8357223734814083
0.5651387319452639 0.8357223734814083
0.5691791359856679 0.8357223734814083
0.5045326713392032 0.8397627775218124
0.5085730753796073 0.8397627775218124
0.5126134794200113 0.8397627775218124
0.5166538834604153 0.8397627775218124
0.5206942875008194 0.8397627775218124
0.5247346915412234 0.8397627775218124
0.5287750955816275 0.8397627775218124
0.5328154996220316 0.8397627775218124
0.5368559036624356 0.8397627775218124
0.5408963077028396 0.8397627775218124
0.5449367117432437 0.8397627775218124
0.5489771157836476 0.8397627775218124
0.5530175198240517 0.8397627775218124
0.5570579238644557 0.8397627775218124
0.5610983279048598 0.8397627775218124
0.5651387319452639 0.8397627775218124
0.4964518632583952 0.8438031815622163
0.5004922672987993 0.8438031815622163
0.5045326713392032 0.8438031815622163
0.5085730753796073 0.8438031815622163
0.5126134794200113 0.8438031815622163
0.5166538834604153 0.8438031815622163
0.5206942875008194 0.8438031815622163
0.5247346915412234 0.8438031815622163
0.5287750955816275 0.8438031815622163
0.5328154996220316 0.8438031815622163
0.5368559036624356 0.8438031815622163
0.5408963077028396 0.8438031815622163
0.5449367117432437 0.8438031815622163
0.5489771157836476 0.8438031815622163
0.5530175198240517 0.8438031815622163
0.5570579238644557 0.8438031815622163
0.48837105517758705 0.8478435856026204
0.4924114592179911 0.8478435856026204
0.4964518632583952 0.8478435856026204
0.5004922672987993 0.8478435856026204
0.5045326713392032 0.8478435856026204
0.5085730753796073 0.8478435856026204
0.5126134794200113 0.8478435856026204
0.5166538834604153 0.8478435856026204
0.5206942875008194 0.8478435856026204
0.5247346915412234 0.8478435856026204
0.5287750955816275 0.8478435856026204
0.5328154996220316 0.8478435856026204
0.5368559036624356 0.8478435856026204
0.5408963077028396 0.8478435856026204
0.5449367117432437 0.8478435856026204
0.5489771157836476 0.8478435856026204
0.5530175198240517 0.8478435856026204
0.48029024709677903 0.8518839896430245
0.48433065113718304 0.8518839896430245
0.48837105517758705 0.8518839896430245
0.4924114592179911 0.8518839896430245
0.4964518632583952 0.8518839896430245
0.5004922672987993 0.8518839896430245
0.5045326713392032 0.8518839896430245
0.5085730753796073 0.8518839896430245
0.5126134794200113 0.8518839896430245
0.5166538834604153 0.8518839896430245
0.5206942875008194 0.8518839896430245
0.5247346915412234 0.8518839896430245
0.5287750955816275 0.8518839896430245
0.5328154996220316 0.8518839896430245
0.5368559036624356 0.8518839896430245
0.5408963077028396 0.8518839896430245
0.5449367117432437 0.8518839896430245
0.4722094390159709 0.8559243936834284
0.47624984305637497 0.8559243936834284
0.48029024709677903 0.8559243936834284
0.48433065113718304 0.8559243936834284
0.48837105517758705 0.8559243936834284
0.4924114592179911 0.8559243936834284
0.4964518632583952 0.8559243936834284
0.5004922672987993 0.8559243936834284
0.5045326713392032 0.8559243936834284
0.5085730753796073 0.8559243936834284
0.5126134794200113 0.8559243936834284
0.5166538834604153 0.8559243936834284
0.5206942875008194 0.8559243936834284
0.5247346915412234 0.8559243936834284
0.5287750955816275 0.8559243936834284
0.5328154996220316 0.8559243936834284
0.5368559036624356 0.8559243936834284
0.5408963077028396 0.8559243936834284
0.4681690349755669 0.8599647977238325
0.4722094390159709 0.8599647977238325
0.47624984305637497 0.8599647977238325
0.48029024709677903 0.8599647977238325
0.48433065113718304 0.8599647977238325
0.48837105517758705 0.8599647977238325
0.4924114592179911 0.8599647977238325
0.4964518632583952 0.8599647977238325
0.5004922672987993 0.8599647977238325
0.5045326713392032 0.8599647977238325
0.5085730753796073 0.8599647977238325
0.5126134794200113 0.8599647977238325
0.5166538834604153 0.8599647977238325
0.5206942875008194 0.8599647977238325
0.5247346915412234 0.8599647977238325
0.5287750955816275 0.8599647977238325
0.5328154996220316 0.8599647977238325
0.4600882268947588 0.8640052017642366
0.4641286309351629 0.8640052017642366
0.4681690349755669 0.8640052017642366
0.4722094390159709 0.8640052017642366
0.47624984305637497 0.8640052017642366
0.48029024709677903 0.8640052017642366
0.48433065113718304 0.8640052017642366
0.48837105517758705 0.8640052017642366
0.4924114592179911 0.8640052017642366
0.4964518632583952 0.8640052017642366
0.5004922672987993 0.8640052017642366
0.5045326713392032 0.8640052017642366
0.5085730753796073 0.8640052017642366
0.5126134794200113 0.8640052017642366
0.5166538834604153 0.8640052017642366
0.5206942875008194 0.8640052017642366
0.5247346915412234 0.8640052017642366
0.5287750955816275 0.8640052017642366
0.44796701477354667 0.8680456058046406
0.4520074188139507 0.8680456058046406
0.45604782285435475 0.8680456058046406
0.4600882268947588 0.8680456058046406
0.4641286309351629 0.8680456058046406
0.4681690349755669 0.8680456058046406
0.4722094390159709 0.8680456058046406
0.47624984305637497 0.8680456058046406
0.48029024709677903 0.8680456058046406
0.48433065113718304 0.8680456058046406
0.48837105517758705 0.8680456058046406
0.4924114592179911 0.8680456058046406
0.4964518632583952 0.8680456058046406
0.5004922672987993 0.8680456058046406
0.5045326713392032 0.8680456058046406
0.5085730753796073 0.8680456058046406
0.5126134794200113 0.8680456058046406
0.5166538834604153 0.8680456058046406
0.5206942875008194 0.8680456058046406
0.44392661073314266 0.8720860098450447
0.44796701477354667 0.8720860098450447
0.4520074188139507 0.8720860098450447
0.45604782285435475 0.8720860098450447
0.4600882268947588 0.8720860098450447
0.4641286309351629 0.8720860098450447
0.4681690349755669 0.8720860098450447
0.4722094390159709 0.8720860098450447
0.47624984305637497 0.8720860098450447
0.48029024709677903 0.8720860098450447
0.48433065113718304 0.8720860098450447
0.48837105517758705 0.8720860098450447
0.4924114592179911 0.8720860098450447
0.4964518632583952 0.8720860098450447
0.5004922672987993 0.8720860098450447
0.5045326713392032 0.8720860098450447
0.5085730753796073 0.8720860098450447
0.5126134794200113 0.8720860098450447
0.5166538834604153 0.8720860098450447
0.4318053986119305 0.8761264138854487
0.4358458026523345 0.8761264138854487
0.4398862066927386 0.8761264138854487
0.44392661073314266 0.8761264138854487
0.44796701477354667 0.8761264138854487
0.4520074188139507 0.8761264138854487
0.45604782285435475 0.8761264138854487
0.4600882268947588 0.8761264138854487
0.4641286309351629 0.8761264138854487
0.4681690349755669 0.8761264138854487
0.4722094390159709 0.8761264138854487
0.47624984305637497 0.8761264138854487
0.48029024709677903 0.8761264138854487
0.48433065113718304 0.8761264138854487
0.48837105517758705 0.8761264138854487
0.4924114592179911 0.8761264138854487
0.4964518632583952 0.8761264138854487
0.5004922672987993 0.8761264138854487
0.5045326713392032 0.8761264138854487
0.5085730753796073 0.8761264138854487
0.42372459053112244 0.8801668179258527
0.4277649945715265 0.8801668179258527
0.4318053986119305 0.8801668179258527
0.4358458026523345 0.8801668179258527
0.4398862066927386 0.8801668179258527
0.44392661073314266 0.8801668179258527
0.44796701477354667 0.8801668179258527
0.4520074188139507 0.8801668179258527
0.45604782285435475 0.8801668179258527
0.4600882268947588 0.8801668179258527
0.4641286309351629 0.8801668179258527
0.4681690349755669 0.8801668179258527
0.4722094390159709 0.8801668179258527
0.47624984305637497 0.8801668179258527
0.48029024709677903 0.8801668179258527
0.48433065113718304 0.8801668179258527
0.48837105517758705 0.8801668179258527
0.4924114592179911 0.8801668179258527
0.4964518632583952 0.8801668179258527
0.5004922672987993 0.8801668179258527
0.41564378245031436 0.8842072219662568
0.41968418649071837 0.8842072219662568
0.42372459053112244 0.8842072219662568
0.4277649945715265 0.8842072219662568
0.4318053986119305 0.8842072219662568
0.4358458026523345 0.8842072219662568
0.4398862066927386 0.8842072219662568
0.44392661073314266 0.8842072219662568
0.44796701477354667 0.8842072219662568
0.4520074188139507 0.8842072219662568
0.45604782285435475 0.8842072219662568
0.4600882268947588 0.8842072219662568
0.4641286309351629 0.8842072219662568
0.4681690349755669 0.8842072219662568
0.4722094390159709 0.8842072219662568
0.47624984305637497 0.8842072219662568
0.48029024709677903 0.8842072219662568
0.48433065113718304 0.8842072219662568
0.48837105517758705 0.8842072219662568
0.4924114592179911 0.8842072219662568
0.4964518632583952 0.8842072219662568
0.5004922672987993 0.8842072219662568
0.4075629743695063 0.8882476260066607
0.41160337840991035 0.8882476260066607
0.41564378245031436 0.8882476260066607
0.41968418649071837 0.8882476260066607
0.42372459053112244 0.8882476260066607
0.4277649945715265 0.8882476260066607
0.4318053986119305 0.8882476260066607
0.4358458026523345 0.8882476260066607
0.4398862066927386 0.8882476260066607
0.44392661073314266 0.8882476260066607
0.44796701477354667 0.8882476260066607
0.4520074188139507 0.8882476260066607
0.45604782285435475 0.8882476260066607
0.4600882268947588 0.8882476260066607
0.4641286309351629 0.8882476260066607
0.4681690349755669 0.8882476260066607
0.4722094390159709 0.8882476260066607
0.47624984305637497 0.8882476260066607
0.48029024709677903 0.8882476260066607
0.48433065113718304 0.8882476260066607
0.48837105517758705 0.8882476260066607
0.3994821662886982 0.8922880300470648
0.4035225703291022 0.8922880300470648
0.4075629743695063 0.8922880300470648
0.41160337840991035 0.8922880300470648
0.41564378245031436 0.8922880300470648
0.41968418649071837 0.8922880300470648
0.42372459053112244 0.8922880300470648
0.4277649945715265 0.8922880300470648
0.4318053986119305 0.8922880300470648
0.4358458026523345 0.8922880300470648
0.4398862066927386 0.8922880300470648
0.44392661073314266 0.8922880300470648
0.44796701477354667 0.8922880300470648
0.4520074188139507 0.8922880300470648
0.45604782285435475 0.8922880300470648
0.4600882268947588 0.8922880300470648
0.4641286309351629 0.8922880300470648
0.4681690349755669 0.8922880300470648
0.4722094390159709 0.8922880300470648
0.47624984305637497 0.8922880300470648
0.48029024709677903 0.8922880300470648
0.3914013582078901 0.8963284340874689
0.39544176224829414 0.8963284340874689
0.3994821662886982 0.8963284340874689
0.4035225703291022 0.8963284340874689
0.4075629743695063 0.8963284340874689
0.41160337840991035 0.8963284340874689
0.41564378245031436 0.8963284340874689
0.41968418649071837 0.8963284340874689
0.42372459053112244 0.8963284340874689
0.4277649945715265 0.8963284340874689
0.4318053986119305 0.8963284340874689
0.4358458026523345 0.8963284340874689
0.4398862066927386 0.8963284340874689
0.44392661073314266 0.8963284340874689
0.44796701477354667 0.8963284340874689
0.4520074188139507 0.8963284340874689
0.45604782285435475 0.8963284340874689
0.4600882268947588 0.8963284340874689
0.4641286309351629 0.8963284340874689
0.4681690349755669 0.8963284340874689
0.4722094390159709 0.8963284340874689
0.379280146086678 0.9003688381278729
0.38736095416748606 0.9003688381278729
0.3914013582078901 0.9003688381278729
0.39544176224829414 0.9003688381278729
0.3994821662886982 0.9003688381278729
0.4035225703291022 0.9003688381278729
0.4075629743695063 0.9003688381278729
0.41160337840991035 0.9003688381278729
0.41564378245031436 0.9003688381278729
0.41968418649071837 0.9003688381278729
0.42372459053112244 0.9003688381278729
0.4277649945715265 0.9003688381278729
0.4318053986119305 0.9003688381278729
0.4358458026523345 0.9003688381278729
0.4398862066927386 0.9003688381278729
0.44392661073314266 0.9003688381278729
0.44796701477354667 0.9003688381278729
0.4520074188139507 0.9003688381278729
0.45604782285435475 0.9003688381278729
0.4600882268947588 0.9003688381278729
0.4641286309351629 0.9003688381278729
0.3711993380058699 0.904409242168277
0.37523974204627397 0.904409242168277
0.379280146086678 0.904409242168277
0.38332055012708205 0.904409242168277
0.38736095416748606 0.904409242168277
0.3914013582078901 0.904409242168277
0.39544176224829414 0.904409242168277
0.3994821662886982 0.904409242168277
0.4035225703291022 0.904409242168277
0.4075629743695063 0.904409242168277
0.41160337840991035 0.904409242168277
0.41564378245031436 0.904409242168277
0.41968418649071837 0.904409242168277
0.42372459053112244 0.904409242168277
0.4277649945715265 0.904409242168277
0.4318053986119305 0.904409242168277
0.4358458026523345 0.904409242168277
0.4398862066927386 0.904409242168277
0.44392661073314266 0.904409242168277
0.44796701477354667 0.904409242168277
0.4520074188139507 0.904409242168277
0.45604782285435475 0.904409242168277
0.4600882268947588 0.904409242168277
0.3590781258846578 0.9084496462086811
0.36311852992506183 0.9084496462086811
0.3711993380058699 0.9084496462086811
0.37523974204627397 0.9084496462086811
0.379280146086678 0.9084496462086811
0.38332055012708205 0.9084496462086811
0.38736095416748606 0.9084496462086811
0.3914013582078901 0.9084496462086811
0.39544176224829414 0.9084496462086811
0.3994821662886982 0.9084496462086811
0.4035225703291022 0.9084496462086811
0.4075629743695063 0.9084496462086811
0.41160337840991035 0.9084496462086811
0.41564378245031436 0.9084496462086811
0.41968418649071837 0.9084496462086811
0.42372459053112244 0.9084496462086811
0.4277649945715265 0.9084496462086811
0.4318053986119305 0.9084496462086811
0.4358458026523345 0.9084496462086811
0.4398862066927386 0.9084496462086811
0.44392661073314266 0.9084496462086811
0.44796701477354667 0.9084496462086811
0.36311852992506183 0.912490050249085
0.36715893396546584 0.912490050249085
0.3711993380058699 0.912490050249085
0.37523974204627397 0.912490050249085
0.379280146086678 0.912490050249085
0.38332055012708205 0.912490050249085
0.38736095416748606 0.912490050249085
0.3914013582078901 0.912490050249085
0.39544176224829414 0.912490050249085
0.3994821662886982 0.912490050249085
0.4035225703291022 0.912490050249085
0.4075629743695063 0.912490050249085
0.41160337840991035 0.912490050249085
0.41564378245031436 0.912490050249085
0.41968418649071837 0.912490050249085
0.42372459053112244 0.912490050249085
0.4277649945715265 0.912490050249085
0.4318053986119305 0.912490050249085
0.4358458026523345 0.912490050249085
0.4398862066927386 0.912490050249085
0.44392661073314266 0.912490050249085
0.3388761056826376 0.9165304542894891
0.3509973178038497 0.9165304542894891
0.35503772184425375 0.9165304542894891
0.3590781258846578 0.9165304542894891
0.36311852992506183 0.9165304542894891
0.36715893396546584 0.9165304542894891
0.3711993380058699 0.9165304542894891
0.37523974204627397 0.9165304542894891
0.379280146086678 0.9165304542894891
0.38332055012708205 0.9165304542894891
0.38736095416748606 0.9165304542894891
0.3914013582078901 0.9165304542894891
0.39544176224829414 0.9165304542894891
0.3994821662886982 0.9165304542894891
0.4035225703291022 0.9165304542894891
0.4075629743695063 0.9165304542894891
0.41160337840991035 0.9165304542894891
0.41564378245031436 0.9165304542894891
0.41968418649071837 0.9165304542894891
0.42372459053112244 0.9165304542894891
0.4277649945715265 0.9165304542894891
0.4318053986119305 0.9165304542894891
0.4358458026523345 0.9165304542894891
0.34291650972304166 0.920570858329893
0.3469569137634457 0.920570858329893
0.3509973178038497 0.920570858329893
0.35503772184425375 0.920570858329893
0.3590781258846578 0.920570858329893
0.36311852992506183 0.920570858329893
0.36715893396546584 0.920570858329893
0.3711993380058699 0.920570858329893
0.37523974204627397 0.920570858329893
0.379280146086678 0.920570858329893
0.38332055012708205 0.920570858329893
0.38736095416748606 0.920570858329893
0.3914013582078901 0.920570858329893
0.39544176224829414 0.920570858329893
0.3994821662886982 0.920570858329893
0.4035225703291022 0.920570858329893
0.4075629743695063 0.920570858329893
0.41160337840991035 0.920570858329893
0.41564378245031436 0.920570858329893
0.41968418649071837 0.920570858329893
0.42372459053112244 0.920570858329893
0.4277649945715265 0.920570858329893
0.3146336814402133 0.9246112623702971
0.3307952976018295 0.9246112623702971
0.33483570164223353 0.9246112623702971
0.3388761056826376 0.9246112623702971
0.34291650972304166 0.9246112623702971
0.3469569137634457 0.9246112623702971
0.3509973178038497 0.9246112623702971
0.35503772184425375 0.9246112623702971
0.3590781258846578 0.9246112623702971
0.36311852992506183 0.9246112623702971
0.36715893396546584 0.9246112623702971
0.3711993380058699 0.9246112623702971
0.37523974204627397 0.9246112623702971
0.379280146086678 0.9246112623702971
0.38332055012708205 0.9246112623702971
0.38736095416748606 0.9246112623702971
0.3914013582078901 0.9246112623702971
0.39544176224829414 0.9246112623702971
0.3994821662886982 0.9246112623702971
0.4035225703291022 0.9246112623702971
0.4075629743695063 0.9246112623702971
0.41160337840991035 0.9246112623702971
0.41564378245031436 0.9246112623702971
0.3025124693190012 0.9286516664107012
0.3186740854806174 0.9286516664107012
0.32271448952102144 0.9286516664107012
0.32675489356142545 0.9286516664107012
0.3307952976018295 0.9286516664107012
0.33483570164223353 0.9286516664107012
0.3388761056826376 0.9286516664107012
0.34291650972304166 0.9286516664107012
0.3469569137634457 0.9286516664107012
0.3509973178038497 0.9286516664107012
0.35503772184425375 0.9286516664107012
0.3590781258846578 0.9286516664107012
0.36311852992506183 0.9286516664107012
0.36715893396546584 0.9286516664107012
0.3711993380058699 0.9286516664107012
0.37523974204627397 0.9286516664107012
0.379280146086678 0.9286516664107012
0.38332055012708205 0.9286516664107012
0.38736095416748606 0.9286516664107012
0.3914013582078901 0.9286516664107012
0.39544176224829414 0.9286516664107012
0.3994821662886982 0.9286516664107012
0.4035225703291022 0.9286516664107012
0.4075629743695063 0.9286516664107012
0.3065528733594053 0.9326920704511052
0.3146336814402133 0.9326920704511052
0.3186740854806174 0.9326920704511052
0.32271448952102144 0.9326920704511052
0.32675489356142545 0.9326920704511052
0.3307952976018295 0.9326920704511052
0.33483570164223353 0.9326920704511052
0.3388761056826376 0.9326920704511052
0.34291650972304166 0.9326920704511052
0.3469569137634457 0.9326920704511052
0.3509973178038497 0.9326920704511052
0.35503772184425375 0.9326920704511052
0.3590781258846578 0.9326920704511052
0.36311852992506183 0.9326920704511052
0.36715893396546584 0.9326920704511052
0.3711993380058699 0.9326920704511052
0.37523974204627397 0.9326920704511052
0.379280146086678 0.9326920704511052
0.38332055012708205 0.9326920704511052
0.38736095416748606 0.9326920704511052
0.3914013582078901 0.9326920704511052
0.39544176224829414 0.9326920704511052
0.3994821662886982 0.9326920704511052
0.29443166123819314 0.9367324744915093
0.29847206527859715 0.9367324744915093
0.3025124693190012 0.9367324744915093
0.3065528733594053 0.9367324744915093
0.3105932773998093 0.9367324744915093
0.3146336814402133 0.9367324744915093
0.3186740854806174 0.9367324744915093
0.32271448952102144 0.9367324744915093
0.32675489356142545 0.9367324744915093
0.3307952976018295 0.9367324744915093
0.33483570164223353 0.9367324744915093
0.3388761056826376 0.9367324744915093
0.34291650972304166 0.9367324744915093
0.3469569137634457 0.9367324744915093
0.3509973178038497 0.9367324744915093
0.35503772184425375 0.9367324744915093
0.3590781258846578 0.9367324744915093
0.36311852992506183 0.9367324744915093
0.36715893396546584 0.9367324744915093
0.3711993380058699 0.9367324744915093
0.37523974204627397 0.9367324744915093
0.379280146086678 0.9367324744915093
0.38332055012708205 0.9367324744915093
0.38736095416748606 0.9367324744915093
0.3914013582078901 0.9367324744915093
0.29443166123819314 0.9407728785319134
0.29847206527859715 0.9407728785319134
0.3025124693190012 0.9407728785319134
0.3065528733594053 0.9407728785319134
0.3105932773998093 0.9407728785319134
0.3146336814402133 0.9407728785319134
0.3186740854806174 0.9407728785319134
0.32271448952102144 0.9407728785319134
0.32675489356142545 0.9407728785319134
0.3307952976018295 0.9407728785319134
0.33483570164223353 0.9407728785319134
0.3388761056826376 0.9407728785319134
0.34291650972304166 0.9407728785319134
0.3469569137634457 0.9407728785319134
0.3509973178038497 0.9407728785319134
0.35503772184425375 0.9407728785319134
0.3590781258846578 0.9407728785319134
0.36311852992506183 0.9407728785319134
0.36715893396546584 0.9407728785319134
0.3711993380058699 0.9407728785319134
0.37523974204627397 0.9407728785319134
0.379280146086678 0.9407728785319134
0.38332055012708205 0.9407728785319134
0.29443166123819314 0.9448132825723174
0.29847206527859715 0.9448132825723174
0.3025124693190012 0.9448132825723174
0.3065528733594053 0.9448132825723174
0.3105932773998093 0.9448132825723174
0.3146336814402133 0.9448132825723174
0.3186740854806174 0.9448132825723174
0.32271448952102144 0.9448132825723174
0.32675489356142545 0.9448132825723174
0.3307952976018295 0.9448132825723174
0.33483570164223353 0.9448132825723174
0.3388761056826376 0.9448132825723174
0.34291650972304166 0.9448132825723174
0.3469569137634457 0.9448132825723174
0.3509973178038497 0.9448132825723174
0.35503772184425375 0.9448132825723174
0.3590781258846578 0.9448132825723174
0.36311852992506183 0.9448132825723174
0.36715893396546584 0.9448132825723174
0.3711993380058699 0.9448132825723174
0.29443166123819314 0.9488536866127214
0.29847206527859715 0.9488536866127214
0.3025124693190012 0.9488536866127214
0.3065528733594053 0.9488536866127214
0.3105932773998093 0.9488536866127214
0.3146336814402133 0.9488536866127214
0.3186740854806174 0.9488536866127214
0.32271448952102144 0.9488536866127214
0.32675489356142545 0.9488536866127214
0.3307952976018295 0.9488536866127214
0.33483570164223353 0.9488536866127214
0.3388761056826376 0.9488536866127214
0.34291650972304166 0.9488536866127214
0.3469569137634457 0.9488536866127214
0.3509973178038497 0.9488536866127214
0.35503772184425375 0.9488536866127214
0.3590781258846578 0.9488536866127214
0.36311852992506183 0.9488536866127214
0.29443166123819314 0.9528940906531255
0.29847206527859715 0.9528940906531255
0.3025124693190012 0.9528940906531255
0.3065528733594053 0.9528940906531255
0.3105932773998093 0.9528940906531255
0.3146336814402133 0.9528940906531255
0.3186740854806174 0.9528940906531255
0.32271448952102144 0.9528940906531255
0.32675489356142545 0.9528940906531255
0.3307952976018295 0.9528940906531255
0.33483570164223353 0.9528940906531255
0.3388761056826376 0.9528940906531255
0.34291650972304166 0.9528940906531255
0.3469569137634457 0.9528940906531255
0.3509973178038497 0.9528940906531255
0.29443166123819314 0.9569344946935294
0.29847206527859715 0.9569344946935294
0.3025124693190012 0.9569344946935294
0.3065528733594053 0.9569344946935294
0.3105932773998093 0.9569344946935294
0.3146336814402133 0.9569344946935294
0.3186740854806174 0.9569344946935294
0.32271448952102144 0.9569344946935294
0.32675489356142545 0.9569344946935294
0.3307952976018295 0.9569344946935294
0.33483570164223353 0.9569344946935294
0.3388761056826376 0.9569344946935294
0.29443166123819314 0.9609748987339335
0.29847206527859715 0.9609748987339335
0.3025124693190012 0.9609748987339335
0.3065528733594053 0.9609748987339335
0.3105932773998093 0.9609748987339335
0.3146336814402133 0.9609748987339335
0.3186740854806174 0.9609748987339335
0.32271448952102144 0.9609748987339335
0.32675489356142545 0.9609748987339335
0.3307952976018295 0.9609748987339335
0.29443166123819314 0.9650153027743376
0.29847206527859715 0.9650153027743376
0.3025124693190012 0.9650153027743376
0.3065528733594053 0.9650153027743376
0.3105932773998093 0.9650153027743376
0.3146336814402133 0.9650153027743376
0.3186740854806174 0.9650153027743376
0.29443166123819314 0.9690557068147416
0.29847206527859715 0.9690557068147416
0.3025124693190012 0.9690557068147416
