# x y
0.6990987162752498 0.698348636107671
0.6950583122348457 0.702389040148075
0.6990987162752498 0.702389040148075
0.6910179081944418 0.706429444188479
0.6950583122348457 0.706429444188479
0.6990987162752498 0.706429444188479
0.6869775041540377 0.710469848228883
0.6910179081944418 0.710469848228883
0.6950583122348457 0.710469848228883
0.6990987162752498 0.710469848228883
0.6829371001136336 0.7145102522692871
0.6869775041540377 0.7145102522692871
0.6910179081944418 0.7145102522692871
0.6950583122348457 0.7145102522692871
0.6990987162752498 0.7145102522692871
0.6788966960732297 0.7185506563096911
0.6829371001136336 0.7185506563096911
0.6869775041540377 0.7185506563096911
0.6910179081944418 0.7185506563096911
0.6950583122348457 0.7185506563096911
0.6990987162752498 0.7185506563096911
0.6748562920328256 0.7225910603500951
0.6788966960732297 0.7225910603500951
0.6829371001136336 0.7225910603500951
0.6869775041540377 0.7225910603500951
0.6910179081944418 0.7225910603500951
0.6950583122348457 0.7225910603500951
0.6990987162752498 0.7225910603500951
0.6708158879924215 0.7266314643904992
0.6748562920328256 0.7266314643904992
0.6788966960732297 0.7266314643904992
0.6829371001136336 0.7266314643904992
0.6869775041540377 0.7266314643904992
0.6910179081944418 0.7266314643904992
0.6950583122348457 0.7266314643904992
0.6990987162752498 0.7266314643904992
0.6667754839520175 0.7306718684309033
0.6708158879924215 0.7306718684309033
0.6748562920328256 0.7306718684309033
0.6788966960732297 0.7306718684309033
0.6829371001136336 0.7306718684309033
0.6869775041540377 0.7306718684309033
0.6910179081944418 0.7306718684309033
0.6950583122348457 0.7306718684309033
0.6627350799116134 0.7347122724713073
0.6667754839520175 0.7347122724713073
0.6708158879924215 0.7347122724713073
0.6748562920328256 0.7347122724713073
0.6788966960732297 0.7347122724713073
0.6829371001136336 0.7347122724713073
0.6869775041540377 0.7347122724713073
0.6910179081944418 0.7347122724713073
0.6586946758712093 0.7387526765117113
0.6627350799116134 0.7387526765117113
0.6667754839520175 0.7387526765117113
0.6708158879924215 0.7387526765117113
0.6748562920328256 0.7387526765117113
0.6788966960732297 0.7387526765117113
0.6829371001136336 0.7387526765117113
0.6869775041540377 0.7387526765117113
0.6546542718308054 0.7427930805521153
0.6586946758712093 0.7427930805521153
0.6627350799116134 0.7427930805521153
0.6667754839520175 0.7427930805521153
0.6708158879924215 0.7427930805521153
0.6748562920328256 0.7427930805521153
0.6788966960732297 0.7427930805521153
0.6829371001136336 0.7427930805521153
0.6465734637499974 0.7468334845925194
0.6506138677904013 0.7468334845925194
0.6546542718308054 0.7468334845925194
0.6586946758712093 0.7468334845925194
0.6627350799116134 0.7468334845925194
0.6667754839520175 0.7468334845925194
0.6708158879924215 0.7468334845925194
0.6748562920328256 0.7468334845925194
0.6788966960732297 0.7468334845925194
0.6425330597095933 0.7508738886329235
0.6465734637499974 0.7508738886329235
0.6506138677904013 0.7508738886329235
0.6546542718308054 0.7508738886329235
0.6586946758712093 0.7508738886329235
0.6627350799116134 0.7508738886329235
0.6667754839520175 0.7508738886329235
0.6708158879924215 0.7508738886329235
0.6748562920328256 0.7508738886329235
0.6384926556691892 0.7549142926733274
0.6425330597095933 0.7549142926733274
0.6465734637499974 0.7549142926733274
0.6506138677904013 0.7549142926733274
0.6546542718308054 0.7549142926733274
0.6586946758712093 0.7549142926733274
0.6627350799116134 0.7549142926733274
0.6667754839520175 0.7549142926733274
0.6708158879924215 0.7549142926733274
0.6344522516287852 0.7589546967137315
0.6384926556691892 0.7589546967137315
0.6425330597095933 0.7589546967137315
0.6465734637499974 0.7589546967137315
0.6506138677904013 0.7589546967137315
0.6546542718308054 0.7589546967137315
0.6586946758712093 0.7589546967137315
0.6627350799116134 0.7589546967137315
0.6667754839520175 0.7589546967137315
0.6304118475883811 0.7629951007541356
0.6344522516287852 0.7629951007541356
0.6384926556691892 0.7629951007541356
0.6425330597095933 0.7629951007541356
0.6465734637499974 0.7629951007541356
0.6506138677904013 0.7629951007541356
0.6546542718308054 0.7629951007541356
0.6586946758712093 0.7629951007541356
0.6627350799116134 0.7629951007541356
0.626371443547977 0.7670355047945396
0.6304118475883811 0.7670355047945396
0.6344522516287852 0.7670355047945396
0.6384926556691892 0.7670355047945396
0.6425330597095933 0.7670355047945396
0.6465734637499974 0.7670355047945396
0.6506138677904013 0.7670355047945396
0.6546542718308054 0.7670355047945396
0.618290635467169 0.7710759088349436
0.622331039507573 0.7710759088349436
0.626371443547977 0.7710759088349436
0.6304118475883811 0.7710759088349436
0.6344522516287852 0.7710759088349436
0.6384926556691892 0.7710759088349436
0.6425330597095933 0.7710759088349436
0.6465734637499974 0.7710759088349436
0.6506138677904013 0.7710759088349436
0.6142502314267649 0.7751163128753477
0.618290635467169 0.7751163128753477
0.622331039507573 0.7751163128753477
0.626371443547977 0.7751163128753477
0.6304118475883811 0.7751163128753477
0.6344522516287852 0.7751163128753477
0.6384926556691892 0.7751163128753477
0.6425330597095933 0.7751163128753477
0.6465734637499974 0.7751163128753477
0.610209827386361 0.7791567169157517
0.6142502314267649 0.7791567169157517
0.618290635467169 0.7791567169157517
0.622331039507573 0.7791567169157517
0.626371443547977 0.7791567169157517
0.6304118475883811 0.7791567169157517
0.6344522516287852 0.7791567169157517
0.6384926556691892 0.7791567169157517
0.6425330597095933 0.7791567169157517
0.6021290193055528 0.7831971209561558
0.6061694233459569 0.7831971209561558
0.610209827386361 0.7831971209561558
0.6142502314267649 0.7831971209561558
0.618290635467169 0.7831971209561558
0.622331039507573 0.7831971209561558
0.626371443547977 0.7831971209561558
0.6304118475883811 0.7831971209561558
0.6344522516287852 0.7831971209561558
0.6384926556691892 0.7831971209561558
0.5980886152651488 0.7872375249965597
0.6021290193055528 0.7872375249965597
0.6061694233459569 0.7872375249965597
0.610209827386361 0.7872375249965597
0.6142502314267649 0.7872375249965597
0.618290635467169 0.7872375249965597
0.622331039507573 0.7872375249965597
0.626371443547977 0.7872375249965597
0.6304118475883811 0.7872375249965597
0.5940482112247447 0.7912779290369638
0.5980886152651488 0.7912779290369638
0.6021290193055528 0.7912779290369638
0.6061694233459569 0.7912779290369638
0.610209827386361 0.7912779290369638
0.6142502314267649 0.7912779290369638
0.618290635467169 0.7912779290369638
0.622331039507573 0.7912779290369638
0.626371443547977 0.7912779290369638
0.5859674031439367 0.7953183330773679
0.5900078071843406 0.7953183330773679
0.5940482112247447 0.7953183330773679
0.5980886152651488 0.7953183330773679
0.6021290193055528 0.7953183330773679
0.6061694233459569 0.7953183330773679
0.610209827386361 0.7953183330773679
0.6142502314267649 0.7953183330773679
0.618290635467169 0.7953183330773679
0.622331039507573 0.7953183330773679
0.5819269991035326 0.799358737117772
0.5859674031439367 0.799358737117772
0.5900078071843406 0.799358737117772
0.5940482112247447 0.799358737117772
0.5980886152651488 0.799358737117772
0.6021290193055528 0.799358737117772
0.6061694233459569 0.799358737117772
0.610209827386361 0.799358737117772
0.6142502314267649 0.799358737117772
0.618290635467169 0.799358737117772
0.5778865950631287 0.803399141158176
0.5819269991035326 0.803399141158176
0.5859674031439367 0.803399141158176
0.5900078071843406 0.803399141158176
0.5940482112247447 0.803399141158176
0.5980886152651488 0.803399141158176
0.6021290193055528 0.803399141158176
0.6061694233459569 0.803399141158176
0.610209827386361 0.803399141158176
0.5698057869823205 0.80743954519858
0.5738461910227246 0.80743954519858
0.5778865950631287 0.80743954519858
0.5819269991035326 0.80743954519858
0.5859674031439367 0.80743954519858
0.5900078071843406 0.80743954519858
0.5940482112247447 0.80743954519858
0.5980886152651488 0.80743954519858
0.6021290193055528 0.80743954519858
0.6061694233459569 0.80743954519858
0.5657653829419165 0.811479949238984
0.5698057869823205 0.811479949238984
0.5738461910227246 0.811479949238984
0.5778865950631287 0.811479949238984
0.5819269991035326 0.811479949238984
0.5859674031439367 0.811479949238984
0.5900078071843406 0.811479949238984
0.5940482112247447 0.811479949238984
0.5980886152651488 0.811479949238984
0.6021290193055528 0.811479949238984
0.5576845748611083 0.8155203532793881
0.5617249789015124 0.8155203532793881
0.5657653829419165 0.8155203532793881
0.5698057869823205 0.8155203532793881
0.5738461910227246 0.8155203532793881
0.5778865950631287 0.8155203532793881
0.5819269991035326 0.8155203532793881
0.5859674031439367 0.8155203532793881
0.5900078071843406 0.8155203532793881
0.5940482112247447 0.8155203532793881
0.5536441708207043 0.819560757319792
0.5576845748611083 0.819560757319792
0.5617249789015124 0.819560757319792
0.5657653829419165 0.819560757319792
0.5698057869823205 0.819560757319792
0.5738461910227246 0.819560757319792
0.5778865950631287 0.819560757319792
0.5819269991035326 0.819560757319792
0.5859674031439367 0.819560757319792
0.5900078071843406 0.819560757319792
0.5455633627398963 0.8236011613601961
0.5496037667803003 0.8236011613601961
0.5536441708207043 0.8236011613601961
0.5576845748611083 0.8236011613601961
0.5617249789015124 0.8236011613601961
0.5657653829419165 0.8236011613601961
0.5698057869823205 0.8236011613601961
0.5738461910227246 0.8236011613601961
0.5778865950631287 0.8236011613601961
0.5819269991035326 0.8236011613601961
0.5859674031439367 0.8236011613601961
0.5415229586994923 0.8276415654006002
0.5455633627398963 0.8276415654006002
0.5496037667803003 0.8276415654006002
0.5536441708207043 0.8276415654006002
0.5576845748611083 0.8276415654006002
0.5617249789015124 0.8276415654006002
0.5657653829419165 0.8276415654006002
0.5698057869823205 0.8276415654006002
0.5738461910227246 0.8276415654006002
0.5778865950631287 0.8276415654006002
0.5334421506186842 0.8316819694410043
0.5374825546590882 0.8316819694410043
0.5415229586994923 0.8316819694410043
0.5455633627398963 0.8316819694410043
0.5496037667803003 0.8316819694410043
0.5536441708207043 0.8316819694410043
0.5576845748611083 0.8316819694410043
0.5617249789015124 0.8316819694410043
0.5657653829419165 0.8316819694410043
0.5698057869823205 0.8316819694410043
0.5738461910227246 0.8316819694410043
0.5294017465782801 0.8357223734814083
0.5334421506186842 0.8357223734814083
0.5374825546590882 0.8357223734814083
0.5415229586994923 0.8357223734814083
0.5455633627398963 0.8357223734814083
0.5496037667803003 0.8357223734814083
0.5536441708207043 0.8357223734814083
0.5576845748611083 0.8357223734814083
0.5617249789015124 0.8357223734814083
0.5657653829419165 0.8357223734814083
0.521320938497472 0.8397627775218124
0.525361342537876 0.8397627775218124
0.5294017465782801 0.8397627775218124
0.5334421506186842 0.8397627775218124
0.5374825546590882 0.8397627775218124
0.5415229586994923 0.8397627775218124
0.5455633627398963 0.8397627775218124
0.5496037667803003 0.8397627775218124
0.5536441708207043 0.8397627775218124
0.5576845748611083 0.8397627775218124
0.5617249789015124 0.8397627775218124
0.5132401304166639 0.8438031815622163
0.517280534457068 0.8438031815622163
0.521320938497472 0.8438031815622163
0.525361342537876 0.8438031815622163
0.5294017465782801 0.8438031815622163
0.5334421506186842 0.8438031815622163
0.5374825546590882 0.8438031815622163
0.5415229586994923 0.8438031815622163
0.5455633627398963 0.8438031815622163
0.5496037667803003 0.8438031815622163
0.5536441708207043 0.8438031815622163
0.5091997263762599 0.8478435856026204
0.5132401304166639 0.8478435856026204
0.517280534457068 0.8478435856026204
0.521320938497472 0.8478435856026204
0.525361342537876 0.8478435856026204
0.5294017465782801 0.8478435856026204
0.5334421506186842 0.8478435856026204
0.5374825546590882 0.8478435856026204
0.5415229586994923 0.8478435856026204
0.5455633627398963 0.8478435856026204
0.5496037667803003 0.8478435856026204
0.5011189182954519 0.8518839896430245
0.5051593223358559 0.8518839896430245
0.5091997263762599 0.8518839896430245
0.5132401304166639 0.8518839896430245
0.517280534457068 0.8518839896430245
0.521320938497472 0.8518839896430245
0.525361342537876 0.8518839896430245
0.5294017465782801 0.8518839896430245
0.5334421506186842 0.8518839896430245
0.5374825546590882 0.8518839896430245
0.5415229586994923 0.8518839896430245
0.4930381102146437 0.8559243936834284
0.4970785142550478 0.8559243936834284
0.5011189182954519 0.8559243936834284
0.5051593223358559 0.8559243936834284
0.5091997263762599 0.8559243936834284
0.5132401304166639 0.8559243936834284
0.517280534457068 0.8559243936834284
0.521320938497472 0.8559243936834284
0.525361342537876 0.8559243936834284
0.5294017465782801 0.8559243936834284
0.5334421506186842 0.8559243936834284
0.5374825546590882 0.8559243936834284
0.4849573021338357 0.8599647977238325
0.4889977061742397 0.8599647977238325
0.4930381102146437 0.8599647977238325
0.4970785142550478 0.8599647977238325
0.5011189182954519 0.8599647977238325
0.5051593223358559 0.8599647977238325
0.5091997263762599 0.8599647977238325
0.5132401304166639 0.8599647977238325
0.517280534457068 0.8599647977238325
0.521320938497472 0.8599647977238325
0.525361342537876 0.8599647977238325
0.5294017465782801 0.8599647977238325
0.48091689809343163 0.8640052017642366
0.4849573021338357 0.8640052017642366
0.4889977061742397 0.8640052017642366
0.4930381102146437 0.8640052017642366
0.4970785142550478 0.8640052017642366
0.5011189182954519 0.8640052017642366
0.5051593223358559 0.8640052017642366
0.5091997263762599 0.8640052017642366
0.5132401304166639 0.8640052017642366
0.517280534457068 0.8640052017642366
0.521320938497472 0.8640052017642366
0.47283609001262356 0.8680456058046406
0.47687649405302757 0.8680456058046406
0.48091689809343163 0.8680456058046406
0.4849573021338357 0.8680456058046406
0.4889977061742397 0.8680456058046406
0.4930381102146437 0.8680456058046406
0.4970785142550478 0.8680456058046406
0.5011189182954519 0.8680456058046406
0.5051593223358559 0.8680456058046406
0.5091997263762599 0.8680456058046406
0.5132401304166639 0.8680456058046406
0.517280534457068 0.8680456058046406
0.4647552819318155 0.8720860098450447
0.46879568597221954 0.8720860098450447
0.47283609001262356 0.8720860098450447
0.47687649405302757 0.8720860098450447
0.48091689809343163 0.8720860098450447
0.4849573021338357 0.8720860098450447
0.4889977061742397 0.8720860098450447
0.4930381102146437 0.8720860098450447
0.4970785142550478 0.8720860098450447
0.5011189182954519 0.8720860098450447
0.5051593223358559 0.8720860098450447
0.5091997263762599 0.8720860098450447
0.45667447385100735 0.8761264138854487
0.4607148778914114 0.8761264138854487
0.4647552819318155 0.8761264138854487
0.46879568597221954 0.8761264138854487
0.47283609001262356 0.8761264138854487
0.47687649405302757 0.8761264138854487
0.48091689809343163 0.8761264138854487
0.4849573021338357 0.8761264138854487
0.4889977061742397 0.8761264138854487
0.4930381102146437 0.8761264138854487
0.4970785142550478 0.8761264138854487
0.5011189182954519 0.8761264138854487
0.5051593223358559 0.8761264138854487
0.4485936657701993 0.8801668179258527
0.45263406981060333 0.8801668179258527
0.45667447385100735 0.8801668179258527
0.4607148778914114 0.8801668179258527
0.4647552819318155 0.8801668179258527
0.46879568597221954 0.8801668179258527
0.47283609001262356 0.8801668179258527
0.47687649405302757 0.8801668179258527
0.48091689809343163 0.8801668179258527
0.4849573021338357 0.8801668179258527
0.4889977061742397 0.8801668179258527
0.4930381102146437 0.8801668179258527
0.4970785142550478 0.8801668179258527
0.4405128576893912 0.8842072219662568
0.44455326172979526 0.8842072219662568
0.4485936657701993 0.8842072219662568
0.45263406981060333 0.8842072219662568
0.45667447385100735 0.8842072219662568
0.4607148778914114 0.8842072219662568
0.4647552819318155 0.8842072219662568
0.46879568597221954 0.8842072219662568
0.47283609001262356 0.8842072219662568
0.47687649405302757 0.8842072219662568
0.48091689809343163 0.8842072219662568
0.4849573021338357 0.8842072219662568
0.4889977061742397 0.8842072219662568
0.43243204960858317 0.8882476260066607
0.4364724536489872 0.8882476260066607
0.4405128576893912 0.8882476260066607
0.44455326172979526 0.8882476260066607
0.4485936657701993 0.8882476260066607
0.45263406981060333 0.8882476260066607
0.45667447385100735 0.8882476260066607
0.4607148778914114 0.8882476260066607
0.4647552819318155 0.8882476260066607
0.46879568597221954 0.8882476260066607
0.47283609001262356 0.8882476260066607
0.47687649405302757 0.8882476260066607
0.48091689809343163 0.8882476260066607
0.42435124152777504 0.8922880300470648
0.4283916455681791 0.8922880300470648
0.43243204960858317 0.8922880300470648
0.4364724536489872 0.8922880300470648
0.4405128576893912 0.8922880300470648
0.44455326172979526 0.8922880300470648
0.4485936657701993 0.8922880300470648
0.45263406981060333 0.8922880300470648
0.45667447385100735 0.8922880300470648
0.4607148778914114 0.8922880300470648
0.4647552819318155 0.8922880300470648
0.46879568597221954 0.8922880300470648
0.47283609001262356 0.8922880300470648
0.416270433446967 0.8963284340874689
0.420310837487371 0.8963284340874689
0.42435124152777504 0.8963284340874689
0.4283916455681791 0.8963284340874689
0.43243204960858317 0.8963284340874689
0.4364724536489872 0.8963284340874689
0.4405128576893912 0.8963284340874689
0.44455326172979526 0.8963284340874689
0.4485936657701993 0.8963284340874689
0.45263406981060333 0.8963284340874689
0.45667447385100735 0.8963284340874689
0.4607148778914114 0.8963284340874689
0.4647552819318155 0.8963284340874689
0.46879568597221954 0.8963284340874689
0.4081896253661589 0.9003688381278729
0.41223002940656295 0.9003688381278729
0.416270433446967 0.9003688381278729
0.420310837487371 0.9003688381278729
0.42435124152777504 0.9003688381278729
0.4283916455681791 0.9003688381278729
0.43243204960858317 0.9003688381278729
0.4364724536489872 0.9003688381278729
0.4405128576893912 0.9003688381278729
0.44455326172979526 0.9003688381278729
0.4485936657701993 0.9003688381278729
0.45263406981060333 0.9003688381278729
0.45667447385100735 0.9003688381278729
0.4001088172853508 0.904409242168277
0.40414922132575487 0.904409242168277
0.4081896253661589 0.904409242168277
0.41223002940656295 0.904409242168277
0.416270433446967 0.904409242168277
0.420310837487371 0.904409242168277
0.42435124152777504 0.904409242168277
0.4283916455681791 0.904409242168277
0.43243204960858317 0.904409242168277
0.4364724536489872 0.904409242168277
0.4405128576893912 0.904409242168277
0.44455326172979526 0.904409242168277
0.4485936657701993 0.904409242168277
0.45263406981060333 0.904409242168277
0.3879876051641387 0.9084496462086811
0.3920280092045427 0.9084496462086811
0.3960684132449468 0.9084496462086811
0.4001088172853508 0.9084496462086811
0.40414922132575487 0.9084496462086811
0.4081896253661589 0.9084496462086811
0.41223002940656295 0.9084496462086811
0.416270433446967 0.9084496462086811
0.420310837487371 0.9084496462086811
0.42435124152777504 0.9084496462086811
0.4283916455681791 0.9084496462086811
0.43243204960858317 0.9084496462086811
0.4364724536489872 0.9084496462086811
0.4405128576893912 0.9084496462086811
0.44455326172979526 0.9084496462086811
0.37990679708333064 0.912490050249085
0.38394720112373465 0.912490050249085
0.3879876051641387 0.912490050249085
0.3920280092045427 0.912490050249085
0.3960684132449468 0.912490050249085
0.4001088172853508 0.912490050249085
0.40414922132575487 0.912490050249085
0.4081896253661589 0.912490050249085
0.41223002940656295 0.912490050249085
0.416270433446967 0.912490050249085
0.420310837487371 0.912490050249085
0.42435124152777504 0.912490050249085
0.4283916455681791 0.912490050249085
0.43243204960858317 0.912490050249085
0.4364724536489872 0.912490050249085
0.3718259890025225 0.9165304542894891
0.37586639304292657 0.9165304542894891
0.37990679708333064 0.9165304542894891
0.38394720112373465 0.9165304542894891
0.3879876051641387 0.9165304542894891
0.3920280092045427 0.9165304542894891
0.3960684132449468 0.9165304542894891
0.4001088172853508 0.9165304542894891
0.40414922132575487 0.9165304542894891
0.4081896253661589 0.9165304542894891
0.41223002940656295 0.9165304542894891
0.416270433446967 0.9165304542894891
0.420310837487371 0.9165304542894891
0.42435124152777504 0.9165304542894891
0.4283916455681791 0.9165304542894891
0.3597047768813104 0.920570858329893
0.3637451809217145 0.920570858329893
0.3677855849621185 0.920570858329893
0.3718259890025225 0.920570858329893
0.37586639304292657 0.920570858329893
0.37990679708333064 0.920570858329893
0.38394720112373465 0.920570858329893
0.3879876051641387 0.920570858329893
0.3920280092045427 0.920570858329893
0.3960684132449468 0.920570858329893
0.4001088172853508 0.920570858329893
0.40414922132575487 0.920570858329893
0.4081896253661589 0.920570858329893
0.41223002940656295 0.920570858329893
0.416270433446967 0.920570858329893
0.35162396880050234 0.9246112623702971
0.35566437284090635 0.9246112623702971
0.3597047768813104 0.9246112623702971
0.3637451809217145 0.9246112623702971
0.3677855849621185 0.9246112623702971
0.3718259890025225 0.9246112623702971
0.37586639304292657 0.9246112623702971
0.37990679708333064 0.9246112623702971
0.38394720112373465 0.9246112623702971
0.3879876051641387 0.9246112623702971
0.3920280092045427 0.9246112623702971
0.3960684132449468 0.9246112623702971
0.4001088172853508 0.9246112623702971
0.40414922132575487 0.9246112623702971
0.4081896253661589 0.9246112623702971
0.3395027566792902 0.9286516664107012
0.34354316071969426 0.9286516664107012
0.34758356476009833 0.9286516664107012
0.35162396880050234 0.9286516664107012
0.35566437284090635 0.9286516664107012
0.3597047768813104 0.9286516664107012
0.3637451809217145 0.9286516664107012
0.3677855849621185 0.9286516664107012
0.3718259890025225 0.9286516664107012
0.37586639304292657 0.9286516664107012
0.37990679708333064 0.9286516664107012
0.38394720112373465 0.9286516664107012
0.3879876051641387 0.9286516664107012
0.3920280092045427 0.9286516664107012
0.3960684132449468 0.9286516664107012
0.4001088172853508 0.9286516664107012
0.3273815445580781 0.9326920704511052
0.3314219485984821 0.9326920704511052
0.3354623526388862 0.9326920704511052
0.3395027566792902 0.9326920704511052
0.34354316071969426 0.9326920704511052
0.34758356476009833 0.9326920704511052
0.35162396880050234 0.9326920704511052
0.35566437284090635 0.9326920704511052
0.3597047768813104 0.9326920704511052
0.3637451809217145 0.9326920704511052
0.3677855849621185 0.9326920704511052
0.3718259890025225 0.9326920704511052
0.37586639304292657 0.9326920704511052
0.37990679708333064 0.9326920704511052
0.38394720112373465 0.9326920704511052
0.3879876051641387 0.9326920704511052
0.31526033243686596 0.9367324744915093
0.31930073647727 0.9367324744915093
0.32334114051767404 0.9367324744915093
0.3273815445580781 0.9367324744915093
0.3314219485984821 0.9367324744915093
0.3354623526388862 0.9367324744915093
0.3395027566792902 0.9367324744915093
0.34354316071969426 0.9367324744915093
0.34758356476009833 0.9367324744915093
0.35162396880050234 0.9367324744915093
0.35566437284090635 0.9367324744915093
0.3597047768813104 0.9367324744915093
0.3637451809217145 0.9367324744915093
0.3677855849621185 0.9367324744915093
0.3718259890025225 0.9367324744915093
0.37586639304292657 0.9367324744915093
0.37990679708333064 0.9367324744915093
0.3031391203156538 0.9407728785319134
0.3071795243560579 0.9407728785319134
0.31121992839646195 0.9407728785319134
0.31526033243686596 0.9407728785319134
0.31930073647727 0.9407728785319134
0.32334114051767404 0.9407728785319134
0.3273815445580781 0.9407728785319134
0.3314219485984821 0.9407728785319134
0.3354623526388862 0.9407728785319134
0.3395027566792902 0.9407728785319134
0.34354316071969426 0.9407728785319134
0.34758356476009833 0.9407728785319134
0.35162396880050234 0.9407728785319134
0.35566437284090635 0.9407728785319134
0.3597047768813104 0.9407728785319134
0.3637451809217145 0.9407728785319134
0.3677855849621185 0.9407728785319134
0.2990987162752498 0.9448132825723174
0.3031391203156538 0.9448132825723174
0.3071795243560579 0.9448132825723174
0.31121992839646195 0.9448132825723174
0.31526033243686596 0.9448132825723174
0.31930073647727 0.9448132825723174
0.32334114051767404 0.9448132825723174
0.3273815445580781 0.9448132825723174
0.3314219485984821 0.9448132825723174
0.3354623526388862 0.9448132825723174
0.3395027566792902 0.9448132825723174
0.34354316071969426 0.9448132825723174
0.34758356476009833 0.9448132825723174
0.35162396880050234 0.9448132825723174
0.35566437284090635 0.9448132825723174
0.3597047768813104 0.9448132825723174
0.2990987162752498 0.9488536866127214
0.3031391203156538 0.9488536866127214
0.3071795243560579 0.9488536866127214
0.31121992839646195 0.9488536866127214
0.31526033243686596 0.9488536866127214
0.31930073647727 0.9488536866127214
0.32334114051767404 0.9488536866127214
0.3273815445580781 0.9488536866127214
0.3314219485984821 0.9488536866127214
0.3354623526388862 0.9488536866127214
0.3395027566792902 0.9488536866127214
0.34354316071969426 0.9488536866127214
0.34758356476009833 0.9488536866127214
0.2990987162752498 0.9528940906531255
0.3031391203156538 0.9528940906531255
0.3071795243560579 0.9528940906531255
0.31121992839646195 0.9528940906531255
0.31526033243686596 0.9528940906531255
0.31930073647727 0.9528940906531255
0.32334114051767404 0.9528940906531255
0.3273815445580781 0.9528940906531255
0.3314219485984821 0.9528940906531255
0.3354623526388862 0.9528940906531255
0.3395027566792902 0.9528940906531255
0.2990987162752498 0.9569344946935294
0.3031391203156538 0.9569344946935294
0.3071795243560579 0.9569344946935294
0.31121992839646195 0.9569344946935294
0.31526033243686596 0.9569344946935294
0.31930073647727 0.9569344946935294
0.32334114051767404 0.9569344946935294
0.2990987162752498 0.9609748987339335
0.3031391203156538 0.9609748987339335
0.3071795243560579 0.9609748987339335
0.31121992839646195 0.9609748987339335
0.31526033243686596 0.9609748987339335
0.2990987162752498 0.9650153027743376
