# x y
0.6992262111217675 0.702389040148075
0.6951858070813635 0.706429444188479
0.6992262111217675 0.706429444188479
0.6911454030409594 0.710469848228883
0.6951858070813635 0.710469848228883
0.6992262111217675 0.710469848228883
0.6871049990005553 0.7145102522692871
0.6911454030409594 0.7145102522692871
0.6951858070813635 0.7145102522692871
0.6992262111217675 0.7145102522692871
0.6830645949601513 0.7185506563096911
0.6871049990005553 0.7185506563096911
0.6911454030409594 0.7185506563096911
0.6951858070813635 0.7185506563096911
0.6992262111217675 0.7185506563096911
0.6749837868793431 0.7225910603500951
0.6790241909197472 0.7225910603500951
0.6830645949601513 0.7225910603500951
0.6871049990005553 0.7225910603500951
0.6911454030409594 0.7225910603500951
0.6951858070813635 0.7225910603500951
0.6992262111217675 0.7225910603500951
0.6709433828389392 0.7266314643904992
0.6749837868793431 0.7266314643904992
0.6790241909197472 0.7266314643904992
0.6830645949601513 0.7266314643904992
0.6871049990005553 0.7266314643904992
0.6911454030409594 0.7266314643904992
0.6951858070813635 0.7266314643904992
0.6992262111217675 0.7266314643904992
0.6669029787985351 0.7306718684309033
0.6709433828389392 0.7306718684309033
0.6749837868793431 0.7306718684309033
0.6790241909197472 0.7306718684309033
0.6830645949601513 0.7306718684309033
0.6871049990005553 0.7306718684309033
0.6911454030409594 0.7306718684309033
0.6951858070813635 0.7306718684309033
0.6628625747581312 0.7347122724713073
0.6669029787985351 0.7347122724713073
0.6709433828389392 0.7347122724713073
0.6749837868793431 0.7347122724713073
0.6790241909197472 0.7347122724713073
0.6830645949601513 0.7347122724713073
0.6871049990005553 0.7347122724713073
0.6911454030409594 0.7347122724713073
0.6588221707177271 0.7387526765117113
0.6628625747581312 0.7387526765117113
0.6669029787985351 0.7387526765117113
0.6709433828389392 0.7387526765117113
0.6749837868793431 0.7387526765117113
0.6790241909197472 0.7387526765117113
0.6830645949601513 0.7387526765117113
0.6871049990005553 0.7387526765117113
0.654781766677323 0.7427930805521153
0.6588221707177271 0.7427930805521153
0.6628625747581312 0.7427930805521153
0.6669029787985351 0.7427930805521153
0.6709433828389392 0.7427930805521153
0.6749837868793431 0.7427930805521153
0.6790241909197472 0.7427930805521153
0.6830645949601513 0.7427930805521153
0.650741362636919 0.7468334845925194
0.654781766677323 0.7468334845925194
0.6588221707177271 0.7468334845925194
0.6628625747581312 0.7468334845925194
0.6669029787985351 0.7468334845925194
0.6709433828389392 0.7468334845925194
0.6749837868793431 0.7468334845925194
0.6790241909197472 0.7468334845925194
0.6467009585965149 0.7508738886329235
0.650741362636919 0.7508738886329235
0.654781766677323 0.7508738886329235
0.6588221707177271 0.7508738886329235
0.6628625747581312 0.7508738886329235
0.6669029787985351 0.7508738886329235
0.6709433828389392 0.7508738886329235
0.6749837868793431 0.7508738886329235
0.6386201505157069 0.7549142926733274
0.6426605545561108 0.7549142926733274
0.6467009585965149 0.7549142926733274
0.650741362636919 0.7549142926733274
0.654781766677323 0.7549142926733274
0.6588221707177271 0.7549142926733274
0.6628625747581312 0.7549142926733274
0.6669029787985351 0.7549142926733274
0.6709433828389392 0.7549142926733274
0.6345797464753028 0.7589546967137315
0.6386201505157069 0.7589546967137315
0.6426605545561108 0.7589546967137315
0.6467009585965149 0.7589546967137315
0.650741362636919 0.7589546967137315
0.654781766677323 0.7589546967137315
0.6588221707177271 0.7589546967137315
0.6628625747581312 0.7589546967137315
0.6305393424348988 0.7629951007541356
0.6345797464753028 0.7629951007541356
0.6386201505157069 0.7629951007541356
0.6426605545561108 0.7629951007541356
0.6467009585965149 0.7629951007541356
0.650741362636919 0.7629951007541356
0.654781766677323 0.7629951007541356
0.6588221707177271 0.7629951007541356
0.6264989383944948 0.7670355047945396
0.6305393424348988 0.7670355047945396
0.6345797464753028 0.7670355047945396
0.6386201505157069 0.7670355047945396
0.6426605545561108 0.7670355047945396
0.6467009585965149 0.7670355047945396
0.650741362636919 0.7670355047945396
0.654781766677323 0.7670355047945396
0.6224585343540907 0.7710759088349436
0.6264989383944948 0.7710759088349436
0.6305393424348988 0.7710759088349436
0.6345797464753028 0.7710759088349436
0.6386201505157069 0.7710759088349436
0.6426605545561108 0.7710759088349436
0.6467009585965149 0.7710759088349436
0.650741362636919 0.7710759088349436
0.6143777262732826 0.7751163128753477
0.6184181303136866 0.7751163128753477
0.6224585343540907 0.7751163128753477
0.6264989383944948 0.7751163128753477
0.6305393424348988 0.7751163128753477
0.6345797464753028 0.7751163128753477
0.6386201505157069 0.7751163128753477
0.6426605545561108 0.7751163128753477
0.6467009585965149 0.7751163128753477
0.6103373222328785 0.7791567169157517
0.6143777262732826 0.7791567169157517
0.6184181303136866 0.7791567169157517
0.6224585343540907 0.7791567169157517
0.6264989383944948 0.7791567169157517
0.6305393424348988 0.7791567169157517
0.6345797464753028 0.7791567169157517
0.6386201505157069 0.7791567169157517
0.6426605545561108 0.7791567169157517
0.6062969181924744 0.7831971209561558
0.6103373222328785 0.7831971209561558
0.6143777262732826 0.7831971209561558
0.6184181303136866 0.7831971209561558
0.6224585343540907 0.7831971209561558
0.6264989383944948 0.7831971209561558
0.6305393424348988 0.7831971209561558
0.6345797464753028 0.7831971209561558
0.5982161101116664 0.7872375249965597
0.6022565141520705 0.7872375249965597
0.6062969181924744 0.7872375249965597
0.6103373222328785 0.7872375249965597
0.6143777262732826 0.7872375249965597
0.6184181303136866 0.7872375249965597
0.6224585343540907 0.7872375249965597
0.6264989383944948 0.7872375249965597
0.6305393424348988 0.7872375249965597
0.5941757060712625 0.7912779290369638
0.5982161101116664 0.7912779290369638
0.6022565141520705 0.7912779290369638
0.6062969181924744 0.7912779290369638
0.6103373222328785 0.7912779290369638
0.6143777262732826 0.7912779290369638
0.6184181303136866 0.7912779290369638
0.6224585343540907 0.7912779290369638
0.6264989383944948 0.7912779290369638
0.5901353020308584 0.7953183330773679
0.5941757060712625 0.7953183330773679
0.5982161101116664 0.7953183330773679
0.6022565141520705 0.7953183330773679
0.6062969181924744 0.7953183330773679
0.6103373222328785 0.7953183330773679
0.6143777262732826 0.7953183330773679
0.6184181303136866 0.7953183330773679
0.6224585343540907 0.7953183330773679
0.5820544939500503 0.799358737117772
0.5860948979904543 0.799358737117772
0.5901353020308584 0.799358737117772
0.5941757060712625 0.799358737117772
0.5982161101116664 0.799358737117772
0.6022565141520705 0.799358737117772
0.6062969181924744 0.799358737117772
0.6103373222328785 0.799358737117772
0.6143777262732826 0.799358737117772
0.5780140899096462 0.803399141158176
0.5820544939500503 0.803399141158176
0.5860948979904543 0.803399141158176
0.5901353020308584 0.803399141158176
0.5941757060712625 0.803399141158176
0.5982161101116664 0.803399141158176
0.6022565141520705 0.803399141158176
0.6062969181924744 0.803399141158176
0.6103373222328785 0.803399141158176
0.5699332818288382 0.80743954519858
0.5739736858692421 0.80743954519858
0.5780140899096462 0.80743954519858
0.5820544939500503 0.80743954519858
0.5860948979904543 0.80743954519858
0.5901353020308584 0.80743954519858
0.5941757060712625 0.80743954519858
0.5982161101116664 0.80743954519858
0.6022565141520705 0.80743954519858
0.6062969181924744 0.80743954519858
0.5658928777884341 0.811479949238984
0.5699332818288382 0.811479949238984
0.5739736858692421 0.811479949238984
0.5780140899096462 0.811479949238984
0.5820544939500503 0.811479949238984
0.5860948979904543 0.811479949238984
0.5901353020308584 0.811479949238984
0.5941757060712625 0.811479949238984
0.5982161101116664 0.811479949238984
0.5618524737480302 0.8155203532793881
0.5658928777884341 0.8155203532793881
0.5699332818288382 0.8155203532793881
0.5739736858692421 0.8155203532793881
0.5780140899096462 0.8155203532793881
0.5820544939500503 0.8155203532793881
0.5860948979904543 0.8155203532793881
0.5901353020308584 0.8155203532793881
0.5941757060712625 0.8155203532793881
0.553771665667222 0.819560757319792
0.5578120697076261 0.819560757319792
0.5618524737480302 0.819560757319792
0.5658928777884341 0.819560757319792
0.5699332818288382 0.819560757319792
0.5739736858692421 0.819560757319792
0.5780140899096462 0.819560757319792
0.5820544939500503 0.819560757319792
0.5860948979904543 0.819560757319792
0.5901353020308584 0.819560757319792
0.549731261626818 0.8236011613601961
0.553771665667222 0.8236011613601961
0.5578120697076261 0.8236011613601961
0.5618524737480302 0.8236011613601961
0.5658928777884341 0.8236011613601961
0.5699332818288382 0.8236011613601961
0.5739736858692421 0.8236011613601961
0.5780140899096462 0.8236011613601961
0.5820544939500503 0.8236011613601961
0.5416504535460098 0.8276415654006002
0.5456908575864139 0.8276415654006002
0.549731261626818 0.8276415654006002
0.553771665667222 0.8276415654006002
0.5578120697076261 0.8276415654006002
0.5618524737480302 0.8276415654006002
0.5658928777884341 0.8276415654006002
0.5699332818288382 0.8276415654006002
0.5739736858692421 0.8276415654006002
0.5780140899096462 0.8276415654006002
0.5376100495056059 0.8316819694410043
0.5416504535460098 0.8316819694410043
0.5456908575864139 0.8316819694410043
0.549731261626818 0.8316819694410043
0.553771665667222 0.8316819694410043
0.5578120697076261 0.8316819694410043
0.5618524737480302 0.8316819694410043
0.5658928777884341 0.8316819694410043
0.5699332818288382 0.8316819694410043
0.5739736858692421 0.8316819694410043
0.5295292414247977 0.8357223734814083
0.5335696454652018 0.8357223734814083
0.5376100495056059 0.8357223734814083
0.5416504535460098 0.8357223734814083
0.5456908575864139 0.8357223734814083
0.549731261626818 0.8357223734814083
0.553771665667222 0.8357223734814083
0.5578120697076261 0.8357223734814083
0.5618524737480302 0.8357223734814083
0.5658928777884341 0.8357223734814083
0.5214484333439897 0.8397627775218124
0.5254888373843938 0.8397627775218124
0.5295292414247977 0.8397627775218124
0.5335696454652018 0.8397627775218124
0.5376100495056059 0.8397627775218124
0.5416504535460098 0.8397627775218124
0.5456908575864139 0.8397627775218124
0.549731261626818 0.8397627775218124
0.553771665667222 0.8397627775218124
0.5578120697076261 0.8397627775218124
0.5618524737480302 0.8397627775218124
0.5174080293035856 0.8438031815622163
0.5214484333439897 0.8438031815622163
0.5254888373843938 0.8438031815622163
0.5295292414247977 0.8438031815622163
0.5335696454652018 0.8438031815622163
0.5376100495056059 0.8438031815622163
0.5416504535460098 0.8438031815622163
0.5456908575864139 0.8438031815622163
0.549731261626818 0.8438031815622163
0.553771665667222 0.8438031815622163
0.5093272212227775 0.8478435856026204
0.5133676252631816 0.8478435856026204
0.5174080293035856 0.8478435856026204
0.5214484333439897 0.8478435856026204
0.5254888373843938 0.8478435856026204
0.5295292414247977 0.8478435856026204
0.5335696454652018 0.8478435856026204
0.5376100495056059 0.8478435856026204
0.5416504535460098 0.8478435856026204
0.5456908575864139 0.8478435856026204
0.549731261626818 0.8478435856026204
0.5012464131419695 0.8518839896430245
0.5052868171823734 0.8518839896430245
0.5093272212227775 0.8518839896430245
0.5133676252631816 0.8518839896430245
0.5174080293035856 0.8518839896430245
0.5214484333439897 0.8518839896430245
0.5254888373843938 0.8518839896430245
0.5295292414247977 0.8518839896430245
0.5335696454652018 0.8518839896430245
0.5376100495056059 0.8518839896430245
0.5416504535460098 0.8518839896430245
0.4972060091015654 0.8559243936834284
0.5012464131419695 0.8559243936834284
0.5052868171823734 0.8559243936834284
0.5093272212227775 0.8559243936834284
0.5133676252631816 0.8559243936834284
0.5174080293035856 0.8559243936834284
0.5214484333439897 0.8559243936834284
0.5254888373843938 0.8559243936834284
0.5295292414247977 0.8559243936834284
0.5335696454652018 0.8559243936834284
0.48912520102075735 0.8599647977238325
0.49316560506116136 0.8599647977238325
0.4972060091015654 0.8599647977238325
0.5012464131419695 0.8599647977238325
0.5052868171823734 0.8599647977238325
0.5093272212227775 0.8599647977238325
0.5133676252631816 0.8599647977238325
0.5174080293035856 0.8599647977238325
0.5214484333439897 0.8599647977238325
0.5254888373843938 0.8599647977238325
0.5295292414247977 0.8599647977238325
0.4810443929399493 0.8640052017642366
0.48508479698035334 0.8640052017642366
0.48912520102075735 0.8640052017642366
0.49316560506116136 0.8640052017642366
0.4972060091015654 0.8640052017642366
0.5012464131419695 0.8640052017642366
0.5052868171823734 0.8640052017642366
0.5093272212227775 0.8640052017642366
0.5133676252631816 0.8640052017642366
0.5174080293035856 0.8640052017642366
0.5214484333439897 0.8640052017642366
0.4729635848591412 0.8680456058046406
0.4770039888995452 0.8680456058046406
0.4810443929399493 0.8680456058046406
0.48508479698035334 0.8680456058046406
0.48912520102075735 0.8680456058046406
0.49316560506116136 0.8680456058046406
0.4972060091015654 0.8680456058046406
0.5012464131419695 0.8680456058046406
0.5052868171823734 0.8680456058046406
0.5093272212227775 0.8680456058046406
0.5133676252631816 0.8680456058046406
0.5174080293035856 0.8680456058046406
0.4689231808187372 0.8720860098450447
0.4729635848591412 0.8720860098450447
0.4770039888995452 0.8720860098450447
0.4810443929399493 0.8720860098450447
0.48508479698035334 0.8720860098450447
0.48912520102075735 0.8720860098450447
0.49316560506116136 0.8720860098450447
0.4972060091015654 0.8720860098450447
0.5012464131419695 0.8720860098450447
0.5052868171823734 0.8720860098450447
0.5093272212227775 0.8720860098450447
0.46084237273792905 0.8761264138854487
0.4648827767783331 0.8761264138854487
0.4689231808187372 0.8761264138854487
0.4729635848591412 0.8761264138854487
0.4770039888995452 0.8761264138854487
0.4810443929399493 0.8761264138854487
0.48508479698035334 0.8761264138854487
0.48912520102075735 0.8761264138854487
0.49316560506116136 0.8761264138854487
0.4972060091015654 0.8761264138854487
0.5012464131419695 0.8761264138854487
0.452761564657121 0.8801668179258527
0.456801968697525 0.8801668179258527
0.46084237273792905 0.8801668179258527
0.4648827767783331 0.8801668179258527
0.4689231808187372 0.8801668179258527
0.4729635848591412 0.8801668179258527
0.4770039888995452 0.8801668179258527
0.4810443929399493 0.8801668179258527
0.48508479698035334 0.8801668179258527
0.48912520102075735 0.8801668179258527
0.49316560506116136 0.8801668179258527
0.4446807565763129 0.8842072219662568
0.44872116061671696 0.8842072219662568
0.452761564657121 0.8842072219662568
0.456801968697525 0.8842072219662568
0.46084237273792905 0.8842072219662568
0.4648827767783331 0.8842072219662568
0.4689231808187372 0.8842072219662568
0.4729635848591412 0.8842072219662568
0.4770039888995452 0.8842072219662568
0.4810443929399493 0.8842072219662568
0.48508479698035334 0.8842072219662568
0.48912520102075735 0.8842072219662568
0.4365999484955048 0.8882476260066607
0.44064035253590883 0.8882476260066607
0.4446807565763129 0.8882476260066607
0.44872116061671696 0.8882476260066607
0.452761564657121 0.8882476260066607
0.456801968697525 0.8882476260066607
0.46084237273792905 0.8882476260066607
0.4648827767783331 0.8882476260066607
0.4689231808187372 0.8882476260066607
0.4729635848591412 0.8882476260066607
0.4770039888995452 0.8882476260066607
0.4810443929399493 0.8882476260066607
0.42851914041469674 0.8922880300470648
0.4325595444551008 0.8922880300470648
0.4365999484955048 0.8922880300470648
0.44064035253590883 0.8922880300470648
0.4446807565763129 0.8922880300470648
0.44872116061671696 0.8922880300470648
0.452761564657121 0.8922880300470648
0.456801968697525 0.8922880300470648
0.46084237273792905 0.8922880300470648
0.4648827767783331 0.8922880300470648
0.4689231808187372 0.8922880300470648
0.4729635848591412 0.8922880300470648
0.41639792829348465 0.8963284340874689
0.42043833233388866 0.8963284340874689
0.4244787363742927 0.8963284340874689
0.42851914041469674 0.8963284340874689
0.4325595444551008 0.8963284340874689
0.4365999484955048 0.8963284340874689
0.44064035253590883 0.8963284340874689
0.4446807565763129 0.8963284340874689
0.44872116061671696 0.8963284340874689
0.452761564657121 0.8963284340874689
0.456801968697525 0.8963284340874689
0.46084237273792905 0.8963284340874689
0.4648827767783331 0.8963284340874689
0.4083171202126765 0.9003688381278729
0.4123575242530806 0.9003688381278729
0.41639792829348465 0.9003688381278729
0.42043833233388866 0.9003688381278729
0.4244787363742927 0.9003688381278729
0.42851914041469674 0.9003688381278729
0.4325595444551008 0.9003688381278729
0.4365999484955048 0.9003688381278729
0.44064035253590883 0.9003688381278729
0.4446807565763129 0.9003688381278729
0.44872116061671696 0.9003688381278729
0.452761564657121 0.9003688381278729
0.456801968697525 0.9003688381278729
0.40023631213186844 0.904409242168277
0.4042767161722725 0.904409242168277
0.4083171202126765 0.904409242168277
0.4123575242530806 0.904409242168277
0.41639792829348465 0.904409242168277
0.42043833233388866 0.904409242168277
0.4244787363742927 0.904409242168277
0.42851914041469674 0.904409242168277
0.4325595444551008 0.904409242168277
0.4365999484955048 0.904409242168277
0.44064035253590883 0.904409242168277
0.4446807565763129 0.904409242168277
0.44872116061671696 0.904409242168277
0.39215550405106037 0.9084496462086811
0.39619590809146443 0.9084496462086811
0.40023631213186844 0.9084496462086811
0.4042767161722725 0.9084496462086811
0.4083171202126765 0.9084496462086811
0.4123575242530806 0.9084496462086811
0.41639792829348465 0.9084496462086811
0.42043833233388866 0.9084496462086811
0.4244787363742927 0.9084496462086811
0.42851914041469674 0.9084496462086811
0.4325595444551008 0.9084496462086811
0.4365999484955048 0.9084496462086811
0.44064035253590883 0.9084496462086811
0.3840746959702523 0.912490050249085
0.38811510001065636 0.912490050249085
0.39215550405106037 0.912490050249085
0.39619590809146443 0.912490050249085
0.40023631213186844 0.912490050249085
0.4042767161722725 0.912490050249085
0.4083171202126765 0.912490050249085
0.4123575242530806 0.912490050249085
0.41639792829348465 0.912490050249085
0.42043833233388866 0.912490050249085
0.4244787363742927 0.912490050249085
0.42851914041469674 0.912490050249085
0.4325595444551008 0.912490050249085
0.37195348384904015 0.9165304542894891
0.3759938878894442 0.9165304542894891
0.3800342919298483 0.9165304542894891
0.3840746959702523 0.9165304542894891
0.38811510001065636 0.9165304542894891
0.39215550405106037 0.9165304542894891
0.39619590809146443 0.9165304542894891
0.40023631213186844 0.9165304542894891
0.4042767161722725 0.9165304542894891
0.4083171202126765 0.9165304542894891
0.4123575242530806 0.9165304542894891
0.41639792829348465 0.9165304542894891
0.42043833233388866 0.9165304542894891
0.4244787363742927 0.9165304542894891
0.35983227172782806 0.920570858329893
0.3638726757682321 0.920570858329893
0.36791307980863613 0.920570858329893
0.37195348384904015 0.920570858329893
0.3759938878894442 0.920570858329893
0.3800342919298483 0.920570858329893
0.3840746959702523 0.920570858329893
0.38811510001065636 0.920570858329893
0.39215550405106037 0.920570858329893
0.39619590809146443 0.920570858329893
0.40023631213186844 0.920570858329893
0.4042767161722725 0.920570858329893
0.4083171202126765 0.920570858329893
0.4123575242530806 0.920570858329893
0.41639792829348465 0.920570858329893
0.35175146364702 0.9246112623702971
0.355791867687424 0.9246112623702971
0.35983227172782806 0.9246112623702971
0.3638726757682321 0.9246112623702971
0.36791307980863613 0.9246112623702971
0.37195348384904015 0.9246112623702971
0.3759938878894442 0.9246112623702971
0.3800342919298483 0.9246112623702971
0.3840746959702523 0.9246112623702971
0.38811510001065636 0.9246112623702971
0.39215550405106037 0.9246112623702971
0.39619590809146443 0.9246112623702971
0.40023631213186844 0.9246112623702971
0.4042767161722725 0.9246112623702971
0.4083171202126765 0.9246112623702971
0.33963025152580784 0.9286516664107012
0.3436706555662119 0.9286516664107012
0.34771105960661597 0.9286516664107012
0.35175146364702 0.9286516664107012
0.355791867687424 0.9286516664107012
0.35983227172782806 0.9286516664107012
0.3638726757682321 0.9286516664107012
0.36791307980863613 0.9286516664107012
0.37195348384904015 0.9286516664107012
0.3759938878894442 0.9286516664107012
0.3800342919298483 0.9286516664107012
0.3840746959702523 0.9286516664107012
0.38811510001065636 0.9286516664107012
0.39215550405106037 0.9286516664107012
0.39619590809146443 0.9286516664107012
0.33154944344499976 0.9326920704511052
0.3355898474854038 0.9326920704511052
0.33963025152580784 0.9326920704511052
0.3436706555662119 0.9326920704511052
0.34771105960661597 0.9326920704511052
0.35175146364702 0.9326920704511052
0.355791867687424 0.9326920704511052
0.35983227172782806 0.9326920704511052
0.3638726757682321 0.9326920704511052
0.36791307980863613 0.9326920704511052
0.37195348384904015 0.9326920704511052
0.3759938878894442 0.9326920704511052
0.3800342919298483 0.9326920704511052
0.3840746959702523 0.9326920704511052
0.38811510001065636 0.9326920704511052
0.3194282313237876 0.9367324744915093
0.3234686353641917 0.9367324744915093
0.32750903940459575 0.9367324744915093
0.33154944344499976 0.9367324744915093
0.3355898474854038 0.9367324744915093
0.33963025152580784 0.9367324744915093
0.3436706555662119 0.9367324744915093
0.34771105960661597 0.9367324744915093
0.35175146364702 0.9367324744915093
0.355791867687424 0.9367324744915093
0.35983227172782806 0.9367324744915093
0.3638726757682321 0.9367324744915093
0.36791307980863613 0.9367324744915093
0.37195348384904015 0.9367324744915093
0.3759938878894442 0.9367324744915093
0.3073070192025755 0.9407728785319134
0.3113474232429796 0.9407728785319134
0.3153878272833836 0.9407728785319134
0.3194282313237876 0.9407728785319134
0.3234686353641917 0.9407728785319134
0.32750903940459575 0.9407728785319134
0.33154944344499976 0.9407728785319134
0.3355898474854038 0.9407728785319134
0.33963025152580784 0.9407728785319134
0.3436706555662119 0.9407728785319134
0.34771105960661597 0.9407728785319134
0.35175146364702 0.9407728785319134
0.355791867687424 0.9407728785319134
0.35983227172782806 0.9407728785319134
0.3638726757682321 0.9407728785319134
0.36791307980863613 0.9407728785319134
0.29922621112176745 0.9448132825723174
0.30326661516217146 0.9448132825723174
0.3073070192025755 0.9448132825723174
0.3113474232429796 0.9448132825723174
0.3153878272833836 0.9448132825723174
0.3194282313237876 0.9448132825723174
0.3234686353641917 0.9448132825723174
0.32750903940459575 0.9448132825723174
0.33154944344499976 0.9448132825723174
0.3355898474854038 0.9448132825723174
0.33963025152580784 0.9448132825723174
0.3436706555662119 0.9448132825723174
0.34771105960661597 0.9448132825723174
0.35175146364702 0.9448132825723174
0.355791867687424 0.9448132825723174
0.29922621112176745 0.9488536866127214
0.30326661516217146 0.9488536866127214
0.3073070192025755 0.9488536866127214
0.3113474232429796 0.9488536866127214
0.3153878272833836 0.9488536866127214
0.3194282313237876 0.9488536866127214
0.3234686353641917 0.9488536866127214
0.32750903940459575 0.9488536866127214
0.33154944344499976 0.9488536866127214
0.3355898474854038 0.9488536866127214
0.33963025152580784 0.9488536866127214
0.3436706555662119 0.9488536866127214
0.29922621112176745 0.9528940906531255
0.30326661516217146 0.9528940906531255
0.3073070192025755 0.9528940906531255
0.3113474232429796 0.9528940906531255
0.3153878272833836 0.9528940906531255
0.3194282313237876 0.9528940906531255
0.3234686353641917 0.9528940906531255
0.32750903940459575 0.9528940906531255
0.33154944344499976 0.9528940906531255
0.3355898474854038 0.9528940906531255
0.29922621112176745 0.9569344946935294
0.30326661516217146 0.9569344946935294
0.3073070192025755 0.9569344946935294
0.3113474232429796 0.9569344946935294
0.3153878272833836 0.9569344946935294
0.3194282313237876 0.9569344946935294
0.3234686353641917 0.9569344946935294
0.29922621112176745 0.9609748987339335
0.30326661516217146 0.9609748987339335
0.3073070192025755 0.9609748987339335
0.3113474232429796 0.9609748987339335
