# x y
0.6999919063325857 0.7145102522692871
0.6959515022921816 0.7185506563096911
0.6919110982517775 0.7225910603500951
0.6878706942113735 0.7266314643904992
0.6838302901709694 0.7306718684309033
0.6797898861305653 0.7347122724713073
0.6757494820901613 0.7387526765117113
0.6636282699689493 0.7468334845925194
0.6595878659285452 0.7508738886329235
0.6555474618881412 0.7549142926733274
0.6515070578477371 0.7589546967137315
0.647466653807333 0.7629951007541356
0.643426249766929 0.7670355047945396
0.635345441686121 0.7710759088349436
0.631305037645717 0.7751163128753477
0.6272646336053129 0.7791567169157517
0.6232242295649089 0.7831971209561558
0.6151434214841007 0.7872375249965597
0.6111030174436967 0.7912779290369638
0.6070626134032926 0.7953183330773679
0.5989818053224846 0.799358737117772
0.6030222093628886 0.799358737117772
0.5949414012820806 0.803399141158176
0.5909009972416766 0.80743954519858
0.5828201891608684 0.811479949238984
0.5868605932012725 0.811479949238984
0.5787797851204644 0.8155203532793881
0.5747393810800603 0.819560757319792
0.5666585729992523 0.8236011613601961
0.5626181689588483 0.8276415654006002
0.5545373608780402 0.8316819694410043
0.5504969568376361 0.8357223734814083
0.542416148756828 0.8397627775218124
0.538375744716424 0.8438031815622163
0.5302949366356159 0.8478435856026204
0.5222141285548079 0.8518839896430245
0.5262545325952119 0.8518839896430245
0.5181737245144038 0.8559243936834284
0.5100929164335957 0.8599647977238325
0.5020121083527876 0.8640052017642366
0.5060525123931916 0.8640052017642366
0.4979717043123836 0.8680456058046406
0.4898908962315755 0.8720860098450447
0.4818100881507674 0.8761264138854487
0.47372928006995935 0.8801668179258527
0.47776968411036336 0.8801668179258527
0.46564847198915127 0.8842072219662568
0.46968887602955534 0.8842072219662568
0.45756766390834314 0.8882476260066607
0.4616080679487472 0.8882476260066607
0.4494868558275351 0.8922880300470648
0.4535272598679391 0.8922880300470648
0.441406047746727 0.8963284340874689
0.44544645178713105 0.8963284340874689
0.43332523966591896 0.9003688381278729
0.43736564370632297 0.9003688381278729
0.4252444315851108 0.904409242168277
0.4292848356255149 0.904409242168277
0.4171636235043028 0.9084496462086811
0.4212040275447068 0.9084496462086811
0.4090828154234947 0.912490050249085
0.3969616033022826 0.9165304542894891
0.4010020073426866 0.9165304542894891
0.3888807952214745 0.920570858329893
0.3929211992618785 0.920570858329893
0.38079998714066643 0.9246112623702971
0.38484039118107044 0.9246112623702971
0.3686787750194543 0.9286516664107012
0.3727191790598583 0.9286516664107012
0.3605979669386462 0.9326920704511052
0.3646383709790503 0.9326920704511052
0.3484767548174341 0.9367324744915093
0.35251715885783813 0.9367324744915093
0.336355542696222 0.9407728785319134
0.340395946736626 0.9407728785319134
0.32423433057500983 0.9448132825723174
0.3282747346154139 0.9448132825723174
0.3323151386558179 0.9448132825723174
0.31211311845379774 0.9488536866127214
0.31615352249420176 0.9488536866127214
0.32019392653460577 0.9488536866127214
0.2999919063325856 0.9528940906531255
0.3040323103729896 0.9528940906531255
0.3080727144133937 0.9528940906531255
