# x y
0.6980712919403775 0.6943082320672669
0.6980712919403775 0.698348636107671
0.6899904838595694 0.702389040148075
0.6940308878999735 0.702389040148075
0.6980712919403775 0.702389040148075
0.6899904838595694 0.706429444188479
0.6940308878999735 0.706429444188479
0.6980712919403775 0.706429444188479
0.6819096757787613 0.710469848228883
0.6859500798191653 0.710469848228883
0.6899904838595694 0.710469848228883
0.6940308878999735 0.710469848228883
0.6980712919403775 0.710469848228883
0.6738288676979531 0.7145102522692871
0.6778692717383572 0.7145102522692871
0.6819096757787613 0.7145102522692871
0.6859500798191653 0.7145102522692871
0.6899904838595694 0.7145102522692871
0.6940308878999735 0.7145102522692871
0.6980712919403775 0.7145102522692871
0.6738288676979531 0.7185506563096911
0.6778692717383572 0.7185506563096911
0.6819096757787613 0.7185506563096911
0.6859500798191653 0.7185506563096911
0.6899904838595694 0.7185506563096911
0.6940308878999735 0.7185506563096911
0.6980712919403775 0.7185506563096911
0.6697884636575492 0.7225910603500951
0.6738288676979531 0.7225910603500951
0.6778692717383572 0.7225910603500951
0.6819096757787613 0.7225910603500951
0.6859500798191653 0.7225910603500951
0.6899904838595694 0.7225910603500951
0.6940308878999735 0.7225910603500951
0.6980712919403775 0.7225910603500951
0.6617076555767412 0.7266314643904992
0.6657480596171451 0.7266314643904992
0.6697884636575492 0.7266314643904992
0.6738288676979531 0.7266314643904992
0.6778692717383572 0.7266314643904992
0.6819096757787613 0.7266314643904992
0.6859500798191653 0.7266314643904992
0.6899904838595694 0.7266314643904992
0.6940308878999735 0.7266314643904992
0.6980712919403775 0.7266314643904992
0.6617076555767412 0.7306718684309033
0.6657480596171451 0.7306718684309033
0.6697884636575492 0.7306718684309033
0.6738288676979531 0.7306718684309033
0.6778692717383572 0.7306718684309033
0.6819096757787613 0.7306718684309033
0.6859500798191653 0.7306718684309033
0.6899904838595694 0.7306718684309033
0.6940308878999735 0.7306718684309033
0.6980712919403775 0.7306718684309033
0.6576672515363371 0.7347122724713073
0.6617076555767412 0.7347122724713073
0.6657480596171451 0.7347122724713073
0.6697884636575492 0.7347122724713073
0.6738288676979531 0.7347122724713073
0.6778692717383572 0.7347122724713073
0.6819096757787613 0.7347122724713073
0.6859500798191653 0.7347122724713073
0.6899904838595694 0.7347122724713073
0.6940308878999735 0.7347122724713073
0.649586443455529 0.7387526765117113
0.653626847495933 0.7387526765117113
0.6576672515363371 0.7387526765117113
0.6617076555767412 0.7387526765117113
0.6657480596171451 0.7387526765117113
0.6697884636575492 0.7387526765117113
0.6738288676979531 0.7387526765117113
0.6778692717383572 0.7387526765117113
0.6819096757787613 0.7387526765117113
0.6859500798191653 0.7387526765117113
0.6899904838595694 0.7387526765117113
0.649586443455529 0.7427930805521153
0.653626847495933 0.7427930805521153
0.6576672515363371 0.7427930805521153
0.6617076555767412 0.7427930805521153
0.6657480596171451 0.7427930805521153
0.6697884636575492 0.7427930805521153
0.6738288676979531 0.7427930805521153
0.6778692717383572 0.7427930805521153
0.6819096757787613 0.7427930805521153
0.6859500798191653 0.7427930805521153
0.6415056353747208 0.7468334845925194
0.6455460394151249 0.7468334845925194
0.649586443455529 0.7468334845925194
0.653626847495933 0.7468334845925194
0.6576672515363371 0.7468334845925194
0.6617076555767412 0.7468334845925194
0.6657480596171451 0.7468334845925194
0.6697884636575492 0.7468334845925194
0.6738288676979531 0.7468334845925194
0.6778692717383572 0.7468334845925194
0.6819096757787613 0.7468334845925194
0.6334248272939128 0.7508738886329235
0.6374652313343169 0.7508738886329235
0.6415056353747208 0.7508738886329235
0.6455460394151249 0.7508738886329235
0.649586443455529 0.7508738886329235
0.653626847495933 0.7508738886329235
0.6576672515363371 0.7508738886329235
0.6617076555767412 0.7508738886329235
0.6657480596171451 0.7508738886329235
0.6697884636575492 0.7508738886329235
0.6738288676979531 0.7508738886329235
0.6778692717383572 0.7508738886329235
0.6334248272939128 0.7549142926733274
0.6374652313343169 0.7549142926733274
0.6415056353747208 0.7549142926733274
0.6455460394151249 0.7549142926733274
0.649586443455529 0.7549142926733274
0.653626847495933 0.7549142926733274
0.6576672515363371 0.7549142926733274
0.6617076555767412 0.7549142926733274
0.6657480596171451 0.7549142926733274
0.6697884636575492 0.7549142926733274
0.6738288676979531 0.7549142926733274
0.6293844232535089 0.7589546967137315
0.6334248272939128 0.7589546967137315
0.6374652313343169 0.7589546967137315
0.6415056353747208 0.7589546967137315
0.6455460394151249 0.7589546967137315
0.649586443455529 0.7589546967137315
0.653626847495933 0.7589546967137315
0.6576672515363371 0.7589546967137315
0.6617076555767412 0.7589546967137315
0.6657480596171451 0.7589546967137315
0.6697884636575492 0.7589546967137315
0.6253440192131048 0.7629951007541356
0.6293844232535089 0.7629951007541356
0.6334248272939128 0.7629951007541356
0.6374652313343169 0.7629951007541356
0.6415056353747208 0.7629951007541356
0.6455460394151249 0.7629951007541356
0.649586443455529 0.7629951007541356
0.653626847495933 0.7629951007541356
0.6576672515363371 0.7629951007541356
0.6617076555767412 0.7629951007541356
0.6172632111322967 0.7670355047945396
0.6213036151727007 0.7670355047945396
0.6253440192131048 0.7670355047945396
0.6293844232535089 0.7670355047945396
0.6334248272939128 0.7670355047945396
0.6374652313343169 0.7670355047945396
0.6415056353747208 0.7670355047945396
0.6455460394151249 0.7670355047945396
0.649586443455529 0.7670355047945396
0.653626847495933 0.7670355047945396
0.6576672515363371 0.7670355047945396
0.6617076555767412 0.7670355047945396
0.6132228070918926 0.7710759088349436
0.6172632111322967 0.7710759088349436
0.6213036151727007 0.7710759088349436
0.6253440192131048 0.7710759088349436
0.6293844232535089 0.7710759088349436
0.6334248272939128 0.7710759088349436
0.6374652313343169 0.7710759088349436
0.6415056353747208 0.7710759088349436
0.6455460394151249 0.7710759088349436
0.649586443455529 0.7710759088349436
0.653626847495933 0.7710759088349436
0.6091824030514885 0.7751163128753477
0.6132228070918926 0.7751163128753477
0.6172632111322967 0.7751163128753477
0.6213036151727007 0.7751163128753477
0.6253440192131048 0.7751163128753477
0.6293844232535089 0.7751163128753477
0.6334248272939128 0.7751163128753477
0.6374652313343169 0.7751163128753477
0.6415056353747208 0.7751163128753477
0.6455460394151249 0.7751163128753477
0.649586443455529 0.7751163128753477
0.653626847495933 0.7751163128753477
0.6051419990110845 0.7791567169157517
0.6091824030514885 0.7791567169157517
0.6132228070918926 0.7791567169157517
0.6172632111322967 0.7791567169157517
0.6213036151727007 0.7791567169157517
0.6253440192131048 0.7791567169157517
0.6293844232535089 0.7791567169157517
0.6334248272939128 0.7791567169157517
0.6374652313343169 0.7791567169157517
0.6415056353747208 0.7791567169157517
0.6455460394151249 0.7791567169157517
0.649586443455529 0.7791567169157517
0.5970611909302764 0.7831971209561558
0.6011015949706805 0.7831971209561558
0.6051419990110845 0.7831971209561558
0.6091824030514885 0.7831971209561558
0.6132228070918926 0.7831971209561558
0.6172632111322967 0.7831971209561558
0.6213036151727007 0.7831971209561558
0.6253440192131048 0.7831971209561558
0.6293844232535089 0.7831971209561558
0.6334248272939128 0.7831971209561558
0.6374652313343169 0.7831971209561558
0.6415056353747208 0.7831971209561558
0.6455460394151249 0.7831971209561558
0.5930207868898725 0.7872375249965597
0.5970611909302764 0.7872375249965597
0.6011015949706805 0.7872375249965597
0.6051419990110845 0.7872375249965597
0.6091824030514885 0.7872375249965597
0.6132228070918926 0.7872375249965597
0.6172632111322967 0.7872375249965597
0.6213036151727007 0.7872375249965597
0.6253440192131048 0.7872375249965597
0.6293844232535089 0.7872375249965597
0.6334248272939128 0.7872375249965597
0.6374652313343169 0.7872375249965597
0.5849399788090643 0.7912779290369638
0.5889803828494684 0.7912779290369638
0.5930207868898725 0.7912779290369638
0.5970611909302764 0.7912779290369638
0.6011015949706805 0.7912779290369638
0.6051419990110845 0.7912779290369638
0.6091824030514885 0.7912779290369638
0.6132228070918926 0.7912779290369638
0.6172632111322967 0.7912779290369638
0.6213036151727007 0.7912779290369638
0.6253440192131048 0.7912779290369638
0.6293844232535089 0.7912779290369638
0.5808995747686603 0.7953183330773679
0.5849399788090643 0.7953183330773679
0.5889803828494684 0.7953183330773679
0.5930207868898725 0.7953183330773679
0.5970611909302764 0.7953183330773679
0.6011015949706805 0.7953183330773679
0.6051419990110845 0.7953183330773679
0.6091824030514885 0.7953183330773679
0.6132228070918926 0.7953183330773679
0.6172632111322967 0.7953183330773679
0.6213036151727007 0.7953183330773679
0.6253440192131048 0.7953183330773679
0.5728187666878521 0.799358737117772
0.5768591707282562 0.799358737117772
0.5808995747686603 0.799358737117772
0.5849399788090643 0.799358737117772
0.5889803828494684 0.799358737117772
0.5930207868898725 0.799358737117772
0.5970611909302764 0.799358737117772
0.6011015949706805 0.799358737117772
0.6051419990110845 0.799358737117772
0.6091824030514885 0.799358737117772
0.6132228070918926 0.799358737117772
0.6172632111322967 0.799358737117772
0.6213036151727007 0.799358737117772
0.6253440192131048 0.799358737117772
0.5687783626474482 0.803399141158176
0.5728187666878521 0.803399141158176
0.5768591707282562 0.803399141158176
0.5808995747686603 0.803399141158176
0.5849399788090643 0.803399141158176
0.5889803828494684 0.803399141158176
0.5930207868898725 0.803399141158176
0.5970611909302764 0.803399141158176
0.6011015949706805 0.803399141158176
0.6051419990110845 0.803399141158176
0.6091824030514885 0.803399141158176
0.6132228070918926 0.803399141158176
0.6172632111322967 0.803399141158176
0.5606975545666402 0.80743954519858
0.5647379586070441 0.80743954519858
0.5687783626474482 0.80743954519858
0.5728187666878521 0.80743954519858
0.5768591707282562 0.80743954519858
0.5808995747686603 0.80743954519858
0.5849399788090643 0.80743954519858
0.5889803828494684 0.80743954519858
0.5930207868898725 0.80743954519858
0.5970611909302764 0.80743954519858
0.6011015949706805 0.80743954519858
0.6051419990110845 0.80743954519858
0.6091824030514885 0.80743954519858
0.5566571505262361 0.811479949238984
0.5606975545666402 0.811479949238984
0.5647379586070441 0.811479949238984
0.5687783626474482 0.811479949238984
0.5728187666878521 0.811479949238984
0.5768591707282562 0.811479949238984
0.5808995747686603 0.811479949238984
0.5849399788090643 0.811479949238984
0.5889803828494684 0.811479949238984
0.5930207868898725 0.811479949238984
0.5970611909302764 0.811479949238984
0.6011015949706805 0.811479949238984
0.6051419990110845 0.811479949238984
0.5566571505262361 0.8155203532793881
0.5606975545666402 0.8155203532793881
0.5647379586070441 0.8155203532793881
0.5687783626474482 0.8155203532793881
0.5728187666878521 0.8155203532793881
0.5768591707282562 0.8155203532793881
0.5808995747686603 0.8155203532793881
0.5849399788090643 0.8155203532793881
0.5889803828494684 0.8155203532793881
0.5930207868898725 0.8155203532793881
0.5970611909302764 0.8155203532793881
0.6011015949706805 0.8155203532793881
0.6051419990110845 0.8155203532793881
0.5445359384050239 0.819560757319792
0.548576342445428 0.819560757319792
0.552616746485832 0.819560757319792
0.5566571505262361 0.819560757319792
0.5606975545666402 0.819560757319792
0.5647379586070441 0.819560757319792
0.5687783626474482 0.819560757319792
0.5728187666878521 0.819560757319792
0.5768591707282562 0.819560757319792
0.5808995747686603 0.819560757319792
0.5849399788090643 0.819560757319792
0.5889803828494684 0.819560757319792
0.5930207868898725 0.819560757319792
0.6011015949706805 0.819560757319792
0.5404955343646198 0.8236011613601961
0.5445359384050239 0.8236011613601961
0.548576342445428 0.8236011613601961
0.552616746485832 0.8236011613601961
0.5566571505262361 0.8236011613601961
0.5606975545666402 0.8236011613601961
0.5647379586070441 0.8236011613601961
0.5687783626474482 0.8236011613601961
0.5728187666878521 0.8236011613601961
0.5768591707282562 0.8236011613601961
0.5808995747686603 0.8236011613601961
0.5849399788090643 0.8236011613601961
0.5889803828494684 0.8236011613601961
0.5930207868898725 0.8236011613601961
0.5364551303242159 0.8276415654006002
0.5404955343646198 0.8276415654006002
0.5445359384050239 0.8276415654006002
0.548576342445428 0.8276415654006002
0.552616746485832 0.8276415654006002
0.5566571505262361 0.8276415654006002
0.5606975545666402 0.8276415654006002
0.5647379586070441 0.8276415654006002
0.5687783626474482 0.8276415654006002
0.5728187666878521 0.8276415654006002
0.5768591707282562 0.8276415654006002
0.5808995747686603 0.8276415654006002
0.5849399788090643 0.8276415654006002
0.5202935141625997 0.8316819694410043
0.5283743222434077 0.8316819694410043
0.5324147262838118 0.8316819694410043
0.5364551303242159 0.8316819694410043
0.5404955343646198 0.8316819694410043
0.5445359384050239 0.8316819694410043
0.548576342445428 0.8316819694410043
0.552616746485832 0.8316819694410043
0.5566571505262361 0.8316819694410043
0.5606975545666402 0.8316819694410043
0.5647379586070441 0.8316819694410043
0.5687783626474482 0.8316819694410043
0.5728187666878521 0.8316819694410043
0.5768591707282562 0.8316819694410043
0.5243339182030038 0.8357223734814083
0.5283743222434077 0.8357223734814083
0.5324147262838118 0.8357223734814083
0.5364551303242159 0.8357223734814083
0.5404955343646198 0.8357223734814083
0.5445359384050239 0.8357223734814083
0.548576342445428 0.8357223734814083
0.552616746485832 0.8357223734814083
0.5566571505262361 0.8357223734814083
0.5606975545666402 0.8357223734814083
0.5647379586070441 0.8357223734814083
0.5687783626474482 0.8357223734814083
0.5081723020413875 0.8397627775218124
0.5122127060817916 0.8397627775218124
0.5162531101221957 0.8397627775218124
0.5202935141625997 0.8397627775218124
0.5243339182030038 0.8397627775218124
0.5283743222434077 0.8397627775218124
0.5324147262838118 0.8397627775218124
0.5364551303242159 0.8397627775218124
0.5404955343646198 0.8397627775218124
0.5445359384050239 0.8397627775218124
0.548576342445428 0.8397627775218124
0.552616746485832 0.8397627775218124
0.5566571505262361 0.8397627775218124
0.5606975545666402 0.8397627775218124
0.5647379586070441 0.8397627775218124
0.5081723020413875 0.8438031815622163
0.5122127060817916 0.8438031815622163
0.5162531101221957 0.8438031815622163
0.5202935141625997 0.8438031815622163
0.5243339182030038 0.8438031815622163
0.5283743222434077 0.8438031815622163
0.5324147262838118 0.8438031815622163
0.5364551303242159 0.8438031815622163
0.5404955343646198 0.8438031815622163
0.5445359384050239 0.8438031815622163
0.548576342445428 0.8438031815622163
0.552616746485832 0.8438031815622163
0.5566571505262361 0.8438031815622163
0.5041318980009835 0.8478435856026204
0.5081723020413875 0.8478435856026204
0.5122127060817916 0.8478435856026204
0.5162531101221957 0.8478435856026204
0.5202935141625997 0.8478435856026204
0.5243339182030038 0.8478435856026204
0.5283743222434077 0.8478435856026204
0.5324147262838118 0.8478435856026204
0.5364551303242159 0.8478435856026204
0.5404955343646198 0.8478435856026204
0.5445359384050239 0.8478435856026204
0.548576342445428 0.8478435856026204
0.552616746485832 0.8478435856026204
0.49201068587977137 0.8518839896430245
0.49605108992017544 0.8518839896430245
0.5000914939605795 0.8518839896430245
0.5041318980009835 0.8518839896430245
0.5081723020413875 0.8518839896430245
0.5122127060817916 0.8518839896430245
0.5162531101221957 0.8518839896430245
0.5202935141625997 0.8518839896430245
0.5243339182030038 0.8518839896430245
0.5283743222434077 0.8518839896430245
0.5324147262838118 0.8518839896430245
0.5364551303242159 0.8518839896430245
0.5404955343646198 0.8518839896430245
0.5445359384050239 0.8518839896430245
0.548576342445428 0.8518839896430245
0.48797028183936736 0.8559243936834284
0.49201068587977137 0.8559243936834284
0.49605108992017544 0.8559243936834284
0.5000914939605795 0.8559243936834284
0.5041318980009835 0.8559243936834284
0.5081723020413875 0.8559243936834284
0.5122127060817916 0.8559243936834284
0.5162531101221957 0.8559243936834284
0.5202935141625997 0.8559243936834284
0.5243339182030038 0.8559243936834284
0.5283743222434077 0.8559243936834284
0.5324147262838118 0.8559243936834284
0.5364551303242159 0.8559243936834284
0.5445359384050239 0.8559243936834284
0.4798894737585593 0.8599647977238325
0.48392987779896335 0.8599647977238325
0.48797028183936736 0.8599647977238325
0.49201068587977137 0.8599647977238325
0.49605108992017544 0.8599647977238325
0.5000914939605795 0.8599647977238325
0.5041318980009835 0.8599647977238325
0.5081723020413875 0.8599647977238325
0.5122127060817916 0.8599647977238325
0.5162531101221957 0.8599647977238325
0.5202935141625997 0.8599647977238325
0.5243339182030038 0.8599647977238325
0.5283743222434077 0.8599647977238325
0.5324147262838118 0.8599647977238325
0.4758490697181552 0.8640052017642366
0.4798894737585593 0.8640052017642366
0.48392987779896335 0.8640052017642366
0.48797028183936736 0.8640052017642366
0.49201068587977137 0.8640052017642366
0.49605108992017544 0.8640052017642366
0.5000914939605795 0.8640052017642366
0.5041318980009835 0.8640052017642366
0.5081723020413875 0.8640052017642366
0.5122127060817916 0.8640052017642366
0.5162531101221957 0.8640052017642366
0.5202935141625997 0.8640052017642366
0.5243339182030038 0.8640052017642366
0.5283743222434077 0.8640052017642366
0.4637278575969431 0.8680456058046406
0.4677682616373472 0.8680456058046406
0.4718086656777512 0.8680456058046406
0.4758490697181552 0.8680456058046406
0.4798894737585593 0.8680456058046406
0.48392987779896335 0.8680456058046406
0.48797028183936736 0.8680456058046406
0.49201068587977137 0.8680456058046406
0.49605108992017544 0.8680456058046406
0.5000914939605795 0.8680456058046406
0.5041318980009835 0.8680456058046406
0.5081723020413875 0.8680456058046406
0.5122127060817916 0.8680456058046406
0.5162531101221957 0.8680456058046406
0.5202935141625997 0.8680456058046406
0.5243339182030038 0.8680456058046406
0.45968745355653906 0.8720860098450447
0.4637278575969431 0.8720860098450447
0.4677682616373472 0.8720860098450447
0.4718086656777512 0.8720860098450447
0.4758490697181552 0.8720860098450447
0.4798894737585593 0.8720860098450447
0.48392987779896335 0.8720860098450447
0.48797028183936736 0.8720860098450447
0.49201068587977137 0.8720860098450447
0.49605108992017544 0.8720860098450447
0.5000914939605795 0.8720860098450447
0.5041318980009835 0.8720860098450447
0.5081723020413875 0.8720860098450447
0.5122127060817916 0.8720860098450447
0.5162531101221957 0.8720860098450447
0.5243339182030038 0.8720860098450447
0.451606645475731 0.8761264138854487
0.455647049516135 0.8761264138854487
0.45968745355653906 0.8761264138854487
0.4637278575969431 0.8761264138854487
0.4677682616373472 0.8761264138854487
0.4718086656777512 0.8761264138854487
0.4758490697181552 0.8761264138854487
0.4798894737585593 0.8761264138854487
0.48392987779896335 0.8761264138854487
0.48797028183936736 0.8761264138854487
0.49201068587977137 0.8761264138854487
0.49605108992017544 0.8761264138854487
0.5000914939605795 0.8761264138854487
0.5041318980009835 0.8761264138854487
0.43948543335451884 0.8801668179258527
0.4435258373949229 0.8801668179258527
0.447566241435327 0.8801668179258527
0.451606645475731 0.8801668179258527
0.455647049516135 0.8801668179258527
0.45968745355653906 0.8801668179258527
0.4637278575969431 0.8801668179258527
0.4677682616373472 0.8801668179258527
0.4718086656777512 0.8801668179258527
0.4758490697181552 0.8801668179258527
0.4798894737585593 0.8801668179258527
0.48392987779896335 0.8801668179258527
0.48797028183936736 0.8801668179258527
0.49201068587977137 0.8801668179258527
0.49605108992017544 0.8801668179258527
0.5000914939605795 0.8801668179258527
0.5041318980009835 0.8801668179258527
0.43544502931411483 0.8842072219662568
0.43948543335451884 0.8842072219662568
0.4435258373949229 0.8842072219662568
0.447566241435327 0.8842072219662568
0.451606645475731 0.8842072219662568
0.455647049516135 0.8842072219662568
0.45968745355653906 0.8842072219662568
0.4637278575969431 0.8842072219662568
0.4677682616373472 0.8842072219662568
0.4718086656777512 0.8842072219662568
0.4758490697181552 0.8842072219662568
0.4798894737585593 0.8842072219662568
0.48392987779896335 0.8842072219662568
0.48797028183936736 0.8842072219662568
0.49201068587977137 0.8842072219662568
0.42736422123330675 0.8882476260066607
0.4314046252737108 0.8882476260066607
0.43544502931411483 0.8882476260066607
0.43948543335451884 0.8882476260066607
0.4435258373949229 0.8882476260066607
0.447566241435327 0.8882476260066607
0.451606645475731 0.8882476260066607
0.455647049516135 0.8882476260066607
0.45968745355653906 0.8882476260066607
0.4637278575969431 0.8882476260066607
0.4677682616373472 0.8882476260066607
0.4718086656777512 0.8882476260066607
0.4758490697181552 0.8882476260066607
0.4798894737585593 0.8882476260066607
0.48392987779896335 0.8882476260066607
0.48797028183936736 0.8882476260066607
0.49605108992017544 0.8882476260066607
0.4112026050716906 0.8922880300470648
0.41524300911209466 0.8922880300470648
0.4192834131524987 0.8922880300470648
0.4233238171929027 0.8922880300470648
0.42736422123330675 0.8922880300470648
0.4314046252737108 0.8922880300470648
0.43544502931411483 0.8922880300470648
0.43948543335451884 0.8922880300470648
0.4435258373949229 0.8922880300470648
0.447566241435327 0.8922880300470648
0.451606645475731 0.8922880300470648
0.455647049516135 0.8922880300470648
0.45968745355653906 0.8922880300470648
0.4637278575969431 0.8922880300470648
0.4677682616373472 0.8922880300470648
0.4718086656777512 0.8922880300470648
0.4758490697181552 0.8922880300470648
0.4798894737585593 0.8922880300470648
0.4112026050716906 0.8963284340874689
0.41524300911209466 0.8963284340874689
0.4192834131524987 0.8963284340874689
0.4233238171929027 0.8963284340874689
0.42736422123330675 0.8963284340874689
0.4314046252737108 0.8963284340874689
0.43544502931411483 0.8963284340874689
0.43948543335451884 0.8963284340874689
0.4435258373949229 0.8963284340874689
0.447566241435327 0.8963284340874689
0.451606645475731 0.8963284340874689
0.455647049516135 0.8963284340874689
0.45968745355653906 0.8963284340874689
0.4637278575969431 0.8963284340874689
0.4677682616373472 0.8963284340874689
0.4718086656777512 0.8963284340874689
0.39504098891007444 0.9003688381278729
0.39908139295047845 0.9003688381278729
0.4031217969908825 0.9003688381278729
0.40716220103128653 0.9003688381278729
0.4112026050716906 0.9003688381278729
0.41524300911209466 0.9003688381278729
0.4192834131524987 0.9003688381278729
0.4233238171929027 0.9003688381278729
0.42736422123330675 0.9003688381278729
0.4314046252737108 0.9003688381278729
0.43544502931411483 0.9003688381278729
0.43948543335451884 0.9003688381278729
0.4435258373949229 0.9003688381278729
0.447566241435327 0.9003688381278729
0.451606645475731 0.9003688381278729
0.455647049516135 0.9003688381278729
0.45968745355653906 0.9003688381278729
0.4637278575969431 0.9003688381278729
0.3910005848696704 0.904409242168277
0.39504098891007444 0.904409242168277
0.39908139295047845 0.904409242168277
0.4031217969908825 0.904409242168277
0.40716220103128653 0.904409242168277
0.4112026050716906 0.904409242168277
0.41524300911209466 0.904409242168277
0.4192834131524987 0.904409242168277
0.4233238171929027 0.904409242168277
0.42736422123330675 0.904409242168277
0.4314046252737108 0.904409242168277
0.43544502931411483 0.904409242168277
0.43948543335451884 0.904409242168277
0.4435258373949229 0.904409242168277
0.447566241435327 0.904409242168277
0.451606645475731 0.904409242168277
0.455647049516135 0.904409242168277
0.3829197767888623 0.9084496462086811
0.38696018082926636 0.9084496462086811
0.3910005848696704 0.9084496462086811
0.39504098891007444 0.9084496462086811
0.39908139295047845 0.9084496462086811
0.4031217969908825 0.9084496462086811
0.40716220103128653 0.9084496462086811
0.4112026050716906 0.9084496462086811
0.41524300911209466 0.9084496462086811
0.4192834131524987 0.9084496462086811
0.4233238171929027 0.9084496462086811
0.42736422123330675 0.9084496462086811
0.4314046252737108 0.9084496462086811
0.43544502931411483 0.9084496462086811
0.43948543335451884 0.9084496462086811
0.4435258373949229 0.9084496462086811
0.447566241435327 0.9084496462086811
0.37079856466765015 0.912490050249085
0.3748389687080542 0.912490050249085
0.3788793727484583 0.912490050249085
0.3829197767888623 0.912490050249085
0.38696018082926636 0.912490050249085
0.3910005848696704 0.912490050249085
0.39504098891007444 0.912490050249085
0.39908139295047845 0.912490050249085
0.4031217969908825 0.912490050249085
0.40716220103128653 0.912490050249085
0.4112026050716906 0.912490050249085
0.41524300911209466 0.912490050249085
0.4192834131524987 0.912490050249085
0.4233238171929027 0.912490050249085
0.42736422123330675 0.912490050249085
0.4314046252737108 0.912490050249085
0.43544502931411483 0.912490050249085
0.43948543335451884 0.912490050249085
0.35867735254643807 0.9165304542894891
0.36271775658684213 0.9165304542894891
0.36675816062724614 0.9165304542894891
0.37079856466765015 0.9165304542894891
0.3748389687080542 0.9165304542894891
0.3788793727484583 0.9165304542894891
0.3829197767888623 0.9165304542894891
0.38696018082926636 0.9165304542894891
0.3910005848696704 0.9165304542894891
0.39504098891007444 0.9165304542894891
0.39908139295047845 0.9165304542894891
0.4031217969908825 0.9165304542894891
0.40716220103128653 0.9165304542894891
0.4112026050716906 0.9165304542894891
0.41524300911209466 0.9165304542894891
0.4192834131524987 0.9165304542894891
0.4233238171929027 0.9165304542894891
0.42736422123330675 0.9165304542894891
0.4314046252737108 0.9165304542894891
0.35059654446563 0.920570858329893
0.354636948506034 0.920570858329893
0.35867735254643807 0.920570858329893
0.36271775658684213 0.920570858329893
0.36675816062724614 0.920570858329893
0.37079856466765015 0.920570858329893
0.3748389687080542 0.920570858329893
0.3788793727484583 0.920570858329893
0.3829197767888623 0.920570858329893
0.38696018082926636 0.920570858329893
0.3910005848696704 0.920570858329893
0.39504098891007444 0.920570858329893
0.39908139295047845 0.920570858329893
0.4031217969908825 0.920570858329893
0.40716220103128653 0.920570858329893
0.4112026050716906 0.920570858329893
0.41524300911209466 0.920570858329893
0.4192834131524987 0.920570858329893
0.43948543335451884 0.920570858329893
0.33443492830401383 0.9246112623702971
0.33847533234441785 0.9246112623702971
0.3425157363848219 0.9246112623702971
0.346556140425226 0.9246112623702971
0.35059654446563 0.9246112623702971
0.354636948506034 0.9246112623702971
0.35867735254643807 0.9246112623702971
0.36271775658684213 0.9246112623702971
0.36675816062724614 0.9246112623702971
0.37079856466765015 0.9246112623702971
0.3748389687080542 0.9246112623702971
0.3788793727484583 0.9246112623702971
0.3829197767888623 0.9246112623702971
0.38696018082926636 0.9246112623702971
0.3910005848696704 0.9246112623702971
0.39504098891007444 0.9246112623702971
0.39908139295047845 0.9246112623702971
0.4031217969908825 0.9246112623702971
0.40716220103128653 0.9246112623702971
0.4112026050716906 0.9246112623702971
0.33039452426360977 0.9286516664107012
0.33443492830401383 0.9286516664107012
0.33847533234441785 0.9286516664107012
0.3425157363848219 0.9286516664107012
0.346556140425226 0.9286516664107012
0.35059654446563 0.9286516664107012
0.354636948506034 0.9286516664107012
0.35867735254643807 0.9286516664107012
0.36271775658684213 0.9286516664107012
0.36675816062724614 0.9286516664107012
0.37079856466765015 0.9286516664107012
0.3748389687080542 0.9286516664107012
0.3788793727484583 0.9286516664107012
0.3829197767888623 0.9286516664107012
0.38696018082926636 0.9286516664107012
0.3910005848696704 0.9286516664107012
0.39504098891007444 0.9286516664107012
0.39908139295047845 0.9286516664107012
0.4031217969908825 0.9286516664107012
0.3182733121423976 0.9326920704511052
0.3223137161828017 0.9326920704511052
0.32635412022320576 0.9326920704511052
0.33039452426360977 0.9326920704511052
0.33443492830401383 0.9326920704511052
0.33847533234441785 0.9326920704511052
0.3425157363848219 0.9326920704511052
0.346556140425226 0.9326920704511052
0.35059654446563 0.9326920704511052
0.354636948506034 0.9326920704511052
0.35867735254643807 0.9326920704511052
0.36271775658684213 0.9326920704511052
0.36675816062724614 0.9326920704511052
0.37079856466765015 0.9326920704511052
0.3748389687080542 0.9326920704511052
0.3788793727484583 0.9326920704511052
0.3829197767888623 0.9326920704511052
0.38696018082926636 0.9326920704511052
0.3910005848696704 0.9326920704511052
0.30615210002118554 0.9367324744915093
0.3101925040615896 0.9367324744915093
0.3142329081019936 0.9367324744915093
0.3182733121423976 0.9367324744915093
0.3223137161828017 0.9367324744915093
0.32635412022320576 0.9367324744915093
0.33039452426360977 0.9367324744915093
0.33443492830401383 0.9367324744915093
0.33847533234441785 0.9367324744915093
0.3425157363848219 0.9367324744915093
0.346556140425226 0.9367324744915093
0.35059654446563 0.9367324744915093
0.354636948506034 0.9367324744915093
0.35867735254643807 0.9367324744915093
0.36271775658684213 0.9367324744915093
0.36675816062724614 0.9367324744915093
0.37079856466765015 0.9367324744915093
0.3748389687080542 0.9367324744915093
0.3788793727484583 0.9367324744915093
0.3829197767888623 0.9367324744915093
0.29807129194037746 0.9407728785319134
0.30211169598078147 0.9407728785319134
0.30615210002118554 0.9407728785319134
0.3101925040615896 0.9407728785319134
0.3142329081019936 0.9407728785319134
0.3182733121423976 0.9407728785319134
0.3223137161828017 0.9407728785319134
0.32635412022320576 0.9407728785319134
0.33039452426360977 0.9407728785319134
0.33443492830401383 0.9407728785319134
0.33847533234441785 0.9407728785319134
0.3425157363848219 0.9407728785319134
0.346556140425226 0.9407728785319134
0.35059654446563 0.9407728785319134
0.354636948506034 0.9407728785319134
0.35867735254643807 0.9407728785319134
0.36271775658684213 0.9407728785319134
0.36675816062724614 0.9407728785319134
0.37079856466765015 0.9407728785319134
0.3748389687080542 0.9407728785319134
0.29807129194037746 0.9448132825723174
0.30211169598078147 0.9448132825723174
0.30615210002118554 0.9448132825723174
0.3101925040615896 0.9448132825723174
0.3142329081019936 0.9448132825723174
0.3182733121423976 0.9448132825723174
0.3223137161828017 0.9448132825723174
0.32635412022320576 0.9448132825723174
0.33039452426360977 0.9448132825723174
0.33443492830401383 0.9448132825723174
0.33847533234441785 0.9448132825723174
0.3425157363848219 0.9448132825723174
0.346556140425226 0.9448132825723174
0.35059654446563 0.9448132825723174
0.354636948506034 0.9448132825723174
0.35867735254643807 0.9448132825723174
0.36271775658684213 0.9448132825723174
0.36675816062724614 0.9448132825723174
0.38696018082926636 0.9448132825723174
0.29807129194037746 0.9488536866127214
0.30211169598078147 0.9488536866127214
0.30615210002118554 0.9488536866127214
0.3101925040615896 0.9488536866127214
0.3142329081019936 0.9488536866127214
0.3182733121423976 0.9488536866127214
0.3223137161828017 0.9488536866127214
0.32635412022320576 0.9488536866127214
0.33039452426360977 0.9488536866127214
0.33443492830401383 0.9488536866127214
0.33847533234441785 0.9488536866127214
0.3425157363848219 0.9488536866127214
0.346556140425226 0.9488536866127214
0.35059654446563 0.9488536866127214
0.29807129194037746 0.9528940906531255
0.30211169598078147 0.9528940906531255
0.30615210002118554 0.9528940906531255
0.3101925040615896 0.9528940906531255
0.3142329081019936 0.9528940906531255
0.3182733121423976 0.9528940906531255
0.3223137161828017 0.9528940906531255
0.32635412022320576 0.9528940906531255
0.33039452426360977 0.9528940906531255
0.33443492830401383 0.9528940906531255
0.33847533234441785 0.9528940906531255
0.29807129194037746 0.9569344946935294
0.30211169598078147 0.9569344946935294
0.30615210002118554 0.9569344946935294
0.3101925040615896 0.9569344946935294
0.3142329081019936 0.9569344946935294
0.3182733121423976 0.9569344946935294
0.3223137161828017 0.9569344946935294
0.32635412022320576 0.9569344946935294
0.33039452426360977 0.9569344946935294
0.33443492830401383 0.9569344946935294
0.29807129194037746 0.9609748987339335
0.30211169598078147 0.9609748987339335
0.30615210002118554 0.9609748987339335
0.3101925040615896 0.9609748987339335
0.3142329081019936 0.9609748987339335
0.3182733121423976 0.9609748987339335
0.29807129194037746 0.9650153027743376
0.30211169598078147 0.9650153027743376
0.30615210002118554 0.9650153027743376
0.29807129194037746 0.9690557068147416
