# x y
0.6595496109841688 0.7629951007541356
0.6474283988629566 0.7751163128753477
0.6312667827013405 0.7872375249965597
0.6353071867417445 0.7872375249965597
0.6231859746205324 0.7953183330773679
0.6151051665397242 0.803399141158176
0.5949031463377041 0.8316819694410043
0.5019738534084112 0.8761264138854487
0.5019738534084112 0.8801668179258527
0.4292465806811384 0.912490050249085
0.4171253685599263 0.9246112623702971
0.3686405200750778 0.9407728785319134
0.38076173219628995 0.9407728785319134
0.3605597119942697 0.9488536866127214
0.3646001160346738 0.9609748987339335
0.3080344594690172 0.9811769189359537
