# x y
0.6999229698746562 0.710469848228883
0.6958825658342521 0.7145102522692871
0.6999229698746562 0.7145102522692871
0.6918421617938482 0.7185506563096911
0.6958825658342521 0.7185506563096911
0.6999229698746562 0.7185506563096911
0.6878017577534441 0.7225910603500951
0.6918421617938482 0.7225910603500951
0.6958825658342521 0.7225910603500951
0.68376135371304 0.7266314643904992
0.6878017577534441 0.7266314643904992
0.6918421617938482 0.7266314643904992
0.679720949672636 0.7306718684309033
0.68376135371304 0.7306718684309033
0.6756805456322319 0.7347122724713073
0.679720949672636 0.7347122724713073
0.6716401415918278 0.7387526765117113
0.6756805456322319 0.7387526765117113
0.6675997375514238 0.7427930805521153
0.6716401415918278 0.7427930805521153
0.6635593335110198 0.7468334845925194
0.6675997375514238 0.7468334845925194
0.6554785254302118 0.7508738886329235
0.6595189294706157 0.7508738886329235
0.6635593335110198 0.7508738886329235
0.6514381213898077 0.7549142926733274
0.6554785254302118 0.7549142926733274
0.6595189294706157 0.7549142926733274
0.6473977173494037 0.7589546967137315
0.6514381213898077 0.7589546967137315
0.6554785254302118 0.7589546967137315
0.6433573133089996 0.7629951007541356
0.6473977173494037 0.7629951007541356
0.6514381213898077 0.7629951007541356
0.6393169092685955 0.7670355047945396
0.6433573133089996 0.7670355047945396
0.6312361011877875 0.7710759088349436
0.6352765052281915 0.7710759088349436
0.6393169092685955 0.7710759088349436
0.6271956971473834 0.7751163128753477
0.6312361011877875 0.7751163128753477
0.6352765052281915 0.7751163128753477
0.6231552931069794 0.7791567169157517
0.6271956971473834 0.7791567169157517
0.6312361011877875 0.7791567169157517
0.6191148890665754 0.7831971209561558
0.6231552931069794 0.7831971209561558
0.6271956971473834 0.7831971209561558
0.6110340809857673 0.7872375249965597
0.6150744850261713 0.7872375249965597
0.6191148890665754 0.7872375249965597
0.6069936769453632 0.7912779290369638
0.6110340809857673 0.7912779290369638
0.6150744850261713 0.7912779290369638
0.6029532729049591 0.7953183330773679
0.6069936769453632 0.7953183330773679
0.6110340809857673 0.7953183330773679
0.5948724648241511 0.799358737117772
0.5989128688645551 0.799358737117772
0.6029532729049591 0.799358737117772
0.5908320607837471 0.803399141158176
0.5948724648241511 0.803399141158176
0.5989128688645551 0.803399141158176
0.5867916567433431 0.80743954519858
0.5908320607837471 0.80743954519858
0.5948724648241511 0.80743954519858
0.578710848662535 0.811479949238984
0.582751252702939 0.811479949238984
0.5867916567433431 0.811479949238984
0.5746704446221309 0.8155203532793881
0.578710848662535 0.8155203532793881
0.582751252702939 0.8155203532793881
0.5706300405817268 0.819560757319792
0.5746704446221309 0.819560757319792
0.578710848662535 0.819560757319792
0.5625492325009188 0.8236011613601961
0.5665896365413228 0.8236011613601961
0.5706300405817268 0.8236011613601961
0.5585088284605148 0.8276415654006002
0.5625492325009188 0.8276415654006002
0.5665896365413228 0.8276415654006002
0.5504280203797067 0.8316819694410043
0.5544684244201107 0.8316819694410043
0.5585088284605148 0.8316819694410043
0.5463876163393027 0.8357223734814083
0.5504280203797067 0.8357223734814083
0.5544684244201107 0.8357223734814083
0.5383068082584945 0.8397627775218124
0.5423472122988986 0.8397627775218124
0.5463876163393027 0.8397627775218124
0.5302260001776865 0.8438031815622163
0.5342664042180905 0.8438031815622163
0.5383068082584945 0.8438031815622163
0.5423472122988986 0.8438031815622163
0.5261855961372824 0.8478435856026204
0.5302260001776865 0.8478435856026204
0.5342664042180905 0.8478435856026204
0.5181047880564743 0.8518839896430245
0.5221451920968784 0.8518839896430245
0.5261855961372824 0.8518839896430245
0.5302260001776865 0.8518839896430245
0.5140643840160704 0.8559243936834284
0.5181047880564743 0.8559243936834284
0.5221451920968784 0.8559243936834284
0.5059835759352622 0.8599647977238325
0.5100239799756663 0.8599647977238325
0.5140643840160704 0.8599647977238325
0.49790276785445414 0.8640052017642366
0.5019431718948582 0.8640052017642366
0.5059835759352622 0.8640052017642366
0.5100239799756663 0.8640052017642366
0.48982195977364607 0.8680456058046406
0.49386236381405013 0.8680456058046406
0.49790276785445414 0.8680456058046406
0.5019431718948582 0.8680456058046406
0.485781555733242 0.8720860098450447
0.48982195977364607 0.8720860098450447
0.49386236381405013 0.8720860098450447
0.477700747652434 0.8761264138854487
0.481741151692838 0.8761264138854487
0.485781555733242 0.8761264138854487
0.46961993957162584 0.8801668179258527
0.4736603436120299 0.8801668179258527
0.477700747652434 0.8801668179258527
0.481741151692838 0.8801668179258527
0.46153913149081777 0.8842072219662568
0.46557953553122183 0.8842072219662568
0.46961993957162584 0.8842072219662568
0.4736603436120299 0.8842072219662568
0.4534583234100097 0.8882476260066607
0.45749872745041376 0.8882476260066607
0.46153913149081777 0.8882476260066607
0.46557953553122183 0.8882476260066607
0.4453775153292016 0.8922880300470648
0.4494179193696056 0.8922880300470648
0.4534583234100097 0.8922880300470648
0.45749872745041376 0.8922880300470648
0.43729670724839353 0.8963284340874689
0.4413371112887976 0.8963284340874689
0.4453775153292016 0.8963284340874689
0.4494179193696056 0.8963284340874689
0.42921589916758546 0.9003688381278729
0.43325630320798947 0.9003688381278729
0.43729670724839353 0.9003688381278729
0.4413371112887976 0.9003688381278729
0.4211350910867774 0.904409242168277
0.42517549512718145 0.904409242168277
0.42921589916758546 0.904409242168277
0.43325630320798947 0.904409242168277
0.4130542830059693 0.9084496462086811
0.4170946870463733 0.9084496462086811
0.4211350910867774 0.9084496462086811
0.42517549512718145 0.9084496462086811
0.40093307088475716 0.912490050249085
0.4049734749251612 0.912490050249085
0.40901387896556524 0.912490050249085
0.4130542830059693 0.912490050249085
0.4170946870463733 0.912490050249085
0.3928522628039491 0.9165304542894891
0.39689266684435315 0.9165304542894891
0.40093307088475716 0.9165304542894891
0.4049734749251612 0.9165304542894891
0.384771454723141 0.920570858329893
0.38881185876354507 0.920570858329893
0.3928522628039491 0.920570858329893
0.39689266684435315 0.920570858329893
0.3726502426019289 0.9246112623702971
0.3766906466423329 0.9246112623702971
0.38073105068273694 0.9246112623702971
0.384771454723141 0.9246112623702971
0.38881185876354507 0.9246112623702971
0.3645694345211208 0.9286516664107012
0.36860983856152485 0.9286516664107012
0.3726502426019289 0.9286516664107012
0.3766906466423329 0.9286516664107012
0.3524482223999087 0.9326920704511052
0.35648862644031276 0.9326920704511052
0.3605290304807168 0.9326920704511052
0.3645694345211208 0.9326920704511052
0.36860983856152485 0.9326920704511052
0.34032701027869655 0.9367324744915093
0.3443674143191006 0.9367324744915093
0.34840781835950463 0.9367324744915093
0.3524482223999087 0.9367324744915093
0.35648862644031276 0.9367324744915093
0.3322462021978885 0.9407728785319134
0.33628660623829254 0.9407728785319134
0.34032701027869655 0.9407728785319134
0.3443674143191006 0.9407728785319134
0.34840781835950463 0.9407728785319134
0.3201249900766764 0.9448132825723174
0.3241653941170804 0.9448132825723174
0.32820579815748446 0.9448132825723174
0.3322462021978885 0.9448132825723174
0.33628660623829254 0.9448132825723174
0.30800377795546424 0.9488536866127214
0.31204418199586825 0.9488536866127214
0.3160845860362723 0.9488536866127214
0.3201249900766764 0.9488536866127214
0.3241653941170804 0.9488536866127214
0.29992296987465616 0.9528940906531255
0.30396337391506023 0.9528940906531255
0.30800377795546424 0.9528940906531255
0.31204418199586825 0.9528940906531255
0.29992296987465616 0.9569344946935294
