# x y
0.6999754030879096 0.7145102522692871
0.6959349990475056 0.7185506563096911
0.6918945950071016 0.7225910603500951
0.6878541909666975 0.7266314643904992
0.6838137869262935 0.7306718684309033
0.6757329788454853 0.7347122724713073
0.6797733828858894 0.7347122724713073
0.6716925748050813 0.7387526765117113
0.6757329788454853 0.7387526765117113
0.6676521707646772 0.7427930805521153
0.6716925748050813 0.7427930805521153
0.6636117667242732 0.7468334845925194
0.6676521707646772 0.7468334845925194
0.6595713626838692 0.7508738886329235
0.6555309586434652 0.7549142926733274
0.6514905546030612 0.7589546967137315
0.643409746522253 0.7629951007541356
0.6474501505626571 0.7629951007541356
0.639369342481849 0.7670355047945396
0.643409746522253 0.7670355047945396
0.6353289384414449 0.7710759088349436
0.639369342481849 0.7710759088349436
0.6312885344010409 0.7751163128753477
0.6272481303606369 0.7791567169157517
0.6191673222798288 0.7831971209561558
0.6232077263202328 0.7831971209561558
0.6151269182394248 0.7872375249965597
0.6191673222798288 0.7872375249965597
0.6110865141990207 0.7912779290369638
0.6030057061182126 0.7953183330773679
0.6070461101586166 0.7953183330773679
0.5989653020778085 0.799358737117772
0.6030057061182126 0.799358737117772
0.5949248980374046 0.803399141158176
0.5868440899565965 0.80743954519858
0.5908844939970005 0.80743954519858
0.5828036859161925 0.811479949238984
0.5868440899565965 0.811479949238984
0.5787632818757884 0.8155203532793881
0.5706824737949803 0.819560757319792
0.5747228778353843 0.819560757319792
0.5666420697545762 0.8236011613601961
0.5706824737949803 0.8236011613601961
0.5585612616737682 0.8276415654006002
0.5626016657141722 0.8276415654006002
0.5545208576333641 0.8316819694410043
0.5585612616737682 0.8316819694410043
0.5464400495525561 0.8357223734814083
0.5504804535929602 0.8357223734814083
0.542399645512152 0.8397627775218124
0.5464400495525561 0.8397627775218124
0.5343188374313439 0.8438031815622163
0.538359241471748 0.8438031815622163
0.5302784333909399 0.8478435856026204
0.5221976253101318 0.8518839896430245
0.5262380293505359 0.8518839896430245
0.5141168172293238 0.8559243936834284
0.5181572212697277 0.8559243936834284
0.5100764131889197 0.8599647977238325
0.5141168172293238 0.8599647977238325
0.5019956051081116 0.8640052017642366
0.5060360091485157 0.8640052017642366
0.49391479702730356 0.8680456058046406
0.4979552010677076 0.8680456058046406
0.48583398894649543 0.8720860098450447
0.4898743929868995 0.8720860098450447
0.4817935849060914 0.8761264138854487
0.48583398894649543 0.8761264138854487
0.47371277682528334 0.8801668179258527
0.4777531808656874 0.8801668179258527
0.46563196874447527 0.8842072219662568
0.4696723727848793 0.8842072219662568
0.4575511606636672 0.8882476260066607
0.4615915647040712 0.8882476260066607
0.44947035258285906 0.8922880300470648
0.4535107566232631 0.8922880300470648
0.44138954450205103 0.8963284340874689
0.44542994854245505 0.8963284340874689
0.4333087364212429 0.9003688381278729
0.43734914046164697 0.9003688381278729
0.4252279283404349 0.904409242168277
0.4292683323808389 0.904409242168277
0.41310671621922274 0.9084496462086811
0.41714712025962675 0.9084496462086811
0.4211875243000308 0.9084496462086811
0.40502590813841466 0.912490050249085
0.40906631217881867 0.912490050249085
0.41310671621922274 0.912490050249085
0.3969451000576066 0.9165304542894891
0.4009855040980106 0.9165304542894891
0.3888642919767985 0.920570858329893
0.3929046960172025 0.920570858329893
0.37674307985558636 0.9246112623702971
0.38078348389599037 0.9246112623702971
0.38482388793639444 0.9246112623702971
0.3686622717747783 0.9286516664107012
0.37270267581518235 0.9286516664107012
0.3565410596535662 0.9326920704511052
0.3605814636939702 0.9326920704511052
0.3646218677343742 0.9326920704511052
0.34441984753235405 0.9367324744915093
0.34846025157275806 0.9367324744915093
0.35250065561316213 0.9367324744915093
0.336339039451546 0.9407728785319134
0.34037944349195 0.9407728785319134
0.34441984753235405 0.9407728785319134
0.32421782733033383 0.9448132825723174
0.3282582313707379 0.9448132825723174
0.3322986354111419 0.9448132825723174
0.3120966152091217 0.9488536866127214
0.31613701924952575 0.9488536866127214
0.3201774232899298 0.9488536866127214
0.2999754030879096 0.9528940906531255
0.30401580712831366 0.9528940906531255
0.3080562111687177 0.9528940906531255
