# x y
0.6838267672872882 0.7387526765117113
0.6717055551660762 0.7508738886329235
0.659584343044864 0.7791567169157517
0.6191803026408236 0.7953183330773679
0.6110994945600156 0.799358737117772
0.5989782824388035 0.8155203532793881
0.5828166662771872 0.819560757319792
0.5949378783983994 0.8316819694410043
0.558574242034763 0.8397627775218124
0.5464530299135509 0.8478435856026204
0.5302914137519348 0.8559243936834284
0.5222106056711266 0.8599647977238325
0.5141297975903185 0.8680456058046406
0.5302914137519348 0.8761264138854487
0.4252409087014297 0.920570858329893
0.3969580804186014 0.9246112623702971
0.38887727233779334 0.9367324744915093
0.3403924238529448 0.9488536866127214
0.3363520198125408 0.9528940906531255
0.29998838344890444 0.9609748987339335
0.3161499996105206 0.9650153027743376
0.3040287874893085 0.9690557068147416
