# x y
0.6999816950463239 0.7145102522692871
0.6959412910059198 0.7185506563096911
0.6919008869655159 0.7225910603500951
0.6878604829251118 0.7266314643904992
0.6838200788847077 0.7306718684309033
0.6797796748443037 0.7347122724713073
0.6716988667634956 0.7387526765117113
0.6757392708038996 0.7387526765117113
0.6676584627230915 0.7427930805521153
0.6716988667634956 0.7427930805521153
0.6636180586826875 0.7468334845925194
0.6595776546422835 0.7508738886329235
0.6555372506018795 0.7549142926733274
0.6514968465614754 0.7589546967137315
0.6474564425210714 0.7629951007541356
0.6393756344402632 0.7670355047945396
0.6434160384806673 0.7670355047945396
0.6353352303998592 0.7710759088349436
0.6393756344402632 0.7710759088349436
0.6312948263594552 0.7751163128753477
0.6272544223190512 0.7791567169157517
0.6191736142382431 0.7831971209561558
0.6232140182786471 0.7831971209561558
0.6151332101978391 0.7872375249965597
0.6191736142382431 0.7872375249965597
0.611092806157435 0.7912779290369638
0.6070524021170309 0.7953183330773679
0.5989715940362228 0.799358737117772
0.6030119980766269 0.799358737117772
0.5949311899958188 0.803399141158176
0.5908907859554148 0.80743954519858
0.5828099778746068 0.811479949238984
0.5868503819150108 0.811479949238984
0.5787695738342027 0.8155203532793881
0.5706887657533946 0.819560757319792
0.5747291697937986 0.819560757319792
0.5666483617129905 0.8236011613601961
0.5585675536321825 0.8276415654006002
0.5626079576725865 0.8276415654006002
0.5545271495917784 0.8316819694410043
0.5464463415109704 0.8357223734814083
0.5504867455513744 0.8357223734814083
0.5424059374705663 0.8397627775218124
0.5343251293897582 0.8438031815622163
0.5383655334301622 0.8438031815622163
0.5302847253493542 0.8478435856026204
0.5222039172685461 0.8518839896430245
0.5262443213089502 0.8518839896430245
0.5141231091877381 0.8559243936834284
0.518163513228142 0.8559243936834284
0.510082705147334 0.8599647977238325
0.5020018970665259 0.8640052017642366
0.5060423011069299 0.8640052017642366
0.49392108898571785 0.8680456058046406
0.49796149302612186 0.8680456058046406
0.4858402809049097 0.8720860098450447
0.4898806849453138 0.8720860098450447
0.4817998768645057 0.8761264138854487
0.4737190687836976 0.8801668179258527
0.4777594728241017 0.8801668179258527
0.46563826070288955 0.8842072219662568
0.46967866474329356 0.8842072219662568
0.4575574526220815 0.8882476260066607
0.4615978566624855 0.8882476260066607
0.44947664454127334 0.8922880300470648
0.4535170485816774 0.8922880300470648
0.4413958364604653 0.8963284340874689
0.44543624050086933 0.8963284340874689
0.4333150283796572 0.9003688381278729
0.43735543242006125 0.9003688381278729
0.42523422029884916 0.904409242168277
0.4292746243392532 0.904409242168277
0.41715341221804103 0.9084496462086811
0.4211938162584451 0.9084496462086811
0.40503220009682894 0.912490050249085
0.40907260413723295 0.912490050249085
0.413113008177637 0.912490050249085
0.39695139201602087 0.9165304542894891
0.4009917960564249 0.9165304542894891
0.3888705839352128 0.920570858329893
0.3929109879756168 0.920570858329893
0.37674937181400064 0.9246112623702971
0.38078977585440466 0.9246112623702971
0.3848301798948087 0.9246112623702971
0.36866856373319257 0.9286516664107012
0.37270896777359663 0.9286516664107012
0.3565473516119805 0.9326920704511052
0.3605877556523845 0.9326920704511052
0.3646281596927885 0.9326920704511052
0.34846654353117235 0.9367324744915093
0.3525069475715764 0.9367324744915093
0.33634533140996026 0.9407728785319134
0.34038573545036427 0.9407728785319134
0.3242241192887481 0.9448132825723174
0.3282645233291522 0.9448132825723174
0.3323049273695562 0.9448132825723174
0.31210290716753597 0.9488536866127214
0.31614331120794004 0.9488536866127214
0.3201837152483441 0.9488536866127214
0.2999816950463239 0.9528940906531255
0.30402209908672795 0.9528940906531255
0.30806250312713196 0.9528940906531255
