# x y
0.699974318963603 0.7145102522692871
0.6959339149231989 0.7185506563096911
0.6918935108827949 0.7225910603500951
0.6878531068423909 0.7266314643904992
0.6797722987615828 0.7306718684309033
0.6838127028019868 0.7306718684309033
0.6757318947211788 0.7347122724713073
0.6797722987615828 0.7347122724713073
0.6716914906807747 0.7387526765117113
0.6757318947211788 0.7387526765117113
0.6676510866403707 0.7427930805521153
0.6716914906807747 0.7427930805521153
0.6636106825999666 0.7468334845925194
0.6676510866403707 0.7468334845925194
0.6595702785595625 0.7508738886329235
0.6555298745191586 0.7549142926733274
0.6514894704787545 0.7589546967137315
0.6434086623979465 0.7629951007541356
0.6474490664383505 0.7629951007541356
0.6393682583575424 0.7670355047945396
0.6434086623979465 0.7670355047945396
0.6353278543171383 0.7710759088349436
0.6393682583575424 0.7710759088349436
0.6312874502767343 0.7751163128753477
0.6272470462363302 0.7791567169157517
0.6191662381555222 0.7831971209561558
0.6232066421959261 0.7831971209561558
0.6151258341151181 0.7872375249965597
0.6191662381555222 0.7872375249965597
0.6110854300747142 0.7912779290369638
0.603004621993906 0.7953183330773679
0.6070450260343101 0.7953183330773679
0.598964217953502 0.799358737117772
0.603004621993906 0.799358737117772
0.5949238139130979 0.803399141158176
0.5868430058322899 0.80743954519858
0.5908834098726938 0.80743954519858
0.5828026017918858 0.811479949238984
0.5868430058322899 0.811479949238984
0.5787621977514819 0.8155203532793881
0.5706813896706737 0.819560757319792
0.5747217937110778 0.819560757319792
0.5666409856302697 0.8236011613601961
0.5706813896706737 0.8236011613601961
0.5585601775494615 0.8276415654006002
0.5626005815898656 0.8276415654006002
0.5545197735090575 0.8316819694410043
0.5585601775494615 0.8316819694410043
0.5464389654282494 0.8357223734814083
0.5504793694686535 0.8357223734814083
0.5423985613878455 0.8397627775218124
0.5464389654282494 0.8397627775218124
0.5343177533070373 0.8438031815622163
0.5383581573474414 0.8438031815622163
0.5302773492666333 0.8478435856026204
0.5221965411858251 0.8518839896430245
0.5262369452262292 0.8518839896430245
0.5141157331050171 0.8559243936834284
0.5181561371454212 0.8559243936834284
0.5100753290646131 0.8599647977238325
0.5141157331050171 0.8599647977238325
0.501994520983805 0.8640052017642366
0.5060349250242091 0.8640052017642366
0.4939137129029969 0.8680456058046406
0.49795411694340097 0.8680456058046406
0.4858329048221889 0.8720860098450447
0.4898733088625929 0.8720860098450447
0.47775209674138075 0.8761264138854487
0.4817925007817848 0.8761264138854487
0.4858329048221889 0.8761264138854487
0.47371169270097674 0.8801668179258527
0.47775209674138075 0.8801668179258527
0.46563088462016866 0.8842072219662568
0.4696712886605727 0.8842072219662568
0.45755007653936053 0.8882476260066607
0.4615904805797646 0.8882476260066607
0.4494692684585525 0.8922880300470648
0.4535096724989565 0.8922880300470648
0.4413884603777444 0.8963284340874689
0.44542886441814844 0.8963284340874689
0.43330765229693635 0.9003688381278729
0.43734805633734036 0.9003688381278729
0.4252268442161282 0.904409242168277
0.4292672482565323 0.904409242168277
0.41310563209491613 0.9084496462086811
0.4171460361353202 0.9084496462086811
0.4211864401757242 0.9084496462086811
0.40502482401410805 0.912490050249085
0.40906522805451206 0.912490050249085
0.41310563209491613 0.912490050249085
0.3969440159333 0.9165304542894891
0.400984419973704 0.9165304542894891
0.40502482401410805 0.9165304542894891
0.3888632078524919 0.920570858329893
0.3929036118928959 0.920570858329893
0.37674199573127976 0.9246112623702971
0.3807823997716838 0.9246112623702971
0.38482280381208783 0.9246112623702971
0.3686611876504717 0.9286516664107012
0.3727015916908757 0.9286516664107012
0.35653997552925953 0.9326920704511052
0.3605803795696636 0.9326920704511052
0.36462078361006767 0.9326920704511052
0.34441876340804745 0.9367324744915093
0.3484591674484515 0.9367324744915093
0.3524995714888555 0.9367324744915093
0.33633795532723937 0.9407728785319134
0.3403783593676434 0.9407728785319134
0.34441876340804745 0.9407728785319134
0.3242167432060272 0.9448132825723174
0.3282571472464313 0.9448132825723174
0.3322975512868353 0.9448132825723174
0.31209553108481514 0.9488536866127214
0.31613593512521915 0.9488536866127214
0.32017633916562316 0.9488536866127214
0.299974318963603 0.9528940906531255
0.304014723004007 0.9528940906531255
0.30805512704441107 0.9528940906531255
