# x y
0.6999780210954241 0.7145102522692871
0.69593761705502 0.7185506563096911
0.6918972130146159 0.7225910603500951
0.6878568089742119 0.7266314643904992
0.6838164049338078 0.7306718684309033
0.6757355968529998 0.7347122724713073
0.6797760008934038 0.7347122724713073
0.6716951928125958 0.7387526765117113
0.6757355968529998 0.7387526765117113
0.6676547887721918 0.7427930805521153
0.6716951928125958 0.7427930805521153
0.6636143847317877 0.7468334845925194
0.6676547887721918 0.7468334845925194
0.6595739806913836 0.7508738886329235
0.6555335766509796 0.7549142926733274
0.6514931726105755 0.7589546967137315
0.6474527685701715 0.7629951007541356
0.6393719604893635 0.7670355047945396
0.6434123645297675 0.7670355047945396
0.6353315564489594 0.7710759088349436
0.6393719604893635 0.7710759088349436
0.6312911524085554 0.7751163128753477
0.6272507483681513 0.7791567169157517
0.6191699402873432 0.7831971209561558
0.6232103443277472 0.7831971209561558
0.6151295362469391 0.7872375249965597
0.6191699402873432 0.7872375249965597
0.6110891322065352 0.7912779290369638
0.6070487281661311 0.7953183330773679
0.5989679200853231 0.799358737117772
0.6030083241257271 0.799358737117772
0.594927516044919 0.803399141158176
0.5868467079641109 0.80743954519858
0.5908871120045149 0.80743954519858
0.5828063039237068 0.811479949238984
0.5868467079641109 0.811479949238984
0.5787658998833028 0.8155203532793881
0.5706850918024948 0.819560757319792
0.5747254958428988 0.819560757319792
0.5666446877620908 0.8236011613601961
0.5585638796812826 0.8276415654006002
0.5626042837216867 0.8276415654006002
0.5545234756408786 0.8316819694410043
0.5585638796812826 0.8316819694410043
0.5464426675600705 0.8357223734814083
0.5504830716004745 0.8357223734814083
0.5424022635196665 0.8397627775218124
0.5464426675600705 0.8397627775218124
0.5343214554388585 0.8438031815622163
0.5383618594792624 0.8438031815622163
0.5302810513984544 0.8478435856026204
0.5222002433176463 0.8518839896430245
0.5262406473580503 0.8518839896430245
0.5141194352368381 0.8559243936834284
0.5181598392772422 0.8559243936834284
0.5100790311964342 0.8599647977238325
0.5141194352368381 0.8599647977238325
0.501998223115626 0.8640052017642366
0.5060386271560301 0.8640052017642366
0.493917415034818 0.8680456058046406
0.497957819075222 0.8680456058046406
0.4858366069540099 0.8720860098450447
0.48987701099441394 0.8720860098450447
0.48179620291360586 0.8761264138854487
0.4858366069540099 0.8761264138854487
0.4737153948327978 0.8801668179258527
0.47775579887320185 0.8801668179258527
0.4656345867519897 0.8842072219662568
0.4696749907923937 0.8842072219662568
0.45755377867118163 0.8882476260066607
0.46159418271158564 0.8882476260066607
0.4494729705903735 0.8922880300470648
0.45351337463077757 0.8922880300470648
0.4413921625095655 0.8963284340874689
0.4454325665499695 0.8963284340874689
0.43331135442875734 0.9003688381278729
0.4373517584691614 0.9003688381278729
0.4252305463479493 0.904409242168277
0.42927095038835333 0.904409242168277
0.4171497382671412 0.9084496462086811
0.42119014230754526 0.9084496462086811
0.4050285261459291 0.912490050249085
0.4090689301863331 0.912490050249085
0.4131093342267372 0.912490050249085
0.396947718065121 0.9165304542894891
0.40098812210552504 0.9165304542894891
0.38886690998431295 0.920570858329893
0.39290731402471696 0.920570858329893
0.3767456978631008 0.9246112623702971
0.3807861019035048 0.9246112623702971
0.3848265059439089 0.9246112623702971
0.3686648897822927 0.9286516664107012
0.3727052938226968 0.9286516664107012
0.35654367766108064 0.9326920704511052
0.36058408170148465 0.9326920704511052
0.36462448574188866 0.9326920704511052
0.3484628695802725 0.9367324744915093
0.35250327362067657 0.9367324744915093
0.3363416574590604 0.9407728785319134
0.34038206149946443 0.9407728785319134
0.3444224655398685 0.9407728785319134
0.3242204453378483 0.9448132825723174
0.32826084937825234 0.9448132825723174
0.33230125341865635 0.9448132825723174
0.31209923321663613 0.9488536866127214
0.3161396372570402 0.9488536866127214
0.32018004129744426 0.9488536866127214
0.29997802109542404 0.9528940906531255
0.3040184251358281 0.9528940906531255
0.3080588291762321 0.9528940906531255
