# x y
0.6999760594760758 0.7145102522692871
0.6959356554356717 0.7185506563096911
0.6918952513952678 0.7225910603500951
0.6878548473548637 0.7266314643904992
0.6838144433144596 0.7306718684309033
0.6757336352336516 0.7347122724713073
0.6797740392740557 0.7347122724713073
0.6716932311932475 0.7387526765117113
0.6757336352336516 0.7387526765117113
0.6676528271528435 0.7427930805521153
0.6716932311932475 0.7427930805521153
0.6636124231124394 0.7468334845925194
0.6676528271528435 0.7468334845925194
0.6595720190720353 0.7508738886329235
0.6555316150316314 0.7549142926733274
0.6514912109912273 0.7589546967137315
0.6434104029104193 0.7629951007541356
0.6474508069508234 0.7629951007541356
0.6393699988700152 0.7670355047945396
0.6434104029104193 0.7670355047945396
0.6353295948296112 0.7710759088349436
0.6393699988700152 0.7710759088349436
0.6312891907892071 0.7751163128753477
0.627248786748803 0.7791567169157517
0.619167978667995 0.7831971209561558
0.623208382708399 0.7831971209561558
0.6151275746275909 0.7872375249965597
0.619167978667995 0.7872375249965597
0.611087170587187 0.7912779290369638
0.6030063625063788 0.7953183330773679
0.6070467665467829 0.7953183330773679
0.5989659584659748 0.799358737117772
0.6030063625063788 0.799358737117772
0.5949255544255707 0.803399141158176
0.5868447463447627 0.80743954519858
0.5908851503851666 0.80743954519858
0.5828043423043586 0.811479949238984
0.5868447463447627 0.811479949238984
0.5787639382639547 0.8155203532793881
0.5706831301831465 0.819560757319792
0.5747235342235506 0.819560757319792
0.5666427261427425 0.8236011613601961
0.5706831301831465 0.8236011613601961
0.5585619180619343 0.8276415654006002
0.5626023221023384 0.8276415654006002
0.5545215140215303 0.8316819694410043
0.5585619180619343 0.8316819694410043
0.5464407059407222 0.8357223734814083
0.5504811099811263 0.8357223734814083
0.5424003019003183 0.8397627775218124
0.5464407059407222 0.8397627775218124
0.5343194938195102 0.8438031815622163
0.5383598978599142 0.8438031815622163
0.5302790897791061 0.8478435856026204
0.522198281698298 0.8518839896430245
0.526238685738702 0.8518839896430245
0.5141174736174899 0.8559243936834284
0.518157877657894 0.8559243936834284
0.5100770695770859 0.8599647977238325
0.5141174736174899 0.8599647977238325
0.5019962614962779 0.8640052017642366
0.5060366655366819 0.8640052017642366
0.4939154534154697 0.8680456058046406
0.4979558574558738 0.8680456058046406
0.4858346453346617 0.8720860098450447
0.4898750493750657 0.8720860098450447
0.48179424129425763 0.8761264138854487
0.4858346453346617 0.8761264138854487
0.47371343321344955 0.8801668179258527
0.47775383725385356 0.8801668179258527
0.4656326251326415 0.8842072219662568
0.46967302917304554 0.8842072219662568
0.45755181705183334 0.8882476260066607
0.4615922210922374 0.8882476260066607
0.4494710089710253 0.8922880300470648
0.45351141301142933 0.8922880300470648
0.4413902008902172 0.8963284340874689
0.44543060493062125 0.8963284340874689
0.43330939280940917 0.9003688381278729
0.4373497968498132 0.9003688381278729
0.42522858472860103 0.904409242168277
0.4292689887690051 0.904409242168277
0.417147776647793 0.9084496462086811
0.421188180688197 0.9084496462086811
0.40502656452658087 0.912490050249085
0.4090669685669849 0.912490050249085
0.41310737260738895 0.912490050249085
0.3969457564457728 0.9165304542894891
0.4009861604861768 0.9165304542894891
0.3888649483649647 0.920570858329893
0.3929053524053687 0.920570858329893
0.37674373624375257 0.9246112623702971
0.38078414028415664 0.9246112623702971
0.38482454432456065 0.9246112623702971
0.3686629281629445 0.9286516664107012
0.3727033322033485 0.9286516664107012
0.35654171604173235 0.9326920704511052
0.3605821200821364 0.9326920704511052
0.3646225241225405 0.9326920704511052
0.34442050392052026 0.9367324744915093
0.3484609079609243 0.9367324744915093
0.35250131200132834 0.9367324744915093
0.3363396958397122 0.9407728785319134
0.3403800998801162 0.9407728785319134
0.34442050392052026 0.9407728785319134
0.32421848371850004 0.9448132825723174
0.3282588877589041 0.9448132825723174
0.3322992917993081 0.9448132825723174
0.31209727159728795 0.9488536866127214
0.31613767563769196 0.9488536866127214
0.320178079678096 0.9488536866127214
0.2999760594760758 0.9528940906531255
0.3040164635164798 0.9528940906531255
0.3080568675568839 0.9528940906531255
