# x y
0.6999866230604572 0.7145102522692871
0.6959462190200532 0.7185506563096911
0.6919058149796491 0.7225910603500951
0.687865410939245 0.7266314643904992
0.683825006898841 0.7306718684309033
0.6797846028584369 0.7347122724713073
0.6757441988180328 0.7387526765117113
0.6676633907372248 0.7427930805521153
0.6717037947776289 0.7427930805521153
0.6636229866968208 0.7468334845925194
0.6595825826564168 0.7508738886329235
0.6555421786160127 0.7549142926733274
0.6515017745756086 0.7589546967137315
0.6474613705352046 0.7629951007541356
0.6393805624543966 0.7670355047945396
0.6434209664948005 0.7670355047945396
0.6353401584139925 0.7710759088349436
0.6312997543735885 0.7751163128753477
0.6272593503331845 0.7791567169157517
0.6232189462927804 0.7831971209561558
0.6151381382119723 0.7872375249965597
0.6191785422523763 0.7872375249965597
0.6110977341715682 0.7912779290369638
0.6070573301311641 0.7953183330773679
0.5989765220503561 0.799358737117772
0.6030169260907602 0.799358737117772
0.5949361180099522 0.803399141158176
0.5908957139695481 0.80743954519858
0.58281490588874 0.811479949238984
0.586855309929144 0.811479949238984
0.5787745018483359 0.8155203532793881
0.5706936937675279 0.819560757319792
0.5747340978079318 0.819560757319792
0.5666532897271238 0.8236011613601961
0.5585724816463158 0.8276415654006002
0.5626128856867199 0.8276415654006002
0.5545320776059117 0.8316819694410043
0.5464512695251036 0.8357223734814083
0.5504916735655077 0.8357223734814083
0.5424108654846995 0.8397627775218124
0.5343300574038915 0.8438031815622163
0.5383704614442956 0.8438031815622163
0.5302896533634874 0.8478435856026204
0.5222088452826794 0.8518839896430245
0.5262492493230835 0.8518839896430245
0.5181684412422753 0.8559243936834284
0.5100876331614672 0.8599647977238325
0.5020068250806592 0.8640052017642366
0.5060472291210631 0.8640052017642366
0.49392601699985106 0.8680456058046406
0.4979664210402551 0.8680456058046406
0.48988561295944705 0.8720860098450447
0.48180480487863897 0.8761264138854487
0.4737239967978309 0.8801668179258527
0.4777644008382349 0.8801668179258527
0.4656431887170228 0.8842072219662568
0.4696835927574269 0.8842072219662568
0.4575623806362147 0.8882476260066607
0.46160278467661875 0.8882476260066607
0.44948157255540666 0.8922880300470648
0.45352197659581067 0.8922880300470648
0.44140076447459853 0.8963284340874689
0.4454411685150026 0.8963284340874689
0.4333199563937905 0.9003688381278729
0.4373603604341945 0.9003688381278729
0.4252391483129824 0.904409242168277
0.42927955235338644 0.904409242168277
0.41715834023217435 0.9084496462086811
0.42119874427257836 0.9084496462086811
0.4090775321513662 0.912490050249085
0.4131179361917703 0.912490050249085
0.39695632003015413 0.9165304542894891
0.40099672407055814 0.9165304542894891
0.38887551194934605 0.920570858329893
0.39291591598975006 0.920570858329893
0.380794703868538 0.9246112623702971
0.384835107908942 0.9246112623702971
0.36867349174732583 0.9286516664107012
0.37271389578772984 0.9286516664107012
0.3565522796261137 0.9326920704511052
0.36059268366651775 0.9326920704511052
0.3646330877069218 0.9326920704511052
0.34847147154530567 0.9367324744915093
0.3525118755857097 0.9367324744915093
0.3363502594240935 0.9407728785319134
0.34039066346449753 0.9407728785319134
0.3242290473028814 0.9448132825723174
0.32826945134328545 0.9448132825723174
0.33230985538368946 0.9448132825723174
0.3121078351816693 0.9488536866127214
0.3161482392220733 0.9488536866127214
0.3201886432624773 0.9488536866127214
0.29998662306045715 0.9528940906531255
0.30402702710086116 0.9528940906531255
0.3080674311412652 0.9528940906531255
