# x y
0.6393726598944067 0.7791567169157517
0.659574680096427 0.7791567169157517
0.6272514477731946 0.7872375249965597
0.5989686194903663 0.8155203532793881
0.5464433669651139 0.8478435856026204
0.5222009427226896 0.8680456058046406
0.5302817508034977 0.8761264138854487
0.5019989225206694 0.8801668179258527
0.43331205383380067 0.9084496462086811
0.40098882151056836 0.9246112623702971
0.37674639726814413 0.9367324744915093
0.3929080134297603 0.9488536866127214
0.364625185146932 0.9609748987339335
0.3161403366620835 0.9650153027743376
0.30401912454087143 0.9690557068147416
