# x y
0.6676584822996425 0.7549142926733274
0.6474564620976224 0.7710759088349436
0.6393756540168143 0.7791567169157517
0.6595776742188344 0.7791567169157517
0.623214037855198 0.7912779290369638
0.5989716136127738 0.8155203532793881
0.5949312095723698 0.8316819694410043
0.5585675732087334 0.8397627775218124
0.5464463610875213 0.8478435856026204
0.5464463610875213 0.8518839896430245
0.5302847449259052 0.8559243936834284
0.522203936845097 0.8680456058046406
0.5302847449259052 0.8761264138854487
0.4939211085622688 0.8801668179258527
0.5020019166430769 0.8801668179258527
0.4939211085622688 0.8842072219662568
0.5100827247238849 0.8882476260066607
0.43331504795620823 0.9084496462086811
0.4252342398754001 0.912490050249085
0.39695141159257186 0.9286516664107012
0.36866858330974356 0.9367324744915093
0.36462817926933955 0.9609748987339335
0.31614333078449103 0.9650153027743376
0.3040221186632789 0.9690557068147416
