# x y
0.6999748849385368 0.7145102522692871
0.6959344808981327 0.7185506563096911
0.6918940768577286 0.7225910603500951
0.6878536728173246 0.7266314643904992
0.6838132687769205 0.7306718684309033
0.6757324606961125 0.7347122724713073
0.6797728647365165 0.7347122724713073
0.6716920566557085 0.7387526765117113
0.6757324606961125 0.7387526765117113
0.6676516526153045 0.7427930805521153
0.6716920566557085 0.7427930805521153
0.6636112485749004 0.7468334845925194
0.6676516526153045 0.7468334845925194
0.6595708445344963 0.7508738886329235
0.6555304404940923 0.7549142926733274
0.6514900364536882 0.7589546967137315
0.6434092283728802 0.7629951007541356
0.6474496324132842 0.7629951007541356
0.6393688243324762 0.7670355047945396
0.6434092283728802 0.7670355047945396
0.6353284202920721 0.7710759088349436
0.6393688243324762 0.7710759088349436
0.6312880162516681 0.7751163128753477
0.627247612211264 0.7791567169157517
0.6191668041304559 0.7831971209561558
0.62320720817086 0.7831971209561558
0.6151264000900518 0.7872375249965597
0.6191668041304559 0.7872375249965597
0.6110859960496479 0.7912779290369638
0.6030051879688398 0.7953183330773679
0.6070455920092438 0.7953183330773679
0.5989647839284358 0.799358737117772
0.6030051879688398 0.799358737117772
0.5949243798880317 0.803399141158176
0.5868435718072236 0.80743954519858
0.5908839758476276 0.80743954519858
0.5828031677668195 0.811479949238984
0.5868435718072236 0.811479949238984
0.5787627637264156 0.8155203532793881
0.5706819556456075 0.819560757319792
0.5747223596860115 0.819560757319792
0.5666415516052035 0.8236011613601961
0.5706819556456075 0.8236011613601961
0.5585607435243953 0.8276415654006002
0.5626011475647994 0.8276415654006002
0.5545203394839913 0.8316819694410043
0.5585607435243953 0.8316819694410043
0.5464395314031832 0.8357223734814083
0.5504799354435872 0.8357223734814083
0.5423991273627792 0.8397627775218124
0.5464395314031832 0.8397627775218124
0.5343183192819712 0.8438031815622163
0.5383587233223751 0.8438031815622163
0.5302779152415671 0.8478435856026204
0.522197107160759 0.8518839896430245
0.526237511201163 0.8518839896430245
0.5141162990799508 0.8559243936834284
0.5181567031203549 0.8559243936834284
0.5100758950395469 0.8599647977238325
0.5141162990799508 0.8599647977238325
0.5019950869587387 0.8640052017642366
0.5060354909991428 0.8640052017642366
0.4939142788779307 0.8680456058046406
0.4979546829183347 0.8680456058046406
0.4858334707971226 0.8720860098450447
0.48987387483752665 0.8720860098450447
0.48179306675671857 0.8761264138854487
0.4858334707971226 0.8761264138854487
0.4737122586759105 0.8801668179258527
0.47775266271631456 0.8801668179258527
0.4656314505951024 0.8842072219662568
0.4696718546355064 0.8842072219662568
0.45755064251429434 0.8882476260066607
0.46159104655469835 0.8882476260066607
0.4494698344334862 0.8922880300470648
0.45351023847389027 0.8922880300470648
0.4413890263526782 0.8963284340874689
0.4454294303930822 0.8963284340874689
0.43330821827187005 0.9003688381278729
0.4373486223122741 0.9003688381278729
0.425227410191062 0.904409242168277
0.42926781423146604 0.904409242168277
0.4131061980698499 0.9084496462086811
0.4171466021102539 0.9084496462086811
0.42118700615065796 0.9084496462086811
0.4050253899890418 0.912490050249085
0.4090657940294458 0.912490050249085
0.4131061980698499 0.912490050249085
0.39694458190823373 0.9165304542894891
0.40098498594863774 0.9165304542894891
0.4050253899890418 0.9165304542894891
0.38886377382742565 0.920570858329893
0.39290417786782966 0.920570858329893
0.3767425617062135 0.9246112623702971
0.3807829657466175 0.9246112623702971
0.3848233697870216 0.9246112623702971
0.36866175362540543 0.9286516664107012
0.3727021576658095 0.9286516664107012
0.35654054150419334 0.9326920704511052
0.36058094554459735 0.9326920704511052
0.36462134958500136 0.9326920704511052
0.3444193293829812 0.9367324744915093
0.3484597334233852 0.9367324744915093
0.3525001374637893 0.9367324744915093
0.3363385213021731 0.9407728785319134
0.34037892534257713 0.9407728785319134
0.3444193293829812 0.9407728785319134
0.324217309180961 0.9448132825723174
0.32825771322136504 0.9448132825723174
0.33229811726176905 0.9448132825723174
0.31209609705974883 0.9488536866127214
0.3161365011001529 0.9488536866127214
0.32017690514055697 0.9488536866127214
0.29997488493853675 0.9528940906531255
0.3040152889789408 0.9528940906531255
0.3080556930193448 0.9528940906531255
