# x y
0.6595698676852941 0.7791567169157517
0.6312870394024659 0.803399141158176
0.5989638070792335 0.8155203532793881
0.5626001707155972 0.8357223734814083
0.5383577464731729 0.8518839896430245
0.5221961303115568 0.8680456058046406
0.4898728979883244 0.8801668179258527
0.5019941101095365 0.8801668179258527
0.46563047374590016 0.9003688381278729
0.4898728979883244 0.9003688381278729
0.4009840090994355 0.9246112623702971
0.3727011808166072 0.9367324744915093
0.348458756574183 0.9448132825723174
0.36462037273579917 0.9609748987339335
0.3040143121297385 0.9690557068147416
0.3322971404125668 0.9730961108551457
