# x y
0.6999888607977887 0.7145102522692871
0.6959484567573846 0.7185506563096911
0.6919080527169805 0.7225910603500951
0.6878676486765765 0.7266314643904992
0.6838272446361724 0.7306718684309033
0.6797868405957683 0.7347122724713073
0.6757464365553643 0.7387526765117113
0.6676656284745562 0.7427930805521153
0.6717060325149603 0.7427930805521153
0.6636252244341523 0.7468334845925194
0.6595848203937482 0.7508738886329235
0.6555444163533442 0.7549142926733274
0.6515040123129401 0.7589546967137315
0.647463608272536 0.7629951007541356
0.643423204232132 0.7670355047945396
0.6353423961513239 0.7710759088349436
0.63130199211092 0.7751163128753477
0.6272615880705159 0.7791567169157517
0.6232211840301118 0.7831971209561558
0.6151403759493037 0.7872375249965597
0.6110999719088996 0.7912779290369638
0.6070595678684956 0.7953183330773679
0.5989787597876876 0.799358737117772
0.6030191638280916 0.799358737117772
0.5949383557472836 0.803399141158176
0.5908979517068795 0.80743954519858
0.5828171436260714 0.811479949238984
0.5868575476664755 0.811479949238984
0.5787767395856673 0.8155203532793881
0.5706959315048593 0.819560757319792
0.5747363355452633 0.819560757319792
0.5666555274644552 0.8236011613601961
0.5626151234240513 0.8276415654006002
0.5545343153432432 0.8316819694410043
0.5504939113028391 0.8357223734814083
0.542413103222031 0.8397627775218124
0.5343322951412229 0.8438031815622163
0.538372699181627 0.8438031815622163
0.5302918911008189 0.8478435856026204
0.5222110830200108 0.8518839896430245
0.5262514870604149 0.8518839896430245
0.5181706789796068 0.8559243936834284
0.5100898708987986 0.8599647977238325
0.5020090628179906 0.8640052017642366
0.5060494668583946 0.8640052017642366
0.4939282547371825 0.8680456058046406
0.49796865877758656 0.8680456058046406
0.4898878506967785 0.8720860098450447
0.4818070426159704 0.8761264138854487
0.4737262345351623 0.8801668179258527
0.47776663857556634 0.8801668179258527
0.46564542645435425 0.8842072219662568
0.4696858304947583 0.8842072219662568
0.4575646183735461 0.8882476260066607
0.4616050224139502 0.8882476260066607
0.4494838102927381 0.8922880300470648
0.4535242143331421 0.8922880300470648
0.44140300221192996 0.8963284340874689
0.44544340625233403 0.8963284340874689
0.43332219413112194 0.9003688381278729
0.43736259817152595 0.9003688381278729
0.4252413860503138 0.904409242168277
0.4292817900907179 0.904409242168277
0.4171605779695058 0.9084496462086811
0.4212009820099098 0.9084496462086811
0.40907976988869765 0.912490050249085
0.39695855776748556 0.9165304542894891
0.4009989618078896 0.9165304542894891
0.3888777496866775 0.920570858329893
0.3929181537270815 0.920570858329893
0.3807969416058694 0.9246112623702971
0.3848373456462734 0.9246112623702971
0.36867572948465727 0.9286516664107012
0.3727161335250613 0.9286516664107012
0.3605949214038492 0.9326920704511052
0.36463532544425326 0.9326920704511052
0.3484737092826371 0.9367324744915093
0.3525141133230411 0.9367324744915093
0.33635249716142496 0.9407728785319134
0.34039290120182897 0.9407728785319134
0.3242312850402128 0.9448132825723174
0.3282716890806169 0.9448132825723174
0.3323120931210209 0.9448132825723174
0.3121100729190007 0.9488536866127214
0.31615047695940474 0.9488536866127214
0.32019088099980875 0.9488536866127214
0.2999888607977886 0.9528940906531255
0.3040292648381926 0.9528940906531255
0.30806966887859666 0.9528940906531255
