# x y
0.667670050817149 0.7508738886329235
0.667670050817149 0.7589546967137315
0.6313064144535128 0.7831971209561558
0.6111043942514924 0.799358737117772
0.6030235861706844 0.803399141158176
0.5949427780898764 0.811479949238984
0.566659949807048 0.8316819694410043
0.5262559094030077 0.8559243936834284
0.5060538892009874 0.8680456058046406
0.4818114649585632 0.8842072219662568
0.4535286366757349 0.8963284340874689
0.4454478285949268 0.9003688381278729
0.46564984879694704 0.9003688381278729
0.43736702051411874 0.904409242168277
0.43332661647371473 0.9165304542894891
0.4252458083929066 0.920570858329893
0.3929225760696743 0.9246112623702971
0.3848417679888662 0.9286516664107012
0.39696298011007836 0.9286516664107012
0.3565589397060379 0.9407728785319134
0.32019530334240154 0.9528940906531255
0.3242357073828056 0.9528940906531255
0.3121144952615935 0.9569344946935294
0.3040336871807854 0.9609748987339335
0.3121144952615935 0.9609748987339335
