# x y
0.6959435301349575 0.7266314643904992
0.6919031260945534 0.7306718684309033
0.6878627220541493 0.7347122724713073
0.651499085690513 0.7670355047945396
0.6393778735693009 0.7791567169157517
0.5989738331652604 0.8155203532793881
0.5949334291248565 0.8316819694410043
0.5585697927612201 0.8397627775218124
0.5464485806400079 0.8478435856026204
0.5302869644783917 0.8559243936834284
0.5020041361955635 0.8720860098450447
0.5302869644783917 0.8761264138854487
0.4656404998319271 0.8922880300470648
0.41715565134707866 0.9165304542894891
0.39695363114505844 0.9286516664107012
0.33634757053899783 0.9488536866127214
0.3161455503369776 0.9650153027743376
0.30402433821576547 0.9690557068147416
