# x y
0.6943525387050798 0.698348636107671
0.6983929427454839 0.698348636107671
0.6903121346646759 0.702389040148075
0.6943525387050798 0.702389040148075
0.6983929427454839 0.702389040148075
0.6862717306242718 0.706429444188479
0.6903121346646759 0.706429444188479
0.6943525387050798 0.706429444188479
0.6983929427454839 0.706429444188479
0.6822313265838678 0.710469848228883
0.6862717306242718 0.710469848228883
0.6903121346646759 0.710469848228883
0.6943525387050798 0.710469848228883
0.6983929427454839 0.710469848228883
0.6781909225434637 0.7145102522692871
0.6822313265838678 0.7145102522692871
0.6862717306242718 0.7145102522692871
0.6903121346646759 0.7145102522692871
0.6943525387050798 0.7145102522692871
0.6983929427454839 0.7145102522692871
0.6741505185030596 0.7185506563096911
0.6781909225434637 0.7185506563096911
0.6822313265838678 0.7185506563096911
0.6862717306242718 0.7185506563096911
0.6903121346646759 0.7185506563096911
0.6943525387050798 0.7185506563096911
0.6983929427454839 0.7185506563096911
0.6741505185030596 0.7225910603500951
0.6781909225434637 0.7225910603500951
0.6822313265838678 0.7225910603500951
0.6862717306242718 0.7225910603500951
0.6903121346646759 0.7225910603500951
0.6943525387050798 0.7225910603500951
0.6983929427454839 0.7225910603500951
0.6660697104222515 0.7266314643904992
0.6701101144626556 0.7266314643904992
0.6741505185030596 0.7266314643904992
0.6781909225434637 0.7266314643904992
0.6822313265838678 0.7266314643904992
0.6862717306242718 0.7266314643904992
0.6903121346646759 0.7266314643904992
0.6943525387050798 0.7266314643904992
0.6983929427454839 0.7266314643904992
0.6620293063818475 0.7306718684309033
0.6660697104222515 0.7306718684309033
0.6701101144626556 0.7306718684309033
0.6741505185030596 0.7306718684309033
0.6781909225434637 0.7306718684309033
0.6822313265838678 0.7306718684309033
0.6862717306242718 0.7306718684309033
0.6903121346646759 0.7306718684309033
0.6943525387050798 0.7306718684309033
0.6983929427454839 0.7306718684309033
0.6539484983010395 0.7347122724713073
0.6579889023414435 0.7347122724713073
0.6620293063818475 0.7347122724713073
0.6660697104222515 0.7347122724713073
0.6701101144626556 0.7347122724713073
0.6741505185030596 0.7347122724713073
0.6781909225434637 0.7347122724713073
0.6822313265838678 0.7347122724713073
0.6862717306242718 0.7347122724713073
0.6903121346646759 0.7347122724713073
0.6943525387050798 0.7347122724713073
0.6539484983010395 0.7387526765117113
0.6579889023414435 0.7387526765117113
0.6620293063818475 0.7387526765117113
0.6660697104222515 0.7387526765117113
0.6701101144626556 0.7387526765117113
0.6741505185030596 0.7387526765117113
0.6781909225434637 0.7387526765117113
0.6822313265838678 0.7387526765117113
0.6862717306242718 0.7387526765117113
0.6903121346646759 0.7387526765117113
0.6458676902202314 0.7427930805521153
0.6499080942606354 0.7427930805521153
0.6539484983010395 0.7427930805521153
0.6579889023414435 0.7427930805521153
0.6620293063818475 0.7427930805521153
0.6660697104222515 0.7427930805521153
0.6701101144626556 0.7427930805521153
0.6741505185030596 0.7427930805521153
0.6781909225434637 0.7427930805521153
0.6822313265838678 0.7427930805521153
0.6862717306242718 0.7427930805521153
0.6418272861798273 0.7468334845925194
0.6458676902202314 0.7468334845925194
0.6499080942606354 0.7468334845925194
0.6539484983010395 0.7468334845925194
0.6579889023414435 0.7468334845925194
0.6620293063818475 0.7468334845925194
0.6660697104222515 0.7468334845925194
0.6701101144626556 0.7468334845925194
0.6741505185030596 0.7468334845925194
0.6781909225434637 0.7468334845925194
0.6822313265838678 0.7468334845925194
0.6418272861798273 0.7508738886329235
0.6458676902202314 0.7508738886329235
0.6499080942606354 0.7508738886329235
0.6539484983010395 0.7508738886329235
0.6579889023414435 0.7508738886329235
0.6620293063818475 0.7508738886329235
0.6660697104222515 0.7508738886329235
0.6701101144626556 0.7508738886329235
0.6741505185030596 0.7508738886329235
0.6781909225434637 0.7508738886329235
0.6337464780990192 0.7549142926733274
0.6377868821394233 0.7549142926733274
0.6418272861798273 0.7549142926733274
0.6458676902202314 0.7549142926733274
0.6499080942606354 0.7549142926733274
0.6539484983010395 0.7549142926733274
0.6579889023414435 0.7549142926733274
0.6620293063818475 0.7549142926733274
0.6660697104222515 0.7549142926733274
0.6701101144626556 0.7549142926733274
0.6256656700182112 0.7589546967137315
0.6297060740586152 0.7589546967137315
0.6337464780990192 0.7589546967137315
0.6377868821394233 0.7589546967137315
0.6418272861798273 0.7589546967137315
0.6458676902202314 0.7589546967137315
0.6499080942606354 0.7589546967137315
0.6539484983010395 0.7589546967137315
0.6579889023414435 0.7589546967137315
0.6620293063818475 0.7589546967137315
0.6660697104222515 0.7589546967137315
0.6701101144626556 0.7589546967137315
0.6216252659778071 0.7629951007541356
0.6256656700182112 0.7629951007541356
0.6297060740586152 0.7629951007541356
0.6337464780990192 0.7629951007541356
0.6377868821394233 0.7629951007541356
0.6418272861798273 0.7629951007541356
0.6458676902202314 0.7629951007541356
0.6499080942606354 0.7629951007541356
0.6539484983010395 0.7629951007541356
0.6579889023414435 0.7629951007541356
0.6620293063818475 0.7629951007541356
0.6175848619374031 0.7670355047945396
0.6216252659778071 0.7670355047945396
0.6256656700182112 0.7670355047945396
0.6297060740586152 0.7670355047945396
0.6337464780990192 0.7670355047945396
0.6377868821394233 0.7670355047945396
0.6418272861798273 0.7670355047945396
0.6458676902202314 0.7670355047945396
0.6499080942606354 0.7670355047945396
0.6539484983010395 0.7670355047945396
0.6579889023414435 0.7670355047945396
0.6620293063818475 0.7670355047945396
0.609504053856595 0.7710759088349436
0.6135444578969991 0.7710759088349436
0.6175848619374031 0.7710759088349436
0.6216252659778071 0.7710759088349436
0.6256656700182112 0.7710759088349436
0.6297060740586152 0.7710759088349436
0.6337464780990192 0.7710759088349436
0.6377868821394233 0.7710759088349436
0.6418272861798273 0.7710759088349436
0.6458676902202314 0.7710759088349436
0.6499080942606354 0.7710759088349436
0.6539484983010395 0.7710759088349436
0.6579889023414435 0.7710759088349436
0.6054636498161909 0.7751163128753477
0.609504053856595 0.7751163128753477
0.6135444578969991 0.7751163128753477
0.6175848619374031 0.7751163128753477
0.6216252659778071 0.7751163128753477
0.6256656700182112 0.7751163128753477
0.6297060740586152 0.7751163128753477
0.6337464780990192 0.7751163128753477
0.6377868821394233 0.7751163128753477
0.6418272861798273 0.7751163128753477
0.6458676902202314 0.7751163128753477
0.6499080942606354 0.7751163128753477
0.6539484983010395 0.7751163128753477
0.6054636498161909 0.7791567169157517
0.609504053856595 0.7791567169157517
0.6135444578969991 0.7791567169157517
0.6175848619374031 0.7791567169157517
0.6216252659778071 0.7791567169157517
0.6256656700182112 0.7791567169157517
0.6297060740586152 0.7791567169157517
0.6337464780990192 0.7791567169157517
0.6377868821394233 0.7791567169157517
0.6418272861798273 0.7791567169157517
0.6458676902202314 0.7791567169157517
0.6014232457757869 0.7831971209561558
0.6054636498161909 0.7831971209561558
0.609504053856595 0.7831971209561558
0.6135444578969991 0.7831971209561558
0.6175848619374031 0.7831971209561558
0.6216252659778071 0.7831971209561558
0.6256656700182112 0.7831971209561558
0.6297060740586152 0.7831971209561558
0.6337464780990192 0.7831971209561558
0.6377868821394233 0.7831971209561558
0.6418272861798273 0.7831971209561558
0.5933424376949789 0.7872375249965597
0.5973828417353828 0.7872375249965597
0.6014232457757869 0.7872375249965597
0.6054636498161909 0.7872375249965597
0.609504053856595 0.7872375249965597
0.6135444578969991 0.7872375249965597
0.6175848619374031 0.7872375249965597
0.6216252659778071 0.7872375249965597
0.6256656700182112 0.7872375249965597
0.6297060740586152 0.7872375249965597
0.6337464780990192 0.7872375249965597
0.6377868821394233 0.7872375249965597
0.5893020336545748 0.7912779290369638
0.5933424376949789 0.7912779290369638
0.5973828417353828 0.7912779290369638
0.6014232457757869 0.7912779290369638
0.6054636498161909 0.7912779290369638
0.609504053856595 0.7912779290369638
0.6135444578969991 0.7912779290369638
0.6175848619374031 0.7912779290369638
0.6216252659778071 0.7912779290369638
0.6256656700182112 0.7912779290369638
0.6297060740586152 0.7912779290369638
0.5812212255737668 0.7953183330773679
0.5852616296141708 0.7953183330773679
0.5893020336545748 0.7953183330773679
0.5933424376949789 0.7953183330773679
0.5973828417353828 0.7953183330773679
0.6014232457757869 0.7953183330773679
0.6054636498161909 0.7953183330773679
0.609504053856595 0.7953183330773679
0.6135444578969991 0.7953183330773679
0.6175848619374031 0.7953183330773679
0.6216252659778071 0.7953183330773679
0.6256656700182112 0.7953183330773679
0.6297060740586152 0.7953183330773679
0.5771808215333627 0.799358737117772
0.5812212255737668 0.799358737117772
0.5852616296141708 0.799358737117772
0.5893020336545748 0.799358737117772
0.5933424376949789 0.799358737117772
0.5973828417353828 0.799358737117772
0.6014232457757869 0.799358737117772
0.6054636498161909 0.799358737117772
0.609504053856595 0.799358737117772
0.6135444578969991 0.799358737117772
0.6175848619374031 0.799358737117772
0.6216252659778071 0.799358737117772
0.5691000134525546 0.803399141158176
0.5731404174929586 0.803399141158176
0.5771808215333627 0.803399141158176
0.5812212255737668 0.803399141158176
0.5852616296141708 0.803399141158176
0.5893020336545748 0.803399141158176
0.5933424376949789 0.803399141158176
0.5973828417353828 0.803399141158176
0.6014232457757869 0.803399141158176
0.6054636498161909 0.803399141158176
0.609504053856595 0.803399141158176
0.6135444578969991 0.803399141158176
0.6175848619374031 0.803399141158176
0.5650596094121505 0.80743954519858
0.5691000134525546 0.80743954519858
0.5731404174929586 0.80743954519858
0.5771808215333627 0.80743954519858
0.5812212255737668 0.80743954519858
0.5852616296141708 0.80743954519858
0.5893020336545748 0.80743954519858
0.5933424376949789 0.80743954519858
0.5973828417353828 0.80743954519858
0.6014232457757869 0.80743954519858
0.6054636498161909 0.80743954519858
0.609504053856595 0.80743954519858
0.6135444578969991 0.80743954519858
0.5569788013313425 0.811479949238984
0.5610192053717465 0.811479949238984
0.5650596094121505 0.811479949238984
0.5691000134525546 0.811479949238984
0.5731404174929586 0.811479949238984
0.5771808215333627 0.811479949238984
0.5812212255737668 0.811479949238984
0.5852616296141708 0.811479949238984
0.5893020336545748 0.811479949238984
0.5933424376949789 0.811479949238984
0.5973828417353828 0.811479949238984
0.6014232457757869 0.811479949238984
0.6054636498161909 0.811479949238984
0.5529383972909384 0.8155203532793881
0.5569788013313425 0.8155203532793881
0.5610192053717465 0.8155203532793881
0.5650596094121505 0.8155203532793881
0.5691000134525546 0.8155203532793881
0.5731404174929586 0.8155203532793881
0.5771808215333627 0.8155203532793881
0.5812212255737668 0.8155203532793881
0.5852616296141708 0.8155203532793881
0.5893020336545748 0.8155203532793881
0.5933424376949789 0.8155203532793881
0.5973828417353828 0.8155203532793881
0.6054636498161909 0.8155203532793881
0.5448575892101304 0.819560757319792
0.5488979932505345 0.819560757319792
0.5529383972909384 0.819560757319792
0.5569788013313425 0.819560757319792
0.5610192053717465 0.819560757319792
0.5650596094121505 0.819560757319792
0.5691000134525546 0.819560757319792
0.5731404174929586 0.819560757319792
0.5771808215333627 0.819560757319792
0.5812212255737668 0.819560757319792
0.5852616296141708 0.819560757319792
0.5893020336545748 0.819560757319792
0.5933424376949789 0.819560757319792
0.5973828417353828 0.819560757319792
0.5408171851697263 0.8236011613601961
0.5448575892101304 0.8236011613601961
0.5488979932505345 0.8236011613601961
0.5529383972909384 0.8236011613601961
0.5569788013313425 0.8236011613601961
0.5610192053717465 0.8236011613601961
0.5650596094121505 0.8236011613601961
0.5691000134525546 0.8236011613601961
0.5731404174929586 0.8236011613601961
0.5771808215333627 0.8236011613601961
0.5812212255737668 0.8236011613601961
0.5852616296141708 0.8236011613601961
0.5893020336545748 0.8236011613601961
0.5327363770889182 0.8276415654006002
0.5367767811293223 0.8276415654006002
0.5408171851697263 0.8276415654006002
0.5448575892101304 0.8276415654006002
0.5488979932505345 0.8276415654006002
0.5529383972909384 0.8276415654006002
0.5569788013313425 0.8276415654006002
0.5610192053717465 0.8276415654006002
0.5650596094121505 0.8276415654006002
0.5691000134525546 0.8276415654006002
0.5731404174929586 0.8276415654006002
0.5771808215333627 0.8276415654006002
0.5812212255737668 0.8276415654006002
0.5286959730485142 0.8316819694410043
0.5327363770889182 0.8316819694410043
0.5367767811293223 0.8316819694410043
0.5408171851697263 0.8316819694410043
0.5448575892101304 0.8316819694410043
0.5488979932505345 0.8316819694410043
0.5529383972909384 0.8316819694410043
0.5569788013313425 0.8316819694410043
0.5610192053717465 0.8316819694410043
0.5650596094121505 0.8316819694410043
0.5691000134525546 0.8316819694410043
0.5731404174929586 0.8316819694410043
0.5771808215333627 0.8316819694410043
0.5246555690081102 0.8357223734814083
0.5286959730485142 0.8357223734814083
0.5327363770889182 0.8357223734814083
0.5367767811293223 0.8357223734814083
0.5408171851697263 0.8357223734814083
0.5448575892101304 0.8357223734814083
0.5488979932505345 0.8357223734814083
0.5529383972909384 0.8357223734814083
0.5569788013313425 0.8357223734814083
0.5610192053717465 0.8357223734814083
0.5650596094121505 0.8357223734814083
0.5691000134525546 0.8357223734814083
0.516574760927302 0.8397627775218124
0.5206151649677061 0.8397627775218124
0.5246555690081102 0.8397627775218124
0.5286959730485142 0.8397627775218124
0.5327363770889182 0.8397627775218124
0.5367767811293223 0.8397627775218124
0.5408171851697263 0.8397627775218124
0.5448575892101304 0.8397627775218124
0.5488979932505345 0.8397627775218124
0.5529383972909384 0.8397627775218124
0.5569788013313425 0.8397627775218124
0.5610192053717465 0.8397627775218124
0.5650596094121505 0.8397627775218124
0.5125343568868981 0.8438031815622163
0.516574760927302 0.8438031815622163
0.5206151649677061 0.8438031815622163
0.5246555690081102 0.8438031815622163
0.5286959730485142 0.8438031815622163
0.5327363770889182 0.8438031815622163
0.5367767811293223 0.8438031815622163
0.5408171851697263 0.8438031815622163
0.5448575892101304 0.8438031815622163
0.5488979932505345 0.8438031815622163
0.5529383972909384 0.8438031815622163
0.5569788013313425 0.8438031815622163
0.5610192053717465 0.8438031815622163
0.5004131447656859 0.8478435856026204
0.50445354880609 0.8478435856026204
0.508493952846494 0.8478435856026204
0.5125343568868981 0.8478435856026204
0.516574760927302 0.8478435856026204
0.5206151649677061 0.8478435856026204
0.5246555690081102 0.8478435856026204
0.5286959730485142 0.8478435856026204
0.5327363770889182 0.8478435856026204
0.5367767811293223 0.8478435856026204
0.5408171851697263 0.8478435856026204
0.5448575892101304 0.8478435856026204
0.5488979932505345 0.8478435856026204
0.5529383972909384 0.8478435856026204
0.5569788013313425 0.8478435856026204
0.49233233668487786 0.8518839896430245
0.49637274072528187 0.8518839896430245
0.5004131447656859 0.8518839896430245
0.50445354880609 0.8518839896430245
0.508493952846494 0.8518839896430245
0.5125343568868981 0.8518839896430245
0.516574760927302 0.8518839896430245
0.5206151649677061 0.8518839896430245
0.5246555690081102 0.8518839896430245
0.5286959730485142 0.8518839896430245
0.5327363770889182 0.8518839896430245
0.5367767811293223 0.8518839896430245
0.5408171851697263 0.8518839896430245
0.5448575892101304 0.8518839896430245
0.5488979932505345 0.8518839896430245
0.49233233668487786 0.8559243936834284
0.49637274072528187 0.8559243936834284
0.5004131447656859 0.8559243936834284
0.50445354880609 0.8559243936834284
0.508493952846494 0.8559243936834284
0.5125343568868981 0.8559243936834284
0.516574760927302 0.8559243936834284
0.5206151649677061 0.8559243936834284
0.5246555690081102 0.8559243936834284
0.5286959730485142 0.8559243936834284
0.5327363770889182 0.8559243936834284
0.5367767811293223 0.8559243936834284
0.5408171851697263 0.8559243936834284
0.4802111245636657 0.8599647977238325
0.4842515286040697 0.8599647977238325
0.4882919326444738 0.8599647977238325
0.49233233668487786 0.8599647977238325
0.49637274072528187 0.8599647977238325
0.5004131447656859 0.8599647977238325
0.50445354880609 0.8599647977238325
0.508493952846494 0.8599647977238325
0.5125343568868981 0.8599647977238325
0.516574760927302 0.8599647977238325
0.5206151649677061 0.8599647977238325
0.5246555690081102 0.8599647977238325
0.5286959730485142 0.8599647977238325
0.5327363770889182 0.8599647977238325
0.47213031648285764 0.8640052017642366
0.4761707205232617 0.8640052017642366
0.4802111245636657 0.8640052017642366
0.4842515286040697 0.8640052017642366
0.4882919326444738 0.8640052017642366
0.49233233668487786 0.8640052017642366
0.49637274072528187 0.8640052017642366
0.5004131447656859 0.8640052017642366
0.50445354880609 0.8640052017642366
0.508493952846494 0.8640052017642366
0.5125343568868981 0.8640052017642366
0.516574760927302 0.8640052017642366
0.5206151649677061 0.8640052017642366
0.5246555690081102 0.8640052017642366
0.5286959730485142 0.8640052017642366
0.46808991244245357 0.8680456058046406
0.47213031648285764 0.8680456058046406
0.4761707205232617 0.8680456058046406
0.4802111245636657 0.8680456058046406
0.4842515286040697 0.8680456058046406
0.4882919326444738 0.8680456058046406
0.49233233668487786 0.8680456058046406
0.49637274072528187 0.8680456058046406
0.5004131447656859 0.8680456058046406
0.50445354880609 0.8680456058046406
0.508493952846494 0.8680456058046406
0.5125343568868981 0.8680456058046406
0.516574760927302 0.8680456058046406
0.5206151649677061 0.8680456058046406
0.4559687003212415 0.8720860098450447
0.4600091043616455 0.8720860098450447
0.46404950840204956 0.8720860098450447
0.46808991244245357 0.8720860098450447
0.47213031648285764 0.8720860098450447
0.4761707205232617 0.8720860098450447
0.4802111245636657 0.8720860098450447
0.4842515286040697 0.8720860098450447
0.4882919326444738 0.8720860098450447
0.49233233668487786 0.8720860098450447
0.49637274072528187 0.8720860098450447
0.5004131447656859 0.8720860098450447
0.50445354880609 0.8720860098450447
0.508493952846494 0.8720860098450447
0.5125343568868981 0.8720860098450447
0.516574760927302 0.8720860098450447
0.4519282962808374 0.8761264138854487
0.4559687003212415 0.8761264138854487
0.4600091043616455 0.8761264138854487
0.46404950840204956 0.8761264138854487
0.46808991244245357 0.8761264138854487
0.47213031648285764 0.8761264138854487
0.4761707205232617 0.8761264138854487
0.4802111245636657 0.8761264138854487
0.4842515286040697 0.8761264138854487
0.4882919326444738 0.8761264138854487
0.49233233668487786 0.8761264138854487
0.49637274072528187 0.8761264138854487
0.5004131447656859 0.8761264138854487
0.50445354880609 0.8761264138854487
0.43980708415962533 0.8801668179258527
0.44384748820002934 0.8801668179258527
0.44788789224043335 0.8801668179258527
0.4519282962808374 0.8801668179258527
0.4559687003212415 0.8801668179258527
0.4600091043616455 0.8801668179258527
0.46404950840204956 0.8801668179258527
0.46808991244245357 0.8801668179258527
0.47213031648285764 0.8801668179258527
0.4761707205232617 0.8801668179258527
0.4802111245636657 0.8801668179258527
0.4842515286040697 0.8801668179258527
0.4882919326444738 0.8801668179258527
0.49233233668487786 0.8801668179258527
0.49637274072528187 0.8801668179258527
0.5004131447656859 0.8801668179258527
0.43576668011922126 0.8842072219662568
0.43980708415962533 0.8842072219662568
0.44384748820002934 0.8842072219662568
0.44788789224043335 0.8842072219662568
0.4519282962808374 0.8842072219662568
0.4559687003212415 0.8842072219662568
0.4600091043616455 0.8842072219662568
0.46404950840204956 0.8842072219662568
0.46808991244245357 0.8842072219662568
0.47213031648285764 0.8842072219662568
0.4761707205232617 0.8842072219662568
0.4802111245636657 0.8842072219662568
0.4842515286040697 0.8842072219662568
0.4882919326444738 0.8842072219662568
0.49233233668487786 0.8842072219662568
0.4236454679980092 0.8882476260066607
0.4276858720384132 0.8882476260066607
0.4317262760788172 0.8882476260066607
0.43576668011922126 0.8882476260066607
0.43980708415962533 0.8882476260066607
0.44384748820002934 0.8882476260066607
0.44788789224043335 0.8882476260066607
0.4519282962808374 0.8882476260066607
0.4559687003212415 0.8882476260066607
0.4600091043616455 0.8882476260066607
0.46404950840204956 0.8882476260066607
0.46808991244245357 0.8882476260066607
0.47213031648285764 0.8882476260066607
0.4761707205232617 0.8882476260066607
0.4802111245636657 0.8882476260066607
0.4842515286040697 0.8882476260066607
0.4882919326444738 0.8882476260066607
0.4196050639576051 0.8922880300470648
0.4236454679980092 0.8922880300470648
0.4276858720384132 0.8922880300470648
0.4317262760788172 0.8922880300470648
0.43576668011922126 0.8922880300470648
0.43980708415962533 0.8922880300470648
0.44384748820002934 0.8922880300470648
0.44788789224043335 0.8922880300470648
0.4519282962808374 0.8922880300470648
0.4559687003212415 0.8922880300470648
0.4600091043616455 0.8922880300470648
0.46404950840204956 0.8922880300470648
0.46808991244245357 0.8922880300470648
0.47213031648285764 0.8922880300470648
0.4761707205232617 0.8922880300470648
0.4802111245636657 0.8922880300470648
0.40748385183639296 0.8963284340874689
0.41152425587679703 0.8963284340874689
0.41556465991720104 0.8963284340874689
0.4196050639576051 0.8963284340874689
0.4236454679980092 0.8963284340874689
0.4276858720384132 0.8963284340874689
0.4317262760788172 0.8963284340874689
0.43576668011922126 0.8963284340874689
0.43980708415962533 0.8963284340874689
0.44384748820002934 0.8963284340874689
0.44788789224043335 0.8963284340874689
0.4519282962808374 0.8963284340874689
0.4559687003212415 0.8963284340874689
0.4600091043616455 0.8963284340874689
0.46404950840204956 0.8963284340874689
0.46808991244245357 0.8963284340874689
0.40344344779598895 0.9003688381278729
0.40748385183639296 0.9003688381278729
0.41152425587679703 0.9003688381278729
0.41556465991720104 0.9003688381278729
0.4196050639576051 0.9003688381278729
0.4236454679980092 0.9003688381278729
0.4276858720384132 0.9003688381278729
0.4317262760788172 0.9003688381278729
0.43576668011922126 0.9003688381278729
0.43980708415962533 0.9003688381278729
0.44384748820002934 0.9003688381278729
0.44788789224043335 0.9003688381278729
0.4519282962808374 0.9003688381278729
0.4559687003212415 0.9003688381278729
0.4600091043616455 0.9003688381278729
0.46404950840204956 0.9003688381278729
0.3913222356747768 0.904409242168277
0.3953626397151809 0.904409242168277
0.3994030437555849 0.904409242168277
0.40344344779598895 0.904409242168277
0.40748385183639296 0.904409242168277
0.41152425587679703 0.904409242168277
0.41556465991720104 0.904409242168277
0.4196050639576051 0.904409242168277
0.4236454679980092 0.904409242168277
0.4276858720384132 0.904409242168277
0.4317262760788172 0.904409242168277
0.43576668011922126 0.904409242168277
0.43980708415962533 0.904409242168277
0.44384748820002934 0.904409242168277
0.44788789224043335 0.904409242168277
0.4519282962808374 0.904409242168277
0.37516061951316065 0.9084496462086811
0.38324142759396873 0.9084496462086811
0.3872818316343728 0.9084496462086811
0.3913222356747768 0.9084496462086811
0.3953626397151809 0.9084496462086811
0.3994030437555849 0.9084496462086811
0.40344344779598895 0.9084496462086811
0.40748385183639296 0.9084496462086811
0.41152425587679703 0.9084496462086811
0.41556465991720104 0.9084496462086811
0.4196050639576051 0.9084496462086811
0.4236454679980092 0.9084496462086811
0.4276858720384132 0.9084496462086811
0.4317262760788172 0.9084496462086811
0.43576668011922126 0.9084496462086811
0.43980708415962533 0.9084496462086811
0.44384748820002934 0.9084496462086811
0.37112021547275664 0.912490050249085
0.37516061951316065 0.912490050249085
0.37920102355356466 0.912490050249085
0.38324142759396873 0.912490050249085
0.3872818316343728 0.912490050249085
0.3913222356747768 0.912490050249085
0.3953626397151809 0.912490050249085
0.3994030437555849 0.912490050249085
0.40344344779598895 0.912490050249085
0.40748385183639296 0.912490050249085
0.41152425587679703 0.912490050249085
0.41556465991720104 0.912490050249085
0.4196050639576051 0.912490050249085
0.4236454679980092 0.912490050249085
0.4276858720384132 0.912490050249085
0.4317262760788172 0.912490050249085
0.43576668011922126 0.912490050249085
0.3589990033515445 0.9165304542894891
0.3630394073919485 0.9165304542894891
0.3670798114323526 0.9165304542894891
0.37112021547275664 0.9165304542894891
0.37516061951316065 0.9165304542894891
0.37920102355356466 0.9165304542894891
0.38324142759396873 0.9165304542894891
0.3872818316343728 0.9165304542894891
0.3913222356747768 0.9165304542894891
0.3953626397151809 0.9165304542894891
0.3994030437555849 0.9165304542894891
0.40344344779598895 0.9165304542894891
0.40748385183639296 0.9165304542894891
0.41152425587679703 0.9165304542894891
0.41556465991720104 0.9165304542894891
0.4196050639576051 0.9165304542894891
0.4236454679980092 0.9165304542894891
0.4276858720384132 0.9165304542894891
0.4317262760788172 0.9165304542894891
0.3509181952707364 0.920570858329893
0.3549585993111405 0.920570858329893
0.3589990033515445 0.920570858329893
0.3630394073919485 0.920570858329893
0.3670798114323526 0.920570858329893
0.37112021547275664 0.920570858329893
0.37516061951316065 0.920570858329893
0.37920102355356466 0.920570858329893
0.38324142759396873 0.920570858329893
0.3872818316343728 0.920570858329893
0.3913222356747768 0.920570858329893
0.3953626397151809 0.920570858329893
0.3994030437555849 0.920570858329893
0.40344344779598895 0.920570858329893
0.40748385183639296 0.920570858329893
0.41152425587679703 0.920570858329893
0.41556465991720104 0.920570858329893
0.4196050639576051 0.920570858329893
0.33475657910912027 0.9246112623702971
0.34283738718992834 0.9246112623702971
0.34687779123033236 0.9246112623702971
0.3509181952707364 0.9246112623702971
0.3549585993111405 0.9246112623702971
0.3589990033515445 0.9246112623702971
0.3630394073919485 0.9246112623702971
0.3670798114323526 0.9246112623702971
0.37112021547275664 0.9246112623702971
0.37516061951316065 0.9246112623702971
0.37920102355356466 0.9246112623702971
0.38324142759396873 0.9246112623702971
0.3872818316343728 0.9246112623702971
0.3913222356747768 0.9246112623702971
0.3953626397151809 0.9246112623702971
0.3994030437555849 0.9246112623702971
0.40344344779598895 0.9246112623702971
0.40748385183639296 0.9246112623702971
0.3226353669879081 0.9286516664107012
0.3266757710283122 0.9286516664107012
0.33475657910912027 0.9286516664107012
0.3387969831495243 0.9286516664107012
0.34283738718992834 0.9286516664107012
0.34687779123033236 0.9286516664107012
0.3509181952707364 0.9286516664107012
0.3549585993111405 0.9286516664107012
0.3589990033515445 0.9286516664107012
0.3630394073919485 0.9286516664107012
0.3670798114323526 0.9286516664107012
0.37112021547275664 0.9286516664107012
0.37516061951316065 0.9286516664107012
0.37920102355356466 0.9286516664107012
0.38324142759396873 0.9286516664107012
0.3872818316343728 0.9286516664107012
0.3913222356747768 0.9286516664107012
0.3953626397151809 0.9286516664107012
0.3994030437555849 0.9286516664107012
0.40344344779598895 0.9286516664107012
0.3185949629475041 0.9326920704511052
0.3226353669879081 0.9326920704511052
0.3266757710283122 0.9326920704511052
0.3307161750687162 0.9326920704511052
0.33475657910912027 0.9326920704511052
0.3387969831495243 0.9326920704511052
0.34283738718992834 0.9326920704511052
0.34687779123033236 0.9326920704511052
0.3509181952707364 0.9326920704511052
0.3549585993111405 0.9326920704511052
0.3589990033515445 0.9326920704511052
0.3630394073919485 0.9326920704511052
0.3670798114323526 0.9326920704511052
0.37112021547275664 0.9326920704511052
0.37516061951316065 0.9326920704511052
0.37920102355356466 0.9326920704511052
0.38324142759396873 0.9326920704511052
0.3872818316343728 0.9326920704511052
0.3913222356747768 0.9326920704511052
0.3953626397151809 0.9326920704511052
0.310514154866696 0.9367324744915093
0.31455455890710005 0.9367324744915093
0.3185949629475041 0.9367324744915093
0.3226353669879081 0.9367324744915093
0.3266757710283122 0.9367324744915093
0.3307161750687162 0.9367324744915093
0.33475657910912027 0.9367324744915093
0.3387969831495243 0.9367324744915093
0.34283738718992834 0.9367324744915093
0.34687779123033236 0.9367324744915093
0.3509181952707364 0.9367324744915093
0.3549585993111405 0.9367324744915093
0.3589990033515445 0.9367324744915093
0.3630394073919485 0.9367324744915093
0.3670798114323526 0.9367324744915093
0.37112021547275664 0.9367324744915093
0.37516061951316065 0.9367324744915093
0.37920102355356466 0.9367324744915093
0.2983929427454839 0.9407728785319134
0.30243334678588796 0.9407728785319134
0.30647375082629197 0.9407728785319134
0.310514154866696 0.9407728785319134
0.31455455890710005 0.9407728785319134
0.3185949629475041 0.9407728785319134
0.3226353669879081 0.9407728785319134
0.3266757710283122 0.9407728785319134
0.3307161750687162 0.9407728785319134
0.33475657910912027 0.9407728785319134
0.3387969831495243 0.9407728785319134
0.34283738718992834 0.9407728785319134
0.34687779123033236 0.9407728785319134
0.3509181952707364 0.9407728785319134
0.3549585993111405 0.9407728785319134
0.3589990033515445 0.9407728785319134
0.3630394073919485 0.9407728785319134
0.3670798114323526 0.9407728785319134
0.37112021547275664 0.9407728785319134
0.2983929427454839 0.9448132825723174
0.30243334678588796 0.9448132825723174
0.30647375082629197 0.9448132825723174
0.310514154866696 0.9448132825723174
0.31455455890710005 0.9448132825723174
0.3185949629475041 0.9448132825723174
0.3226353669879081 0.9448132825723174
0.3266757710283122 0.9448132825723174
0.3307161750687162 0.9448132825723174
0.33475657910912027 0.9448132825723174
0.3387969831495243 0.9448132825723174
0.34283738718992834 0.9448132825723174
0.34687779123033236 0.9448132825723174
0.3509181952707364 0.9448132825723174
0.3549585993111405 0.9448132825723174
0.3589990033515445 0.9448132825723174
0.2983929427454839 0.9488536866127214
0.30243334678588796 0.9488536866127214
0.30647375082629197 0.9488536866127214
0.310514154866696 0.9488536866127214
0.31455455890710005 0.9488536866127214
0.3185949629475041 0.9488536866127214
0.3226353669879081 0.9488536866127214
0.3266757710283122 0.9488536866127214
0.3307161750687162 0.9488536866127214
0.33475657910912027 0.9488536866127214
0.3387969831495243 0.9488536866127214
0.34283738718992834 0.9488536866127214
0.34687779123033236 0.9488536866127214
0.3509181952707364 0.9488536866127214
0.2983929427454839 0.9528940906531255
0.30243334678588796 0.9528940906531255
0.30647375082629197 0.9528940906531255
0.310514154866696 0.9528940906531255
0.31455455890710005 0.9528940906531255
0.3185949629475041 0.9528940906531255
0.3226353669879081 0.9528940906531255
0.3266757710283122 0.9528940906531255
0.3307161750687162 0.9528940906531255
0.33475657910912027 0.9528940906531255
0.3387969831495243 0.9528940906531255
0.34283738718992834 0.9528940906531255
0.2983929427454839 0.9569344946935294
0.30243334678588796 0.9569344946935294
0.30647375082629197 0.9569344946935294
0.310514154866696 0.9569344946935294
0.31455455890710005 0.9569344946935294
0.3185949629475041 0.9569344946935294
0.3226353669879081 0.9569344946935294
0.3266757710283122 0.9569344946935294
0.3307161750687162 0.9569344946935294
0.2983929427454839 0.9609748987339335
0.30243334678588796 0.9609748987339335
0.30647375082629197 0.9609748987339335
0.310514154866696 0.9609748987339335
0.31455455890710005 0.9609748987339335
0.2983929427454839 0.9650153027743376
0.30243334678588796 0.9650153027743376
0.30647375082629197 0.9650153027743376
