# x y
0.6941840876653464 0.698348636107671
0.6982244917057505 0.698348636107671
0.6901436836249424 0.702389040148075
0.6941840876653464 0.702389040148075
0.6982244917057505 0.702389040148075
0.6861032795845383 0.706429444188479
0.6901436836249424 0.706429444188479
0.6941840876653464 0.706429444188479
0.6982244917057505 0.706429444188479
0.6861032795845383 0.710469848228883
0.6901436836249424 0.710469848228883
0.6941840876653464 0.710469848228883
0.6982244917057505 0.710469848228883
0.6780224715037303 0.7145102522692871
0.6820628755441343 0.7145102522692871
0.6861032795845383 0.7145102522692871
0.6901436836249424 0.7145102522692871
0.6941840876653464 0.7145102522692871
0.6982244917057505 0.7145102522692871
0.6739820674633262 0.7185506563096911
0.6780224715037303 0.7185506563096911
0.6820628755441343 0.7185506563096911
0.6861032795845383 0.7185506563096911
0.6901436836249424 0.7185506563096911
0.6941840876653464 0.7185506563096911
0.6982244917057505 0.7185506563096911
0.6739820674633262 0.7225910603500951
0.6780224715037303 0.7225910603500951
0.6820628755441343 0.7225910603500951
0.6861032795845383 0.7225910603500951
0.6901436836249424 0.7225910603500951
0.6941840876653464 0.7225910603500951
0.6982244917057505 0.7225910603500951
0.6659012593825182 0.7266314643904992
0.6699416634229223 0.7266314643904992
0.6739820674633262 0.7266314643904992
0.6780224715037303 0.7266314643904992
0.6820628755441343 0.7266314643904992
0.6861032795845383 0.7266314643904992
0.6901436836249424 0.7266314643904992
0.6941840876653464 0.7266314643904992
0.6982244917057505 0.7266314643904992
0.6618608553421141 0.7306718684309033
0.6659012593825182 0.7306718684309033
0.6699416634229223 0.7306718684309033
0.6739820674633262 0.7306718684309033
0.6780224715037303 0.7306718684309033
0.6820628755441343 0.7306718684309033
0.6861032795845383 0.7306718684309033
0.6901436836249424 0.7306718684309033
0.6941840876653464 0.7306718684309033
0.6982244917057505 0.7306718684309033
0.6578204513017101 0.7347122724713073
0.6618608553421141 0.7347122724713073
0.6659012593825182 0.7347122724713073
0.6699416634229223 0.7347122724713073
0.6739820674633262 0.7347122724713073
0.6780224715037303 0.7347122724713073
0.6820628755441343 0.7347122724713073
0.6861032795845383 0.7347122724713073
0.6901436836249424 0.7347122724713073
0.6941840876653464 0.7347122724713073
0.6497396432209019 0.7387526765117113
0.653780047261306 0.7387526765117113
0.6578204513017101 0.7387526765117113
0.6618608553421141 0.7387526765117113
0.6659012593825182 0.7387526765117113
0.6699416634229223 0.7387526765117113
0.6739820674633262 0.7387526765117113
0.6780224715037303 0.7387526765117113
0.6820628755441343 0.7387526765117113
0.6861032795845383 0.7387526765117113
0.6901436836249424 0.7387526765117113
0.645699239180498 0.7427930805521153
0.6497396432209019 0.7427930805521153
0.653780047261306 0.7427930805521153
0.6578204513017101 0.7427930805521153
0.6618608553421141 0.7427930805521153
0.6659012593825182 0.7427930805521153
0.6699416634229223 0.7427930805521153
0.6739820674633262 0.7427930805521153
0.6780224715037303 0.7427930805521153
0.6820628755441343 0.7427930805521153
0.6861032795845383 0.7427930805521153
0.6901436836249424 0.7427930805521153
0.6416588351400939 0.7468334845925194
0.645699239180498 0.7468334845925194
0.6497396432209019 0.7468334845925194
0.653780047261306 0.7468334845925194
0.6578204513017101 0.7468334845925194
0.6618608553421141 0.7468334845925194
0.6659012593825182 0.7468334845925194
0.6699416634229223 0.7468334845925194
0.6739820674633262 0.7468334845925194
0.6780224715037303 0.7468334845925194
0.6416588351400939 0.7508738886329235
0.645699239180498 0.7508738886329235
0.6497396432209019 0.7508738886329235
0.653780047261306 0.7508738886329235
0.6578204513017101 0.7508738886329235
0.6618608553421141 0.7508738886329235
0.6659012593825182 0.7508738886329235
0.6699416634229223 0.7508738886329235
0.6739820674633262 0.7508738886329235
0.6780224715037303 0.7508738886329235
0.6295376230188818 0.7549142926733274
0.6335780270592859 0.7549142926733274
0.63761843109969 0.7549142926733274
0.6416588351400939 0.7549142926733274
0.645699239180498 0.7549142926733274
0.6497396432209019 0.7549142926733274
0.653780047261306 0.7549142926733274
0.6578204513017101 0.7549142926733274
0.6618608553421141 0.7549142926733274
0.6659012593825182 0.7549142926733274
0.6699416634229223 0.7549142926733274
0.6739820674633262 0.7549142926733274
0.6780224715037303 0.7549142926733274
0.6295376230188818 0.7589546967137315
0.6335780270592859 0.7589546967137315
0.63761843109969 0.7589546967137315
0.6416588351400939 0.7589546967137315
0.645699239180498 0.7589546967137315
0.6497396432209019 0.7589546967137315
0.653780047261306 0.7589546967137315
0.6578204513017101 0.7589546967137315
0.6618608553421141 0.7589546967137315
0.6659012593825182 0.7589546967137315
0.6699416634229223 0.7589546967137315
0.6214568149380737 0.7629951007541356
0.6254972189784778 0.7629951007541356
0.6295376230188818 0.7629951007541356
0.6335780270592859 0.7629951007541356
0.63761843109969 0.7629951007541356
0.6416588351400939 0.7629951007541356
0.645699239180498 0.7629951007541356
0.6497396432209019 0.7629951007541356
0.653780047261306 0.7629951007541356
0.6578204513017101 0.7629951007541356
0.6618608553421141 0.7629951007541356
0.6659012593825182 0.7629951007541356
0.6214568149380737 0.7670355047945396
0.6254972189784778 0.7670355047945396
0.6295376230188818 0.7670355047945396
0.6335780270592859 0.7670355047945396
0.63761843109969 0.7670355047945396
0.6416588351400939 0.7670355047945396
0.645699239180498 0.7670355047945396
0.6497396432209019 0.7670355047945396
0.653780047261306 0.7670355047945396
0.6578204513017101 0.7670355047945396
0.6618608553421141 0.7670355047945396
0.6093356028168616 0.7710759088349436
0.6133760068572656 0.7710759088349436
0.6174164108976696 0.7710759088349436
0.6214568149380737 0.7710759088349436
0.6254972189784778 0.7710759088349436
0.6295376230188818 0.7710759088349436
0.6335780270592859 0.7710759088349436
0.63761843109969 0.7710759088349436
0.6416588351400939 0.7710759088349436
0.645699239180498 0.7710759088349436
0.6497396432209019 0.7710759088349436
0.653780047261306 0.7710759088349436
0.6578204513017101 0.7710759088349436
0.6093356028168616 0.7751163128753477
0.6133760068572656 0.7751163128753477
0.6174164108976696 0.7751163128753477
0.6214568149380737 0.7751163128753477
0.6254972189784778 0.7751163128753477
0.6295376230188818 0.7751163128753477
0.6335780270592859 0.7751163128753477
0.63761843109969 0.7751163128753477
0.6416588351400939 0.7751163128753477
0.645699239180498 0.7751163128753477
0.6497396432209019 0.7751163128753477
0.6012547947360536 0.7791567169157517
0.6052951987764575 0.7791567169157517
0.6093356028168616 0.7791567169157517
0.6133760068572656 0.7791567169157517
0.6174164108976696 0.7791567169157517
0.6214568149380737 0.7791567169157517
0.6254972189784778 0.7791567169157517
0.6295376230188818 0.7791567169157517
0.6335780270592859 0.7791567169157517
0.63761843109969 0.7791567169157517
0.6416588351400939 0.7791567169157517
0.6497396432209019 0.7791567169157517
0.5972143906956495 0.7831971209561558
0.6012547947360536 0.7831971209561558
0.6052951987764575 0.7831971209561558
0.6093356028168616 0.7831971209561558
0.6133760068572656 0.7831971209561558
0.6174164108976696 0.7831971209561558
0.6214568149380737 0.7831971209561558
0.6254972189784778 0.7831971209561558
0.6295376230188818 0.7831971209561558
0.6335780270592859 0.7831971209561558
0.63761843109969 0.7831971209561558
0.6416588351400939 0.7831971209561558
0.645699239180498 0.7831971209561558
0.5891335826148414 0.7872375249965597
0.5931739866552455 0.7872375249965597
0.5972143906956495 0.7872375249965597
0.6012547947360536 0.7872375249965597
0.6052951987764575 0.7872375249965597
0.6093356028168616 0.7872375249965597
0.6133760068572656 0.7872375249965597
0.6174164108976696 0.7872375249965597
0.6214568149380737 0.7872375249965597
0.6254972189784778 0.7872375249965597
0.6295376230188818 0.7872375249965597
0.6335780270592859 0.7872375249965597
0.63761843109969 0.7872375249965597
0.5850931785744373 0.7912779290369638
0.5891335826148414 0.7912779290369638
0.5931739866552455 0.7912779290369638
0.5972143906956495 0.7912779290369638
0.6012547947360536 0.7912779290369638
0.6052951987764575 0.7912779290369638
0.6093356028168616 0.7912779290369638
0.6133760068572656 0.7912779290369638
0.6174164108976696 0.7912779290369638
0.6214568149380737 0.7912779290369638
0.6254972189784778 0.7912779290369638
0.6295376230188818 0.7912779290369638
0.6335780270592859 0.7912779290369638
0.5770123704936293 0.7953183330773679
0.5810527745340333 0.7953183330773679
0.5850931785744373 0.7953183330773679
0.5891335826148414 0.7953183330773679
0.5931739866552455 0.7953183330773679
0.5972143906956495 0.7953183330773679
0.6012547947360536 0.7953183330773679
0.6052951987764575 0.7953183330773679
0.6093356028168616 0.7953183330773679
0.6133760068572656 0.7953183330773679
0.6174164108976696 0.7953183330773679
0.6214568149380737 0.7953183330773679
0.6254972189784778 0.7953183330773679
0.5770123704936293 0.799358737117772
0.5810527745340333 0.799358737117772
0.5850931785744373 0.799358737117772
0.5891335826148414 0.799358737117772
0.5931739866552455 0.799358737117772
0.5972143906956495 0.799358737117772
0.6012547947360536 0.799358737117772
0.6052951987764575 0.799358737117772
0.6093356028168616 0.799358737117772
0.6133760068572656 0.799358737117772
0.6174164108976696 0.799358737117772
0.6214568149380737 0.799358737117772
0.6254972189784778 0.799358737117772
0.5729719664532252 0.803399141158176
0.5770123704936293 0.803399141158176
0.5810527745340333 0.803399141158176
0.5850931785744373 0.803399141158176
0.5891335826148414 0.803399141158176
0.5931739866552455 0.803399141158176
0.5972143906956495 0.803399141158176
0.6012547947360536 0.803399141158176
0.6052951987764575 0.803399141158176
0.6093356028168616 0.803399141158176
0.6133760068572656 0.803399141158176
0.6174164108976696 0.803399141158176
0.6214568149380737 0.803399141158176
0.5608507543320131 0.80743954519858
0.5648911583724172 0.80743954519858
0.5689315624128213 0.80743954519858
0.5729719664532252 0.80743954519858
0.5770123704936293 0.80743954519858
0.5810527745340333 0.80743954519858
0.5850931785744373 0.80743954519858
0.5891335826148414 0.80743954519858
0.5931739866552455 0.80743954519858
0.5972143906956495 0.80743954519858
0.6012547947360536 0.80743954519858
0.6052951987764575 0.80743954519858
0.6093356028168616 0.80743954519858
0.552769946251205 0.811479949238984
0.5608507543320131 0.811479949238984
0.5648911583724172 0.811479949238984
0.5689315624128213 0.811479949238984
0.5729719664532252 0.811479949238984
0.5770123704936293 0.811479949238984
0.5810527745340333 0.811479949238984
0.5850931785744373 0.811479949238984
0.5891335826148414 0.811479949238984
0.5931739866552455 0.811479949238984
0.5972143906956495 0.811479949238984
0.6012547947360536 0.811479949238984
0.6052951987764575 0.811479949238984
0.6093356028168616 0.811479949238984
0.548729542210801 0.8155203532793881
0.552769946251205 0.8155203532793881
0.5568103502916091 0.8155203532793881
0.5608507543320131 0.8155203532793881
0.5648911583724172 0.8155203532793881
0.5689315624128213 0.8155203532793881
0.5729719664532252 0.8155203532793881
0.5770123704936293 0.8155203532793881
0.5810527745340333 0.8155203532793881
0.5850931785744373 0.8155203532793881
0.5891335826148414 0.8155203532793881
0.5931739866552455 0.8155203532793881
0.5972143906956495 0.8155203532793881
0.6012547947360536 0.8155203532793881
0.548729542210801 0.819560757319792
0.552769946251205 0.819560757319792
0.5568103502916091 0.819560757319792
0.5608507543320131 0.819560757319792
0.5648911583724172 0.819560757319792
0.5689315624128213 0.819560757319792
0.5729719664532252 0.819560757319792
0.5770123704936293 0.819560757319792
0.5810527745340333 0.819560757319792
0.5850931785744373 0.819560757319792
0.5891335826148414 0.819560757319792
0.5931739866552455 0.819560757319792
0.5406487341299929 0.8236011613601961
0.544689138170397 0.8236011613601961
0.548729542210801 0.8236011613601961
0.552769946251205 0.8236011613601961
0.5568103502916091 0.8236011613601961
0.5608507543320131 0.8236011613601961
0.5648911583724172 0.8236011613601961
0.5689315624128213 0.8236011613601961
0.5729719664532252 0.8236011613601961
0.5770123704936293 0.8236011613601961
0.5810527745340333 0.8236011613601961
0.5850931785744373 0.8236011613601961
0.5891335826148414 0.8236011613601961
0.5366083300895889 0.8276415654006002
0.5406487341299929 0.8276415654006002
0.544689138170397 0.8276415654006002
0.548729542210801 0.8276415654006002
0.552769946251205 0.8276415654006002
0.5568103502916091 0.8276415654006002
0.5608507543320131 0.8276415654006002
0.5648911583724172 0.8276415654006002
0.5689315624128213 0.8276415654006002
0.5729719664532252 0.8276415654006002
0.5770123704936293 0.8276415654006002
0.5810527745340333 0.8276415654006002
0.5850931785744373 0.8276415654006002
0.5285275220087808 0.8316819694410043
0.5325679260491849 0.8316819694410043
0.5366083300895889 0.8316819694410043
0.5406487341299929 0.8316819694410043
0.544689138170397 0.8316819694410043
0.548729542210801 0.8316819694410043
0.552769946251205 0.8316819694410043
0.5568103502916091 0.8316819694410043
0.5608507543320131 0.8316819694410043
0.5648911583724172 0.8316819694410043
0.5689315624128213 0.8316819694410043
0.5729719664532252 0.8316819694410043
0.5770123704936293 0.8316819694410043
0.5810527745340333 0.8316819694410043
0.5204467139279727 0.8357223734814083
0.5244871179683768 0.8357223734814083
0.5285275220087808 0.8357223734814083
0.5325679260491849 0.8357223734814083
0.5366083300895889 0.8357223734814083
0.5406487341299929 0.8357223734814083
0.544689138170397 0.8357223734814083
0.548729542210801 0.8357223734814083
0.552769946251205 0.8357223734814083
0.5568103502916091 0.8357223734814083
0.5608507543320131 0.8357223734814083
0.5648911583724172 0.8357223734814083
0.5689315624128213 0.8357223734814083
0.5729719664532252 0.8357223734814083
0.5770123704936293 0.8357223734814083
0.5123659058471646 0.8397627775218124
0.5164063098875686 0.8397627775218124
0.5204467139279727 0.8397627775218124
0.5244871179683768 0.8397627775218124
0.5285275220087808 0.8397627775218124
0.5325679260491849 0.8397627775218124
0.5366083300895889 0.8397627775218124
0.5406487341299929 0.8397627775218124
0.544689138170397 0.8397627775218124
0.548729542210801 0.8397627775218124
0.552769946251205 0.8397627775218124
0.5568103502916091 0.8397627775218124
0.5608507543320131 0.8397627775218124
0.5648911583724172 0.8397627775218124
0.5042850977663565 0.8438031815622163
0.5083255018067606 0.8438031815622163
0.5123659058471646 0.8438031815622163
0.5164063098875686 0.8438031815622163
0.5204467139279727 0.8438031815622163
0.5244871179683768 0.8438031815622163
0.5285275220087808 0.8438031815622163
0.5325679260491849 0.8438031815622163
0.5366083300895889 0.8438031815622163
0.5406487341299929 0.8438031815622163
0.544689138170397 0.8438031815622163
0.548729542210801 0.8438031815622163
0.552769946251205 0.8438031815622163
0.5568103502916091 0.8438031815622163
0.5608507543320131 0.8438031815622163
0.5648911583724172 0.8438031815622163
0.5002446937259525 0.8478435856026204
0.5042850977663565 0.8478435856026204
0.5083255018067606 0.8478435856026204
0.5123659058471646 0.8478435856026204
0.5164063098875686 0.8478435856026204
0.5204467139279727 0.8478435856026204
0.5244871179683768 0.8478435856026204
0.5285275220087808 0.8478435856026204
0.5325679260491849 0.8478435856026204
0.5366083300895889 0.8478435856026204
0.5406487341299929 0.8478435856026204
0.544689138170397 0.8478435856026204
0.548729542210801 0.8478435856026204
0.552769946251205 0.8478435856026204
0.5568103502916091 0.8478435856026204
0.49620428968554847 0.8518839896430245
0.5002446937259525 0.8518839896430245
0.5042850977663565 0.8518839896430245
0.5083255018067606 0.8518839896430245
0.5123659058471646 0.8518839896430245
0.5164063098875686 0.8518839896430245
0.5204467139279727 0.8518839896430245
0.5244871179683768 0.8518839896430245
0.5285275220087808 0.8518839896430245
0.5325679260491849 0.8518839896430245
0.5366083300895889 0.8518839896430245
0.5406487341299929 0.8518839896430245
0.544689138170397 0.8518839896430245
0.548729542210801 0.8518839896430245
0.4881234816047404 0.8559243936834284
0.49216388564514446 0.8559243936834284
0.49620428968554847 0.8559243936834284
0.5002446937259525 0.8559243936834284
0.5042850977663565 0.8559243936834284
0.5083255018067606 0.8559243936834284
0.5123659058471646 0.8559243936834284
0.5164063098875686 0.8559243936834284
0.5204467139279727 0.8559243936834284
0.5244871179683768 0.8559243936834284
0.5285275220087808 0.8559243936834284
0.5325679260491849 0.8559243936834284
0.5366083300895889 0.8559243936834284
0.5406487341299929 0.8559243936834284
0.4800426735239323 0.8599647977238325
0.48408307756433633 0.8599647977238325
0.4881234816047404 0.8599647977238325
0.49216388564514446 0.8599647977238325
0.49620428968554847 0.8599647977238325
0.5002446937259525 0.8599647977238325
0.5042850977663565 0.8599647977238325
0.5083255018067606 0.8599647977238325
0.5123659058471646 0.8599647977238325
0.5164063098875686 0.8599647977238325
0.5204467139279727 0.8599647977238325
0.5244871179683768 0.8599647977238325
0.5285275220087808 0.8599647977238325
0.5325679260491849 0.8599647977238325
0.47196186544312424 0.8640052017642366
0.4760022694835283 0.8640052017642366
0.4800426735239323 0.8640052017642366
0.48408307756433633 0.8640052017642366
0.4881234816047404 0.8640052017642366
0.49216388564514446 0.8640052017642366
0.49620428968554847 0.8640052017642366
0.5002446937259525 0.8640052017642366
0.5042850977663565 0.8640052017642366
0.5083255018067606 0.8640052017642366
0.5123659058471646 0.8640052017642366
0.5164063098875686 0.8640052017642366
0.5204467139279727 0.8640052017642366
0.5244871179683768 0.8640052017642366
0.46388105736231616 0.8680456058046406
0.4679214614027202 0.8680456058046406
0.47196186544312424 0.8680456058046406
0.4760022694835283 0.8680456058046406
0.4800426735239323 0.8680456058046406
0.48408307756433633 0.8680456058046406
0.4881234816047404 0.8680456058046406
0.49216388564514446 0.8680456058046406
0.49620428968554847 0.8680456058046406
0.5002446937259525 0.8680456058046406
0.5042850977663565 0.8680456058046406
0.5083255018067606 0.8680456058046406
0.5123659058471646 0.8680456058046406
0.5164063098875686 0.8680456058046406
0.5204467139279727 0.8680456058046406
0.5285275220087808 0.8680456058046406
0.4558002492815081 0.8720860098450447
0.4598406533219121 0.8720860098450447
0.46388105736231616 0.8720860098450447
0.4679214614027202 0.8720860098450447
0.47196186544312424 0.8720860098450447
0.4760022694835283 0.8720860098450447
0.4800426735239323 0.8720860098450447
0.48408307756433633 0.8720860098450447
0.4881234816047404 0.8720860098450447
0.49216388564514446 0.8720860098450447
0.49620428968554847 0.8720860098450447
0.5002446937259525 0.8720860098450447
0.5042850977663565 0.8720860098450447
0.5083255018067606 0.8720860098450447
0.5123659058471646 0.8720860098450447
0.5164063098875686 0.8720860098450447
0.451759845241104 0.8761264138854487
0.4558002492815081 0.8761264138854487
0.4598406533219121 0.8761264138854487
0.46388105736231616 0.8761264138854487
0.4679214614027202 0.8761264138854487
0.47196186544312424 0.8761264138854487
0.4760022694835283 0.8761264138854487
0.4800426735239323 0.8761264138854487
0.48408307756433633 0.8761264138854487
0.4881234816047404 0.8761264138854487
0.49216388564514446 0.8761264138854487
0.49620428968554847 0.8761264138854487
0.5002446937259525 0.8761264138854487
0.5042850977663565 0.8761264138854487
0.43963863311989193 0.8801668179258527
0.44771944120069995 0.8801668179258527
0.451759845241104 0.8801668179258527
0.4558002492815081 0.8801668179258527
0.4598406533219121 0.8801668179258527
0.46388105736231616 0.8801668179258527
0.4679214614027202 0.8801668179258527
0.47196186544312424 0.8801668179258527
0.4760022694835283 0.8801668179258527
0.4800426735239323 0.8801668179258527
0.48408307756433633 0.8801668179258527
0.4881234816047404 0.8801668179258527
0.49216388564514446 0.8801668179258527
0.49620428968554847 0.8801668179258527
0.5042850977663565 0.8801668179258527
0.43963863311989193 0.8842072219662568
0.44367903716029594 0.8842072219662568
0.44771944120069995 0.8842072219662568
0.451759845241104 0.8842072219662568
0.4558002492815081 0.8842072219662568
0.4598406533219121 0.8842072219662568
0.46388105736231616 0.8842072219662568
0.4679214614027202 0.8842072219662568
0.47196186544312424 0.8842072219662568
0.4760022694835283 0.8842072219662568
0.4800426735239323 0.8842072219662568
0.48408307756433633 0.8842072219662568
0.4881234816047404 0.8842072219662568
0.49216388564514446 0.8842072219662568
0.4234770169582758 0.8882476260066607
0.4275174209986798 0.8882476260066607
0.4315578250390838 0.8882476260066607
0.43559822907948786 0.8882476260066607
0.43963863311989193 0.8882476260066607
0.44367903716029594 0.8882476260066607
0.44771944120069995 0.8882476260066607
0.451759845241104 0.8882476260066607
0.4558002492815081 0.8882476260066607
0.4598406533219121 0.8882476260066607
0.46388105736231616 0.8882476260066607
0.4679214614027202 0.8882476260066607
0.47196186544312424 0.8882476260066607
0.4760022694835283 0.8882476260066607
0.4800426735239323 0.8882476260066607
0.48408307756433633 0.8882476260066607
0.41135580483706363 0.8922880300470648
0.41539620887746764 0.8922880300470648
0.4194366129178717 0.8922880300470648
0.4234770169582758 0.8922880300470648
0.4275174209986798 0.8922880300470648
0.4315578250390838 0.8922880300470648
0.43559822907948786 0.8922880300470648
0.43963863311989193 0.8922880300470648
0.44367903716029594 0.8922880300470648
0.44771944120069995 0.8922880300470648
0.451759845241104 0.8922880300470648
0.4558002492815081 0.8922880300470648
0.4598406533219121 0.8922880300470648
0.46388105736231616 0.8922880300470648
0.4679214614027202 0.8922880300470648
0.47196186544312424 0.8922880300470648
0.4760022694835283 0.8922880300470648
0.48408307756433633 0.8922880300470648
0.40731540079665957 0.8963284340874689
0.41135580483706363 0.8963284340874689
0.41539620887746764 0.8963284340874689
0.4194366129178717 0.8963284340874689
0.4234770169582758 0.8963284340874689
0.4275174209986798 0.8963284340874689
0.4315578250390838 0.8963284340874689
0.43559822907948786 0.8963284340874689
0.43963863311989193 0.8963284340874689
0.44367903716029594 0.8963284340874689
0.44771944120069995 0.8963284340874689
0.451759845241104 0.8963284340874689
0.4558002492815081 0.8963284340874689
0.4598406533219121 0.8963284340874689
0.46388105736231616 0.8963284340874689
0.4679214614027202 0.8963284340874689
0.47196186544312424 0.8963284340874689
0.3992345927158515 0.9003688381278729
0.40327499675625555 0.9003688381278729
0.40731540079665957 0.9003688381278729
0.41135580483706363 0.9003688381278729
0.41539620887746764 0.9003688381278729
0.4194366129178717 0.9003688381278729
0.4234770169582758 0.9003688381278729
0.4275174209986798 0.9003688381278729
0.4315578250390838 0.9003688381278729
0.43559822907948786 0.9003688381278729
0.43963863311989193 0.9003688381278729
0.44367903716029594 0.9003688381278729
0.44771944120069995 0.9003688381278729
0.451759845241104 0.9003688381278729
0.4558002492815081 0.9003688381278729
0.4598406533219121 0.9003688381278729
0.46388105736231616 0.9003688381278729
0.4760022694835283 0.9003688381278729
0.3871133805946394 0.904409242168277
0.3911537846350434 0.904409242168277
0.3951941886754475 0.904409242168277
0.3992345927158515 0.904409242168277
0.40327499675625555 0.904409242168277
0.40731540079665957 0.904409242168277
0.41135580483706363 0.904409242168277
0.41539620887746764 0.904409242168277
0.4194366129178717 0.904409242168277
0.4234770169582758 0.904409242168277
0.4275174209986798 0.904409242168277
0.4315578250390838 0.904409242168277
0.43559822907948786 0.904409242168277
0.43963863311989193 0.904409242168277
0.44367903716029594 0.904409242168277
0.44771944120069995 0.904409242168277
0.451759845241104 0.904409242168277
0.4558002492815081 0.904409242168277
0.38307297655423533 0.9084496462086811
0.3871133805946394 0.9084496462086811
0.3911537846350434 0.9084496462086811
0.3951941886754475 0.9084496462086811
0.3992345927158515 0.9084496462086811
0.40327499675625555 0.9084496462086811
0.40731540079665957 0.9084496462086811
0.41135580483706363 0.9084496462086811
0.41539620887746764 0.9084496462086811
0.4194366129178717 0.9084496462086811
0.4234770169582758 0.9084496462086811
0.4275174209986798 0.9084496462086811
0.4315578250390838 0.9084496462086811
0.43559822907948786 0.9084496462086811
0.43963863311989193 0.9084496462086811
0.44367903716029594 0.9084496462086811
0.44771944120069995 0.9084496462086811
0.3669113603926192 0.912490050249085
0.37095176443302325 0.912490050249085
0.37499216847342726 0.912490050249085
0.37903257251383127 0.912490050249085
0.38307297655423533 0.912490050249085
0.3871133805946394 0.912490050249085
0.3911537846350434 0.912490050249085
0.3951941886754475 0.912490050249085
0.3992345927158515 0.912490050249085
0.40327499675625555 0.912490050249085
0.40731540079665957 0.912490050249085
0.41135580483706363 0.912490050249085
0.41539620887746764 0.912490050249085
0.4194366129178717 0.912490050249085
0.4234770169582758 0.912490050249085
0.4275174209986798 0.912490050249085
0.4315578250390838 0.912490050249085
0.43559822907948786 0.912490050249085
0.43963863311989193 0.912490050249085
0.3669113603926192 0.9165304542894891
0.37095176443302325 0.9165304542894891
0.37499216847342726 0.9165304542894891
0.37903257251383127 0.9165304542894891
0.38307297655423533 0.9165304542894891
0.3871133805946394 0.9165304542894891
0.3911537846350434 0.9165304542894891
0.3951941886754475 0.9165304542894891
0.3992345927158515 0.9165304542894891
0.40327499675625555 0.9165304542894891
0.40731540079665957 0.9165304542894891
0.41135580483706363 0.9165304542894891
0.41539620887746764 0.9165304542894891
0.4194366129178717 0.9165304542894891
0.4234770169582758 0.9165304542894891
0.4275174209986798 0.9165304542894891
0.4315578250390838 0.9165304542894891
0.34670934019059896 0.920570858329893
0.350749744231003 0.920570858329893
0.3547901482714071 0.920570858329893
0.3588305523118111 0.920570858329893
0.3628709563522151 0.920570858329893
0.3669113603926192 0.920570858329893
0.37095176443302325 0.920570858329893
0.37499216847342726 0.920570858329893
0.37903257251383127 0.920570858329893
0.38307297655423533 0.920570858329893
0.3871133805946394 0.920570858329893
0.3911537846350434 0.920570858329893
0.3951941886754475 0.920570858329893
0.3992345927158515 0.920570858329893
0.40327499675625555 0.920570858329893
0.40731540079665957 0.920570858329893
0.41135580483706363 0.920570858329893
0.41539620887746764 0.920570858329893
0.4194366129178717 0.920570858329893
0.4234770169582758 0.920570858329893
0.3386285321097909 0.9246112623702971
0.34266893615019495 0.9246112623702971
0.34670934019059896 0.9246112623702971
0.350749744231003 0.9246112623702971
0.3547901482714071 0.9246112623702971
0.3588305523118111 0.9246112623702971
0.3628709563522151 0.9246112623702971
0.3669113603926192 0.9246112623702971
0.37095176443302325 0.9246112623702971
0.37499216847342726 0.9246112623702971
0.37903257251383127 0.9246112623702971
0.38307297655423533 0.9246112623702971
0.3871133805946394 0.9246112623702971
0.3911537846350434 0.9246112623702971
0.3951941886754475 0.9246112623702971
0.3992345927158515 0.9246112623702971
0.40327499675625555 0.9246112623702971
0.40731540079665957 0.9246112623702971
0.41135580483706363 0.9246112623702971
0.3265073199885788 0.9286516664107012
0.33458812806938687 0.9286516664107012
0.3386285321097909 0.9286516664107012
0.34266893615019495 0.9286516664107012
0.34670934019059896 0.9286516664107012
0.350749744231003 0.9286516664107012
0.3547901482714071 0.9286516664107012
0.3588305523118111 0.9286516664107012
0.3628709563522151 0.9286516664107012
0.3669113603926192 0.9286516664107012
0.37095176443302325 0.9286516664107012
0.37499216847342726 0.9286516664107012
0.37903257251383127 0.9286516664107012
0.38307297655423533 0.9286516664107012
0.3871133805946394 0.9286516664107012
0.3911537846350434 0.9286516664107012
0.3951941886754475 0.9286516664107012
0.3992345927158515 0.9286516664107012
0.40327499675625555 0.9286516664107012
0.31438610786736665 0.9326920704511052
0.3184265119077707 0.9326920704511052
0.3224669159481747 0.9326920704511052
0.3265073199885788 0.9326920704511052
0.3305477240289828 0.9326920704511052
0.33458812806938687 0.9326920704511052
0.3386285321097909 0.9326920704511052
0.34266893615019495 0.9326920704511052
0.34670934019059896 0.9326920704511052
0.350749744231003 0.9326920704511052
0.3547901482714071 0.9326920704511052
0.3588305523118111 0.9326920704511052
0.3628709563522151 0.9326920704511052
0.3669113603926192 0.9326920704511052
0.37095176443302325 0.9326920704511052
0.37499216847342726 0.9326920704511052
0.37903257251383127 0.9326920704511052
0.38307297655423533 0.9326920704511052
0.3871133805946394 0.9326920704511052
0.3911537846350434 0.9326920704511052
0.30226489574615456 0.9367324744915093
0.30630529978655857 0.9367324744915093
0.3103457038269626 0.9367324744915093
0.31438610786736665 0.9367324744915093
0.3184265119077707 0.9367324744915093
0.3224669159481747 0.9367324744915093
0.3265073199885788 0.9367324744915093
0.3305477240289828 0.9367324744915093
0.33458812806938687 0.9367324744915093
0.3386285321097909 0.9367324744915093
0.34266893615019495 0.9367324744915093
0.34670934019059896 0.9367324744915093
0.350749744231003 0.9367324744915093
0.3547901482714071 0.9367324744915093
0.3588305523118111 0.9367324744915093
0.3628709563522151 0.9367324744915093
0.3669113603926192 0.9367324744915093
0.37095176443302325 0.9367324744915093
0.37499216847342726 0.9367324744915093
0.37903257251383127 0.9367324744915093
0.2982244917057505 0.9407728785319134
0.30226489574615456 0.9407728785319134
0.30630529978655857 0.9407728785319134
0.3103457038269626 0.9407728785319134
0.31438610786736665 0.9407728785319134
0.3184265119077707 0.9407728785319134
0.3224669159481747 0.9407728785319134
0.3265073199885788 0.9407728785319134
0.3305477240289828 0.9407728785319134
0.33458812806938687 0.9407728785319134
0.3386285321097909 0.9407728785319134
0.34266893615019495 0.9407728785319134
0.34670934019059896 0.9407728785319134
0.350749744231003 0.9407728785319134
0.3547901482714071 0.9407728785319134
0.3588305523118111 0.9407728785319134
0.3628709563522151 0.9407728785319134
0.3669113603926192 0.9407728785319134
0.37095176443302325 0.9407728785319134
0.37499216847342726 0.9407728785319134
0.2982244917057505 0.9448132825723174
0.30226489574615456 0.9448132825723174
0.30630529978655857 0.9448132825723174
0.3103457038269626 0.9448132825723174
0.31438610786736665 0.9448132825723174
0.3184265119077707 0.9448132825723174
0.3224669159481747 0.9448132825723174
0.3265073199885788 0.9448132825723174
0.3305477240289828 0.9448132825723174
0.33458812806938687 0.9448132825723174
0.3386285321097909 0.9448132825723174
0.34266893615019495 0.9448132825723174
0.34670934019059896 0.9448132825723174
0.350749744231003 0.9448132825723174
0.3547901482714071 0.9448132825723174
0.3588305523118111 0.9448132825723174
0.3628709563522151 0.9448132825723174
0.2982244917057505 0.9488536866127214
0.30226489574615456 0.9488536866127214
0.30630529978655857 0.9488536866127214
0.3103457038269626 0.9488536866127214
0.31438610786736665 0.9488536866127214
0.3184265119077707 0.9488536866127214
0.3224669159481747 0.9488536866127214
0.3265073199885788 0.9488536866127214
0.3305477240289828 0.9488536866127214
0.33458812806938687 0.9488536866127214
0.3386285321097909 0.9488536866127214
0.34266893615019495 0.9488536866127214
0.34670934019059896 0.9488536866127214
0.350749744231003 0.9488536866127214
0.3547901482714071 0.9488536866127214
0.2982244917057505 0.9528940906531255
0.30226489574615456 0.9528940906531255
0.30630529978655857 0.9528940906531255
0.3103457038269626 0.9528940906531255
0.31438610786736665 0.9528940906531255
0.3184265119077707 0.9528940906531255
0.3224669159481747 0.9528940906531255
0.3265073199885788 0.9528940906531255
0.3305477240289828 0.9528940906531255
0.33458812806938687 0.9528940906531255
0.3386285321097909 0.9528940906531255
0.34266893615019495 0.9528940906531255
0.2982244917057505 0.9569344946935294
0.30226489574615456 0.9569344946935294
0.30630529978655857 0.9569344946935294
0.3103457038269626 0.9569344946935294
0.31438610786736665 0.9569344946935294
0.3184265119077707 0.9569344946935294
0.3224669159481747 0.9569344946935294
0.3265073199885788 0.9569344946935294
0.3305477240289828 0.9569344946935294
0.2982244917057505 0.9609748987339335
0.30226489574615456 0.9609748987339335
0.30630529978655857 0.9609748987339335
0.3103457038269626 0.9609748987339335
0.31438610786736665 0.9609748987339335
0.3184265119077707 0.9609748987339335
0.2982244917057505 0.9650153027743376
0.30226489574615456 0.9650153027743376
0.30630529978655857 0.9650153027743376
