# x y
0.6993327840133576 0.702389040148075
0.6952923799729536 0.706429444188479
0.6993327840133576 0.706429444188479
0.6912519759325495 0.710469848228883
0.6952923799729536 0.710469848228883
0.6993327840133576 0.710469848228883
0.6872115718921454 0.7145102522692871
0.6912519759325495 0.7145102522692871
0.6952923799729536 0.7145102522692871
0.6993327840133576 0.7145102522692871
0.6831711678517414 0.7185506563096911
0.6872115718921454 0.7185506563096911
0.6912519759325495 0.7185506563096911
0.6952923799729536 0.7185506563096911
0.6993327840133576 0.7185506563096911
0.6791307638113373 0.7225910603500951
0.6831711678517414 0.7225910603500951
0.6872115718921454 0.7225910603500951
0.6912519759325495 0.7225910603500951
0.6952923799729536 0.7225910603500951
0.6993327840133576 0.7225910603500951
0.6750903597709332 0.7266314643904992
0.6791307638113373 0.7266314643904992
0.6831711678517414 0.7266314643904992
0.6872115718921454 0.7266314643904992
0.6912519759325495 0.7266314643904992
0.6952923799729536 0.7266314643904992
0.6993327840133576 0.7266314643904992
0.6710499557305293 0.7306718684309033
0.6750903597709332 0.7306718684309033
0.6791307638113373 0.7306718684309033
0.6831711678517414 0.7306718684309033
0.6872115718921454 0.7306718684309033
0.6912519759325495 0.7306718684309033
0.6952923799729536 0.7306718684309033
0.6629691476497213 0.7347122724713073
0.6670095516901252 0.7347122724713073
0.6710499557305293 0.7347122724713073
0.6750903597709332 0.7347122724713073
0.6791307638113373 0.7347122724713073
0.6831711678517414 0.7347122724713073
0.6872115718921454 0.7347122724713073
0.6912519759325495 0.7347122724713073
0.6589287436093172 0.7387526765117113
0.6629691476497213 0.7387526765117113
0.6670095516901252 0.7387526765117113
0.6710499557305293 0.7387526765117113
0.6750903597709332 0.7387526765117113
0.6791307638113373 0.7387526765117113
0.6831711678517414 0.7387526765117113
0.6872115718921454 0.7387526765117113
0.6548883395689131 0.7427930805521153
0.6589287436093172 0.7427930805521153
0.6629691476497213 0.7427930805521153
0.6670095516901252 0.7427930805521153
0.6710499557305293 0.7427930805521153
0.6750903597709332 0.7427930805521153
0.6791307638113373 0.7427930805521153
0.6831711678517414 0.7427930805521153
0.6508479355285091 0.7468334845925194
0.6548883395689131 0.7468334845925194
0.6589287436093172 0.7468334845925194
0.6629691476497213 0.7468334845925194
0.6670095516901252 0.7468334845925194
0.6710499557305293 0.7468334845925194
0.6750903597709332 0.7468334845925194
0.646807531488105 0.7508738886329235
0.6508479355285091 0.7508738886329235
0.6548883395689131 0.7508738886329235
0.6589287436093172 0.7508738886329235
0.6629691476497213 0.7508738886329235
0.6670095516901252 0.7508738886329235
0.6710499557305293 0.7508738886329235
0.6427671274477009 0.7549142926733274
0.646807531488105 0.7549142926733274
0.6508479355285091 0.7549142926733274
0.6548883395689131 0.7549142926733274
0.6589287436093172 0.7549142926733274
0.6629691476497213 0.7549142926733274
0.6670095516901252 0.7549142926733274
0.6346863193668929 0.7589546967137315
0.638726723407297 0.7589546967137315
0.6427671274477009 0.7589546967137315
0.646807531488105 0.7589546967137315
0.6508479355285091 0.7589546967137315
0.6548883395689131 0.7589546967137315
0.6589287436093172 0.7589546967137315
0.6629691476497213 0.7589546967137315
0.630645915326489 0.7629951007541356
0.6346863193668929 0.7629951007541356
0.638726723407297 0.7629951007541356
0.6427671274477009 0.7629951007541356
0.646807531488105 0.7629951007541356
0.6508479355285091 0.7629951007541356
0.6548883395689131 0.7629951007541356
0.6589287436093172 0.7629951007541356
0.6266055112860849 0.7670355047945396
0.630645915326489 0.7670355047945396
0.6346863193668929 0.7670355047945396
0.638726723407297 0.7670355047945396
0.6427671274477009 0.7670355047945396
0.646807531488105 0.7670355047945396
0.6508479355285091 0.7670355047945396
0.6548883395689131 0.7670355047945396
0.6225651072456808 0.7710759088349436
0.6266055112860849 0.7710759088349436
0.630645915326489 0.7710759088349436
0.6346863193668929 0.7710759088349436
0.638726723407297 0.7710759088349436
0.6427671274477009 0.7710759088349436
0.646807531488105 0.7710759088349436
0.6508479355285091 0.7710759088349436
0.6185247032052767 0.7751163128753477
0.6225651072456808 0.7751163128753477
0.6266055112860849 0.7751163128753477
0.630645915326489 0.7751163128753477
0.6346863193668929 0.7751163128753477
0.638726723407297 0.7751163128753477
0.6427671274477009 0.7751163128753477
0.646807531488105 0.7751163128753477
0.6104438951244686 0.7791567169157517
0.6144842991648727 0.7791567169157517
0.6185247032052767 0.7791567169157517
0.6225651072456808 0.7791567169157517
0.6266055112860849 0.7791567169157517
0.630645915326489 0.7791567169157517
0.6346863193668929 0.7791567169157517
0.638726723407297 0.7791567169157517
0.6064034910840645 0.7831971209561558
0.6104438951244686 0.7831971209561558
0.6144842991648727 0.7831971209561558
0.6185247032052767 0.7831971209561558
0.6225651072456808 0.7831971209561558
0.6266055112860849 0.7831971209561558
0.630645915326489 0.7831971209561558
0.6346863193668929 0.7831971209561558
0.6023630870436606 0.7872375249965597
0.6064034910840645 0.7872375249965597
0.6104438951244686 0.7872375249965597
0.6144842991648727 0.7872375249965597
0.6185247032052767 0.7872375249965597
0.6225651072456808 0.7872375249965597
0.6266055112860849 0.7872375249965597
0.630645915326489 0.7872375249965597
0.5942822789628526 0.7912779290369638
0.5983226830032565 0.7912779290369638
0.6023630870436606 0.7912779290369638
0.6064034910840645 0.7912779290369638
0.6104438951244686 0.7912779290369638
0.6144842991648727 0.7912779290369638
0.6185247032052767 0.7912779290369638
0.6225651072456808 0.7912779290369638
0.6266055112860849 0.7912779290369638
0.5902418749224485 0.7953183330773679
0.5942822789628526 0.7953183330773679
0.5983226830032565 0.7953183330773679
0.6023630870436606 0.7953183330773679
0.6064034910840645 0.7953183330773679
0.6104438951244686 0.7953183330773679
0.6144842991648727 0.7953183330773679
0.6185247032052767 0.7953183330773679
0.5862014708820444 0.799358737117772
0.5902418749224485 0.799358737117772
0.5942822789628526 0.799358737117772
0.5983226830032565 0.799358737117772
0.6023630870436606 0.799358737117772
0.6064034910840645 0.799358737117772
0.6104438951244686 0.799358737117772
0.6144842991648727 0.799358737117772
0.5781206628012363 0.803399141158176
0.5821610668416404 0.803399141158176
0.5862014708820444 0.803399141158176
0.5902418749224485 0.803399141158176
0.5942822789628526 0.803399141158176
0.5983226830032565 0.803399141158176
0.6023630870436606 0.803399141158176
0.6064034910840645 0.803399141158176
0.6104438951244686 0.803399141158176
0.5740802587608322 0.80743954519858
0.5781206628012363 0.80743954519858
0.5821610668416404 0.80743954519858
0.5862014708820444 0.80743954519858
0.5902418749224485 0.80743954519858
0.5942822789628526 0.80743954519858
0.5983226830032565 0.80743954519858
0.6023630870436606 0.80743954519858
0.6064034910840645 0.80743954519858
0.5659994506800242 0.811479949238984
0.5700398547204283 0.811479949238984
0.5740802587608322 0.811479949238984
0.5781206628012363 0.811479949238984
0.5821610668416404 0.811479949238984
0.5862014708820444 0.811479949238984
0.5902418749224485 0.811479949238984
0.5942822789628526 0.811479949238984
0.5983226830032565 0.811479949238984
0.5619590466396203 0.8155203532793881
0.5659994506800242 0.8155203532793881
0.5700398547204283 0.8155203532793881
0.5740802587608322 0.8155203532793881
0.5781206628012363 0.8155203532793881
0.5821610668416404 0.8155203532793881
0.5862014708820444 0.8155203532793881
0.5902418749224485 0.8155203532793881
0.5942822789628526 0.8155203532793881
0.5538782385588121 0.819560757319792
0.5579186425992162 0.819560757319792
0.5619590466396203 0.819560757319792
0.5659994506800242 0.819560757319792
0.5700398547204283 0.819560757319792
0.5740802587608322 0.819560757319792
0.5781206628012363 0.819560757319792
0.5821610668416404 0.819560757319792
0.5862014708820444 0.819560757319792
0.5498378345184081 0.8236011613601961
0.5538782385588121 0.8236011613601961
0.5579186425992162 0.8236011613601961
0.5619590466396203 0.8236011613601961
0.5659994506800242 0.8236011613601961
0.5700398547204283 0.8236011613601961
0.5740802587608322 0.8236011613601961
0.5781206628012363 0.8236011613601961
0.5821610668416404 0.8236011613601961
0.5417570264375999 0.8276415654006002
0.545797430478004 0.8276415654006002
0.5498378345184081 0.8276415654006002
0.5538782385588121 0.8276415654006002
0.5579186425992162 0.8276415654006002
0.5619590466396203 0.8276415654006002
0.5659994506800242 0.8276415654006002
0.5700398547204283 0.8276415654006002
0.5740802587608322 0.8276415654006002
0.5781206628012363 0.8276415654006002
0.537716622397196 0.8316819694410043
0.5417570264375999 0.8316819694410043
0.545797430478004 0.8316819694410043
0.5498378345184081 0.8316819694410043
0.5538782385588121 0.8316819694410043
0.5579186425992162 0.8316819694410043
0.5619590466396203 0.8316819694410043
0.5659994506800242 0.8316819694410043
0.5700398547204283 0.8316819694410043
0.5296358143163878 0.8357223734814083
0.5336762183567919 0.8357223734814083
0.537716622397196 0.8357223734814083
0.5417570264375999 0.8357223734814083
0.545797430478004 0.8357223734814083
0.5498378345184081 0.8357223734814083
0.5538782385588121 0.8357223734814083
0.5579186425992162 0.8357223734814083
0.5619590466396203 0.8357223734814083
0.5659994506800242 0.8357223734814083
0.5255954102759839 0.8397627775218124
0.5296358143163878 0.8397627775218124
0.5336762183567919 0.8397627775218124
0.537716622397196 0.8397627775218124
0.5417570264375999 0.8397627775218124
0.545797430478004 0.8397627775218124
0.5498378345184081 0.8397627775218124
0.5538782385588121 0.8397627775218124
0.5579186425992162 0.8397627775218124
0.5175146021951758 0.8438031815622163
0.5215550062355798 0.8438031815622163
0.5255954102759839 0.8438031815622163
0.5296358143163878 0.8438031815622163
0.5336762183567919 0.8438031815622163
0.537716622397196 0.8438031815622163
0.5417570264375999 0.8438031815622163
0.545797430478004 0.8438031815622163
0.5498378345184081 0.8438031815622163
0.5538782385588121 0.8438031815622163
0.5094337941143676 0.8478435856026204
0.5134741981547717 0.8478435856026204
0.5175146021951758 0.8478435856026204
0.5215550062355798 0.8478435856026204
0.5255954102759839 0.8478435856026204
0.5296358143163878 0.8478435856026204
0.5336762183567919 0.8478435856026204
0.537716622397196 0.8478435856026204
0.5417570264375999 0.8478435856026204
0.545797430478004 0.8478435856026204
0.5053933900739636 0.8518839896430245
0.5094337941143676 0.8518839896430245
0.5134741981547717 0.8518839896430245
0.5175146021951758 0.8518839896430245
0.5215550062355798 0.8518839896430245
0.5255954102759839 0.8518839896430245
0.5296358143163878 0.8518839896430245
0.5336762183567919 0.8518839896430245
0.537716622397196 0.8518839896430245
0.5417570264375999 0.8518839896430245
0.49731258199315553 0.8559243936834284
0.5013529860335596 0.8559243936834284
0.5053933900739636 0.8559243936834284
0.5094337941143676 0.8559243936834284
0.5134741981547717 0.8559243936834284
0.5175146021951758 0.8559243936834284
0.5215550062355798 0.8559243936834284
0.5255954102759839 0.8559243936834284
0.5296358143163878 0.8559243936834284
0.5336762183567919 0.8559243936834284
0.48923177391234746 0.8599647977238325
0.49327217795275147 0.8599647977238325
0.49731258199315553 0.8599647977238325
0.5013529860335596 0.8599647977238325
0.5053933900739636 0.8599647977238325
0.5094337941143676 0.8599647977238325
0.5134741981547717 0.8599647977238325
0.5175146021951758 0.8599647977238325
0.5215550062355798 0.8599647977238325
0.5255954102759839 0.8599647977238325
0.5296358143163878 0.8599647977238325
0.48519136987194345 0.8640052017642366
0.48923177391234746 0.8640052017642366
0.49327217795275147 0.8640052017642366
0.49731258199315553 0.8640052017642366
0.5013529860335596 0.8640052017642366
0.5053933900739636 0.8640052017642366
0.5094337941143676 0.8640052017642366
0.5134741981547717 0.8640052017642366
0.5175146021951758 0.8640052017642366
0.5215550062355798 0.8640052017642366
0.4771105617911353 0.8680456058046406
0.4811509658315394 0.8680456058046406
0.48519136987194345 0.8680456058046406
0.48923177391234746 0.8680456058046406
0.49327217795275147 0.8680456058046406
0.49731258199315553 0.8680456058046406
0.5013529860335596 0.8680456058046406
0.5053933900739636 0.8680456058046406
0.5094337941143676 0.8680456058046406
0.5134741981547717 0.8680456058046406
0.4690297537103273 0.8720860098450447
0.4730701577507313 0.8720860098450447
0.4771105617911353 0.8720860098450447
0.4811509658315394 0.8720860098450447
0.48519136987194345 0.8720860098450447
0.48923177391234746 0.8720860098450447
0.49327217795275147 0.8720860098450447
0.49731258199315553 0.8720860098450447
0.5013529860335596 0.8720860098450447
0.5053933900739636 0.8720860098450447
0.5094337941143676 0.8720860098450447
0.46094894562951916 0.8761264138854487
0.4649893496699232 0.8761264138854487
0.4690297537103273 0.8761264138854487
0.4730701577507313 0.8761264138854487
0.4771105617911353 0.8761264138854487
0.4811509658315394 0.8761264138854487
0.48519136987194345 0.8761264138854487
0.48923177391234746 0.8761264138854487
0.49327217795275147 0.8761264138854487
0.49731258199315553 0.8761264138854487
0.5013529860335596 0.8761264138854487
0.4528681375487111 0.8801668179258527
0.4569085415891151 0.8801668179258527
0.46094894562951916 0.8801668179258527
0.4649893496699232 0.8801668179258527
0.4690297537103273 0.8801668179258527
0.4730701577507313 0.8801668179258527
0.4771105617911353 0.8801668179258527
0.4811509658315394 0.8801668179258527
0.48519136987194345 0.8801668179258527
0.48923177391234746 0.8801668179258527
0.49327217795275147 0.8801668179258527
0.444787329467903 0.8842072219662568
0.44882773350830707 0.8842072219662568
0.4528681375487111 0.8842072219662568
0.4569085415891151 0.8842072219662568
0.46094894562951916 0.8842072219662568
0.4649893496699232 0.8842072219662568
0.4690297537103273 0.8842072219662568
0.4730701577507313 0.8842072219662568
0.4771105617911353 0.8842072219662568
0.4811509658315394 0.8842072219662568
0.48519136987194345 0.8842072219662568
0.4367065213870949 0.8882476260066607
0.44074692542749894 0.8882476260066607
0.444787329467903 0.8882476260066607
0.44882773350830707 0.8882476260066607
0.4528681375487111 0.8882476260066607
0.4569085415891151 0.8882476260066607
0.46094894562951916 0.8882476260066607
0.4649893496699232 0.8882476260066607
0.4690297537103273 0.8882476260066607
0.4730701577507313 0.8882476260066607
0.4771105617911353 0.8882476260066607
0.42862571330628685 0.8922880300470648
0.4326661173466909 0.8922880300470648
0.4367065213870949 0.8922880300470648
0.44074692542749894 0.8922880300470648
0.444787329467903 0.8922880300470648
0.44882773350830707 0.8922880300470648
0.4528681375487111 0.8922880300470648
0.4569085415891151 0.8922880300470648
0.46094894562951916 0.8922880300470648
0.4649893496699232 0.8922880300470648
0.4690297537103273 0.8922880300470648
0.4730701577507313 0.8922880300470648
0.42054490522547877 0.8963284340874689
0.4245853092658828 0.8963284340874689
0.42862571330628685 0.8963284340874689
0.4326661173466909 0.8963284340874689
0.4367065213870949 0.8963284340874689
0.44074692542749894 0.8963284340874689
0.444787329467903 0.8963284340874689
0.44882773350830707 0.8963284340874689
0.4528681375487111 0.8963284340874689
0.4569085415891151 0.8963284340874689
0.46094894562951916 0.8963284340874689
0.4649893496699232 0.8963284340874689
0.4124640971446707 0.9003688381278729
0.41650450118507476 0.9003688381278729
0.42054490522547877 0.9003688381278729
0.4245853092658828 0.9003688381278729
0.42862571330628685 0.9003688381278729
0.4326661173466909 0.9003688381278729
0.4367065213870949 0.9003688381278729
0.44074692542749894 0.9003688381278729
0.444787329467903 0.9003688381278729
0.44882773350830707 0.9003688381278729
0.4528681375487111 0.9003688381278729
0.4569085415891151 0.9003688381278729
0.4043832890638626 0.904409242168277
0.4084236931042666 0.904409242168277
0.4124640971446707 0.904409242168277
0.41650450118507476 0.904409242168277
0.42054490522547877 0.904409242168277
0.4245853092658828 0.904409242168277
0.42862571330628685 0.904409242168277
0.4326661173466909 0.904409242168277
0.4367065213870949 0.904409242168277
0.44074692542749894 0.904409242168277
0.444787329467903 0.904409242168277
0.44882773350830707 0.904409242168277
0.3922620769426505 0.9084496462086811
0.39630248098305454 0.9084496462086811
0.40034288502345855 0.9084496462086811
0.4043832890638626 0.9084496462086811
0.4084236931042666 0.9084496462086811
0.4124640971446707 0.9084496462086811
0.41650450118507476 0.9084496462086811
0.42054490522547877 0.9084496462086811
0.4245853092658828 0.9084496462086811
0.42862571330628685 0.9084496462086811
0.4326661173466909 0.9084496462086811
0.4367065213870949 0.9084496462086811
0.44074692542749894 0.9084496462086811
0.3841812688618424 0.912490050249085
0.38822167290224646 0.912490050249085
0.3922620769426505 0.912490050249085
0.39630248098305454 0.912490050249085
0.40034288502345855 0.912490050249085
0.4043832890638626 0.912490050249085
0.4084236931042666 0.912490050249085
0.4124640971446707 0.912490050249085
0.41650450118507476 0.912490050249085
0.42054490522547877 0.912490050249085
0.4245853092658828 0.912490050249085
0.42862571330628685 0.912490050249085
0.4326661173466909 0.912490050249085
0.3761004607810343 0.9165304542894891
0.3801408648214384 0.9165304542894891
0.3841812688618424 0.9165304542894891
0.38822167290224646 0.9165304542894891
0.3922620769426505 0.9165304542894891
0.39630248098305454 0.9165304542894891
0.40034288502345855 0.9165304542894891
0.4043832890638626 0.9165304542894891
0.4084236931042666 0.9165304542894891
0.4124640971446707 0.9165304542894891
0.41650450118507476 0.9165304542894891
0.42054490522547877 0.9165304542894891
0.36397924865982223 0.920570858329893
0.36801965270022624 0.920570858329893
0.37206005674063025 0.920570858329893
0.3761004607810343 0.920570858329893
0.3801408648214384 0.920570858329893
0.3841812688618424 0.920570858329893
0.38822167290224646 0.920570858329893
0.3922620769426505 0.920570858329893
0.39630248098305454 0.920570858329893
0.40034288502345855 0.920570858329893
0.4043832890638626 0.920570858329893
0.4084236931042666 0.920570858329893
0.4124640971446707 0.920570858329893
0.3518580365386101 0.9246112623702971
0.3558984405790141 0.9246112623702971
0.35993884461941816 0.9246112623702971
0.36397924865982223 0.9246112623702971
0.36801965270022624 0.9246112623702971
0.37206005674063025 0.9246112623702971
0.3761004607810343 0.9246112623702971
0.3801408648214384 0.9246112623702971
0.3841812688618424 0.9246112623702971
0.38822167290224646 0.9246112623702971
0.3922620769426505 0.9246112623702971
0.39630248098305454 0.9246112623702971
0.40034288502345855 0.9246112623702971
0.4043832890638626 0.9246112623702971
0.343777228457802 0.9286516664107012
0.3478176324982061 0.9286516664107012
0.3518580365386101 0.9286516664107012
0.3558984405790141 0.9286516664107012
0.35993884461941816 0.9286516664107012
0.36397924865982223 0.9286516664107012
0.36801965270022624 0.9286516664107012
0.37206005674063025 0.9286516664107012
0.3761004607810343 0.9286516664107012
0.3801408648214384 0.9286516664107012
0.3841812688618424 0.9286516664107012
0.38822167290224646 0.9286516664107012
0.3922620769426505 0.9286516664107012
0.39630248098305454 0.9286516664107012
0.33165601633658987 0.9326920704511052
0.33569642037699393 0.9326920704511052
0.33973682441739794 0.9326920704511052
0.343777228457802 0.9326920704511052
0.3478176324982061 0.9326920704511052
0.3518580365386101 0.9326920704511052
0.3558984405790141 0.9326920704511052
0.35993884461941816 0.9326920704511052
0.36397924865982223 0.9326920704511052
0.36801965270022624 0.9326920704511052
0.37206005674063025 0.9326920704511052
0.3761004607810343 0.9326920704511052
0.3801408648214384 0.9326920704511052
0.3841812688618424 0.9326920704511052
0.3195348042153777 0.9367324744915093
0.3235752082557818 0.9367324744915093
0.32761561229618585 0.9367324744915093
0.33165601633658987 0.9367324744915093
0.33569642037699393 0.9367324744915093
0.33973682441739794 0.9367324744915093
0.343777228457802 0.9367324744915093
0.3478176324982061 0.9367324744915093
0.3518580365386101 0.9367324744915093
0.3558984405790141 0.9367324744915093
0.35993884461941816 0.9367324744915093
0.36397924865982223 0.9367324744915093
0.36801965270022624 0.9367324744915093
0.37206005674063025 0.9367324744915093
0.3761004607810343 0.9367324744915093
0.30741359209416563 0.9407728785319134
0.3114539961345697 0.9407728785319134
0.3154944001749737 0.9407728785319134
0.3195348042153777 0.9407728785319134
0.3235752082557818 0.9407728785319134
0.32761561229618585 0.9407728785319134
0.33165601633658987 0.9407728785319134
0.33569642037699393 0.9407728785319134
0.33973682441739794 0.9407728785319134
0.343777228457802 0.9407728785319134
0.3478176324982061 0.9407728785319134
0.3518580365386101 0.9407728785319134
0.3558984405790141 0.9407728785319134
0.35993884461941816 0.9407728785319134
0.36397924865982223 0.9407728785319134
0.29933278401335756 0.9448132825723174
0.30337318805376157 0.9448132825723174
0.30741359209416563 0.9448132825723174
0.3114539961345697 0.9448132825723174
0.3154944001749737 0.9448132825723174
0.3195348042153777 0.9448132825723174
0.3235752082557818 0.9448132825723174
0.32761561229618585 0.9448132825723174
0.33165601633658987 0.9448132825723174
0.33569642037699393 0.9448132825723174
0.33973682441739794 0.9448132825723174
0.343777228457802 0.9448132825723174
0.3478176324982061 0.9448132825723174
0.3518580365386101 0.9448132825723174
0.3558984405790141 0.9448132825723174
0.29933278401335756 0.9488536866127214
0.30337318805376157 0.9488536866127214
0.30741359209416563 0.9488536866127214
0.3114539961345697 0.9488536866127214
0.3154944001749737 0.9488536866127214
0.3195348042153777 0.9488536866127214
0.3235752082557818 0.9488536866127214
0.32761561229618585 0.9488536866127214
0.33165601633658987 0.9488536866127214
0.33569642037699393 0.9488536866127214
0.33973682441739794 0.9488536866127214
0.343777228457802 0.9488536866127214
0.29933278401335756 0.9528940906531255
0.30337318805376157 0.9528940906531255
0.30741359209416563 0.9528940906531255
0.3114539961345697 0.9528940906531255
0.3154944001749737 0.9528940906531255
0.3195348042153777 0.9528940906531255
0.3235752082557818 0.9528940906531255
0.32761561229618585 0.9528940906531255
0.33165601633658987 0.9528940906531255
0.29933278401335756 0.9569344946935294
0.30337318805376157 0.9569344946935294
0.30741359209416563 0.9569344946935294
0.3114539961345697 0.9569344946935294
0.3154944001749737 0.9569344946935294
0.3195348042153777 0.9569344946935294
0.29933278401335756 0.9609748987339335
0.30337318805376157 0.9609748987339335
0.30741359209416563 0.9609748987339335
