# x y
0.6999798628558864 0.7145102522692871
0.6959394588154824 0.7185506563096911
0.6918990547750783 0.7225910603500951
0.6878586507346742 0.7266314643904992
0.6838182466942702 0.7306718684309033
0.675737438613462 0.7347122724713073
0.6797778426538661 0.7347122724713073
0.6716970345730581 0.7387526765117113
0.675737438613462 0.7387526765117113
0.667656630532654 0.7427930805521153
0.6716970345730581 0.7427930805521153
0.66361622649225 0.7468334845925194
0.667656630532654 0.7468334845925194
0.659575822451846 0.7508738886329235
0.6555354184114419 0.7549142926733274
0.6514950143710379 0.7589546967137315
0.6474546103306338 0.7629951007541356
0.6393738022498258 0.7670355047945396
0.6434142062902297 0.7670355047945396
0.6353333982094217 0.7710759088349436
0.6393738022498258 0.7710759088349436
0.6312929941690177 0.7751163128753477
0.6272525901286137 0.7791567169157517
0.6191717820478055 0.7831971209561558
0.6232121860882096 0.7831971209561558
0.6151313780074015 0.7872375249965597
0.6191717820478055 0.7872375249965597
0.6110909739669974 0.7912779290369638
0.6070505699265933 0.7953183330773679
0.5989697618457853 0.799358737117772
0.6030101658861894 0.799358737117772
0.5949293578053814 0.803399141158176
0.5868485497245732 0.80743954519858
0.5908889537649773 0.80743954519858
0.5828081456841692 0.811479949238984
0.5868485497245732 0.811479949238984
0.5787677416437651 0.8155203532793881
0.5706869335629571 0.819560757319792
0.574727337603361 0.819560757319792
0.566646529522553 0.8236011613601961
0.558565721441745 0.8276415654006002
0.562606125482149 0.8276415654006002
0.5545253174013409 0.8316819694410043
0.558565721441745 0.8316819694410043
0.5464445093205328 0.8357223734814083
0.5504849133609369 0.8357223734814083
0.5424041052801287 0.8397627775218124
0.5343232971993207 0.8438031815622163
0.5383637012397248 0.8438031815622163
0.5302828931589166 0.8478435856026204
0.5222020850781086 0.8518839896430245
0.5262424891185127 0.8518839896430245
0.5141212769973005 0.8559243936834284
0.5181616810377045 0.8559243936834284
0.5100808729568964 0.8599647977238325
0.5020000648760884 0.8640052017642366
0.5060404689164923 0.8640052017642366
0.49391925679528026 0.8680456058046406
0.4979596608356843 0.8680456058046406
0.48583844871447224 0.8720860098450447
0.48987885275487625 0.8720860098450447
0.48179804467406817 0.8761264138854487
0.48583844871447224 0.8761264138854487
0.4737172365932601 0.8801668179258527
0.4777576406336641 0.8801668179258527
0.465636428512452 0.8842072219662568
0.4696768325528561 0.8842072219662568
0.4575556204316439 0.8882476260066607
0.46159602447204795 0.8882476260066607
0.44947481235083586 0.8922880300470648
0.4535152163912399 0.8922880300470648
0.44139400427002773 0.8963284340874689
0.4454344083104318 0.8963284340874689
0.4333131961892197 0.9003688381278729
0.4373536002296237 0.9003688381278729
0.4252323881084116 0.904409242168277
0.42927279214881564 0.904409242168277
0.41715158002760355 0.9084496462086811
0.42119198406800756 0.9084496462086811
0.4050303679063914 0.912490050249085
0.4090707719467954 0.912490050249085
0.4131111759871995 0.912490050249085
0.39694955982558333 0.9165304542894891
0.40098996386598734 0.9165304542894891
0.38886875174477525 0.920570858329893
0.39290915578517926 0.920570858329893
0.3767475396235631 0.9246112623702971
0.3807879436639672 0.9246112623702971
0.3848283477043712 0.9246112623702971
0.36866673154275503 0.9286516664107012
0.37270713558315904 0.9286516664107012
0.3565455194215429 0.9326920704511052
0.36058592346194696 0.9326920704511052
0.364626327502351 0.9326920704511052
0.34846471134073487 0.9367324744915093
0.3525051153811389 0.9367324744915093
0.3363434992195227 0.9407728785319134
0.34038390325992673 0.9407728785319134
0.3444243073003308 0.9407728785319134
0.3242222870983106 0.9448132825723174
0.32826269113871465 0.9448132825723174
0.33230309517911866 0.9448132825723174
0.3121010749770985 0.9488536866127214
0.3161414790175025 0.9488536866127214
0.3201818830579065 0.9488536866127214
0.29997986285588635 0.9528940906531255
0.30402026689629036 0.9528940906531255
0.3080606709366944 0.9528940906531255
