# x y
0.6999810371143808 0.7145102522692871
0.6959406330739767 0.7185506563096911
0.6919002290335727 0.7225910603500951
0.6878598249931687 0.7266314643904992
0.6838194209527646 0.7306718684309033
0.6797790169123605 0.7347122724713073
0.6716982088315524 0.7387526765117113
0.6757386128719565 0.7387526765117113
0.6676578047911483 0.7427930805521153
0.6716982088315524 0.7427930805521153
0.6636174007507444 0.7468334845925194
0.6676578047911483 0.7468334845925194
0.6595769967103403 0.7508738886329235
0.6555365926699364 0.7549142926733274
0.6514961886295323 0.7589546967137315
0.6474557845891282 0.7629951007541356
0.6393749765083201 0.7670355047945396
0.6434153805487242 0.7670355047945396
0.635334572467916 0.7710759088349436
0.6393749765083201 0.7710759088349436
0.6312941684275121 0.7751163128753477
0.627253764387108 0.7791567169157517
0.6191729563063 0.7831971209561558
0.6232133603467039 0.7831971209561558
0.6151325522658959 0.7872375249965597
0.6191729563063 0.7872375249965597
0.6110921482254918 0.7912779290369638
0.6070517441850878 0.7953183330773679
0.5989709361042796 0.799358737117772
0.6030113401446837 0.799358737117772
0.5949305320638757 0.803399141158176
0.5908901280234716 0.80743954519858
0.5828093199426636 0.811479949238984
0.5868497239830677 0.811479949238984
0.5787689159022595 0.8155203532793881
0.5706881078214514 0.819560757319792
0.5747285118618555 0.819560757319792
0.5666477037810473 0.8236011613601961
0.5585668957002393 0.8276415654006002
0.5626072997406434 0.8276415654006002
0.5545264916598353 0.8316819694410043
0.5464456835790272 0.8357223734814083
0.5504860876194313 0.8357223734814083
0.5424052795386232 0.8397627775218124
0.534324471457815 0.8438031815622163
0.5383648754982191 0.8438031815622163
0.5302840674174111 0.8478435856026204
0.5222032593366029 0.8518839896430245
0.526243663377007 0.8518839896430245
0.5141224512557949 0.8559243936834284
0.5181628552961989 0.8559243936834284
0.5100820472153909 0.8599647977238325
0.5020012391345827 0.8640052017642366
0.5060416431749868 0.8640052017642366
0.4939204310537747 0.8680456058046406
0.4979608350941787 0.8680456058046406
0.48583962297296657 0.8720860098450447
0.48988002701337063 0.8720860098450447
0.48179921893256256 0.8761264138854487
0.48583962297296657 0.8761264138854487
0.4737184108517545 0.8801668179258527
0.47775881489215855 0.8801668179258527
0.4656376027709464 0.8842072219662568
0.4696780068113504 0.8842072219662568
0.4575567946901383 0.8882476260066607
0.46159719873054234 0.8882476260066607
0.4494759866093302 0.8922880300470648
0.45351639064973426 0.8922880300470648
0.44139517852852217 0.8963284340874689
0.4454355825689262 0.8963284340874689
0.43331437044771404 0.9003688381278729
0.4373547744881181 0.9003688381278729
0.425233562366906 0.904409242168277
0.42927396640731 0.904409242168277
0.4171527542860979 0.9084496462086811
0.42119315832650195 0.9084496462086811
0.4050315421648858 0.912490050249085
0.4090719462052898 0.912490050249085
0.41311235024569387 0.912490050249085
0.3969507340840777 0.9165304542894891
0.4009911381244817 0.9165304542894891
0.38886992600326964 0.920570858329893
0.39291033004367365 0.920570858329893
0.3767487138820575 0.9246112623702971
0.3807891179224615 0.9246112623702971
0.3848295219628656 0.9246112623702971
0.3686679058012494 0.9286516664107012
0.3727083098416535 0.9286516664107012
0.35654669368003733 0.9326920704511052
0.36058709772044134 0.9326920704511052
0.36462750176084535 0.9326920704511052
0.3484658855992292 0.9367324744915093
0.35250628963963326 0.9367324744915093
0.3363446734780171 0.9407728785319134
0.3403850775184211 0.9407728785319134
0.32422346135680497 0.9448132825723174
0.32826386539720903 0.9448132825723174
0.33230426943761304 0.9448132825723174
0.3121022492355928 0.9488536866127214
0.3161426532759969 0.9488536866127214
0.32018305731640095 0.9488536866127214
0.29998103711438073 0.9528940906531255
0.3040214411547848 0.9528940906531255
0.3080618451951888 0.9528940906531255
