# x y
0.695943218879667 0.7266314643904992
0.691902814839263 0.7306718684309033
0.6878624107988589 0.7347122724713073
0.6514987744352225 0.7670355047945396
0.6393775623140106 0.7791567169157517
0.5989735219099701 0.8155203532793881
0.594933117869566 0.8316819694410043
0.5585694815059297 0.8397627775218124
0.5585694815059297 0.8438031815622163
0.5464482693847176 0.8478435856026204
0.5302866532231014 0.8559243936834284
0.5020038249402731 0.8720860098450447
0.5302866532231014 0.8761264138854487
0.5100846330210812 0.8882476260066607
0.46564018857663675 0.8922880300470648
0.41715534009178823 0.9165304542894891
0.39695331988976806 0.9286516664107012
0.33634725928370746 0.9488536866127214
0.31614523908168723 0.9650153027743376
0.30402402696047515 0.9690557068147416
