# x y
0.699985363814249 0.7225910603500951
0.695944959773845 0.7266314643904992
0.6717025355314208 0.7508738886329235
0.6191772830061681 0.7953183330773679
0.6353388991677844 0.799358737117772
0.598975262804148 0.8155203532793881
0.594934858763744 0.8316819694410043
0.5585712224001076 0.8397627775218124
0.5464500102788955 0.8478435856026204
0.5222075860364712 0.8599647977238325
0.5545308183597035 0.8599647977238325
0.502005565834451 0.8720860098450447
0.5302883941172793 0.8761264138854487
0.4656419294708147 0.8922880300470648
0.4656419294708147 0.9003688381278729
0.396955060783946 0.9286516664107012
0.31614697997586516 0.9650153027743376
0.3040257678546531 0.9690557068147416
