# x y
0.6999510904734797 0.710469848228883
0.6959106864330756 0.7145102522692871
0.6999510904734797 0.7145102522692871
0.6918702823926717 0.7185506563096911
0.6959106864330756 0.7185506563096911
0.6878298783522676 0.7225910603500951
0.6918702823926717 0.7225910603500951
0.6837894743118635 0.7266314643904992
0.6878298783522676 0.7266314643904992
0.6797490702714595 0.7306718684309033
0.6837894743118635 0.7306718684309033
0.6757086662310554 0.7347122724713073
0.6797490702714595 0.7347122724713073
0.6716682621906513 0.7387526765117113
0.6757086662310554 0.7387526765117113
0.6676278581502473 0.7427930805521153
0.6716682621906513 0.7427930805521153
0.6635874541098433 0.7468334845925194
0.6676278581502473 0.7468334845925194
0.6595470500694393 0.7508738886329235
0.6635874541098433 0.7508738886329235
0.6555066460290353 0.7549142926733274
0.6595470500694393 0.7549142926733274
0.6474258379482272 0.7589546967137315
0.6514662419886312 0.7589546967137315
0.6433854339078231 0.7629951007541356
0.6474258379482272 0.7629951007541356
0.639345029867419 0.7670355047945396
0.6433854339078231 0.7670355047945396
0.635304625827015 0.7710759088349436
0.639345029867419 0.7710759088349436
0.631264221786611 0.7751163128753477
0.635304625827015 0.7751163128753477
0.6231834137058029 0.7791567169157517
0.627223817746207 0.7791567169157517
0.6191430096653989 0.7831971209561558
0.6231834137058029 0.7831971209561558
0.6151026056249949 0.7872375249965597
0.6191430096653989 0.7872375249965597
0.6070217975441867 0.7912779290369638
0.6110622015845908 0.7912779290369638
0.6151026056249949 0.7912779290369638
0.6029813935037827 0.7953183330773679
0.6070217975441867 0.7953183330773679
0.5989409894633786 0.799358737117772
0.6029813935037827 0.799358737117772
0.5908601813825706 0.803399141158176
0.5949005854229746 0.803399141158176
0.5989409894633786 0.803399141158176
0.5868197773421666 0.80743954519858
0.5908601813825706 0.80743954519858
0.5827793733017625 0.811479949238984
0.5868197773421666 0.811479949238984
0.5746985652209544 0.8155203532793881
0.5787389692613585 0.8155203532793881
0.5827793733017625 0.8155203532793881
0.5706581611805503 0.819560757319792
0.5746985652209544 0.819560757319792
0.5625773530997423 0.8236011613601961
0.5666177571401463 0.8236011613601961
0.5706581611805503 0.8236011613601961
0.5585369490593383 0.8276415654006002
0.5625773530997423 0.8276415654006002
0.5504561409785302 0.8316819694410043
0.5544965450189342 0.8316819694410043
0.5585369490593383 0.8316819694410043
0.5464157369381262 0.8357223734814083
0.5504561409785302 0.8357223734814083
0.538334928857318 0.8397627775218124
0.5423753328977221 0.8397627775218124
0.5464157369381262 0.8397627775218124
0.534294524816914 0.8438031815622163
0.538334928857318 0.8438031815622163
0.526213716736106 0.8478435856026204
0.53025412077651 0.8478435856026204
0.534294524816914 0.8478435856026204
0.5221733126957019 0.8518839896430245
0.526213716736106 0.8518839896430245
0.5140925046148939 0.8559243936834284
0.5181329086552978 0.8559243936834284
0.5221733126957019 0.8559243936834284
0.5060116965340857 0.8599647977238325
0.5100521005744898 0.8599647977238325
0.5140925046148939 0.8599647977238325
0.49793088845327765 0.8640052017642366
0.5019712924936817 0.8640052017642366
0.5060116965340857 0.8640052017642366
0.49389048441287364 0.8680456058046406
0.49793088845327765 0.8680456058046406
0.5019712924936817 0.8680456058046406
0.4858096763320655 0.8720860098450447
0.4898500803724696 0.8720860098450447
0.49389048441287364 0.8720860098450447
0.4777288682512575 0.8761264138854487
0.4817692722916615 0.8761264138854487
0.4858096763320655 0.8761264138854487
0.46964806017044936 0.8801668179258527
0.4736884642108534 0.8801668179258527
0.4777288682512575 0.8801668179258527
0.4615672520896413 0.8842072219662568
0.46560765613004534 0.8842072219662568
0.46964806017044936 0.8842072219662568
0.4534864440088332 0.8882476260066607
0.45752684804923727 0.8882476260066607
0.4615672520896413 0.8882476260066607
0.4454056359280251 0.8922880300470648
0.44944603996842913 0.8922880300470648
0.4534864440088332 0.8922880300470648
0.45752684804923727 0.8922880300470648
0.43732482784721705 0.8963284340874689
0.4413652318876211 0.8963284340874689
0.4454056359280251 0.8963284340874689
0.44944603996842913 0.8963284340874689
0.42924401976640897 0.9003688381278729
0.433284423806813 0.9003688381278729
0.43732482784721705 0.9003688381278729
0.4413652318876211 0.9003688381278729
0.4211632116856009 0.904409242168277
0.42520361572600496 0.904409242168277
0.42924401976640897 0.904409242168277
0.4130824036047928 0.9084496462086811
0.4171228076451968 0.9084496462086811
0.4211632116856009 0.9084496462086811
0.40500159552398474 0.912490050249085
0.40904199956438875 0.912490050249085
0.4130824036047928 0.912490050249085
0.3928803834027726 0.9165304542894891
0.39692078744317666 0.9165304542894891
0.40096119148358067 0.9165304542894891
0.40500159552398474 0.9165304542894891
0.3847995753219645 0.920570858329893
0.3888399793623686 0.920570858329893
0.3928803834027726 0.920570858329893
0.39692078744317666 0.920570858329893
0.37671876724115644 0.9246112623702971
0.38075917128156045 0.9246112623702971
0.3847995753219645 0.9246112623702971
0.3645975551199443 0.9286516664107012
0.36863795916034836 0.9286516664107012
0.3726783632007524 0.9286516664107012
0.37671876724115644 0.9286516664107012
0.3565167470391363 0.9326920704511052
0.3605571510795403 0.9326920704511052
0.3645975551199443 0.9326920704511052
0.34439553491792413 0.9367324744915093
0.34843593895832814 0.9367324744915093
0.3524763429987322 0.9367324744915093
0.3565167470391363 0.9367324744915093
0.332274322796712 0.9407728785319134
0.33631472683711605 0.9407728785319134
0.34035513087752006 0.9407728785319134
0.34439553491792413 0.9407728785319134
0.3201531106754999 0.9448132825723174
0.3241935147159039 0.9448132825723174
0.328233918756308 0.9448132825723174
0.332274322796712 0.9448132825723174
0.30803189855428775 0.9488536866127214
0.31207230259469176 0.9488536866127214
0.31611270663509583 0.9488536866127214
0.3201531106754999 0.9488536866127214
0.3241935147159039 0.9488536866127214
0.2999510904734797 0.9528940906531255
0.30399149451388374 0.9528940906531255
0.30803189855428775 0.9528940906531255
0.31207230259469176 0.9528940906531255
