# x y
0.6959143100936223 0.7145102522692871
0.6999547141340263 0.7145102522692871
0.6918739060532183 0.7185506563096911
0.6959143100936223 0.7185506563096911
0.6878335020128142 0.7225910603500951
0.6918739060532183 0.7225910603500951
0.6837930979724102 0.7266314643904992
0.6878335020128142 0.7266314643904992
0.6797526939320062 0.7306718684309033
0.6837930979724102 0.7306718684309033
0.6757122898916021 0.7347122724713073
0.6797526939320062 0.7347122724713073
0.6716718858511981 0.7387526765117113
0.6757122898916021 0.7387526765117113
0.667631481810794 0.7427930805521153
0.6716718858511981 0.7427930805521153
0.66359107777039 0.7468334845925194
0.667631481810794 0.7468334845925194
0.6595506737299859 0.7508738886329235
0.66359107777039 0.7508738886329235
0.6555102696895819 0.7549142926733274
0.6595506737299859 0.7549142926733274
0.6474294616087739 0.7589546967137315
0.6514698656491779 0.7589546967137315
0.6433890575683698 0.7629951007541356
0.6474294616087739 0.7629951007541356
0.6393486535279658 0.7670355047945396
0.6433890575683698 0.7670355047945396
0.6353082494875617 0.7710759088349436
0.6393486535279658 0.7710759088349436
0.6312678454471576 0.7751163128753477
0.6353082494875617 0.7751163128753477
0.6231870373663495 0.7791567169157517
0.6272274414067536 0.7791567169157517
0.6191466333259456 0.7831971209561558
0.6231870373663495 0.7831971209561558
0.6151062292855415 0.7872375249965597
0.6191466333259456 0.7872375249965597
0.6070254212047335 0.7912779290369638
0.6110658252451375 0.7912779290369638
0.6151062292855415 0.7912779290369638
0.6029850171643294 0.7953183330773679
0.6070254212047335 0.7953183330773679
0.5989446131239253 0.799358737117772
0.6029850171643294 0.799358737117772
0.5908638050431172 0.803399141158176
0.5949042090835213 0.803399141158176
0.5989446131239253 0.803399141158176
0.5868234010027132 0.80743954519858
0.5908638050431172 0.80743954519858
0.5827829969623092 0.811479949238984
0.5868234010027132 0.811479949238984
0.5747021888815012 0.8155203532793881
0.5787425929219052 0.8155203532793881
0.5827829969623092 0.8155203532793881
0.5706617848410971 0.819560757319792
0.5747021888815012 0.819560757319792
0.562580976760289 0.8236011613601961
0.566621380800693 0.8236011613601961
0.5706617848410971 0.8236011613601961
0.5585405727198849 0.8276415654006002
0.562580976760289 0.8276415654006002
0.5504597646390769 0.8316819694410043
0.5545001686794808 0.8316819694410043
0.5585405727198849 0.8316819694410043
0.5464193605986728 0.8357223734814083
0.5504597646390769 0.8357223734814083
0.5383385525178648 0.8397627775218124
0.5423789565582688 0.8397627775218124
0.5464193605986728 0.8397627775218124
0.5342981484774607 0.8438031815622163
0.5383385525178648 0.8438031815622163
0.5262173403966526 0.8478435856026204
0.5302577444370566 0.8478435856026204
0.5342981484774607 0.8478435856026204
0.5221769363562485 0.8518839896430245
0.5262173403966526 0.8518839896430245
0.5140961282754405 0.8559243936834284
0.5181365323158446 0.8559243936834284
0.5221769363562485 0.8559243936834284
0.5060153201946325 0.8599647977238325
0.5100557242350364 0.8599647977238325
0.5140961282754405 0.8599647977238325
0.5019749161542284 0.8640052017642366
0.5060153201946325 0.8640052017642366
0.49389410807342027 0.8680456058046406
0.49793451211382433 0.8680456058046406
0.48581329999261225 0.8720860098450447
0.48985370403301626 0.8720860098450447
0.49389410807342027 0.8720860098450447
0.4777324919118041 0.8761264138854487
0.4817728959522082 0.8761264138854487
0.48581329999261225 0.8761264138854487
0.4696516838309961 0.8801668179258527
0.4736920878714001 0.8801668179258527
0.4777324919118041 0.8801668179258527
0.46157087575018796 0.8842072219662568
0.465611279790592 0.8842072219662568
0.4696516838309961 0.8842072219662568
0.4534900676693799 0.8882476260066607
0.4575304717097839 0.8882476260066607
0.46157087575018796 0.8882476260066607
0.4454092595885718 0.8922880300470648
0.44944966362897587 0.8922880300470648
0.4534900676693799 0.8922880300470648
0.4373284515077637 0.8963284340874689
0.44136885554816774 0.8963284340874689
0.4454092595885718 0.8963284340874689
0.44944966362897587 0.8963284340874689
0.42924764342695565 0.9003688381278729
0.4332880474673597 0.9003688381278729
0.4373284515077637 0.9003688381278729
0.42116683534614757 0.904409242168277
0.4252072393865516 0.904409242168277
0.42924764342695565 0.904409242168277
0.4130860272653395 0.9084496462086811
0.41712643130574356 0.9084496462086811
0.42116683534614757 0.9084496462086811
0.4050052191845314 0.912490050249085
0.40904562322493543 0.912490050249085
0.4130860272653395 0.912490050249085
0.39692441110372334 0.9165304542894891
0.40096481514412735 0.9165304542894891
0.4050052191845314 0.9165304542894891
0.3848031989825112 0.920570858329893
0.38884360302291526 0.920570858329893
0.3928840070633193 0.920570858329893
0.39692441110372334 0.920570858329893
0.3767223909017031 0.9246112623702971
0.3807627949421072 0.9246112623702971
0.3848031989825112 0.9246112623702971
0.36460117878049103 0.9286516664107012
0.36864158282089504 0.9286516664107012
0.37268198686129905 0.9286516664107012
0.3767223909017031 0.9286516664107012
0.3565203706996829 0.9326920704511052
0.36056077474008696 0.9326920704511052
0.36460117878049103 0.9326920704511052
0.3443991585784708 0.9367324744915093
0.3484395626188749 0.9367324744915093
0.3524799666592789 0.9367324744915093
0.3565203706996829 0.9367324744915093
0.33227794645725867 0.9407728785319134
0.33631835049766273 0.9407728785319134
0.34035875453806674 0.9407728785319134
0.3443991585784708 0.9407728785319134
0.3201567343360465 0.9448132825723174
0.3241971383764506 0.9448132825723174
0.32823754241685466 0.9448132825723174
0.33227794645725867 0.9448132825723174
0.30803552221483443 0.9488536866127214
0.3120759262552385 0.9488536866127214
0.3161163302956425 0.9488536866127214
0.3201567343360465 0.9488536866127214
0.29995471413402636 0.9528940906531255
0.30399511817443037 0.9528940906531255
0.30803552221483443 0.9528940906531255
