# x y
0.6999680116723489 0.7145102522692871
0.6959276076319448 0.7185506563096911
0.6918872035915409 0.7225910603500951
0.6838063955107327 0.7266314643904992
0.6878467995511368 0.7266314643904992
0.6797659914703287 0.7306718684309033
0.6838063955107327 0.7306718684309033
0.6757255874299246 0.7347122724713073
0.6797659914703287 0.7347122724713073
0.6716851833895205 0.7387526765117113
0.6757255874299246 0.7387526765117113
0.6676447793491165 0.7427930805521153
0.6716851833895205 0.7427930805521153
0.6636043753087125 0.7468334845925194
0.6676447793491165 0.7468334845925194
0.6595639712683085 0.7508738886329235
0.6636043753087125 0.7508738886329235
0.6555235672279045 0.7549142926733274
0.6514831631875004 0.7589546967137315
0.6434023551066923 0.7629951007541356
0.6474427591470964 0.7629951007541356
0.6393619510662882 0.7670355047945396
0.6434023551066923 0.7670355047945396
0.6353215470258842 0.7710759088349436
0.6393619510662882 0.7710759088349436
0.6312811429854802 0.7751163128753477
0.6353215470258842 0.7751163128753477
0.6232003349046721 0.7791567169157517
0.6272407389450761 0.7791567169157517
0.6191599308642681 0.7831971209561558
0.6232003349046721 0.7831971209561558
0.6151195268238641 0.7872375249965597
0.6191599308642681 0.7872375249965597
0.61107912278346 0.7912779290369638
0.6151195268238641 0.7912779290369638
0.6029983147026519 0.7953183330773679
0.6070387187430559 0.7953183330773679
0.5989579106622478 0.799358737117772
0.6029983147026519 0.799358737117772
0.5949175066218438 0.803399141158176
0.5989579106622478 0.803399141158176
0.5868366985410358 0.80743954519858
0.5908771025814398 0.80743954519858
0.5827962945006318 0.811479949238984
0.5868366985410358 0.811479949238984
0.5747154864198236 0.8155203532793881
0.5787558904602277 0.8155203532793881
0.5706750823794196 0.819560757319792
0.5747154864198236 0.819560757319792
0.5666346783390155 0.8236011613601961
0.5706750823794196 0.8236011613601961
0.5585538702582075 0.8276415654006002
0.5625942742986115 0.8276415654006002
0.5545134662178034 0.8316819694410043
0.5585538702582075 0.8316819694410043
0.5464326581369954 0.8357223734814083
0.5504730621773994 0.8357223734814083
0.5423922540965913 0.8397627775218124
0.5464326581369954 0.8397627775218124
0.5343114460157832 0.8438031815622163
0.5383518500561872 0.8438031815622163
0.5262306379349752 0.8478435856026204
0.5302710419753792 0.8478435856026204
0.5343114460157832 0.8478435856026204
0.5221902338945711 0.8518839896430245
0.5262306379349752 0.8518839896430245
0.5141094258137631 0.8559243936834284
0.518149829854167 0.8559243936834284
0.5060286177329549 0.8599647977238325
0.510069021773359 0.8599647977238325
0.5141094258137631 0.8599647977238325
0.5019882136925509 0.8640052017642366
0.5060286177329549 0.8640052017642366
0.49390740561174284 0.8680456058046406
0.49794780965214686 0.8680456058046406
0.4858265975309347 0.8720860098450447
0.4898670015713388 0.8720860098450447
0.49390740561174284 0.8720860098450447
0.4777457894501267 0.8761264138854487
0.4817861934905307 0.8761264138854487
0.4858265975309347 0.8761264138854487
0.4737053854097226 0.8801668179258527
0.4777457894501267 0.8801668179258527
0.46562457732891455 0.8842072219662568
0.46966498136931856 0.8842072219662568
0.45754376924810647 0.8882476260066607
0.4615841732885105 0.8882476260066607
0.44946296116729834 0.8922880300470648
0.4535033652077024 0.8922880300470648
0.4413821530864903 0.8963284340874689
0.4454225571268943 0.8963284340874689
0.4333013450056822 0.9003688381278729
0.43734174904608625 0.9003688381278729
0.42522053692487416 0.904409242168277
0.42926094096527817 0.904409242168277
0.413099324803662 0.9084496462086811
0.417139728844066 0.9084496462086811
0.4211801328844701 0.9084496462086811
0.40501851672285394 0.912490050249085
0.40905892076325795 0.912490050249085
0.413099324803662 0.912490050249085
0.39693770864204586 0.9165304542894891
0.40097811268244987 0.9165304542894891
0.40501851672285394 0.9165304542894891
0.3848164965208337 0.920570858329893
0.3888569005612378 0.920570858329893
0.3928973046016418 0.920570858329893
0.37673568844002564 0.9246112623702971
0.38077609248042965 0.9246112623702971
0.3848164965208337 0.9246112623702971
0.36865488035921756 0.9286516664107012
0.37269528439962163 0.9286516664107012
0.37673568844002564 0.9286516664107012
0.3565336682380055 0.9326920704511052
0.3605740722784095 0.9326920704511052
0.3646144763188135 0.9326920704511052
0.34441245611679333 0.9367324744915093
0.34845286015719734 0.9367324744915093
0.3524932641976014 0.9367324744915093
0.3322912439955812 0.9407728785319134
0.33633164803598525 0.9407728785319134
0.34037205207638926 0.9407728785319134
0.34441245611679333 0.9407728785319134
0.3242104359147731 0.9448132825723174
0.3282508399551772 0.9448132825723174
0.3322912439955812 0.9448132825723174
0.31208922379356097 0.9488536866127214
0.31612962783396503 0.9488536866127214
0.3201700318743691 0.9488536866127214
0.2999680116723489 0.9528940906531255
0.30400841571275294 0.9528940906531255
0.30804881975315695 0.9528940906531255
