# x y
0.6959163840765499 0.7145102522692871
0.6999567881169539 0.7145102522692871
0.6918759800361459 0.7185506563096911
0.6959163840765499 0.7185506563096911
0.6878355759957419 0.7225910603500951
0.6918759800361459 0.7225910603500951
0.6837951719553378 0.7266314643904992
0.6878355759957419 0.7266314643904992
0.6797547679149338 0.7306718684309033
0.6837951719553378 0.7306718684309033
0.6757143638745298 0.7347122724713073
0.6797547679149338 0.7347122724713073
0.6716739598341257 0.7387526765117113
0.6757143638745298 0.7387526765117113
0.6676335557937216 0.7427930805521153
0.6716739598341257 0.7427930805521153
0.6635931517533176 0.7468334845925194
0.6676335557937216 0.7468334845925194
0.6595527477129135 0.7508738886329235
0.6635931517533176 0.7508738886329235
0.6555123436725095 0.7549142926733274
0.6595527477129135 0.7549142926733274
0.6474315355917015 0.7589546967137315
0.6514719396321055 0.7589546967137315
0.6433911315512975 0.7629951007541356
0.6474315355917015 0.7629951007541356
0.6393507275108934 0.7670355047945396
0.6433911315512975 0.7670355047945396
0.6353103234704893 0.7710759088349436
0.6393507275108934 0.7710759088349436
0.6312699194300853 0.7751163128753477
0.6353103234704893 0.7751163128753477
0.6231891113492771 0.7791567169157517
0.6272295153896812 0.7791567169157517
0.6191487073088732 0.7831971209561558
0.6231891113492771 0.7831971209561558
0.6151083032684691 0.7872375249965597
0.6191487073088732 0.7872375249965597
0.6110678992280651 0.7912779290369638
0.6151083032684691 0.7912779290369638
0.602987091147257 0.7953183330773679
0.6070274951876611 0.7953183330773679
0.598946687106853 0.799358737117772
0.602987091147257 0.799358737117772
0.5949062830664489 0.803399141158176
0.598946687106853 0.803399141158176
0.5868254749856409 0.80743954519858
0.5908658790260448 0.80743954519858
0.5827850709452368 0.811479949238984
0.5868254749856409 0.811479949238984
0.5747042628644288 0.8155203532793881
0.5787446669048328 0.8155203532793881
0.5827850709452368 0.8155203532793881
0.5706638588240247 0.819560757319792
0.5747042628644288 0.819560757319792
0.5625830507432166 0.8236011613601961
0.5666234547836206 0.8236011613601961
0.5706638588240247 0.8236011613601961
0.5585426467028125 0.8276415654006002
0.5625830507432166 0.8276415654006002
0.5504618386220045 0.8316819694410043
0.5545022426624084 0.8316819694410043
0.5585426467028125 0.8316819694410043
0.5464214345816004 0.8357223734814083
0.5504618386220045 0.8357223734814083
0.5383406265007924 0.8397627775218124
0.5423810305411965 0.8397627775218124
0.5464214345816004 0.8397627775218124
0.5343002224603883 0.8438031815622163
0.5383406265007924 0.8438031815622163
0.5262194143795802 0.8478435856026204
0.5302598184199843 0.8478435856026204
0.5343002224603883 0.8478435856026204
0.5221790103391761 0.8518839896430245
0.5262194143795802 0.8518839896430245
0.5140982022583681 0.8559243936834284
0.5181386062987722 0.8559243936834284
0.5221790103391761 0.8559243936834284
0.5060173941775601 0.8599647977238325
0.510057798217964 0.8599647977238325
0.5140982022583681 0.8599647977238325
0.501976990137156 0.8640052017642366
0.5060173941775601 0.8640052017642366
0.4938961820563479 0.8680456058046406
0.49793658609675195 0.8680456058046406
0.48581537397553987 0.8720860098450447
0.4898557780159439 0.8720860098450447
0.4938961820563479 0.8720860098450447
0.47773456589473173 0.8761264138854487
0.4817749699351358 0.8761264138854487
0.48581537397553987 0.8761264138854487
0.4696537578139237 0.8801668179258527
0.4736941618543277 0.8801668179258527
0.47773456589473173 0.8801668179258527
0.4615729497331156 0.8842072219662568
0.46561335377351964 0.8842072219662568
0.4696537578139237 0.8842072219662568
0.4534921416523075 0.8882476260066607
0.4575325456927115 0.8882476260066607
0.4615729497331156 0.8882476260066607
0.4494517376119035 0.8922880300470648
0.4534921416523075 0.8922880300470648
0.43733052549069135 0.8963284340874689
0.44137092953109536 0.8963284340874689
0.4454113335714994 0.8963284340874689
0.42924971740988327 0.9003688381278729
0.43329012145028734 0.9003688381278729
0.43733052549069135 0.9003688381278729
0.4211689093290752 0.904409242168277
0.4252093133694792 0.904409242168277
0.42924971740988327 0.904409242168277
0.4130881012482671 0.9084496462086811
0.4171285052886712 0.9084496462086811
0.4211689093290752 0.9084496462086811
0.40500729316745904 0.912490050249085
0.40904769720786305 0.912490050249085
0.4130881012482671 0.912490050249085
0.39692648508665096 0.9165304542894891
0.40096688912705497 0.9165304542894891
0.40500729316745904 0.9165304542894891
0.3848052729654388 0.920570858329893
0.3888456770058429 0.920570858329893
0.3928860810462469 0.920570858329893
0.39692648508665096 0.920570858329893
0.37672446488463074 0.9246112623702971
0.3807648689250348 0.9246112623702971
0.3848052729654388 0.9246112623702971
0.36460325276341865 0.9286516664107012
0.36864365680382266 0.9286516664107012
0.37268406084422667 0.9286516664107012
0.37672446488463074 0.9286516664107012
0.3565224446826105 0.9326920704511052
0.3605628487230146 0.9326920704511052
0.36460325276341865 0.9326920704511052
0.34440123256139843 0.9367324744915093
0.3484416366018025 0.9367324744915093
0.3524820406422065 0.9367324744915093
0.3565224446826105 0.9367324744915093
0.3322800204401863 0.9407728785319134
0.33632042448059035 0.9407728785319134
0.34036082852099436 0.9407728785319134
0.34440123256139843 0.9407728785319134
0.32015880831897414 0.9448132825723174
0.3241992123593782 0.9448132825723174
0.3282396163997823 0.9448132825723174
0.3322800204401863 0.9448132825723174
0.30803759619776205 0.9488536866127214
0.3120780002381661 0.9488536866127214
0.31611840427857013 0.9488536866127214
0.32015880831897414 0.9488536866127214
0.299956788116954 0.9528940906531255
0.303997192157358 0.9528940906531255
0.30803759619776205 0.9528940906531255
