# x y
0.6676699237582684 0.7508738886329235
0.6636295197178643 0.7549142926733274
0.6676699237582684 0.7589546967137315
0.631306287394632 0.7831971209561558
0.6111042671926119 0.799358737117772
0.6030234591118038 0.803399141158176
0.5949426510309956 0.811479949238984
0.5666598227481674 0.8316819694410043
0.526255782344127 0.8559243936834284
0.5060537621421068 0.8680456058046406
0.48181133789968256 0.8842072219662568
0.45352850961685426 0.8963284340874689
0.4454477015360462 0.9003688381278729
0.4656497217380664 0.9003688381278729
0.4373668934552381 0.904409242168277
0.4333264894148341 0.9165304542894891
0.42524568133402596 0.920570858329893
0.39292244901079365 0.9246112623702971
0.3848416409299856 0.9286516664107012
0.3969628530511977 0.9286516664107012
0.3565588126471573 0.9407728785319134
0.3201951762835209 0.9528940906531255
0.32423558032392497 0.9528940906531255
0.3080739641623088 0.9569344946935294
0.3121143682027129 0.9569344946935294
0.30403356012190474 0.9609748987339335
0.3121143682027129 0.9609748987339335
