# x y
0.6999981722451137 0.7185506563096911
0.6838365560834976 0.7347122724713073
0.6717153439622854 0.7468334845925194
0.6757557480026894 0.7468334845925194
0.6595941318410733 0.7589546967137315
0.627270899517841 0.7831971209561558
0.6393921116390531 0.7831971209561558
0.619190091437033 0.7912779290369638
0.5949476671946087 0.80743954519858
0.5666648389117803 0.8276415654006002
0.5545436267905682 0.8397627775218124
0.5424224146693561 0.8438031815622163
0.5303012025481441 0.8518839896430245
0.5100991823461238 0.8640052017642366
0.5141395863865279 0.8640052017642366
0.433331505578447 0.904409242168277
0.4090890813360228 0.9165304542894891
0.4090890813360228 0.920570858329893
0.36464463689157833 0.9367324744915093
0.332321404568346 0.9488536866127214
0.3040385762855178 0.9569344946935294
