# x y
0.6999981722451137 0.7145102522692871
0.6959577682047097 0.7185506563096911
0.6919173641643057 0.7225910603500951
0.6878769601239016 0.7266314643904992
0.6838365560834976 0.7306718684309033
0.6797961520430935 0.7347122724713073
0.6757557480026894 0.7387526765117113
0.6595941318410733 0.7508738886329235
0.6555537278006693 0.7549142926733274
0.6515133237602653 0.7589546967137315
0.6474729197198612 0.7629951007541356
0.6434325156794571 0.7670355047945396
0.631311303558245 0.7751163128753477
0.627270899517841 0.7791567169157517
0.6232304954774369 0.7831971209561558
0.6111092833562248 0.7912779290369638
0.6070688793158208 0.7953183330773679
0.6030284752754167 0.799358737117772
0.5949476671946087 0.803399141158176
0.5909072631542046 0.80743954519858
0.5787860510329925 0.8155203532793881
0.5747456469925885 0.819560757319792
0.5666648389117803 0.8236011613601961
0.5626244348713764 0.8276415654006002
0.5545436267905682 0.8316819694410043
0.5505032227501643 0.8357223734814083
0.5424224146693561 0.8397627775218124
0.5383820106289521 0.8438031815622163
0.5303012025481441 0.8478435856026204
0.5222203944673359 0.8518839896430245
0.52626079850774 0.8518839896430245
0.5181799904269319 0.8559243936834284
0.5100991823461238 0.8599647977238325
0.5020183742653157 0.8640052017642366
0.5060587783057198 0.8640052017642366
0.4979779702249117 0.8680456058046406
0.4898971621441036 0.8720860098450447
0.48181635406329554 0.8761264138854487
0.47373554598248746 0.8801668179258527
0.4656547379016794 0.8842072219662568
0.4696951419420834 0.8842072219662568
0.4616143338612753 0.8882476260066607
0.45353352578046724 0.8922880300470648
0.44545271769965916 0.8963284340874689
0.433331505578447 0.9003688381278729
0.4373719096188511 0.9003688381278729
0.425250697497639 0.904409242168277
0.429291101538043 0.904409242168277
0.41716988941683086 0.9084496462086811
0.42121029345723493 0.9084496462086811
0.4090890813360228 0.912490050249085
0.4010082732552147 0.9165304542894891
0.3888870611340026 0.920570858329893
0.39292746517440663 0.920570858329893
0.3808062530531945 0.9246112623702971
0.37272544497238647 0.9286516664107012
0.3606042328511743 0.9326920704511052
0.36464463689157833 0.9326920704511052
0.3484830207299622 0.9367324744915093
0.35252342477036624 0.9367324744915093
0.3404022126491541 0.9407728785319134
0.328281000527942 0.9448132825723174
0.31615978840672987 0.9488536866127214
0.32020019244713394 0.9488536866127214
0.3040385762855178 0.9528940906531255
0.3080789803259218 0.9528940906531255
