# x y
0.6792824979458274 0.7185506563096911
0.6833229019862315 0.7185506563096911
0.6873633060266355 0.7185506563096911
0.6712016898650194 0.7225910603500951
0.6752420939054233 0.7225910603500951
0.6792824979458274 0.7225910603500951
0.6833229019862315 0.7225910603500951
0.6671612858246153 0.7266314643904992
0.6712016898650194 0.7266314643904992
0.6752420939054233 0.7266314643904992
0.6792824979458274 0.7266314643904992
0.6873633060266355 0.7266314643904992
0.6590804777438073 0.7306718684309033
0.6631208817842114 0.7306718684309033
0.6671612858246153 0.7306718684309033
0.6712016898650194 0.7306718684309033
0.6752420939054233 0.7306718684309033
0.6792824979458274 0.7306718684309033
0.6631208817842114 0.7347122724713073
0.6671612858246153 0.7347122724713073
0.6712016898650194 0.7347122724713073
0.6752420939054233 0.7347122724713073
0.6469592656225951 0.7387526765117113
0.6590804777438073 0.7387526765117113
0.6631208817842114 0.7387526765117113
0.6671612858246153 0.7387526765117113
0.6712016898650194 0.7387526765117113
0.6550400737034032 0.7427930805521153
0.6590804777438073 0.7427930805521153
0.6631208817842114 0.7427930805521153
0.6671612858246153 0.7427930805521153
0.6509996696629992 0.7468334845925194
0.6550400737034032 0.7468334845925194
0.6590804777438073 0.7468334845925194
0.6631208817842114 0.7468334845925194
0.6469592656225951 0.7508738886329235
0.6509996696629992 0.7508738886329235
0.6550400737034032 0.7508738886329235
0.6590804777438073 0.7508738886329235
0.6388784575417871 0.7549142926733274
0.642918861582191 0.7549142926733274
0.6469592656225951 0.7549142926733274
0.6509996696629992 0.7549142926733274
0.6550400737034032 0.7549142926733274
0.6186764373397668 0.7589546967137315
0.630797649460979 0.7589546967137315
0.6388784575417871 0.7589546967137315
0.642918861582191 0.7589546967137315
0.6469592656225951 0.7589546967137315
0.6509996696629992 0.7589546967137315
0.630797649460979 0.7629951007541356
0.634838053501383 0.7629951007541356
0.6388784575417871 0.7629951007541356
0.642918861582191 0.7629951007541356
0.6469592656225951 0.7629951007541356
0.6065552252185547 0.7670355047945396
0.626757245420575 0.7670355047945396
0.630797649460979 0.7670355047945396
0.634838053501383 0.7670355047945396
0.6388784575417871 0.7670355047945396
0.642918861582191 0.7670355047945396
0.6227168413801709 0.7710759088349436
0.626757245420575 0.7710759088349436
0.630797649460979 0.7710759088349436
0.634838053501383 0.7710759088349436
0.5944340130973427 0.7751163128753477
0.6146360332993628 0.7751163128753477
0.6186764373397668 0.7751163128753477
0.6227168413801709 0.7751163128753477
0.626757245420575 0.7751163128753477
0.630797649460979 0.7751163128753477
0.6105956292589587 0.7791567169157517
0.6146360332993628 0.7791567169157517
0.6186764373397668 0.7791567169157517
0.6227168413801709 0.7791567169157517
0.626757245420575 0.7791567169157517
0.6065552252185547 0.7831971209561558
0.6105956292589587 0.7831971209561558
0.6146360332993628 0.7831971209561558
0.6186764373397668 0.7831971209561558
0.6227168413801709 0.7831971209561558
0.5984744171377466 0.7872375249965597
0.6025148211781507 0.7872375249965597
0.6065552252185547 0.7872375249965597
0.6105956292589587 0.7872375249965597
0.6146360332993628 0.7872375249965597
0.6186764373397668 0.7872375249965597
0.5944340130973427 0.7912779290369638
0.5984744171377466 0.7912779290369638
0.6025148211781507 0.7912779290369638
0.6065552252185547 0.7912779290369638
0.6105956292589587 0.7912779290369638
0.5903936090569386 0.7953183330773679
0.5944340130973427 0.7953183330773679
0.5984744171377466 0.7953183330773679
0.6025148211781507 0.7953183330773679
0.6065552252185547 0.7953183330773679
0.5580703767337063 0.799358737117772
0.5823128009761305 0.799358737117772
0.5863532050165345 0.799358737117772
0.5903936090569386 0.799358737117772
0.5944340130973427 0.799358737117772
0.5984744171377466 0.799358737117772
0.6025148211781507 0.799358737117772
0.5782723969357264 0.803399141158176
0.5823128009761305 0.803399141158176
0.5863532050165345 0.803399141158176
0.5903936090569386 0.803399141158176
0.5944340130973427 0.803399141158176
0.5984744171377466 0.803399141158176
0.5701915888549184 0.80743954519858
0.5742319928953223 0.80743954519858
0.5782723969357264 0.80743954519858
0.5823128009761305 0.80743954519858
0.5863532050165345 0.80743954519858
0.5903936090569386 0.80743954519858
0.5661511848145143 0.811479949238984
0.5701915888549184 0.811479949238984
0.5742319928953223 0.811479949238984
0.5782723969357264 0.811479949238984
0.5823128009761305 0.811479949238984
0.5863532050165345 0.811479949238984
0.5580703767337063 0.8155203532793881
0.5621107807741104 0.8155203532793881
0.5661511848145143 0.8155203532793881
0.5701915888549184 0.8155203532793881
0.5742319928953223 0.8155203532793881
0.5782723969357264 0.8155203532793881
0.5823128009761305 0.8155203532793881
0.5540299726933022 0.819560757319792
0.5580703767337063 0.819560757319792
0.5621107807741104 0.819560757319792
0.5661511848145143 0.819560757319792
0.5701915888549184 0.819560757319792
0.5742319928953223 0.819560757319792
0.5459491646124941 0.8236011613601961
0.5499895686528982 0.8236011613601961
0.5540299726933022 0.8236011613601961
0.5580703767337063 0.8236011613601961
0.5621107807741104 0.8236011613601961
0.5661511848145143 0.8236011613601961
0.5701915888549184 0.8236011613601961
0.54190876057209 0.8276415654006002
0.5459491646124941 0.8276415654006002
0.5499895686528982 0.8276415654006002
0.5540299726933022 0.8276415654006002
0.5580703767337063 0.8276415654006002
0.5621107807741104 0.8276415654006002
0.5661511848145143 0.8276415654006002
0.533827952491282 0.8316819694410043
0.5378683565316861 0.8316819694410043
0.54190876057209 0.8316819694410043
0.5459491646124941 0.8316819694410043
0.5499895686528982 0.8316819694410043
0.5540299726933022 0.8316819694410043
0.5580703767337063 0.8316819694410043
0.5297875484508779 0.8357223734814083
0.533827952491282 0.8357223734814083
0.5378683565316861 0.8357223734814083
0.54190876057209 0.8357223734814083
0.5459491646124941 0.8357223734814083
0.5499895686528982 0.8357223734814083
0.5540299726933022 0.8357223734814083
0.5217067403700699 0.8397627775218124
0.525747144410474 0.8397627775218124
0.5297875484508779 0.8397627775218124
0.533827952491282 0.8397627775218124
0.5378683565316861 0.8397627775218124
0.54190876057209 0.8397627775218124
0.5459491646124941 0.8397627775218124
0.5136259322892618 0.8438031815622163
0.5176663363296659 0.8438031815622163
0.5217067403700699 0.8438031815622163
0.525747144410474 0.8438031815622163
0.5297875484508779 0.8438031815622163
0.533827952491282 0.8438031815622163
0.5378683565316861 0.8438031815622163
0.54190876057209 0.8438031815622163
0.5095855282488577 0.8478435856026204
0.5136259322892618 0.8478435856026204
0.5176663363296659 0.8478435856026204
0.5217067403700699 0.8478435856026204
0.525747144410474 0.8478435856026204
0.5297875484508779 0.8478435856026204
0.533827952491282 0.8478435856026204
0.5015047201680497 0.8518839896430245
0.5055451242084537 0.8518839896430245
0.5095855282488577 0.8518839896430245
0.5136259322892618 0.8518839896430245
0.5176663363296659 0.8518839896430245
0.5217067403700699 0.8518839896430245
0.525747144410474 0.8518839896430245
0.5297875484508779 0.8518839896430245
0.49342391208724157 0.8559243936834284
0.49746431612764563 0.8559243936834284
0.5015047201680497 0.8559243936834284
0.5055451242084537 0.8559243936834284
0.5095855282488577 0.8559243936834284
0.5136259322892618 0.8559243936834284
0.5176663363296659 0.8559243936834284
0.5217067403700699 0.8559243936834284
0.48534310400643355 0.8599647977238325
0.48938350804683756 0.8599647977238325
0.49342391208724157 0.8599647977238325
0.49746431612764563 0.8599647977238325
0.5015047201680497 0.8599647977238325
0.5055451242084537 0.8599647977238325
0.5095855282488577 0.8599647977238325
0.5136259322892618 0.8599647977238325
0.4772622959256254 0.8640052017642366
0.4813026999660295 0.8640052017642366
0.48534310400643355 0.8640052017642366
0.48938350804683756 0.8640052017642366
0.49342391208724157 0.8640052017642366
0.49746431612764563 0.8640052017642366
0.5015047201680497 0.8640052017642366
0.5055451242084537 0.8640052017642366
0.5095855282488577 0.8640052017642366
0.4732218918852214 0.8680456058046406
0.4772622959256254 0.8680456058046406
0.4813026999660295 0.8680456058046406
0.48534310400643355 0.8680456058046406
0.48938350804683756 0.8680456058046406
0.49342391208724157 0.8680456058046406
0.49746431612764563 0.8680456058046406
0.5015047201680497 0.8680456058046406
0.4651410838044133 0.8720860098450447
0.4691814878448174 0.8720860098450447
0.4732218918852214 0.8720860098450447
0.4772622959256254 0.8720860098450447
0.4813026999660295 0.8720860098450447
0.48534310400643355 0.8720860098450447
0.48938350804683756 0.8720860098450447
0.49342391208724157 0.8720860098450447
0.45706027572360525 0.8761264138854487
0.46110067976400926 0.8761264138854487
0.4651410838044133 0.8761264138854487
0.4691814878448174 0.8761264138854487
0.4732218918852214 0.8761264138854487
0.4772622959256254 0.8761264138854487
0.4813026999660295 0.8761264138854487
0.48534310400643355 0.8761264138854487
0.48938350804683756 0.8761264138854487
0.44897946764279717 0.8801668179258527
0.4530198716832012 0.8801668179258527
0.45706027572360525 0.8801668179258527
0.46110067976400926 0.8801668179258527
0.4651410838044133 0.8801668179258527
0.4691814878448174 0.8801668179258527
0.4732218918852214 0.8801668179258527
0.4772622959256254 0.8801668179258527
0.4813026999660295 0.8801668179258527
0.44089865956198904 0.8842072219662568
0.4449390636023931 0.8842072219662568
0.44897946764279717 0.8842072219662568
0.4530198716832012 0.8842072219662568
0.45706027572360525 0.8842072219662568
0.46110067976400926 0.8842072219662568
0.4651410838044133 0.8842072219662568
0.4691814878448174 0.8842072219662568
0.4732218918852214 0.8842072219662568
0.3924138110771406 0.8882476260066607
0.432817851481181 0.8882476260066607
0.436858255521585 0.8882476260066607
0.44089865956198904 0.8882476260066607
0.4449390636023931 0.8882476260066607
0.44897946764279717 0.8882476260066607
0.4530198716832012 0.8882476260066607
0.45706027572360525 0.8882476260066607
0.46110067976400926 0.8882476260066607
0.4651410838044133 0.8882476260066607
0.4813026999660295 0.8882476260066607
0.4247370434003729 0.8922880300470648
0.42877744744077695 0.8922880300470648
0.432817851481181 0.8922880300470648
0.436858255521585 0.8922880300470648
0.44089865956198904 0.8922880300470648
0.4449390636023931 0.8922880300470648
0.44897946764279717 0.8922880300470648
0.4530198716832012 0.8922880300470648
0.45706027572360525 0.8922880300470648
0.4126158312791608 0.8963284340874689
0.41665623531956486 0.8963284340874689
0.42069663935996887 0.8963284340874689
0.4247370434003729 0.8963284340874689
0.42877744744077695 0.8963284340874689
0.432817851481181 0.8963284340874689
0.436858255521585 0.8963284340874689
0.44089865956198904 0.8963284340874689
0.4449390636023931 0.8963284340874689
0.44897946764279717 0.8963284340874689
0.4530198716832012 0.8963284340874689
0.4045350231983527 0.9003688381278729
0.4085754272387567 0.9003688381278729
0.4126158312791608 0.9003688381278729
0.41665623531956486 0.9003688381278729
0.42069663935996887 0.9003688381278729
0.4247370434003729 0.9003688381278729
0.42877744744077695 0.9003688381278729
0.432817851481181 0.9003688381278729
0.436858255521585 0.9003688381278729
0.44089865956198904 0.9003688381278729
0.39645421511754464 0.904409242168277
0.40049461915794865 0.904409242168277
0.4045350231983527 0.904409242168277
0.4085754272387567 0.904409242168277
0.4126158312791608 0.904409242168277
0.41665623531956486 0.904409242168277
0.42069663935996887 0.904409242168277
0.4247370434003729 0.904409242168277
0.42877744744077695 0.904409242168277
0.432817851481181 0.904409242168277
0.38837340703673656 0.9084496462086811
0.3924138110771406 0.9084496462086811
0.39645421511754464 0.9084496462086811
0.40049461915794865 0.9084496462086811
0.4045350231983527 0.9084496462086811
0.4085754272387567 0.9084496462086811
0.4126158312791608 0.9084496462086811
0.41665623531956486 0.9084496462086811
0.42069663935996887 0.9084496462086811
0.4247370434003729 0.9084496462086811
0.37221179087512035 0.912490050249085
0.3762521949155244 0.912490050249085
0.3802925989559285 0.912490050249085
0.3843330029963325 0.912490050249085
0.38837340703673656 0.912490050249085
0.3924138110771406 0.912490050249085
0.39645421511754464 0.912490050249085
0.40049461915794865 0.912490050249085
0.4045350231983527 0.912490050249085
0.4085754272387567 0.912490050249085
0.4126158312791608 0.912490050249085
0.41665623531956486 0.912490050249085
0.36817138683471634 0.9165304542894891
0.37221179087512035 0.9165304542894891
0.3762521949155244 0.9165304542894891
0.3802925989559285 0.9165304542894891
0.3843330029963325 0.9165304542894891
0.38837340703673656 0.9165304542894891
0.3924138110771406 0.9165304542894891
0.39645421511754464 0.9165304542894891
0.40049461915794865 0.9165304542894891
0.4045350231983527 0.9165304542894891
0.4085754272387567 0.9165304542894891
0.3560501747135042 0.920570858329893
0.36009057875390826 0.920570858329893
0.36413098279431233 0.920570858329893
0.36817138683471634 0.920570858329893
0.37221179087512035 0.920570858329893
0.3762521949155244 0.920570858329893
0.3802925989559285 0.920570858329893
0.3843330029963325 0.920570858329893
0.38837340703673656 0.920570858329893
0.3924138110771406 0.920570858329893
0.39645421511754464 0.920570858329893
0.40049461915794865 0.920570858329893
0.3439289625922921 0.9246112623702971
0.3479693666326962 0.9246112623702971
0.3520097706731002 0.9246112623702971
0.3560501747135042 0.9246112623702971
0.36009057875390826 0.9246112623702971
0.36413098279431233 0.9246112623702971
0.36817138683471634 0.9246112623702971
0.37221179087512035 0.9246112623702971
0.3762521949155244 0.9246112623702971
0.3802925989559285 0.9246112623702971
0.3843330029963325 0.9246112623702971
0.38837340703673656 0.9246112623702971
0.3924138110771406 0.9246112623702971
0.33584815451148403 0.9286516664107012
0.33988855855188804 0.9286516664107012
0.3439289625922921 0.9286516664107012
0.3479693666326962 0.9286516664107012
0.3520097706731002 0.9286516664107012
0.3560501747135042 0.9286516664107012
0.36009057875390826 0.9286516664107012
0.36413098279431233 0.9286516664107012
0.36817138683471634 0.9286516664107012
0.37221179087512035 0.9286516664107012
0.3762521949155244 0.9286516664107012
0.3802925989559285 0.9286516664107012
0.3237269423902719 0.9326920704511052
0.32776734643067595 0.9326920704511052
0.33180775047107997 0.9326920704511052
0.33584815451148403 0.9326920704511052
0.33988855855188804 0.9326920704511052
0.3439289625922921 0.9326920704511052
0.3479693666326962 0.9326920704511052
0.3520097706731002 0.9326920704511052
0.3560501747135042 0.9326920704511052
0.36009057875390826 0.9326920704511052
0.36413098279431233 0.9326920704511052
0.36817138683471634 0.9326920704511052
0.37221179087512035 0.9326920704511052
0.3116057302690598 0.9367324744915093
0.3156461343094638 0.9367324744915093
0.3196865383498679 0.9367324744915093
0.3237269423902719 0.9367324744915093
0.32776734643067595 0.9367324744915093
0.33180775047107997 0.9367324744915093
0.33584815451148403 0.9367324744915093
0.33988855855188804 0.9367324744915093
0.3439289625922921 0.9367324744915093
0.3479693666326962 0.9367324744915093
0.3520097706731002 0.9367324744915093
0.3560501747135042 0.9367324744915093
0.36009057875390826 0.9367324744915093
0.29948451814784766 0.9407728785319134
0.3116057302690598 0.9407728785319134
0.3156461343094638 0.9407728785319134
0.3196865383498679 0.9407728785319134
0.3237269423902719 0.9407728785319134
0.32776734643067595 0.9407728785319134
0.33180775047107997 0.9407728785319134
0.33584815451148403 0.9407728785319134
0.33988855855188804 0.9407728785319134
0.3439289625922921 0.9407728785319134
0.3479693666326962 0.9407728785319134
0.3520097706731002 0.9407728785319134
0.2914037100670396 0.9448132825723174
0.29948451814784766 0.9448132825723174
0.30352492218825167 0.9448132825723174
0.30756532622865573 0.9448132825723174
0.3116057302690598 0.9448132825723174
0.3156461343094638 0.9448132825723174
0.3196865383498679 0.9448132825723174
0.3237269423902719 0.9448132825723174
0.32776734643067595 0.9448132825723174
0.33180775047107997 0.9448132825723174
0.33584815451148403 0.9448132825723174
0.33988855855188804 0.9448132825723174
0.2914037100670396 0.9488536866127214
0.29544411410744364 0.9488536866127214
0.29948451814784766 0.9488536866127214
0.30352492218825167 0.9488536866127214
0.30756532622865573 0.9488536866127214
0.3116057302690598 0.9488536866127214
0.3156461343094638 0.9488536866127214
0.3196865383498679 0.9488536866127214
0.3237269423902719 0.9488536866127214
0.32776734643067595 0.9488536866127214
0.33180775047107997 0.9488536866127214
0.2914037100670396 0.9528940906531255
0.29544411410744364 0.9528940906531255
0.29948451814784766 0.9528940906531255
0.30352492218825167 0.9528940906531255
0.30756532622865573 0.9528940906531255
0.3116057302690598 0.9528940906531255
0.3156461343094638 0.9528940906531255
0.3196865383498679 0.9528940906531255
0.2914037100670396 0.9569344946935294
0.29544411410744364 0.9569344946935294
0.29948451814784766 0.9569344946935294
0.30352492218825167 0.9569344946935294
0.30756532622865573 0.9569344946935294
0.3116057302690598 0.9569344946935294
0.2914037100670396 0.9609748987339335
0.29544411410744364 0.9609748987339335
