# x y
0.698769396200629 0.698348636107671
0.6947289921602249 0.702389040148075
0.698769396200629 0.702389040148075
0.6906885881198209 0.706429444188479
0.6947289921602249 0.706429444188479
0.698769396200629 0.706429444188479
0.6866481840794169 0.710469848228883
0.6906885881198209 0.710469848228883
0.6947289921602249 0.710469848228883
0.698769396200629 0.710469848228883
0.6826077800390128 0.7145102522692871
0.6866481840794169 0.7145102522692871
0.6906885881198209 0.7145102522692871
0.6947289921602249 0.7145102522692871
0.698769396200629 0.7145102522692871
0.6785673759986088 0.7185506563096911
0.6826077800390128 0.7185506563096911
0.6866481840794169 0.7185506563096911
0.6906885881198209 0.7185506563096911
0.6947289921602249 0.7185506563096911
0.698769396200629 0.7185506563096911
0.6704865679178007 0.7225910603500951
0.6745269719582048 0.7225910603500951
0.6785673759986088 0.7225910603500951
0.6826077800390128 0.7225910603500951
0.6866481840794169 0.7225910603500951
0.6906885881198209 0.7225910603500951
0.6947289921602249 0.7225910603500951
0.698769396200629 0.7225910603500951
0.6704865679178007 0.7266314643904992
0.6745269719582048 0.7266314643904992
0.6785673759986088 0.7266314643904992
0.6826077800390128 0.7266314643904992
0.6866481840794169 0.7266314643904992
0.6906885881198209 0.7266314643904992
0.6947289921602249 0.7266314643904992
0.698769396200629 0.7266314643904992
0.6624057598369926 0.7306718684309033
0.6664461638773966 0.7306718684309033
0.6704865679178007 0.7306718684309033
0.6745269719582048 0.7306718684309033
0.6785673759986088 0.7306718684309033
0.6826077800390128 0.7306718684309033
0.6866481840794169 0.7306718684309033
0.6906885881198209 0.7306718684309033
0.6947289921602249 0.7306718684309033
0.698769396200629 0.7306718684309033
0.6583653557965885 0.7347122724713073
0.6624057598369926 0.7347122724713073
0.6664461638773966 0.7347122724713073
0.6704865679178007 0.7347122724713073
0.6745269719582048 0.7347122724713073
0.6785673759986088 0.7347122724713073
0.6826077800390128 0.7347122724713073
0.6866481840794169 0.7347122724713073
0.6906885881198209 0.7347122724713073
0.6947289921602249 0.7347122724713073
0.6543249517561845 0.7387526765117113
0.6583653557965885 0.7387526765117113
0.6624057598369926 0.7387526765117113
0.6664461638773966 0.7387526765117113
0.6704865679178007 0.7387526765117113
0.6745269719582048 0.7387526765117113
0.6785673759986088 0.7387526765117113
0.6826077800390128 0.7387526765117113
0.6866481840794169 0.7387526765117113
0.6906885881198209 0.7387526765117113
0.6502845477157805 0.7427930805521153
0.6543249517561845 0.7427930805521153
0.6583653557965885 0.7427930805521153
0.6624057598369926 0.7427930805521153
0.6664461638773966 0.7427930805521153
0.6704865679178007 0.7427930805521153
0.6745269719582048 0.7427930805521153
0.6785673759986088 0.7427930805521153
0.6826077800390128 0.7427930805521153
0.6866481840794169 0.7427930805521153
0.6462441436753765 0.7468334845925194
0.6502845477157805 0.7468334845925194
0.6543249517561845 0.7468334845925194
0.6583653557965885 0.7468334845925194
0.6624057598369926 0.7468334845925194
0.6664461638773966 0.7468334845925194
0.6704865679178007 0.7468334845925194
0.6745269719582048 0.7468334845925194
0.6785673759986088 0.7468334845925194
0.6826077800390128 0.7468334845925194
0.6381633355945684 0.7508738886329235
0.6422037396349725 0.7508738886329235
0.6462441436753765 0.7508738886329235
0.6502845477157805 0.7508738886329235
0.6543249517561845 0.7508738886329235
0.6583653557965885 0.7508738886329235
0.6624057598369926 0.7508738886329235
0.6664461638773966 0.7508738886329235
0.6704865679178007 0.7508738886329235
0.6745269719582048 0.7508738886329235
0.6341229315541643 0.7549142926733274
0.6381633355945684 0.7549142926733274
0.6422037396349725 0.7549142926733274
0.6462441436753765 0.7549142926733274
0.6502845477157805 0.7549142926733274
0.6543249517561845 0.7549142926733274
0.6583653557965885 0.7549142926733274
0.6624057598369926 0.7549142926733274
0.6664461638773966 0.7549142926733274
0.6704865679178007 0.7549142926733274
0.6745269719582048 0.7549142926733274
0.6300825275137603 0.7589546967137315
0.6341229315541643 0.7589546967137315
0.6381633355945684 0.7589546967137315
0.6422037396349725 0.7589546967137315
0.6462441436753765 0.7589546967137315
0.6502845477157805 0.7589546967137315
0.6543249517561845 0.7589546967137315
0.6583653557965885 0.7589546967137315
0.6624057598369926 0.7589546967137315
0.6664461638773966 0.7589546967137315
0.6260421234733562 0.7629951007541356
0.6300825275137603 0.7629951007541356
0.6341229315541643 0.7629951007541356
0.6381633355945684 0.7629951007541356
0.6422037396349725 0.7629951007541356
0.6462441436753765 0.7629951007541356
0.6502845477157805 0.7629951007541356
0.6543249517561845 0.7629951007541356
0.6583653557965885 0.7629951007541356
0.6624057598369926 0.7629951007541356
0.6220017194329521 0.7670355047945396
0.6260421234733562 0.7670355047945396
0.6300825275137603 0.7670355047945396
0.6341229315541643 0.7670355047945396
0.6381633355945684 0.7670355047945396
0.6422037396349725 0.7670355047945396
0.6462441436753765 0.7670355047945396
0.6502845477157805 0.7670355047945396
0.6543249517561845 0.7670355047945396
0.6583653557965885 0.7670355047945396
0.6179613153925482 0.7710759088349436
0.6220017194329521 0.7710759088349436
0.6260421234733562 0.7710759088349436
0.6300825275137603 0.7710759088349436
0.6341229315541643 0.7710759088349436
0.6381633355945684 0.7710759088349436
0.6422037396349725 0.7710759088349436
0.6462441436753765 0.7710759088349436
0.6502845477157805 0.7710759088349436
0.6098805073117401 0.7751163128753477
0.6139209113521441 0.7751163128753477
0.6179613153925482 0.7751163128753477
0.6220017194329521 0.7751163128753477
0.6260421234733562 0.7751163128753477
0.6300825275137603 0.7751163128753477
0.6341229315541643 0.7751163128753477
0.6381633355945684 0.7751163128753477
0.6422037396349725 0.7751163128753477
0.6462441436753765 0.7751163128753477
0.6502845477157805 0.7751163128753477
0.6058401032713361 0.7791567169157517
0.6098805073117401 0.7791567169157517
0.6139209113521441 0.7791567169157517
0.6179613153925482 0.7791567169157517
0.6220017194329521 0.7791567169157517
0.6260421234733562 0.7791567169157517
0.6300825275137603 0.7791567169157517
0.6341229315541643 0.7791567169157517
0.6381633355945684 0.7791567169157517
0.6422037396349725 0.7791567169157517
0.6462441436753765 0.7791567169157517
0.601799699230932 0.7831971209561558
0.6058401032713361 0.7831971209561558
0.6098805073117401 0.7831971209561558
0.6139209113521441 0.7831971209561558
0.6179613153925482 0.7831971209561558
0.6220017194329521 0.7831971209561558
0.6260421234733562 0.7831971209561558
0.6300825275137603 0.7831971209561558
0.6341229315541643 0.7831971209561558
0.6381633355945684 0.7831971209561558
0.6422037396349725 0.7831971209561558
0.5937188911501239 0.7872375249965597
0.597759295190528 0.7872375249965597
0.601799699230932 0.7872375249965597
0.6058401032713361 0.7872375249965597
0.6098805073117401 0.7872375249965597
0.6139209113521441 0.7872375249965597
0.6179613153925482 0.7872375249965597
0.6220017194329521 0.7872375249965597
0.6260421234733562 0.7872375249965597
0.6300825275137603 0.7872375249965597
0.6341229315541643 0.7872375249965597
0.6381633355945684 0.7872375249965597
0.5896784871097198 0.7912779290369638
0.5937188911501239 0.7912779290369638
0.597759295190528 0.7912779290369638
0.601799699230932 0.7912779290369638
0.6058401032713361 0.7912779290369638
0.6098805073117401 0.7912779290369638
0.6139209113521441 0.7912779290369638
0.6179613153925482 0.7912779290369638
0.6220017194329521 0.7912779290369638
0.6260421234733562 0.7912779290369638
0.6300825275137603 0.7912779290369638
0.5856380830693159 0.7953183330773679
0.5896784871097198 0.7953183330773679
0.5937188911501239 0.7953183330773679
0.597759295190528 0.7953183330773679
0.601799699230932 0.7953183330773679
0.6058401032713361 0.7953183330773679
0.6098805073117401 0.7953183330773679
0.6139209113521441 0.7953183330773679
0.6179613153925482 0.7953183330773679
0.6220017194329521 0.7953183330773679
0.6260421234733562 0.7953183330773679
0.5775572749885078 0.799358737117772
0.5815976790289118 0.799358737117772
0.5856380830693159 0.799358737117772
0.5896784871097198 0.799358737117772
0.5937188911501239 0.799358737117772
0.597759295190528 0.799358737117772
0.601799699230932 0.799358737117772
0.6058401032713361 0.799358737117772
0.6098805073117401 0.799358737117772
0.6139209113521441 0.799358737117772
0.6179613153925482 0.799358737117772
0.5735168709481038 0.803399141158176
0.5775572749885078 0.803399141158176
0.5815976790289118 0.803399141158176
0.5856380830693159 0.803399141158176
0.5896784871097198 0.803399141158176
0.5937188911501239 0.803399141158176
0.597759295190528 0.803399141158176
0.601799699230932 0.803399141158176
0.6058401032713361 0.803399141158176
0.6098805073117401 0.803399141158176
0.6139209113521441 0.803399141158176
0.5654360628672956 0.80743954519858
0.5694764669076997 0.80743954519858
0.5735168709481038 0.80743954519858
0.5775572749885078 0.80743954519858
0.5815976790289118 0.80743954519858
0.5856380830693159 0.80743954519858
0.5896784871097198 0.80743954519858
0.5937188911501239 0.80743954519858
0.597759295190528 0.80743954519858
0.601799699230932 0.80743954519858
0.6058401032713361 0.80743954519858
0.6098805073117401 0.80743954519858
0.5613956588268916 0.811479949238984
0.5654360628672956 0.811479949238984
0.5694764669076997 0.811479949238984
0.5735168709481038 0.811479949238984
0.5775572749885078 0.811479949238984
0.5815976790289118 0.811479949238984
0.5856380830693159 0.811479949238984
0.5896784871097198 0.811479949238984
0.5937188911501239 0.811479949238984
0.597759295190528 0.811479949238984
0.601799699230932 0.811479949238984
0.5573552547864875 0.8155203532793881
0.5613956588268916 0.8155203532793881
0.5654360628672956 0.8155203532793881
0.5694764669076997 0.8155203532793881
0.5735168709481038 0.8155203532793881
0.5775572749885078 0.8155203532793881
0.5815976790289118 0.8155203532793881
0.5856380830693159 0.8155203532793881
0.5896784871097198 0.8155203532793881
0.5937188911501239 0.8155203532793881
0.597759295190528 0.8155203532793881
0.5492744467056795 0.819560757319792
0.5533148507460834 0.819560757319792
0.5573552547864875 0.819560757319792
0.5613956588268916 0.819560757319792
0.5654360628672956 0.819560757319792
0.5694764669076997 0.819560757319792
0.5735168709481038 0.819560757319792
0.5775572749885078 0.819560757319792
0.5815976790289118 0.819560757319792
0.5856380830693159 0.819560757319792
0.5896784871097198 0.819560757319792
0.5937188911501239 0.819560757319792
0.5452340426652754 0.8236011613601961
0.5492744467056795 0.8236011613601961
0.5533148507460834 0.8236011613601961
0.5573552547864875 0.8236011613601961
0.5613956588268916 0.8236011613601961
0.5654360628672956 0.8236011613601961
0.5694764669076997 0.8236011613601961
0.5735168709481038 0.8236011613601961
0.5775572749885078 0.8236011613601961
0.5815976790289118 0.8236011613601961
0.5856380830693159 0.8236011613601961
0.5371532345844674 0.8276415654006002
0.5411936386248715 0.8276415654006002
0.5452340426652754 0.8276415654006002
0.5492744467056795 0.8276415654006002
0.5533148507460834 0.8276415654006002
0.5573552547864875 0.8276415654006002
0.5613956588268916 0.8276415654006002
0.5654360628672956 0.8276415654006002
0.5694764669076997 0.8276415654006002
0.5735168709481038 0.8276415654006002
0.5775572749885078 0.8276415654006002
0.5815976790289118 0.8276415654006002
0.5290724265036593 0.8316819694410043
0.5331128305440633 0.8316819694410043
0.5371532345844674 0.8316819694410043
0.5411936386248715 0.8316819694410043
0.5452340426652754 0.8316819694410043
0.5492744467056795 0.8316819694410043
0.5533148507460834 0.8316819694410043
0.5573552547864875 0.8316819694410043
0.5613956588268916 0.8316819694410043
0.5654360628672956 0.8316819694410043
0.5694764669076997 0.8316819694410043
0.5735168709481038 0.8316819694410043
0.5775572749885078 0.8316819694410043
0.5250320224632552 0.8357223734814083
0.5290724265036593 0.8357223734814083
0.5331128305440633 0.8357223734814083
0.5371532345844674 0.8357223734814083
0.5411936386248715 0.8357223734814083
0.5452340426652754 0.8357223734814083
0.5492744467056795 0.8357223734814083
0.5533148507460834 0.8357223734814083
0.5573552547864875 0.8357223734814083
0.5613956588268916 0.8357223734814083
0.5654360628672956 0.8357223734814083
0.5694764669076997 0.8357223734814083
0.5169512143824472 0.8397627775218124
0.5209916184228511 0.8397627775218124
0.5250320224632552 0.8397627775218124
0.5290724265036593 0.8397627775218124
0.5331128305440633 0.8397627775218124
0.5371532345844674 0.8397627775218124
0.5411936386248715 0.8397627775218124
0.5452340426652754 0.8397627775218124
0.5492744467056795 0.8397627775218124
0.5533148507460834 0.8397627775218124
0.5573552547864875 0.8397627775218124
0.5613956588268916 0.8397627775218124
0.5129108103420431 0.8438031815622163
0.5169512143824472 0.8438031815622163
0.5209916184228511 0.8438031815622163
0.5250320224632552 0.8438031815622163
0.5290724265036593 0.8438031815622163
0.5331128305440633 0.8438031815622163
0.5371532345844674 0.8438031815622163
0.5411936386248715 0.8438031815622163
0.5452340426652754 0.8438031815622163
0.5492744467056795 0.8438031815622163
0.5533148507460834 0.8438031815622163
0.5573552547864875 0.8438031815622163
0.5048300022612351 0.8478435856026204
0.508870406301639 0.8478435856026204
0.5129108103420431 0.8478435856026204
0.5169512143824472 0.8478435856026204
0.5209916184228511 0.8478435856026204
0.5250320224632552 0.8478435856026204
0.5290724265036593 0.8478435856026204
0.5331128305440633 0.8478435856026204
0.5371532345844674 0.8478435856026204
0.5411936386248715 0.8478435856026204
0.5452340426652754 0.8478435856026204
0.5492744467056795 0.8478435856026204
0.500789598220831 0.8518839896430245
0.5048300022612351 0.8518839896430245
0.508870406301639 0.8518839896430245
0.5129108103420431 0.8518839896430245
0.5169512143824472 0.8518839896430245
0.5209916184228511 0.8518839896430245
0.5250320224632552 0.8518839896430245
0.5290724265036593 0.8518839896430245
0.5331128305440633 0.8518839896430245
0.5371532345844674 0.8518839896430245
0.5411936386248715 0.8518839896430245
0.5452340426652754 0.8518839896430245
0.4886683860996189 0.8559243936834284
0.4927087901400229 0.8559243936834284
0.49674919418042696 0.8559243936834284
0.500789598220831 0.8559243936834284
0.5048300022612351 0.8559243936834284
0.508870406301639 0.8559243936834284
0.5129108103420431 0.8559243936834284
0.5169512143824472 0.8559243936834284
0.5209916184228511 0.8559243936834284
0.5250320224632552 0.8559243936834284
0.5290724265036593 0.8559243936834284
0.5331128305440633 0.8559243936834284
0.5371532345844674 0.8559243936834284
0.4805875780188108 0.8599647977238325
0.48462798205921487 0.8599647977238325
0.4886683860996189 0.8599647977238325
0.4927087901400229 0.8599647977238325
0.49674919418042696 0.8599647977238325
0.500789598220831 0.8599647977238325
0.5048300022612351 0.8599647977238325
0.508870406301639 0.8599647977238325
0.5129108103420431 0.8599647977238325
0.5169512143824472 0.8599647977238325
0.5209916184228511 0.8599647977238325
0.5250320224632552 0.8599647977238325
0.5290724265036593 0.8599647977238325
0.5331128305440633 0.8599647977238325
0.47654717397840674 0.8640052017642366
0.4805875780188108 0.8640052017642366
0.48462798205921487 0.8640052017642366
0.4886683860996189 0.8640052017642366
0.4927087901400229 0.8640052017642366
0.49674919418042696 0.8640052017642366
0.500789598220831 0.8640052017642366
0.5048300022612351 0.8640052017642366
0.508870406301639 0.8640052017642366
0.5129108103420431 0.8640052017642366
0.5169512143824472 0.8640052017642366
0.5209916184228511 0.8640052017642366
0.5250320224632552 0.8640052017642366
0.4684663658975987 0.8680456058046406
0.4725067699380027 0.8680456058046406
0.47654717397840674 0.8680456058046406
0.4805875780188108 0.8680456058046406
0.48462798205921487 0.8680456058046406
0.4886683860996189 0.8680456058046406
0.4927087901400229 0.8680456058046406
0.49674919418042696 0.8680456058046406
0.500789598220831 0.8680456058046406
0.5048300022612351 0.8680456058046406
0.508870406301639 0.8680456058046406
0.5129108103420431 0.8680456058046406
0.5169512143824472 0.8680456058046406
0.4603855578167906 0.8720860098450447
0.46442596185719465 0.8720860098450447
0.4684663658975987 0.8720860098450447
0.4725067699380027 0.8720860098450447
0.47654717397840674 0.8720860098450447
0.4805875780188108 0.8720860098450447
0.48462798205921487 0.8720860098450447
0.4886683860996189 0.8720860098450447
0.4927087901400229 0.8720860098450447
0.49674919418042696 0.8720860098450447
0.500789598220831 0.8720860098450447
0.5048300022612351 0.8720860098450447
0.508870406301639 0.8720860098450447
0.5129108103420431 0.8720860098450447
0.4523047497359825 0.8761264138854487
0.4563451537763865 0.8761264138854487
0.4603855578167906 0.8761264138854487
0.46442596185719465 0.8761264138854487
0.4684663658975987 0.8761264138854487
0.4725067699380027 0.8761264138854487
0.47654717397840674 0.8761264138854487
0.4805875780188108 0.8761264138854487
0.48462798205921487 0.8761264138854487
0.4886683860996189 0.8761264138854487
0.4927087901400229 0.8761264138854487
0.49674919418042696 0.8761264138854487
0.500789598220831 0.8761264138854487
0.5048300022612351 0.8761264138854487
0.4442239416551744 0.8801668179258527
0.4482643456955785 0.8801668179258527
0.4523047497359825 0.8801668179258527
0.4563451537763865 0.8801668179258527
0.4603855578167906 0.8801668179258527
0.46442596185719465 0.8801668179258527
0.4684663658975987 0.8801668179258527
0.4725067699380027 0.8801668179258527
0.47654717397840674 0.8801668179258527
0.4805875780188108 0.8801668179258527
0.48462798205921487 0.8801668179258527
0.4886683860996189 0.8801668179258527
0.4927087901400229 0.8801668179258527
0.49674919418042696 0.8801668179258527
0.44018353761477036 0.8842072219662568
0.4442239416551744 0.8842072219662568
0.4482643456955785 0.8842072219662568
0.4523047497359825 0.8842072219662568
0.4563451537763865 0.8842072219662568
0.4603855578167906 0.8842072219662568
0.46442596185719465 0.8842072219662568
0.4684663658975987 0.8842072219662568
0.4725067699380027 0.8842072219662568
0.47654717397840674 0.8842072219662568
0.4805875780188108 0.8842072219662568
0.48462798205921487 0.8842072219662568
0.4886683860996189 0.8842072219662568
0.42806232549355827 0.8882476260066607
0.43210272953396234 0.8882476260066607
0.43614313357436635 0.8882476260066607
0.44018353761477036 0.8882476260066607
0.4442239416551744 0.8882476260066607
0.4482643456955785 0.8882476260066607
0.4523047497359825 0.8882476260066607
0.4563451537763865 0.8882476260066607
0.4603855578167906 0.8882476260066607
0.46442596185719465 0.8882476260066607
0.4684663658975987 0.8882476260066607
0.4725067699380027 0.8882476260066607
0.47654717397840674 0.8882476260066607
0.4805875780188108 0.8882476260066607
0.4199815174127502 0.8922880300470648
0.4240219214531542 0.8922880300470648
0.42806232549355827 0.8922880300470648
0.43210272953396234 0.8922880300470648
0.43614313357436635 0.8922880300470648
0.44018353761477036 0.8922880300470648
0.4442239416551744 0.8922880300470648
0.4482643456955785 0.8922880300470648
0.4523047497359825 0.8922880300470648
0.4563451537763865 0.8922880300470648
0.4603855578167906 0.8922880300470648
0.46442596185719465 0.8922880300470648
0.4684663658975987 0.8922880300470648
0.4725067699380027 0.8922880300470648
0.47654717397840674 0.8922880300470648
0.4119007093319421 0.8963284340874689
0.4159411133723462 0.8963284340874689
0.4199815174127502 0.8963284340874689
0.4240219214531542 0.8963284340874689
0.42806232549355827 0.8963284340874689
0.43210272953396234 0.8963284340874689
0.43614313357436635 0.8963284340874689
0.44018353761477036 0.8963284340874689
0.4442239416551744 0.8963284340874689
0.4482643456955785 0.8963284340874689
0.4523047497359825 0.8963284340874689
0.4563451537763865 0.8963284340874689
0.4603855578167906 0.8963284340874689
0.46442596185719465 0.8963284340874689
0.4684663658975987 0.8963284340874689
0.40381990125113404 0.9003688381278729
0.40786030529153805 0.9003688381278729
0.4119007093319421 0.9003688381278729
0.4159411133723462 0.9003688381278729
0.4199815174127502 0.9003688381278729
0.4240219214531542 0.9003688381278729
0.42806232549355827 0.9003688381278729
0.43210272953396234 0.9003688381278729
0.43614313357436635 0.9003688381278729
0.44018353761477036 0.9003688381278729
0.4442239416551744 0.9003688381278729
0.4482643456955785 0.9003688381278729
0.4523047497359825 0.9003688381278729
0.4563451537763865 0.9003688381278729
0.4603855578167906 0.9003688381278729
0.39573909317032596 0.904409242168277
0.39977949721073 0.904409242168277
0.40381990125113404 0.904409242168277
0.40786030529153805 0.904409242168277
0.4119007093319421 0.904409242168277
0.4159411133723462 0.904409242168277
0.4199815174127502 0.904409242168277
0.4240219214531542 0.904409242168277
0.42806232549355827 0.904409242168277
0.43210272953396234 0.904409242168277
0.43614313357436635 0.904409242168277
0.44018353761477036 0.904409242168277
0.4442239416551744 0.904409242168277
0.4482643456955785 0.904409242168277
0.4523047497359825 0.904409242168277
0.3836178810491138 0.9084496462086811
0.3876582850895179 0.9084496462086811
0.3916986891299219 0.9084496462086811
0.39573909317032596 0.9084496462086811
0.39977949721073 0.9084496462086811
0.40381990125113404 0.9084496462086811
0.40786030529153805 0.9084496462086811
0.4119007093319421 0.9084496462086811
0.4159411133723462 0.9084496462086811
0.4199815174127502 0.9084496462086811
0.4240219214531542 0.9084496462086811
0.42806232549355827 0.9084496462086811
0.43210272953396234 0.9084496462086811
0.43614313357436635 0.9084496462086811
0.44018353761477036 0.9084496462086811
0.4442239416551744 0.9084496462086811
0.37553707296830574 0.912490050249085
0.3795774770087098 0.912490050249085
0.3836178810491138 0.912490050249085
0.3876582850895179 0.912490050249085
0.3916986891299219 0.912490050249085
0.39573909317032596 0.912490050249085
0.39977949721073 0.912490050249085
0.40381990125113404 0.912490050249085
0.40786030529153805 0.912490050249085
0.4119007093319421 0.912490050249085
0.4159411133723462 0.912490050249085
0.4199815174127502 0.912490050249085
0.4240219214531542 0.912490050249085
0.42806232549355827 0.912490050249085
0.43210272953396234 0.912490050249085
0.43614313357436635 0.912490050249085
0.36745626488749766 0.9165304542894891
0.3714966689279017 0.9165304542894891
0.37553707296830574 0.9165304542894891
0.3795774770087098 0.9165304542894891
0.3836178810491138 0.9165304542894891
0.3876582850895179 0.9165304542894891
0.3916986891299219 0.9165304542894891
0.39573909317032596 0.9165304542894891
0.39977949721073 0.9165304542894891
0.40381990125113404 0.9165304542894891
0.40786030529153805 0.9165304542894891
0.4119007093319421 0.9165304542894891
0.4159411133723462 0.9165304542894891
0.4199815174127502 0.9165304542894891
0.4240219214531542 0.9165304542894891
0.42806232549355827 0.9165304542894891
0.3553350527662855 0.920570858329893
0.3593754568066896 0.920570858329893
0.36341586084709365 0.920570858329893
0.36745626488749766 0.920570858329893
0.3714966689279017 0.920570858329893
0.37553707296830574 0.920570858329893
0.3795774770087098 0.920570858329893
0.3836178810491138 0.920570858329893
0.3876582850895179 0.920570858329893
0.3916986891299219 0.920570858329893
0.39573909317032596 0.920570858329893
0.39977949721073 0.920570858329893
0.40381990125113404 0.920570858329893
0.40786030529153805 0.920570858329893
0.4119007093319421 0.920570858329893
0.4159411133723462 0.920570858329893
0.34321384064507343 0.9246112623702971
0.3472542446854775 0.9246112623702971
0.3512946487258815 0.9246112623702971
0.3553350527662855 0.9246112623702971
0.3593754568066896 0.9246112623702971
0.36341586084709365 0.9246112623702971
0.36745626488749766 0.9246112623702971
0.3714966689279017 0.9246112623702971
0.37553707296830574 0.9246112623702971
0.3795774770087098 0.9246112623702971
0.3836178810491138 0.9246112623702971
0.3876582850895179 0.9246112623702971
0.3916986891299219 0.9246112623702971
0.39573909317032596 0.9246112623702971
0.39977949721073 0.9246112623702971
0.40381990125113404 0.9246112623702971
0.40786030529153805 0.9246112623702971
0.3310926285238613 0.9286516664107012
0.33513303256426535 0.9286516664107012
0.33917343660466936 0.9286516664107012
0.34321384064507343 0.9286516664107012
0.3472542446854775 0.9286516664107012
0.3512946487258815 0.9286516664107012
0.3553350527662855 0.9286516664107012
0.3593754568066896 0.9286516664107012
0.36341586084709365 0.9286516664107012
0.36745626488749766 0.9286516664107012
0.3714966689279017 0.9286516664107012
0.37553707296830574 0.9286516664107012
0.3795774770087098 0.9286516664107012
0.3836178810491138 0.9286516664107012
0.3876582850895179 0.9286516664107012
0.3916986891299219 0.9286516664107012
0.39573909317032596 0.9286516664107012
0.39977949721073 0.9286516664107012
0.3230118204430532 0.9326920704511052
0.3270522244834573 0.9326920704511052
0.3310926285238613 0.9326920704511052
0.33513303256426535 0.9326920704511052
0.33917343660466936 0.9326920704511052
0.34321384064507343 0.9326920704511052
0.3472542446854775 0.9326920704511052
0.3512946487258815 0.9326920704511052
0.3553350527662855 0.9326920704511052
0.3593754568066896 0.9326920704511052
0.36341586084709365 0.9326920704511052
0.36745626488749766 0.9326920704511052
0.3714966689279017 0.9326920704511052
0.37553707296830574 0.9326920704511052
0.3795774770087098 0.9326920704511052
0.3836178810491138 0.9326920704511052
0.3876582850895179 0.9326920704511052
0.3916986891299219 0.9326920704511052
0.3108906083218411 0.9367324744915093
0.31493101236224513 0.9367324744915093
0.31897141640264914 0.9367324744915093
0.3230118204430532 0.9367324744915093
0.3270522244834573 0.9367324744915093
0.3310926285238613 0.9367324744915093
0.33513303256426535 0.9367324744915093
0.33917343660466936 0.9367324744915093
0.34321384064507343 0.9367324744915093
0.3472542446854775 0.9367324744915093
0.3512946487258815 0.9367324744915093
0.3553350527662855 0.9367324744915093
0.3593754568066896 0.9367324744915093
0.36341586084709365 0.9367324744915093
0.36745626488749766 0.9367324744915093
0.3714966689279017 0.9367324744915093
0.37553707296830574 0.9367324744915093
0.3795774770087098 0.9367324744915093
0.3836178810491138 0.9367324744915093
0.298769396200629 0.9407728785319134
0.302809800241033 0.9407728785319134
0.30685020428143706 0.9407728785319134
0.3108906083218411 0.9407728785319134
0.31493101236224513 0.9407728785319134
0.31897141640264914 0.9407728785319134
0.3230118204430532 0.9407728785319134
0.3270522244834573 0.9407728785319134
0.3310926285238613 0.9407728785319134
0.33513303256426535 0.9407728785319134
0.33917343660466936 0.9407728785319134
0.34321384064507343 0.9407728785319134
0.3472542446854775 0.9407728785319134
0.3512946487258815 0.9407728785319134
0.3553350527662855 0.9407728785319134
0.3593754568066896 0.9407728785319134
0.36341586084709365 0.9407728785319134
0.36745626488749766 0.9407728785319134
0.3714966689279017 0.9407728785319134
0.298769396200629 0.9448132825723174
0.302809800241033 0.9448132825723174
0.30685020428143706 0.9448132825723174
0.3108906083218411 0.9448132825723174
0.31493101236224513 0.9448132825723174
0.31897141640264914 0.9448132825723174
0.3230118204430532 0.9448132825723174
0.3270522244834573 0.9448132825723174
0.3310926285238613 0.9448132825723174
0.33513303256426535 0.9448132825723174
0.33917343660466936 0.9448132825723174
0.34321384064507343 0.9448132825723174
0.3472542446854775 0.9448132825723174
0.3512946487258815 0.9448132825723174
0.3553350527662855 0.9448132825723174
0.3593754568066896 0.9448132825723174
0.36341586084709365 0.9448132825723174
0.298769396200629 0.9488536866127214
0.302809800241033 0.9488536866127214
0.30685020428143706 0.9488536866127214
0.3108906083218411 0.9488536866127214
0.31493101236224513 0.9488536866127214
0.31897141640264914 0.9488536866127214
0.3230118204430532 0.9488536866127214
0.3270522244834573 0.9488536866127214
0.3310926285238613 0.9488536866127214
0.33513303256426535 0.9488536866127214
0.33917343660466936 0.9488536866127214
0.34321384064507343 0.9488536866127214
0.3472542446854775 0.9488536866127214
0.3512946487258815 0.9488536866127214
0.298769396200629 0.9528940906531255
0.302809800241033 0.9528940906531255
0.30685020428143706 0.9528940906531255
0.3108906083218411 0.9528940906531255
0.31493101236224513 0.9528940906531255
0.31897141640264914 0.9528940906531255
0.3230118204430532 0.9528940906531255
0.3270522244834573 0.9528940906531255
0.3310926285238613 0.9528940906531255
0.33513303256426535 0.9528940906531255
0.33917343660466936 0.9528940906531255
0.34321384064507343 0.9528940906531255
0.298769396200629 0.9569344946935294
0.302809800241033 0.9569344946935294
0.30685020428143706 0.9569344946935294
0.3108906083218411 0.9569344946935294
0.31493101236224513 0.9569344946935294
0.31897141640264914 0.9569344946935294
0.3230118204430532 0.9569344946935294
0.3270522244834573 0.9569344946935294
0.3310926285238613 0.9569344946935294
0.298769396200629 0.9609748987339335
0.302809800241033 0.9609748987339335
0.30685020428143706 0.9609748987339335
0.3108906083218411 0.9609748987339335
0.31493101236224513 0.9609748987339335
0.31897141640264914 0.9609748987339335
0.298769396200629 0.9650153027743376
0.302809800241033 0.9650153027743376
0.30685020428143706 0.9650153027743376
