# x y
0.651494436986078 0.7670355047945396
0.639373224864866 0.7791567169157517
0.6595752450668861 0.7791567169157517
0.6070499925416336 0.803399141158176
0.5989691844608256 0.8155203532793881
0.5706863561779973 0.8316819694410043
0.5585651440567851 0.8397627775218124
0.5464439319355731 0.8478435856026204
0.5222015076931488 0.8680456058046406
0.5302823157739569 0.8761264138854487
0.5019994874911285 0.8801668179258527
0.5100802955719367 0.8882476260066607
0.40098938648102755 0.9246112623702971
0.36866615415779525 0.9367324744915093
0.35654494203658316 0.9448132825723174
0.3929085784002195 0.9488536866127214
0.3161409016325427 0.9650153027743376
0.3040196895113306 0.9690557068147416
