# x y
0.6635820353855164 0.7629951007541356
0.6352992071026881 0.7872375249965597
0.5948951666986477 0.8155203532793881
0.5948951666986477 0.8316819694410043
0.530248702052183 0.8761264138854487
0.522167893971375 0.8801668179258527
0.4858042576077386 0.8882476260066607
0.4171173889208699 0.9246112623702971
0.3645921363956174 0.9407728785319134
0.38075375255723354 0.9407728785319134
0.3605517323552133 0.9488536866127214
0.3201476919511729 0.9569344946935294
0.3080264798299608 0.9609748987339335
0.328228500031981 0.9609748987339335
0.3645921363956174 0.9609748987339335
