# x y
0.6995610146434499 0.706429444188479
0.6955206106030458 0.710469848228883
0.6995610146434499 0.710469848228883
0.6914802065626418 0.7145102522692871
0.6955206106030458 0.7145102522692871
0.6995610146434499 0.7145102522692871
0.6833993984818336 0.7185506563096911
0.6874398025222377 0.7185506563096911
0.6914802065626418 0.7185506563096911
0.6955206106030458 0.7185506563096911
0.6995610146434499 0.7185506563096911
0.6793589944414296 0.7225910603500951
0.6833993984818336 0.7225910603500951
0.6874398025222377 0.7225910603500951
0.6914802065626418 0.7225910603500951
0.6955206106030458 0.7225910603500951
0.6995610146434499 0.7225910603500951
0.6753185904010255 0.7266314643904992
0.6793589944414296 0.7266314643904992
0.6833993984818336 0.7266314643904992
0.6874398025222377 0.7266314643904992
0.6914802065626418 0.7266314643904992
0.6955206106030458 0.7266314643904992
0.6712781863606215 0.7306718684309033
0.6753185904010255 0.7306718684309033
0.6793589944414296 0.7306718684309033
0.6833993984818336 0.7306718684309033
0.6874398025222377 0.7306718684309033
0.6914802065626418 0.7306718684309033
0.6672377823202175 0.7347122724713073
0.6712781863606215 0.7347122724713073
0.6753185904010255 0.7347122724713073
0.6793589944414296 0.7347122724713073
0.6833993984818336 0.7347122724713073
0.6874398025222377 0.7347122724713073
0.6631973782798135 0.7387526765117113
0.6672377823202175 0.7387526765117113
0.6712781863606215 0.7387526765117113
0.6753185904010255 0.7387526765117113
0.6793589944414296 0.7387526765117113
0.6833993984818336 0.7387526765117113
0.6591569742394094 0.7427930805521153
0.6631973782798135 0.7427930805521153
0.6672377823202175 0.7427930805521153
0.6712781863606215 0.7427930805521153
0.6753185904010255 0.7427930805521153
0.6793589944414296 0.7427930805521153
0.6551165701990054 0.7468334845925194
0.6591569742394094 0.7468334845925194
0.6631973782798135 0.7468334845925194
0.6672377823202175 0.7468334845925194
0.6712781863606215 0.7468334845925194
0.6753185904010255 0.7468334845925194
0.6510761661586013 0.7508738886329235
0.6551165701990054 0.7508738886329235
0.6591569742394094 0.7508738886329235
0.6631973782798135 0.7508738886329235
0.6672377823202175 0.7508738886329235
0.6712781863606215 0.7508738886329235
0.6429953580777932 0.7549142926733274
0.6470357621181972 0.7549142926733274
0.6510761661586013 0.7549142926733274
0.6551165701990054 0.7549142926733274
0.6591569742394094 0.7549142926733274
0.6631973782798135 0.7549142926733274
0.6672377823202175 0.7549142926733274
0.6389549540373892 0.7589546967137315
0.6429953580777932 0.7589546967137315
0.6470357621181972 0.7589546967137315
0.6510761661586013 0.7589546967137315
0.6551165701990054 0.7589546967137315
0.6591569742394094 0.7589546967137315
0.6631973782798135 0.7589546967137315
0.6349145499969852 0.7629951007541356
0.6389549540373892 0.7629951007541356
0.6429953580777932 0.7629951007541356
0.6470357621181972 0.7629951007541356
0.6510761661586013 0.7629951007541356
0.6551165701990054 0.7629951007541356
0.6308741459565812 0.7670355047945396
0.6349145499969852 0.7670355047945396
0.6389549540373892 0.7670355047945396
0.6429953580777932 0.7670355047945396
0.6470357621181972 0.7670355047945396
0.6510761661586013 0.7670355047945396
0.6268337419161771 0.7710759088349436
0.6308741459565812 0.7710759088349436
0.6349145499969852 0.7710759088349436
0.6389549540373892 0.7710759088349436
0.6429953580777932 0.7710759088349436
0.6470357621181972 0.7710759088349436
0.618752933835369 0.7751163128753477
0.6227933378757731 0.7751163128753477
0.6268337419161771 0.7751163128753477
0.6308741459565812 0.7751163128753477
0.6349145499969852 0.7751163128753477
0.6389549540373892 0.7751163128753477
0.6429953580777932 0.7751163128753477
0.6147125297949649 0.7791567169157517
0.618752933835369 0.7791567169157517
0.6227933378757731 0.7791567169157517
0.6268337419161771 0.7791567169157517
0.6308741459565812 0.7791567169157517
0.6349145499969852 0.7791567169157517
0.6389549540373892 0.7791567169157517
0.6106721257545609 0.7831971209561558
0.6147125297949649 0.7831971209561558
0.618752933835369 0.7831971209561558
0.6227933378757731 0.7831971209561558
0.6268337419161771 0.7831971209561558
0.6308741459565812 0.7831971209561558
0.6025913176737528 0.7872375249965597
0.6066317217141568 0.7872375249965597
0.6106721257545609 0.7872375249965597
0.6147125297949649 0.7872375249965597
0.618752933835369 0.7872375249965597
0.6227933378757731 0.7872375249965597
0.6268337419161771 0.7872375249965597
0.5985509136333488 0.7912779290369638
0.6025913176737528 0.7912779290369638
0.6066317217141568 0.7912779290369638
0.6106721257545609 0.7912779290369638
0.6147125297949649 0.7912779290369638
0.618752933835369 0.7912779290369638
0.6227933378757731 0.7912779290369638
0.5945105095929448 0.7953183330773679
0.5985509136333488 0.7953183330773679
0.6025913176737528 0.7953183330773679
0.6066317217141568 0.7953183330773679
0.6106721257545609 0.7953183330773679
0.6147125297949649 0.7953183330773679
0.618752933835369 0.7953183330773679
0.5864297015121367 0.799358737117772
0.5904701055525408 0.799358737117772
0.5945105095929448 0.799358737117772
0.5985509136333488 0.799358737117772
0.6025913176737528 0.799358737117772
0.6066317217141568 0.799358737117772
0.6106721257545609 0.799358737117772
0.5823892974717326 0.803399141158176
0.5864297015121367 0.803399141158176
0.5904701055525408 0.803399141158176
0.5945105095929448 0.803399141158176
0.5985509136333488 0.803399141158176
0.6025913176737528 0.803399141158176
0.6066317217141568 0.803399141158176
0.5783488934313286 0.80743954519858
0.5823892974717326 0.80743954519858
0.5864297015121367 0.80743954519858
0.5904701055525408 0.80743954519858
0.5945105095929448 0.80743954519858
0.5985509136333488 0.80743954519858
0.6025913176737528 0.80743954519858
0.5702680853505205 0.811479949238984
0.5743084893909245 0.811479949238984
0.5783488934313286 0.811479949238984
0.5823892974717326 0.811479949238984
0.5864297015121367 0.811479949238984
0.5904701055525408 0.811479949238984
0.5945105095929448 0.811479949238984
0.5662276813101165 0.8155203532793881
0.5702680853505205 0.8155203532793881
0.5743084893909245 0.8155203532793881
0.5783488934313286 0.8155203532793881
0.5823892974717326 0.8155203532793881
0.5864297015121367 0.8155203532793881
0.5904701055525408 0.8155203532793881
0.5581468732293084 0.819560757319792
0.5621872772697125 0.819560757319792
0.5662276813101165 0.819560757319792
0.5702680853505205 0.819560757319792
0.5743084893909245 0.819560757319792
0.5783488934313286 0.819560757319792
0.5823892974717326 0.819560757319792
0.5864297015121367 0.819560757319792
0.5541064691889044 0.8236011613601961
0.5581468732293084 0.8236011613601961
0.5621872772697125 0.8236011613601961
0.5662276813101165 0.8236011613601961
0.5702680853505205 0.8236011613601961
0.5743084893909245 0.8236011613601961
0.5783488934313286 0.8236011613601961
0.5460256611080962 0.8276415654006002
0.5500660651485003 0.8276415654006002
0.5541064691889044 0.8276415654006002
0.5581468732293084 0.8276415654006002
0.5621872772697125 0.8276415654006002
0.5662276813101165 0.8276415654006002
0.5702680853505205 0.8276415654006002
0.5743084893909245 0.8276415654006002
0.5419852570676922 0.8316819694410043
0.5460256611080962 0.8316819694410043
0.5500660651485003 0.8316819694410043
0.5541064691889044 0.8316819694410043
0.5581468732293084 0.8316819694410043
0.5621872772697125 0.8316819694410043
0.5662276813101165 0.8316819694410043
0.5339044489868842 0.8357223734814083
0.5379448530272882 0.8357223734814083
0.5419852570676922 0.8357223734814083
0.5460256611080962 0.8357223734814083
0.5500660651485003 0.8357223734814083
0.5541064691889044 0.8357223734814083
0.5581468732293084 0.8357223734814083
0.5621872772697125 0.8357223734814083
0.5298640449464801 0.8397627775218124
0.5339044489868842 0.8397627775218124
0.5379448530272882 0.8397627775218124
0.5419852570676922 0.8397627775218124
0.5460256611080962 0.8397627775218124
0.5500660651485003 0.8397627775218124
0.5541064691889044 0.8397627775218124
0.5217832368656721 0.8438031815622163
0.5258236409060761 0.8438031815622163
0.5298640449464801 0.8438031815622163
0.5339044489868842 0.8438031815622163
0.5379448530272882 0.8438031815622163
0.5419852570676922 0.8438031815622163
0.5460256611080962 0.8438031815622163
0.5500660651485003 0.8438031815622163
0.5137024287848639 0.8478435856026204
0.517742832825268 0.8478435856026204
0.5217832368656721 0.8478435856026204
0.5258236409060761 0.8478435856026204
0.5298640449464801 0.8478435856026204
0.5339044489868842 0.8478435856026204
0.5379448530272882 0.8478435856026204
0.5419852570676922 0.8478435856026204
0.5096620247444599 0.8518839896430245
0.5137024287848639 0.8518839896430245
0.517742832825268 0.8518839896430245
0.5217832368656721 0.8518839896430245
0.5258236409060761 0.8518839896430245
0.5298640449464801 0.8518839896430245
0.5339044489868842 0.8518839896430245
0.5379448530272882 0.8518839896430245
0.5015812166636519 0.8559243936834284
0.5056216207040558 0.8559243936834284
0.5096620247444599 0.8559243936834284
0.5137024287848639 0.8559243936834284
0.517742832825268 0.8559243936834284
0.5217832368656721 0.8559243936834284
0.5258236409060761 0.8559243936834284
0.5298640449464801 0.8559243936834284
0.4935004085828437 0.8599647977238325
0.4975408126232478 0.8599647977238325
0.5015812166636519 0.8599647977238325
0.5056216207040558 0.8599647977238325
0.5096620247444599 0.8599647977238325
0.5137024287848639 0.8599647977238325
0.517742832825268 0.8599647977238325
0.5217832368656721 0.8599647977238325
0.5258236409060761 0.8599647977238325
0.4894600045424397 0.8640052017642366
0.4935004085828437 0.8640052017642366
0.4975408126232478 0.8640052017642366
0.5015812166636519 0.8640052017642366
0.5056216207040558 0.8640052017642366
0.5096620247444599 0.8640052017642366
0.5137024287848639 0.8640052017642366
0.517742832825268 0.8640052017642366
0.48137919646163163 0.8680456058046406
0.4854196005020357 0.8680456058046406
0.4894600045424397 0.8680456058046406
0.4935004085828437 0.8680456058046406
0.4975408126232478 0.8680456058046406
0.5015812166636519 0.8680456058046406
0.5056216207040558 0.8680456058046406
0.5096620247444599 0.8680456058046406
0.47329838838082355 0.8720860098450447
0.47733879242122756 0.8720860098450447
0.48137919646163163 0.8720860098450447
0.4854196005020357 0.8720860098450447
0.4894600045424397 0.8720860098450447
0.4935004085828437 0.8720860098450447
0.4975408126232478 0.8720860098450447
0.5015812166636519 0.8720860098450447
0.5056216207040558 0.8720860098450447
0.4652175803000155 0.8761264138854487
0.46925798434041954 0.8761264138854487
0.47329838838082355 0.8761264138854487
0.47733879242122756 0.8761264138854487
0.48137919646163163 0.8761264138854487
0.4854196005020357 0.8761264138854487
0.4894600045424397 0.8761264138854487
0.4935004085828437 0.8761264138854487
0.4975408126232478 0.8761264138854487
0.45713677221920734 0.8801668179258527
0.4611771762596114 0.8801668179258527
0.4652175803000155 0.8801668179258527
0.46925798434041954 0.8801668179258527
0.47329838838082355 0.8801668179258527
0.47733879242122756 0.8801668179258527
0.48137919646163163 0.8801668179258527
0.4854196005020357 0.8801668179258527
0.4894600045424397 0.8801668179258527
0.4490559641383993 0.8842072219662568
0.45309636817880333 0.8842072219662568
0.45713677221920734 0.8842072219662568
0.4611771762596114 0.8842072219662568
0.4652175803000155 0.8842072219662568
0.46925798434041954 0.8842072219662568
0.47329838838082355 0.8842072219662568
0.47733879242122756 0.8842072219662568
0.48137919646163163 0.8842072219662568
0.4409751560575912 0.8882476260066607
0.44501556009799526 0.8882476260066607
0.4490559641383993 0.8882476260066607
0.45309636817880333 0.8882476260066607
0.45713677221920734 0.8882476260066607
0.4611771762596114 0.8882476260066607
0.4652175803000155 0.8882476260066607
0.46925798434041954 0.8882476260066607
0.47329838838082355 0.8882476260066607
0.43289434797678317 0.8922880300470648
0.4369347520171872 0.8922880300470648
0.4409751560575912 0.8922880300470648
0.44501556009799526 0.8922880300470648
0.4490559641383993 0.8922880300470648
0.45309636817880333 0.8922880300470648
0.45713677221920734 0.8922880300470648
0.4611771762596114 0.8922880300470648
0.4652175803000155 0.8922880300470648
0.46925798434041954 0.8922880300470648
0.42481353989597503 0.8963284340874689
0.4288539439363791 0.8963284340874689
0.43289434797678317 0.8963284340874689
0.4369347520171872 0.8963284340874689
0.4409751560575912 0.8963284340874689
0.44501556009799526 0.8963284340874689
0.4490559641383993 0.8963284340874689
0.45309636817880333 0.8963284340874689
0.45713677221920734 0.8963284340874689
0.4611771762596114 0.8963284340874689
0.416732731815167 0.9003688381278729
0.420773135855571 0.9003688381278729
0.42481353989597503 0.9003688381278729
0.4288539439363791 0.9003688381278729
0.43289434797678317 0.9003688381278729
0.4369347520171872 0.9003688381278729
0.4409751560575912 0.9003688381278729
0.44501556009799526 0.9003688381278729
0.4490559641383993 0.9003688381278729
0.45309636817880333 0.9003688381278729
0.4086519237343589 0.904409242168277
0.41269232777476295 0.904409242168277
0.416732731815167 0.904409242168277
0.420773135855571 0.904409242168277
0.42481353989597503 0.904409242168277
0.4288539439363791 0.904409242168277
0.43289434797678317 0.904409242168277
0.4369347520171872 0.904409242168277
0.4409751560575912 0.904409242168277
0.44501556009799526 0.904409242168277
0.4005711156535508 0.9084496462086811
0.40461151969395487 0.9084496462086811
0.4086519237343589 0.9084496462086811
0.41269232777476295 0.9084496462086811
0.416732731815167 0.9084496462086811
0.420773135855571 0.9084496462086811
0.42481353989597503 0.9084496462086811
0.4288539439363791 0.9084496462086811
0.43289434797678317 0.9084496462086811
0.4369347520171872 0.9084496462086811
0.3884499035323387 0.912490050249085
0.3924903075727427 0.912490050249085
0.3965307116131468 0.912490050249085
0.4005711156535508 0.912490050249085
0.40461151969395487 0.912490050249085
0.4086519237343589 0.912490050249085
0.41269232777476295 0.912490050249085
0.416732731815167 0.912490050249085
0.420773135855571 0.912490050249085
0.42481353989597503 0.912490050249085
0.38036909545153064 0.9165304542894891
0.38440949949193465 0.9165304542894891
0.3884499035323387 0.9165304542894891
0.3924903075727427 0.9165304542894891
0.3965307116131468 0.9165304542894891
0.4005711156535508 0.9165304542894891
0.40461151969395487 0.9165304542894891
0.4086519237343589 0.9165304542894891
0.41269232777476295 0.9165304542894891
0.416732731815167 0.9165304542894891
0.3682478833303185 0.920570858329893
0.3722882873707225 0.920570858329893
0.37632869141112657 0.920570858329893
0.38036909545153064 0.920570858329893
0.38440949949193465 0.920570858329893
0.3884499035323387 0.920570858329893
0.3924903075727427 0.920570858329893
0.3965307116131468 0.920570858329893
0.4005711156535508 0.920570858329893
0.40461151969395487 0.920570858329893
0.4086519237343589 0.920570858329893
0.3601670752495104 0.9246112623702971
0.3642074792899145 0.9246112623702971
0.3682478833303185 0.9246112623702971
0.3722882873707225 0.9246112623702971
0.37632869141112657 0.9246112623702971
0.38036909545153064 0.9246112623702971
0.38440949949193465 0.9246112623702971
0.3884499035323387 0.9246112623702971
0.3924903075727427 0.9246112623702971
0.3965307116131468 0.9246112623702971
0.4005711156535508 0.9246112623702971
0.3480458631282983 0.9286516664107012
0.35208626716870234 0.9286516664107012
0.35612667120910635 0.9286516664107012
0.3601670752495104 0.9286516664107012
0.3642074792899145 0.9286516664107012
0.3682478833303185 0.9286516664107012
0.3722882873707225 0.9286516664107012
0.37632869141112657 0.9286516664107012
0.38036909545153064 0.9286516664107012
0.38440949949193465 0.9286516664107012
0.3884499035323387 0.9286516664107012
0.3359246510070862 0.9326920704511052
0.3399650550474902 0.9326920704511052
0.34400545908789426 0.9326920704511052
0.3480458631282983 0.9326920704511052
0.35208626716870234 0.9326920704511052
0.35612667120910635 0.9326920704511052
0.3601670752495104 0.9326920704511052
0.3642074792899145 0.9326920704511052
0.3682478833303185 0.9326920704511052
0.3722882873707225 0.9326920704511052
0.37632869141112657 0.9326920704511052
0.38036909545153064 0.9326920704511052
0.3278438429262781 0.9367324744915093
0.3318842469666821 0.9367324744915093
0.3359246510070862 0.9367324744915093
0.3399650550474902 0.9367324744915093
0.34400545908789426 0.9367324744915093
0.3480458631282983 0.9367324744915093
0.35208626716870234 0.9367324744915093
0.35612667120910635 0.9367324744915093
0.3601670752495104 0.9367324744915093
0.3642074792899145 0.9367324744915093
0.3682478833303185 0.9367324744915093
0.3722882873707225 0.9367324744915093
0.31572263080506596 0.9407728785319134
0.31976303484547 0.9407728785319134
0.32380343888587404 0.9407728785319134
0.3278438429262781 0.9407728785319134
0.3318842469666821 0.9407728785319134
0.3359246510070862 0.9407728785319134
0.3399650550474902 0.9407728785319134
0.34400545908789426 0.9407728785319134
0.3480458631282983 0.9407728785319134
0.35208626716870234 0.9407728785319134
0.35612667120910635 0.9407728785319134
0.3601670752495104 0.9407728785319134
0.3036014186838538 0.9448132825723174
0.3076418227242579 0.9448132825723174
0.31168222676466195 0.9448132825723174
0.31572263080506596 0.9448132825723174
0.31976303484547 0.9448132825723174
0.32380343888587404 0.9448132825723174
0.3278438429262781 0.9448132825723174
0.3318842469666821 0.9448132825723174
0.3359246510070862 0.9448132825723174
0.3399650550474902 0.9448132825723174
0.34400545908789426 0.9448132825723174
0.3480458631282983 0.9448132825723174
0.2995610146434498 0.9488536866127214
0.3036014186838538 0.9488536866127214
0.3076418227242579 0.9488536866127214
0.31168222676466195 0.9488536866127214
0.31572263080506596 0.9488536866127214
0.31976303484547 0.9488536866127214
0.32380343888587404 0.9488536866127214
0.3278438429262781 0.9488536866127214
0.3318842469666821 0.9488536866127214
0.3359246510070862 0.9488536866127214
0.3399650550474902 0.9488536866127214
0.2995610146434498 0.9528940906531255
0.3036014186838538 0.9528940906531255
0.3076418227242579 0.9528940906531255
0.31168222676466195 0.9528940906531255
0.31572263080506596 0.9528940906531255
0.31976303484547 0.9528940906531255
0.32380343888587404 0.9528940906531255
0.3278438429262781 0.9528940906531255
0.2995610146434498 0.9569344946935294
0.3036014186838538 0.9569344946935294
0.3076418227242579 0.9569344946935294
0.31168222676466195 0.9569344946935294
0.31572263080506596 0.9569344946935294
0.2995610146434498 0.9609748987339335
0.3036014186838538 0.9609748987339335
