# x y
0.6999888054822848 0.7145102522692871
0.6959484014418807 0.7185506563096911
0.6919079974014768 0.7225910603500951
0.6878675933610727 0.7266314643904992
0.6838271893206687 0.7306718684309033
0.6797867852802646 0.7347122724713073
0.6757463812398605 0.7387526765117113
0.6676655731590524 0.7427930805521153
0.6717059771994565 0.7427930805521153
0.6636251691186484 0.7468334845925194
0.6595847650782444 0.7508738886329235
0.6555443610378404 0.7549142926733274
0.6515039569974364 0.7589546967137315
0.6474635529570323 0.7629951007541356
0.6434231489166282 0.7670355047945396
0.6353423408358201 0.7710759088349436
0.6313019367954161 0.7751163128753477
0.6272615327550121 0.7791567169157517
0.623221128714608 0.7831971209561558
0.6151403206338 0.7872375249965597
0.6110999165933959 0.7912779290369638
0.6070595125529918 0.7953183330773679
0.5989787044721837 0.799358737117772
0.6030191085125878 0.799358737117772
0.5949383004317798 0.803399141158176
0.5908978963913757 0.80743954519858
0.5828170883105677 0.811479949238984
0.5868574923509717 0.811479949238984
0.5787766842701636 0.8155203532793881
0.5706958761893555 0.819560757319792
0.5747362802297595 0.819560757319792
0.5666554721489514 0.8236011613601961
0.5626150681085474 0.8276415654006002
0.5545342600277393 0.8316819694410043
0.5504938559873354 0.8357223734814083
0.5424130479065272 0.8397627775218124
0.5343322398257191 0.8438031815622163
0.5383726438661232 0.8438031815622163
0.5302918357853151 0.8478435856026204
0.522211027704507 0.8518839896430245
0.5262514317449111 0.8518839896430245
0.5181706236641029 0.8559243936834284
0.5100898155832949 0.8599647977238325
0.5020090075024868 0.8640052017642366
0.5060494115428908 0.8640052017642366
0.49392819942167876 0.8680456058046406
0.49796860346208277 0.8680456058046406
0.4898877953812747 0.8720860098450447
0.4818069873004666 0.8761264138854487
0.47372617921965854 0.8801668179258527
0.4777665832600626 0.8801668179258527
0.46564537113885046 0.8842072219662568
0.46968577517925447 0.8842072219662568
0.4575645630580424 0.8882476260066607
0.4616049670984464 0.8882476260066607
0.44948375497723425 0.8922880300470648
0.4535241590176383 0.8922880300470648
0.44140294689642623 0.8963284340874689
0.44544335093683024 0.8963284340874689
0.4333221388156181 0.9003688381278729
0.43736254285602216 0.9003688381278729
0.4252413307348101 0.904409242168277
0.4292817347752141 0.904409242168277
0.41716052265400194 0.9084496462086811
0.421200926694406 0.9084496462086811
0.40907971457319386 0.912490050249085
0.3969585024519818 0.9165304542894891
0.4009989064923858 0.9165304542894891
0.3888776943711737 0.920570858329893
0.3929180984115777 0.920570858329893
0.38079688629036557 0.9246112623702971
0.38483729033076963 0.9246112623702971
0.3686756741691535 0.9286516664107012
0.37271607820955754 0.9286516664107012
0.3605948660883454 0.9326920704511052
0.3646352701287494 0.9326920704511052
0.34847365396713326 0.9367324744915093
0.3525140580075373 0.9367324744915093
0.33635244184592117 0.9407728785319134
0.3403928458863252 0.9407728785319134
0.324231229724709 0.9448132825723174
0.3282716337651131 0.9448132825723174
0.3323120378055171 0.9448132825723174
0.3121100176034969 0.9488536866127214
0.31615042164390095 0.9488536866127214
0.320190825684305 0.9488536866127214
0.2999888054822848 0.9528940906531255
0.30402920952268886 0.9528940906531255
0.30806961356309287 0.9528940906531255
