# x y
0.6959256704006798 0.7306718684309033
0.6918852663602757 0.7347122724713073
0.6838044582794676 0.7427930805521153
0.6636024380774475 0.7629951007541356
0.6595620340370434 0.7791567169157517
0.6353196097946192 0.7872375249965597
0.6312792057542151 0.803399141158176
0.6110771855521949 0.819560757319792
0.5827943572693666 0.8236011613601961
0.5868347613097706 0.8236011613601961
0.5949155693905788 0.8316819694410043
0.5141074885824979 0.8720860098450447
0.4939054683804778 0.8801668179258527
0.5019862764612858 0.8801668179258527
0.47370344817845755 0.8963284340874689
0.41309738757239695 0.920570858329893
0.41713779161280096 0.9246112623702971
0.37269334716835656 0.9367324744915093
0.3686529431279525 0.9407728785319134
0.3646125390875484 0.9609748987339335
