# x y
0.6354026333624134 0.7589546967137315
0.6071198050795852 0.7710759088349436
0.6111602091199893 0.7751163128753477
0.6152006131603932 0.7751163128753477
0.6192410172007973 0.7751163128753477
0.5424733404331206 0.7791567169157517
0.6030794010391811 0.7791567169157517
0.6071198050795852 0.7791567169157517
0.6111602091199893 0.7791567169157517
0.599038996998777 0.7831971209561558
0.6030794010391811 0.7831971209561558
0.6071198050795852 0.7831971209561558
0.5828773808371609 0.7872375249965597
0.5909581889179689 0.7872375249965597
0.594998592958373 0.7872375249965597
0.599038996998777 0.7872375249965597
0.6030794010391811 0.7872375249965597
0.5828773808371609 0.7912779290369638
0.5869177848775649 0.7912779290369638
0.5909581889179689 0.7912779290369638
0.594998592958373 0.7912779290369638
0.599038996998777 0.7912779290369638
0.6030794010391811 0.7912779290369638
0.5788369767967568 0.7953183330773679
0.5828773808371609 0.7953183330773679
0.5869177848775649 0.7953183330773679
0.5909581889179689 0.7953183330773679
0.594998592958373 0.7953183330773679
0.5707561687159488 0.799358737117772
0.5747965727563529 0.799358737117772
0.5788369767967568 0.799358737117772
0.5828773808371609 0.799358737117772
0.5869177848775649 0.799358737117772
0.5909581889179689 0.799358737117772
0.5667157646755447 0.803399141158176
0.5707561687159488 0.803399141158176
0.5747965727563529 0.803399141158176
0.5788369767967568 0.803399141158176
0.5828773808371609 0.803399141158176
0.5869177848775649 0.803399141158176
0.5586349565947366 0.80743954519858
0.5626753606351407 0.80743954519858
0.5667157646755447 0.80743954519858
0.5707561687159488 0.80743954519858
0.5747965727563529 0.80743954519858
0.5788369767967568 0.80743954519858
0.5545945525543325 0.811479949238984
0.5586349565947366 0.811479949238984
0.5626753606351407 0.811479949238984
0.5667157646755447 0.811479949238984
0.5707561687159488 0.811479949238984
0.5747965727563529 0.811479949238984
0.5465137444735245 0.8155203532793881
0.5505541485139286 0.8155203532793881
0.5545945525543325 0.8155203532793881
0.5586349565947366 0.8155203532793881
0.5626753606351407 0.8155203532793881
0.5667157646755447 0.8155203532793881
0.5707561687159488 0.8155203532793881
0.5384329363927165 0.819560757319792
0.5424733404331206 0.819560757319792
0.5465137444735245 0.819560757319792
0.5505541485139286 0.819560757319792
0.5545945525543325 0.819560757319792
0.5586349565947366 0.819560757319792
0.5626753606351407 0.819560757319792
0.5667157646755447 0.819560757319792
0.5343925323523124 0.8236011613601961
0.5384329363927165 0.8236011613601961
0.5424733404331206 0.8236011613601961
0.5465137444735245 0.8236011613601961
0.5505541485139286 0.8236011613601961
0.5545945525543325 0.8236011613601961
0.5586349565947366 0.8236011613601961
0.5263117242715043 0.8276415654006002
0.5303521283119084 0.8276415654006002
0.5343925323523124 0.8276415654006002
0.5384329363927165 0.8276415654006002
0.5424733404331206 0.8276415654006002
0.5465137444735245 0.8276415654006002
0.5505541485139286 0.8276415654006002
0.5545945525543325 0.8276415654006002
0.5222713202311002 0.8316819694410043
0.5263117242715043 0.8316819694410043
0.5303521283119084 0.8316819694410043
0.5343925323523124 0.8316819694410043
0.5384329363927165 0.8316819694410043
0.5424733404331206 0.8316819694410043
0.5465137444735245 0.8316819694410043
0.5505541485139286 0.8316819694410043
0.5141905121502922 0.8357223734814083
0.5182309161906963 0.8357223734814083
0.5222713202311002 0.8357223734814083
0.5263117242715043 0.8357223734814083
0.5303521283119084 0.8357223734814083
0.5343925323523124 0.8357223734814083
0.5384329363927165 0.8357223734814083
0.5424733404331206 0.8357223734814083
0.5061097040694842 0.8397627775218124
0.5101501081098881 0.8397627775218124
0.5141905121502922 0.8397627775218124
0.5182309161906963 0.8397627775218124
0.5222713202311002 0.8397627775218124
0.5263117242715043 0.8397627775218124
0.5303521283119084 0.8397627775218124
0.5343925323523124 0.8397627775218124
0.5384329363927165 0.8397627775218124
0.49802889598867606 0.8438031815622163
0.5020693000290801 0.8438031815622163
0.5061097040694842 0.8438031815622163
0.5101501081098881 0.8438031815622163
0.5141905121502922 0.8438031815622163
0.5182309161906963 0.8438031815622163
0.5222713202311002 0.8438031815622163
0.5263117242715043 0.8438031815622163
0.5303521283119084 0.8438031815622163
0.493988491948272 0.8478435856026204
0.49802889598867606 0.8478435856026204
0.5020693000290801 0.8478435856026204
0.5061097040694842 0.8478435856026204
0.5101501081098881 0.8478435856026204
0.5141905121502922 0.8478435856026204
0.5182309161906963 0.8478435856026204
0.5222713202311002 0.8478435856026204
0.5263117242715043 0.8478435856026204
0.4859076838674639 0.8518839896430245
0.4899480879078679 0.8518839896430245
0.493988491948272 0.8518839896430245
0.49802889598867606 0.8518839896430245
0.5020693000290801 0.8518839896430245
0.5061097040694842 0.8518839896430245
0.5101501081098881 0.8518839896430245
0.5141905121502922 0.8518839896430245
0.5182309161906963 0.8518839896430245
0.47782687578665584 0.8559243936834284
0.4818672798270599 0.8559243936834284
0.4859076838674639 0.8559243936834284
0.4899480879078679 0.8559243936834284
0.493988491948272 0.8559243936834284
0.49802889598867606 0.8559243936834284
0.5020693000290801 0.8559243936834284
0.5061097040694842 0.8559243936834284
0.5101501081098881 0.8559243936834284
0.5141905121502922 0.8559243936834284
0.46974606770584776 0.8599647977238325
0.47378647174625177 0.8599647977238325
0.47782687578665584 0.8599647977238325
0.4818672798270599 0.8599647977238325
0.4859076838674639 0.8599647977238325
0.4899480879078679 0.8599647977238325
0.493988491948272 0.8599647977238325
0.49802889598867606 0.8599647977238325
0.5020693000290801 0.8599647977238325
0.5061097040694842 0.8599647977238325
0.4616652596250397 0.8640052017642366
0.46570566366544375 0.8640052017642366
0.46974606770584776 0.8640052017642366
0.47378647174625177 0.8640052017642366
0.47782687578665584 0.8640052017642366
0.4818672798270599 0.8640052017642366
0.4859076838674639 0.8640052017642366
0.4899480879078679 0.8640052017642366
0.493988491948272 0.8640052017642366
0.49802889598867606 0.8640052017642366
0.5020693000290801 0.8640052017642366
0.4576248555846356 0.8680456058046406
0.4616652596250397 0.8680456058046406
0.46570566366544375 0.8680456058046406
0.46974606770584776 0.8680456058046406
0.47378647174625177 0.8680456058046406
0.47782687578665584 0.8680456058046406
0.4818672798270599 0.8680456058046406
0.4859076838674639 0.8680456058046406
0.4899480879078679 0.8680456058046406
0.493988491948272 0.8680456058046406
0.4495440475038276 0.8720860098450447
0.4535844515442316 0.8720860098450447
0.4576248555846356 0.8720860098450447
0.4616652596250397 0.8720860098450447
0.46570566366544375 0.8720860098450447
0.46974606770584776 0.8720860098450447
0.47378647174625177 0.8720860098450447
0.47782687578665584 0.8720860098450447
0.4818672798270599 0.8720860098450447
0.4859076838674639 0.8720860098450447
0.44146323942301946 0.8761264138854487
0.4455036434634235 0.8761264138854487
0.4495440475038276 0.8761264138854487
0.4535844515442316 0.8761264138854487
0.4576248555846356 0.8761264138854487
0.4616652596250397 0.8761264138854487
0.46570566366544375 0.8761264138854487
0.46974606770584776 0.8761264138854487
0.47378647174625177 0.8761264138854487
0.47782687578665584 0.8761264138854487
0.4818672798270599 0.8761264138854487
0.4333824313422114 0.8801668179258527
0.4374228353826154 0.8801668179258527
0.44146323942301946 0.8801668179258527
0.4455036434634235 0.8801668179258527
0.4495440475038276 0.8801668179258527
0.4535844515442316 0.8801668179258527
0.4576248555846356 0.8801668179258527
0.4616652596250397 0.8801668179258527
0.46570566366544375 0.8801668179258527
0.46974606770584776 0.8801668179258527
0.47378647174625177 0.8801668179258527
0.4253016232614033 0.8842072219662568
0.42934202730180737 0.8842072219662568
0.4333824313422114 0.8842072219662568
0.4374228353826154 0.8842072219662568
0.44146323942301946 0.8842072219662568
0.4455036434634235 0.8842072219662568
0.4495440475038276 0.8842072219662568
0.4535844515442316 0.8842072219662568
0.4576248555846356 0.8842072219662568
0.4616652596250397 0.8842072219662568
0.46570566366544375 0.8842072219662568
0.40914000709978715 0.8882476260066607
0.4131804111401912 0.8882476260066607
0.41722081518059523 0.8882476260066607
0.42126121922099924 0.8882476260066607
0.4253016232614033 0.8882476260066607
0.42934202730180737 0.8882476260066607
0.4333824313422114 0.8882476260066607
0.4374228353826154 0.8882476260066607
0.44146323942301946 0.8882476260066607
0.4455036434634235 0.8882476260066607
0.4495440475038276 0.8882476260066607
0.4535844515442316 0.8882476260066607
0.4576248555846356 0.8882476260066607
0.4050996030593831 0.8922880300470648
0.40914000709978715 0.8922880300470648
0.4131804111401912 0.8922880300470648
0.41722081518059523 0.8922880300470648
0.42126121922099924 0.8922880300470648
0.4253016232614033 0.8922880300470648
0.42934202730180737 0.8922880300470648
0.4333824313422114 0.8922880300470648
0.4374228353826154 0.8922880300470648
0.44146323942301946 0.8922880300470648
0.4455036434634235 0.8922880300470648
0.4495440475038276 0.8922880300470648
0.392978390938171 0.8963284340874689
0.39701879497857506 0.8963284340874689
0.4010591990189791 0.8963284340874689
0.4050996030593831 0.8963284340874689
0.40914000709978715 0.8963284340874689
0.4131804111401912 0.8963284340874689
0.41722081518059523 0.8963284340874689
0.42126121922099924 0.8963284340874689
0.4253016232614033 0.8963284340874689
0.42934202730180737 0.8963284340874689
0.4333824313422114 0.8963284340874689
0.4374228353826154 0.8963284340874689
0.44146323942301946 0.8963284340874689
0.4455036434634235 0.8963284340874689
0.38893798689776693 0.9003688381278729
0.392978390938171 0.9003688381278729
0.39701879497857506 0.9003688381278729
0.4010591990189791 0.9003688381278729
0.4050996030593831 0.9003688381278729
0.40914000709978715 0.9003688381278729
0.4131804111401912 0.9003688381278729
0.41722081518059523 0.9003688381278729
0.42126121922099924 0.9003688381278729
0.4253016232614033 0.9003688381278729
0.42934202730180737 0.9003688381278729
0.4333824313422114 0.9003688381278729
0.37681677477655484 0.904409242168277
0.38085717881695885 0.904409242168277
0.3848975828573629 0.904409242168277
0.38893798689776693 0.904409242168277
0.392978390938171 0.904409242168277
0.39701879497857506 0.904409242168277
0.4010591990189791 0.904409242168277
0.4050996030593831 0.904409242168277
0.40914000709978715 0.904409242168277
0.4131804111401912 0.904409242168277
0.41722081518059523 0.904409242168277
0.42126121922099924 0.904409242168277
0.4253016232614033 0.904409242168277
0.36873596669574676 0.9084496462086811
0.3727763707361508 0.9084496462086811
0.37681677477655484 0.9084496462086811
0.38085717881695885 0.9084496462086811
0.3848975828573629 0.9084496462086811
0.38893798689776693 0.9084496462086811
0.392978390938171 0.9084496462086811
0.39701879497857506 0.9084496462086811
0.4010591990189791 0.9084496462086811
0.4050996030593831 0.9084496462086811
0.40914000709978715 0.9084496462086811
0.4131804111401912 0.9084496462086811
0.41722081518059523 0.9084496462086811
0.3566147545745346 0.912490050249085
0.3606551586149387 0.912490050249085
0.3646955626553427 0.912490050249085
0.36873596669574676 0.912490050249085
0.3727763707361508 0.912490050249085
0.37681677477655484 0.912490050249085
0.38085717881695885 0.912490050249085
0.3848975828573629 0.912490050249085
0.38893798689776693 0.912490050249085
0.392978390938171 0.912490050249085
0.39701879497857506 0.912490050249085
0.4010591990189791 0.912490050249085
0.4050996030593831 0.912490050249085
0.40914000709978715 0.912490050249085
0.34449354245332253 0.9165304542894891
0.34853394649372654 0.9165304542894891
0.35257435053413055 0.9165304542894891
0.3566147545745346 0.9165304542894891
0.3606551586149387 0.9165304542894891
0.3646955626553427 0.9165304542894891
0.36873596669574676 0.9165304542894891
0.3727763707361508 0.9165304542894891
0.37681677477655484 0.9165304542894891
0.38085717881695885 0.9165304542894891
0.3848975828573629 0.9165304542894891
0.38893798689776693 0.9165304542894891
0.392978390938171 0.9165304542894891
0.39701879497857506 0.9165304542894891
0.4010591990189791 0.9165304542894891
0.40914000709978715 0.9165304542894891
0.3364127343725144 0.920570858329893
0.34045313841291847 0.920570858329893
0.34449354245332253 0.920570858329893
0.34853394649372654 0.920570858329893
0.35257435053413055 0.920570858329893
0.3566147545745346 0.920570858329893
0.3606551586149387 0.920570858329893
0.3646955626553427 0.920570858329893
0.36873596669574676 0.920570858329893
0.3727763707361508 0.920570858329893
0.37681677477655484 0.920570858329893
0.38085717881695885 0.920570858329893
0.3848975828573629 0.920570858329893
0.38893798689776693 0.920570858329893
0.3242915222513023 0.9246112623702971
0.3283319262917064 0.9246112623702971
0.3323723303321104 0.9246112623702971
0.3364127343725144 0.9246112623702971
0.34045313841291847 0.9246112623702971
0.34449354245332253 0.9246112623702971
0.34853394649372654 0.9246112623702971
0.35257435053413055 0.9246112623702971
0.3566147545745346 0.9246112623702971
0.3606551586149387 0.9246112623702971
0.3646955626553427 0.9246112623702971
0.36873596669574676 0.9246112623702971
0.3727763707361508 0.9246112623702971
0.37681677477655484 0.9246112623702971
0.38085717881695885 0.9246112623702971
0.31217031013009017 0.9286516664107012
0.31621071417049423 0.9286516664107012
0.32025111821089824 0.9286516664107012
0.3242915222513023 0.9286516664107012
0.3283319262917064 0.9286516664107012
0.3323723303321104 0.9286516664107012
0.3364127343725144 0.9286516664107012
0.34045313841291847 0.9286516664107012
0.34449354245332253 0.9286516664107012
0.34853394649372654 0.9286516664107012
0.35257435053413055 0.9286516664107012
0.3566147545745346 0.9286516664107012
0.3606551586149387 0.9286516664107012
0.3646955626553427 0.9286516664107012
0.36873596669574676 0.9286516664107012
0.300049098008878 0.9326920704511052
0.3040895020492821 0.9326920704511052
0.30812990608968616 0.9326920704511052
0.31217031013009017 0.9326920704511052
0.31621071417049423 0.9326920704511052
0.32025111821089824 0.9326920704511052
0.3242915222513023 0.9326920704511052
0.3283319262917064 0.9326920704511052
0.3323723303321104 0.9326920704511052
0.3364127343725144 0.9326920704511052
0.34045313841291847 0.9326920704511052
0.34449354245332253 0.9326920704511052
0.34853394649372654 0.9326920704511052
0.35257435053413055 0.9326920704511052
0.3566147545745346 0.9326920704511052
0.3606551586149387 0.9326920704511052
0.27984707780685786 0.9367324744915093
0.28792788588766594 0.9367324744915093
0.29196828992807 0.9367324744915093
0.296008693968474 0.9367324744915093
0.300049098008878 0.9367324744915093
0.3040895020492821 0.9367324744915093
0.30812990608968616 0.9367324744915093
0.31217031013009017 0.9367324744915093
0.31621071417049423 0.9367324744915093
0.32025111821089824 0.9367324744915093
0.3242915222513023 0.9367324744915093
0.3283319262917064 0.9367324744915093
0.3323723303321104 0.9367324744915093
0.3364127343725144 0.9367324744915093
0.34045313841291847 0.9367324744915093
0.34449354245332253 0.9367324744915093
0.34853394649372654 0.9367324744915093
0.35257435053413055 0.9367324744915093
0.27984707780685786 0.9407728785319134
0.28388748184726187 0.9407728785319134
0.28792788588766594 0.9407728785319134
0.29196828992807 0.9407728785319134
0.296008693968474 0.9407728785319134
0.300049098008878 0.9407728785319134
0.3040895020492821 0.9407728785319134
0.30812990608968616 0.9407728785319134
0.31217031013009017 0.9407728785319134
0.31621071417049423 0.9407728785319134
0.32025111821089824 0.9407728785319134
0.3242915222513023 0.9407728785319134
0.3283319262917064 0.9407728785319134
0.3323723303321104 0.9407728785319134
0.3364127343725144 0.9407728785319134
0.27984707780685786 0.9448132825723174
0.28388748184726187 0.9448132825723174
0.28792788588766594 0.9448132825723174
0.29196828992807 0.9448132825723174
0.296008693968474 0.9448132825723174
0.300049098008878 0.9448132825723174
0.3040895020492821 0.9448132825723174
0.30812990608968616 0.9448132825723174
0.31217031013009017 0.9448132825723174
0.31621071417049423 0.9448132825723174
0.32025111821089824 0.9448132825723174
0.3242915222513023 0.9448132825723174
0.3283319262917064 0.9448132825723174
0.3364127343725144 0.9448132825723174
0.27984707780685786 0.9488536866127214
0.28388748184726187 0.9488536866127214
0.28792788588766594 0.9488536866127214
0.29196828992807 0.9488536866127214
0.296008693968474 0.9488536866127214
0.300049098008878 0.9488536866127214
0.3040895020492821 0.9488536866127214
0.30812990608968616 0.9488536866127214
0.31217031013009017 0.9488536866127214
0.31621071417049423 0.9488536866127214
0.27984707780685786 0.9528940906531255
0.28388748184726187 0.9528940906531255
0.28792788588766594 0.9528940906531255
0.29196828992807 0.9528940906531255
0.296008693968474 0.9528940906531255
0.300049098008878 0.9528940906531255
0.27984707780685786 0.9569344946935294
0.28388748184726187 0.9569344946935294
0.28792788588766594 0.9569344946935294
0.296008693968474 0.9569344946935294
0.27984707780685786 0.9609748987339335
