# x y
0.6635840264821008 0.7629951007541356
0.6353011981992724 0.7872375249965597
0.5948971577952321 0.8155203532793881
0.5948971577952321 0.8316819694410043
0.5302506931487675 0.8761264138854487
0.4736850365831109 0.9084496462086811
0.4171193800174543 0.9246112623702971
0.4090385719366462 0.9286516664107012
0.36459412749220177 0.9407728785319134
0.3807557436538179 0.9407728785319134
0.36055372345179776 0.9488536866127214
0.32014968304775737 0.9569344946935294
0.30802847092654523 0.9609748987339335
0.36459412749220177 0.9609748987339335
