# x y
0.6434088810679128 0.7791567169157517
0.6595704972295291 0.7791567169157517
0.6312876689467009 0.803399141158176
0.5989644366234684 0.8155203532793881
0.5626008002598322 0.8357223734814083
0.5221967598557917 0.8680456058046406
0.48987352753255936 0.8801668179258527
0.5019947396537715 0.8801668179258527
0.46563110329013513 0.9003688381278729
0.48987352753255936 0.9003688381278729
0.40098463864367045 0.9246112623702971
0.37270181036084216 0.9367324744915093
0.36462100228003413 0.9609748987339335
0.3161361537951856 0.9650153027743376
0.30401494167397347 0.9690557068147416
0.33229776995680177 0.9730961108551457
