# x y
0.6999608271052575 0.7266314643904992
0.6959204230648535 0.7306718684309033
0.6918800190244494 0.7347122724713073
0.6878396149840453 0.7387526765117113
0.6595567867012171 0.7629951007541356
0.6474355745800049 0.7751163128753477
0.6353143624587928 0.7872375249965597
0.6151123422567726 0.803399141158176
0.5989507260951564 0.811479949238984
0.6110719382163685 0.819560757319792
0.5989507260951564 0.8276415654006002
0.5949103220547525 0.8316819694410043
0.5019810291254595 0.8801668179258527
0.41713254427697466 0.9246112623702971
0.39289012003455037 0.9286516664107012
0.36864769579212614 0.9407728785319134
0.36460729175172213 0.9609748987339335
