# x y
0.6990308777682553 0.698348636107671
0.6949904737278513 0.702389040148075
0.6990308777682553 0.702389040148075
0.6909500696874473 0.706429444188479
0.6949904737278513 0.706429444188479
0.6990308777682553 0.706429444188479
0.6869096656470433 0.710469848228883
0.6909500696874473 0.710469848228883
0.6949904737278513 0.710469848228883
0.6990308777682553 0.710469848228883
0.6828692616066392 0.7145102522692871
0.6869096656470433 0.7145102522692871
0.6909500696874473 0.7145102522692871
0.6949904737278513 0.7145102522692871
0.6990308777682553 0.7145102522692871
0.6788288575662351 0.7185506563096911
0.6828692616066392 0.7185506563096911
0.6869096656470433 0.7185506563096911
0.6909500696874473 0.7185506563096911
0.6949904737278513 0.7185506563096911
0.6990308777682553 0.7185506563096911
0.6747884535258311 0.7225910603500951
0.6788288575662351 0.7225910603500951
0.6828692616066392 0.7225910603500951
0.6869096656470433 0.7225910603500951
0.6909500696874473 0.7225910603500951
0.6949904737278513 0.7225910603500951
0.6990308777682553 0.7225910603500951
0.670748049485427 0.7266314643904992
0.6747884535258311 0.7266314643904992
0.6788288575662351 0.7266314643904992
0.6828692616066392 0.7266314643904992
0.6869096656470433 0.7266314643904992
0.6909500696874473 0.7266314643904992
0.6949904737278513 0.7266314643904992
0.6990308777682553 0.7266314643904992
0.6667076454450229 0.7306718684309033
0.670748049485427 0.7306718684309033
0.6747884535258311 0.7306718684309033
0.6788288575662351 0.7306718684309033
0.6828692616066392 0.7306718684309033
0.6869096656470433 0.7306718684309033
0.6909500696874473 0.7306718684309033
0.6949904737278513 0.7306718684309033
0.662667241404619 0.7347122724713073
0.6667076454450229 0.7347122724713073
0.670748049485427 0.7347122724713073
0.6747884535258311 0.7347122724713073
0.6788288575662351 0.7347122724713073
0.6828692616066392 0.7347122724713073
0.6869096656470433 0.7347122724713073
0.6909500696874473 0.7347122724713073
0.6949904737278513 0.7347122724713073
0.654586433323811 0.7387526765117113
0.6586268373642149 0.7387526765117113
0.662667241404619 0.7387526765117113
0.6667076454450229 0.7387526765117113
0.670748049485427 0.7387526765117113
0.6747884535258311 0.7387526765117113
0.6788288575662351 0.7387526765117113
0.6828692616066392 0.7387526765117113
0.6869096656470433 0.7387526765117113
0.6505460292834069 0.7427930805521153
0.654586433323811 0.7427930805521153
0.6586268373642149 0.7427930805521153
0.662667241404619 0.7427930805521153
0.6667076454450229 0.7427930805521153
0.670748049485427 0.7427930805521153
0.6747884535258311 0.7427930805521153
0.6788288575662351 0.7427930805521153
0.6828692616066392 0.7427930805521153
0.6465056252430028 0.7468334845925194
0.6505460292834069 0.7468334845925194
0.654586433323811 0.7468334845925194
0.6586268373642149 0.7468334845925194
0.662667241404619 0.7468334845925194
0.6667076454450229 0.7468334845925194
0.670748049485427 0.7468334845925194
0.6747884535258311 0.7468334845925194
0.6788288575662351 0.7468334845925194
0.6424652212025987 0.7508738886329235
0.6465056252430028 0.7508738886329235
0.6505460292834069 0.7508738886329235
0.654586433323811 0.7508738886329235
0.6586268373642149 0.7508738886329235
0.662667241404619 0.7508738886329235
0.6667076454450229 0.7508738886329235
0.670748049485427 0.7508738886329235
0.6747884535258311 0.7508738886329235
0.6384248171621947 0.7549142926733274
0.6424652212025987 0.7549142926733274
0.6465056252430028 0.7549142926733274
0.6505460292834069 0.7549142926733274
0.654586433323811 0.7549142926733274
0.6586268373642149 0.7549142926733274
0.662667241404619 0.7549142926733274
0.6667076454450229 0.7549142926733274
0.670748049485427 0.7549142926733274
0.6343844131217906 0.7589546967137315
0.6384248171621947 0.7589546967137315
0.6424652212025987 0.7589546967137315
0.6465056252430028 0.7589546967137315
0.6505460292834069 0.7589546967137315
0.654586433323811 0.7589546967137315
0.6586268373642149 0.7589546967137315
0.662667241404619 0.7589546967137315
0.6667076454450229 0.7589546967137315
0.6303440090813867 0.7629951007541356
0.6343844131217906 0.7629951007541356
0.6384248171621947 0.7629951007541356
0.6424652212025987 0.7629951007541356
0.6465056252430028 0.7629951007541356
0.6505460292834069 0.7629951007541356
0.654586433323811 0.7629951007541356
0.6586268373642149 0.7629951007541356
0.662667241404619 0.7629951007541356
0.6222632010005785 0.7670355047945396
0.6263036050409826 0.7670355047945396
0.6303440090813867 0.7670355047945396
0.6343844131217906 0.7670355047945396
0.6384248171621947 0.7670355047945396
0.6424652212025987 0.7670355047945396
0.6465056252430028 0.7670355047945396
0.6505460292834069 0.7670355047945396
0.654586433323811 0.7670355047945396
0.6182227969601746 0.7710759088349436
0.6222632010005785 0.7710759088349436
0.6263036050409826 0.7710759088349436
0.6303440090813867 0.7710759088349436
0.6343844131217906 0.7710759088349436
0.6384248171621947 0.7710759088349436
0.6424652212025987 0.7710759088349436
0.6465056252430028 0.7710759088349436
0.6505460292834069 0.7710759088349436
0.6141823929197705 0.7751163128753477
0.6182227969601746 0.7751163128753477
0.6222632010005785 0.7751163128753477
0.6263036050409826 0.7751163128753477
0.6303440090813867 0.7751163128753477
0.6343844131217906 0.7751163128753477
0.6384248171621947 0.7751163128753477
0.6424652212025987 0.7751163128753477
0.6465056252430028 0.7751163128753477
0.6101419888793664 0.7791567169157517
0.6141823929197705 0.7791567169157517
0.6182227969601746 0.7791567169157517
0.6222632010005785 0.7791567169157517
0.6263036050409826 0.7791567169157517
0.6303440090813867 0.7791567169157517
0.6343844131217906 0.7791567169157517
0.6384248171621947 0.7791567169157517
0.6424652212025987 0.7791567169157517
0.6020611807985583 0.7831971209561558
0.6061015848389624 0.7831971209561558
0.6101419888793664 0.7831971209561558
0.6141823929197705 0.7831971209561558
0.6182227969601746 0.7831971209561558
0.6222632010005785 0.7831971209561558
0.6263036050409826 0.7831971209561558
0.6303440090813867 0.7831971209561558
0.6343844131217906 0.7831971209561558
0.6384248171621947 0.7831971209561558
0.5980207767581542 0.7872375249965597
0.6020611807985583 0.7872375249965597
0.6061015848389624 0.7872375249965597
0.6101419888793664 0.7872375249965597
0.6141823929197705 0.7872375249965597
0.6182227969601746 0.7872375249965597
0.6222632010005785 0.7872375249965597
0.6263036050409826 0.7872375249965597
0.6303440090813867 0.7872375249965597
0.5939803727177503 0.7912779290369638
0.5980207767581542 0.7912779290369638
0.6020611807985583 0.7912779290369638
0.6061015848389624 0.7912779290369638
0.6101419888793664 0.7912779290369638
0.6141823929197705 0.7912779290369638
0.6182227969601746 0.7912779290369638
0.6222632010005785 0.7912779290369638
0.6263036050409826 0.7912779290369638
0.5858995646369423 0.7953183330773679
0.5899399686773462 0.7953183330773679
0.5939803727177503 0.7953183330773679
0.5980207767581542 0.7953183330773679
0.6020611807985583 0.7953183330773679
0.6061015848389624 0.7953183330773679
0.6101419888793664 0.7953183330773679
0.6141823929197705 0.7953183330773679
0.6182227969601746 0.7953183330773679
0.6222632010005785 0.7953183330773679
0.5818591605965382 0.799358737117772
0.5858995646369423 0.799358737117772
0.5899399686773462 0.799358737117772
0.5939803727177503 0.799358737117772
0.5980207767581542 0.799358737117772
0.6020611807985583 0.799358737117772
0.6061015848389624 0.799358737117772
0.6101419888793664 0.799358737117772
0.6141823929197705 0.799358737117772
0.6182227969601746 0.799358737117772
0.5737783525157301 0.803399141158176
0.5778187565561341 0.803399141158176
0.5818591605965382 0.803399141158176
0.5858995646369423 0.803399141158176
0.5899399686773462 0.803399141158176
0.5939803727177503 0.803399141158176
0.5980207767581542 0.803399141158176
0.6020611807985583 0.803399141158176
0.6061015848389624 0.803399141158176
0.6101419888793664 0.803399141158176
0.569737948475326 0.80743954519858
0.5737783525157301 0.80743954519858
0.5778187565561341 0.80743954519858
0.5818591605965382 0.80743954519858
0.5858995646369423 0.80743954519858
0.5899399686773462 0.80743954519858
0.5939803727177503 0.80743954519858
0.5980207767581542 0.80743954519858
0.6020611807985583 0.80743954519858
0.6061015848389624 0.80743954519858
0.5656975444349219 0.811479949238984
0.569737948475326 0.811479949238984
0.5737783525157301 0.811479949238984
0.5778187565561341 0.811479949238984
0.5818591605965382 0.811479949238984
0.5858995646369423 0.811479949238984
0.5899399686773462 0.811479949238984
0.5939803727177503 0.811479949238984
0.5980207767581542 0.811479949238984
0.6020611807985583 0.811479949238984
0.5576167363541139 0.8155203532793881
0.561657140394518 0.8155203532793881
0.5656975444349219 0.8155203532793881
0.569737948475326 0.8155203532793881
0.5737783525157301 0.8155203532793881
0.5778187565561341 0.8155203532793881
0.5818591605965382 0.8155203532793881
0.5858995646369423 0.8155203532793881
0.5899399686773462 0.8155203532793881
0.5939803727177503 0.8155203532793881
0.5980207767581542 0.8155203532793881
0.5535763323137098 0.819560757319792
0.5576167363541139 0.819560757319792
0.561657140394518 0.819560757319792
0.5656975444349219 0.819560757319792
0.569737948475326 0.819560757319792
0.5737783525157301 0.819560757319792
0.5778187565561341 0.819560757319792
0.5818591605965382 0.819560757319792
0.5858995646369423 0.819560757319792
0.5899399686773462 0.819560757319792
0.5454955242329018 0.8236011613601961
0.5495359282733059 0.8236011613601961
0.5535763323137098 0.8236011613601961
0.5576167363541139 0.8236011613601961
0.561657140394518 0.8236011613601961
0.5656975444349219 0.8236011613601961
0.569737948475326 0.8236011613601961
0.5737783525157301 0.8236011613601961
0.5778187565561341 0.8236011613601961
0.5818591605965382 0.8236011613601961
0.5858995646369423 0.8236011613601961
0.5414551201924978 0.8276415654006002
0.5454955242329018 0.8276415654006002
0.5495359282733059 0.8276415654006002
0.5535763323137098 0.8276415654006002
0.5576167363541139 0.8276415654006002
0.561657140394518 0.8276415654006002
0.5656975444349219 0.8276415654006002
0.569737948475326 0.8276415654006002
0.5737783525157301 0.8276415654006002
0.5778187565561341 0.8276415654006002
0.5333743121116896 0.8316819694410043
0.5374147161520937 0.8316819694410043
0.5414551201924978 0.8316819694410043
0.5454955242329018 0.8316819694410043
0.5495359282733059 0.8316819694410043
0.5535763323137098 0.8316819694410043
0.5576167363541139 0.8316819694410043
0.561657140394518 0.8316819694410043
0.5656975444349219 0.8316819694410043
0.569737948475326 0.8316819694410043
0.5737783525157301 0.8316819694410043
0.5252935040308816 0.8357223734814083
0.5293339080712857 0.8357223734814083
0.5333743121116896 0.8357223734814083
0.5374147161520937 0.8357223734814083
0.5414551201924978 0.8357223734814083
0.5454955242329018 0.8357223734814083
0.5495359282733059 0.8357223734814083
0.5535763323137098 0.8357223734814083
0.5576167363541139 0.8357223734814083
0.561657140394518 0.8357223734814083
0.5656975444349219 0.8357223734814083
0.5212530999904775 0.8397627775218124
0.5252935040308816 0.8397627775218124
0.5293339080712857 0.8397627775218124
0.5333743121116896 0.8397627775218124
0.5374147161520937 0.8397627775218124
0.5414551201924978 0.8397627775218124
0.5454955242329018 0.8397627775218124
0.5495359282733059 0.8397627775218124
0.5535763323137098 0.8397627775218124
0.5576167363541139 0.8397627775218124
0.561657140394518 0.8397627775218124
0.5131722919096695 0.8438031815622163
0.5172126959500735 0.8438031815622163
0.5212530999904775 0.8438031815622163
0.5252935040308816 0.8438031815622163
0.5293339080712857 0.8438031815622163
0.5333743121116896 0.8438031815622163
0.5374147161520937 0.8438031815622163
0.5414551201924978 0.8438031815622163
0.5454955242329018 0.8438031815622163
0.5495359282733059 0.8438031815622163
0.5535763323137098 0.8438031815622163
0.5050914838288614 0.8478435856026204
0.5091318878692654 0.8478435856026204
0.5131722919096695 0.8478435856026204
0.5172126959500735 0.8478435856026204
0.5212530999904775 0.8478435856026204
0.5252935040308816 0.8478435856026204
0.5293339080712857 0.8478435856026204
0.5333743121116896 0.8478435856026204
0.5374147161520937 0.8478435856026204
0.5414551201924978 0.8478435856026204
0.5454955242329018 0.8478435856026204
0.5495359282733059 0.8478435856026204
0.5010510797884573 0.8518839896430245
0.5050914838288614 0.8518839896430245
0.5091318878692654 0.8518839896430245
0.5131722919096695 0.8518839896430245
0.5172126959500735 0.8518839896430245
0.5212530999904775 0.8518839896430245
0.5252935040308816 0.8518839896430245
0.5293339080712857 0.8518839896430245
0.5333743121116896 0.8518839896430245
0.5374147161520937 0.8518839896430245
0.5414551201924978 0.8518839896430245
0.4929702717076493 0.8559243936834284
0.4970106757480533 0.8559243936834284
0.5010510797884573 0.8559243936834284
0.5050914838288614 0.8559243936834284
0.5091318878692654 0.8559243936834284
0.5131722919096695 0.8559243936834284
0.5172126959500735 0.8559243936834284
0.5212530999904775 0.8559243936834284
0.5252935040308816 0.8559243936834284
0.5293339080712857 0.8559243936834284
0.5333743121116896 0.8559243936834284
0.5374147161520937 0.8559243936834284
0.4889298676672452 0.8599647977238325
0.4929702717076493 0.8599647977238325
0.4970106757480533 0.8599647977238325
0.5010510797884573 0.8599647977238325
0.5050914838288614 0.8599647977238325
0.5091318878692654 0.8599647977238325
0.5131722919096695 0.8599647977238325
0.5172126959500735 0.8599647977238325
0.5212530999904775 0.8599647977238325
0.5252935040308816 0.8599647977238325
0.5293339080712857 0.8599647977238325
0.47680865554603313 0.8640052017642366
0.48084905958643714 0.8640052017642366
0.48488946362684116 0.8640052017642366
0.4889298676672452 0.8640052017642366
0.4929702717076493 0.8640052017642366
0.4970106757480533 0.8640052017642366
0.5010510797884573 0.8640052017642366
0.5050914838288614 0.8640052017642366
0.5091318878692654 0.8640052017642366
0.5131722919096695 0.8640052017642366
0.5172126959500735 0.8640052017642366
0.5212530999904775 0.8640052017642366
0.5252935040308816 0.8640052017642366
0.47276825150562907 0.8680456058046406
0.47680865554603313 0.8680456058046406
0.48084905958643714 0.8680456058046406
0.48488946362684116 0.8680456058046406
0.4889298676672452 0.8680456058046406
0.4929702717076493 0.8680456058046406
0.4970106757480533 0.8680456058046406
0.5010510797884573 0.8680456058046406
0.5050914838288614 0.8680456058046406
0.5091318878692654 0.8680456058046406
0.5131722919096695 0.8680456058046406
0.5172126959500735 0.8680456058046406
0.464687443424821 0.8720860098450447
0.468727847465225 0.8720860098450447
0.47276825150562907 0.8720860098450447
0.47680865554603313 0.8720860098450447
0.48084905958643714 0.8720860098450447
0.48488946362684116 0.8720860098450447
0.4889298676672452 0.8720860098450447
0.4929702717076493 0.8720860098450447
0.4970106757480533 0.8720860098450447
0.5010510797884573 0.8720860098450447
0.5050914838288614 0.8720860098450447
0.5091318878692654 0.8720860098450447
0.4566066353440129 0.8761264138854487
0.4606470393844169 0.8761264138854487
0.464687443424821 0.8761264138854487
0.468727847465225 0.8761264138854487
0.47276825150562907 0.8761264138854487
0.47680865554603313 0.8761264138854487
0.48084905958643714 0.8761264138854487
0.48488946362684116 0.8761264138854487
0.4889298676672452 0.8761264138854487
0.4929702717076493 0.8761264138854487
0.4970106757480533 0.8761264138854487
0.5010510797884573 0.8761264138854487
0.5050914838288614 0.8761264138854487
0.4485258272632048 0.8801668179258527
0.45256623130360885 0.8801668179258527
0.4566066353440129 0.8801668179258527
0.4606470393844169 0.8801668179258527
0.464687443424821 0.8801668179258527
0.468727847465225 0.8801668179258527
0.47276825150562907 0.8801668179258527
0.47680865554603313 0.8801668179258527
0.48084905958643714 0.8801668179258527
0.48488946362684116 0.8801668179258527
0.4889298676672452 0.8801668179258527
0.4929702717076493 0.8801668179258527
0.4970106757480533 0.8801668179258527
0.44044501918239676 0.8842072219662568
0.44448542322280077 0.8842072219662568
0.4485258272632048 0.8842072219662568
0.45256623130360885 0.8842072219662568
0.4566066353440129 0.8842072219662568
0.4606470393844169 0.8842072219662568
0.464687443424821 0.8842072219662568
0.468727847465225 0.8842072219662568
0.47276825150562907 0.8842072219662568
0.47680865554603313 0.8842072219662568
0.48084905958643714 0.8842072219662568
0.48488946362684116 0.8842072219662568
0.4889298676672452 0.8842072219662568
0.4323642111015886 0.8882476260066607
0.4364046151419927 0.8882476260066607
0.44044501918239676 0.8882476260066607
0.44448542322280077 0.8882476260066607
0.4485258272632048 0.8882476260066607
0.45256623130360885 0.8882476260066607
0.4566066353440129 0.8882476260066607
0.4606470393844169 0.8882476260066607
0.464687443424821 0.8882476260066607
0.468727847465225 0.8882476260066607
0.47276825150562907 0.8882476260066607
0.47680865554603313 0.8882476260066607
0.48084905958643714 0.8882476260066607
0.4242834030207806 0.8922880300470648
0.4283238070611846 0.8922880300470648
0.4323642111015886 0.8922880300470648
0.4364046151419927 0.8922880300470648
0.44044501918239676 0.8922880300470648
0.44448542322280077 0.8922880300470648
0.4485258272632048 0.8922880300470648
0.45256623130360885 0.8922880300470648
0.4566066353440129 0.8922880300470648
0.4606470393844169 0.8922880300470648
0.464687443424821 0.8922880300470648
0.468727847465225 0.8922880300470648
0.47276825150562907 0.8922880300470648
0.41620259493997247 0.8963284340874689
0.42024299898037654 0.8963284340874689
0.4242834030207806 0.8963284340874689
0.4283238070611846 0.8963284340874689
0.4323642111015886 0.8963284340874689
0.4364046151419927 0.8963284340874689
0.44044501918239676 0.8963284340874689
0.44448542322280077 0.8963284340874689
0.4485258272632048 0.8963284340874689
0.45256623130360885 0.8963284340874689
0.4566066353440129 0.8963284340874689
0.4606470393844169 0.8963284340874689
0.464687443424821 0.8963284340874689
0.468727847465225 0.8963284340874689
0.4081217868591644 0.9003688381278729
0.41216219089956846 0.9003688381278729
0.41620259493997247 0.9003688381278729
0.42024299898037654 0.9003688381278729
0.4242834030207806 0.9003688381278729
0.4283238070611846 0.9003688381278729
0.4323642111015886 0.9003688381278729
0.4364046151419927 0.9003688381278729
0.44044501918239676 0.9003688381278729
0.44448542322280077 0.9003688381278729
0.4485258272632048 0.9003688381278729
0.45256623130360885 0.9003688381278729
0.4566066353440129 0.9003688381278729
0.4606470393844169 0.9003688381278729
0.4000409787783563 0.904409242168277
0.4040813828187604 0.904409242168277
0.4081217868591644 0.904409242168277
0.41216219089956846 0.904409242168277
0.41620259493997247 0.904409242168277
0.42024299898037654 0.904409242168277
0.4242834030207806 0.904409242168277
0.4283238070611846 0.904409242168277
0.4323642111015886 0.904409242168277
0.4364046151419927 0.904409242168277
0.44044501918239676 0.904409242168277
0.44448542322280077 0.904409242168277
0.4485258272632048 0.904409242168277
0.45256623130360885 0.904409242168277
0.3879197666571442 0.9084496462086811
0.39196017069754824 0.9084496462086811
0.3960005747379523 0.9084496462086811
0.4000409787783563 0.9084496462086811
0.4040813828187604 0.9084496462086811
0.4081217868591644 0.9084496462086811
0.41216219089956846 0.9084496462086811
0.41620259493997247 0.9084496462086811
0.42024299898037654 0.9084496462086811
0.4242834030207806 0.9084496462086811
0.4283238070611846 0.9084496462086811
0.4323642111015886 0.9084496462086811
0.4364046151419927 0.9084496462086811
0.44044501918239676 0.9084496462086811
0.44448542322280077 0.9084496462086811
0.3757985545359321 0.912490050249085
0.3798389585763361 0.912490050249085
0.38387936261674016 0.912490050249085
0.3879197666571442 0.912490050249085
0.39196017069754824 0.912490050249085
0.3960005747379523 0.912490050249085
0.4000409787783563 0.912490050249085
0.4040813828187604 0.912490050249085
0.4081217868591644 0.912490050249085
0.41216219089956846 0.912490050249085
0.41620259493997247 0.912490050249085
0.42024299898037654 0.912490050249085
0.4242834030207806 0.912490050249085
0.4283238070611846 0.912490050249085
0.4323642111015886 0.912490050249085
0.4364046151419927 0.912490050249085
0.3717581504955281 0.9165304542894891
0.3757985545359321 0.9165304542894891
0.3798389585763361 0.9165304542894891
0.38387936261674016 0.9165304542894891
0.3879197666571442 0.9165304542894891
0.39196017069754824 0.9165304542894891
0.3960005747379523 0.9165304542894891
0.4000409787783563 0.9165304542894891
0.4040813828187604 0.9165304542894891
0.4081217868591644 0.9165304542894891
0.41216219089956846 0.9165304542894891
0.41620259493997247 0.9165304542894891
0.42024299898037654 0.9165304542894891
0.4242834030207806 0.9165304542894891
0.4283238070611846 0.9165304542894891
0.35963693837431593 0.920570858329893
0.36367734241471994 0.920570858329893
0.367717746455124 0.920570858329893
0.3717581504955281 0.920570858329893
0.3757985545359321 0.920570858329893
0.3798389585763361 0.920570858329893
0.38387936261674016 0.920570858329893
0.3879197666571442 0.920570858329893
0.39196017069754824 0.920570858329893
0.3960005747379523 0.920570858329893
0.4000409787783563 0.920570858329893
0.4040813828187604 0.920570858329893
0.4081217868591644 0.920570858329893
0.41216219089956846 0.920570858329893
0.41620259493997247 0.920570858329893
0.3475157262531038 0.9246112623702971
0.35155613029350785 0.9246112623702971
0.3555965343339119 0.9246112623702971
0.35963693837431593 0.9246112623702971
0.36367734241471994 0.9246112623702971
0.367717746455124 0.9246112623702971
0.3717581504955281 0.9246112623702971
0.3757985545359321 0.9246112623702971
0.3798389585763361 0.9246112623702971
0.38387936261674016 0.9246112623702971
0.3879197666571442 0.9246112623702971
0.39196017069754824 0.9246112623702971
0.3960005747379523 0.9246112623702971
0.4000409787783563 0.9246112623702971
0.4040813828187604 0.9246112623702971
0.4081217868591644 0.9246112623702971
0.3353945141318917 0.9286516664107012
0.3394349181722957 0.9286516664107012
0.3434753222126998 0.9286516664107012
0.3475157262531038 0.9286516664107012
0.35155613029350785 0.9286516664107012
0.3555965343339119 0.9286516664107012
0.35963693837431593 0.9286516664107012
0.36367734241471994 0.9286516664107012
0.367717746455124 0.9286516664107012
0.3717581504955281 0.9286516664107012
0.3757985545359321 0.9286516664107012
0.3798389585763361 0.9286516664107012
0.38387936261674016 0.9286516664107012
0.3879197666571442 0.9286516664107012
0.39196017069754824 0.9286516664107012
0.3960005747379523 0.9286516664107012
0.4000409787783563 0.9286516664107012
0.3273137060510836 0.9326920704511052
0.33135411009148763 0.9326920704511052
0.3353945141318917 0.9326920704511052
0.3394349181722957 0.9326920704511052
0.3434753222126998 0.9326920704511052
0.3475157262531038 0.9326920704511052
0.35155613029350785 0.9326920704511052
0.3555965343339119 0.9326920704511052
0.35963693837431593 0.9326920704511052
0.36367734241471994 0.9326920704511052
0.367717746455124 0.9326920704511052
0.3717581504955281 0.9326920704511052
0.3757985545359321 0.9326920704511052
0.3798389585763361 0.9326920704511052
0.38387936261674016 0.9326920704511052
0.3879197666571442 0.9326920704511052
0.39196017069754824 0.9326920704511052
0.3151924939298715 0.9367324744915093
0.31923289797027554 0.9367324744915093
0.32327330201067955 0.9367324744915093
0.3273137060510836 0.9367324744915093
0.33135411009148763 0.9367324744915093
0.3353945141318917 0.9367324744915093
0.3394349181722957 0.9367324744915093
0.3434753222126998 0.9367324744915093
0.3475157262531038 0.9367324744915093
0.35155613029350785 0.9367324744915093
0.3555965343339119 0.9367324744915093
0.35963693837431593 0.9367324744915093
0.36367734241471994 0.9367324744915093
0.367717746455124 0.9367324744915093
0.3717581504955281 0.9367324744915093
0.3757985545359321 0.9367324744915093
0.3798389585763361 0.9367324744915093
0.3030712818086594 0.9407728785319134
0.3071116858490634 0.9407728785319134
0.3111520898894674 0.9407728785319134
0.3151924939298715 0.9407728785319134
0.31923289797027554 0.9407728785319134
0.32327330201067955 0.9407728785319134
0.3273137060510836 0.9407728785319134
0.33135411009148763 0.9407728785319134
0.3353945141318917 0.9407728785319134
0.3394349181722957 0.9407728785319134
0.3434753222126998 0.9407728785319134
0.3475157262531038 0.9407728785319134
0.35155613029350785 0.9407728785319134
0.3555965343339119 0.9407728785319134
0.35963693837431593 0.9407728785319134
0.36367734241471994 0.9407728785319134
0.367717746455124 0.9407728785319134
0.3717581504955281 0.9407728785319134
0.2990308777682553 0.9448132825723174
0.3030712818086594 0.9448132825723174
0.3071116858490634 0.9448132825723174
0.3111520898894674 0.9448132825723174
0.3151924939298715 0.9448132825723174
0.31923289797027554 0.9448132825723174
0.32327330201067955 0.9448132825723174
0.3273137060510836 0.9448132825723174
0.33135411009148763 0.9448132825723174
0.3353945141318917 0.9448132825723174
0.3394349181722957 0.9448132825723174
0.3434753222126998 0.9448132825723174
0.3475157262531038 0.9448132825723174
0.35155613029350785 0.9448132825723174
0.3555965343339119 0.9448132825723174
0.35963693837431593 0.9448132825723174
0.2990308777682553 0.9488536866127214
0.3030712818086594 0.9488536866127214
0.3071116858490634 0.9488536866127214
0.3111520898894674 0.9488536866127214
0.3151924939298715 0.9488536866127214
0.31923289797027554 0.9488536866127214
0.32327330201067955 0.9488536866127214
0.3273137060510836 0.9488536866127214
0.33135411009148763 0.9488536866127214
0.3353945141318917 0.9488536866127214
0.3394349181722957 0.9488536866127214
0.3434753222126998 0.9488536866127214
0.3475157262531038 0.9488536866127214
0.35155613029350785 0.9488536866127214
0.2990308777682553 0.9528940906531255
0.3030712818086594 0.9528940906531255
0.3071116858490634 0.9528940906531255
0.3111520898894674 0.9528940906531255
0.3151924939298715 0.9528940906531255
0.31923289797027554 0.9528940906531255
0.32327330201067955 0.9528940906531255
0.3273137060510836 0.9528940906531255
0.33135411009148763 0.9528940906531255
0.3353945141318917 0.9528940906531255
0.3394349181722957 0.9528940906531255
0.2990308777682553 0.9569344946935294
0.3030712818086594 0.9569344946935294
0.3071116858490634 0.9569344946935294
0.3111520898894674 0.9569344946935294
0.3151924939298715 0.9569344946935294
0.31923289797027554 0.9569344946935294
0.32327330201067955 0.9569344946935294
0.3273137060510836 0.9569344946935294
0.2990308777682553 0.9609748987339335
0.3030712818086594 0.9609748987339335
0.3071116858490634 0.9609748987339335
0.3111520898894674 0.9609748987339335
0.2990308777682553 0.9650153027743376
0.3030712818086594 0.9650153027743376
