# x y
0.6999580961673535 0.7145102522692871
0.6918772880865455 0.7185506563096911
0.6959176921269494 0.7185506563096911
0.6878368840461414 0.7225910603500951
0.6918772880865455 0.7225910603500951
0.6837964800057373 0.7266314643904992
0.6878368840461414 0.7266314643904992
0.6797560759653334 0.7306718684309033
0.6837964800057373 0.7306718684309033
0.6757156719249293 0.7347122724713073
0.6797560759653334 0.7347122724713073
0.6716752678845253 0.7387526765117113
0.6757156719249293 0.7387526765117113
0.6676348638441212 0.7427930805521153
0.6716752678845253 0.7427930805521153
0.6635944598037171 0.7468334845925194
0.6676348638441212 0.7468334845925194
0.659554055763313 0.7508738886329235
0.6635944598037171 0.7508738886329235
0.6555136517229091 0.7549142926733274
0.659554055763313 0.7549142926733274
0.6474328436421011 0.7589546967137315
0.651473247682505 0.7589546967137315
0.643392439601697 0.7629951007541356
0.6474328436421011 0.7629951007541356
0.6393520355612929 0.7670355047945396
0.643392439601697 0.7670355047945396
0.6353116315208889 0.7710759088349436
0.6393520355612929 0.7710759088349436
0.6312712274804848 0.7751163128753477
0.6353116315208889 0.7751163128753477
0.6231904193996767 0.7791567169157517
0.6272308234400807 0.7791567169157517
0.6191500153592727 0.7831971209561558
0.6231904193996767 0.7831971209561558
0.6151096113188687 0.7872375249965597
0.6191500153592727 0.7872375249965597
0.6110692072784647 0.7912779290369638
0.6151096113188687 0.7912779290369638
0.6029883991976566 0.7953183330773679
0.6070288032380606 0.7953183330773679
0.5989479951572525 0.799358737117772
0.6029883991976566 0.799358737117772
0.5949075911168484 0.803399141158176
0.5989479951572525 0.803399141158176
0.5868267830360404 0.80743954519858
0.5908671870764444 0.80743954519858
0.5827863789956363 0.811479949238984
0.5868267830360404 0.811479949238984
0.5747055709148283 0.8155203532793881
0.5787459749552324 0.8155203532793881
0.5827863789956363 0.8155203532793881
0.5706651668744243 0.819560757319792
0.5747055709148283 0.819560757319792
0.5625843587936161 0.8236011613601961
0.5666247628340202 0.8236011613601961
0.5706651668744243 0.8236011613601961
0.5585439547532121 0.8276415654006002
0.5625843587936161 0.8276415654006002
0.550463146672404 0.8316819694410043
0.554503550712808 0.8316819694410043
0.5585439547532121 0.8316819694410043
0.546422742632 0.8357223734814083
0.550463146672404 0.8357223734814083
0.538341934551192 0.8397627775218124
0.542382338591596 0.8397627775218124
0.546422742632 0.8397627775218124
0.5343015305107879 0.8438031815622163
0.538341934551192 0.8438031815622163
0.5262207224299797 0.8478435856026204
0.5302611264703838 0.8478435856026204
0.5343015305107879 0.8478435856026204
0.5221803183895757 0.8518839896430245
0.5262207224299797 0.8518839896430245
0.5140995103087677 0.8559243936834284
0.5181399143491717 0.8559243936834284
0.5060187022279596 0.8599647977238325
0.5100591062683636 0.8599647977238325
0.5140995103087677 0.8599647977238325
0.5019782981875556 0.8640052017642366
0.5060187022279596 0.8640052017642366
0.49389749010674744 0.8680456058046406
0.4979378941471515 0.8680456058046406
0.4858166820259394 0.8720860098450447
0.48985708606634343 0.8720860098450447
0.49389749010674744 0.8720860098450447
0.4777358739451313 0.8761264138854487
0.48177627798553535 0.8761264138854487
0.4858166820259394 0.8761264138854487
0.46965506586432326 0.8801668179258527
0.4736954699047273 0.8801668179258527
0.4777358739451313 0.8801668179258527
0.46157425778351513 0.8842072219662568
0.4656146618239192 0.8842072219662568
0.46965506586432326 0.8842072219662568
0.45753385374311106 0.8882476260066607
0.46157425778351513 0.8882476260066607
0.44945304566230304 0.8922880300470648
0.45349344970270705 0.8922880300470648
0.4413722375814949 0.8963284340874689
0.445412641621899 0.8963284340874689
0.4292510254602828 0.9003688381278729
0.4332914295006869 0.9003688381278729
0.4373318335410909 0.9003688381278729
0.42117021737947474 0.904409242168277
0.42521062141987875 0.904409242168277
0.4292510254602828 0.904409242168277
0.41308940929866667 0.9084496462086811
0.41712981333907073 0.9084496462086811
0.42117021737947474 0.9084496462086811
0.4050086012178586 0.912490050249085
0.4090490052582626 0.912490050249085
0.41308940929866667 0.912490050249085
0.3969277931370505 0.9165304542894891
0.4009681971774545 0.9165304542894891
0.4050086012178586 0.9165304542894891
0.38480658101583837 0.920570858329893
0.38884698505624243 0.920570858329893
0.39288738909664644 0.920570858329893
0.3969277931370505 0.920570858329893
0.3767257729350303 0.9246112623702971
0.38076617697543436 0.9246112623702971
0.38480658101583837 0.9246112623702971
0.3646045608138182 0.9286516664107012
0.3686449648542222 0.9286516664107012
0.3726853688946262 0.9286516664107012
0.3767257729350303 0.9286516664107012
0.35652375273301007 0.9326920704511052
0.36056415677341414 0.9326920704511052
0.3646045608138182 0.9326920704511052
0.344402540611798 0.9367324744915093
0.34844294465220205 0.9367324744915093
0.35248334869260606 0.9367324744915093
0.35652375273301007 0.9367324744915093
0.33228132849058584 0.9407728785319134
0.3363217325309899 0.9407728785319134
0.3403621365713939 0.9407728785319134
0.344402540611798 0.9407728785319134
0.3201601163693737 0.9448132825723174
0.32420052040977776 0.9448132825723174
0.3282409244501818 0.9448132825723174
0.33228132849058584 0.9448132825723174
0.3080389042481616 0.9488536866127214
0.31207930828856567 0.9488536866127214
0.3161197123289697 0.9488536866127214
0.3201601163693737 0.9488536866127214
0.2999580961673535 0.9528940906531255
0.30399850020775754 0.9528940906531255
0.3080389042481616 0.9528940906531255
