# x y
0.6595498084349036 0.7629951007541356
0.6474285963136914 0.7751163128753477
0.6312669801520754 0.7872375249965597
0.6353073841924793 0.7872375249965597
0.6231861720712673 0.7953183330773679
0.6151053639904591 0.803399141158176
0.594903343788439 0.8316819694410043
0.501974050859146 0.8761264138854487
0.501974050859146 0.8801668179258527
0.4292467781318733 0.912490050249085
0.4171255660106612 0.9246112623702971
0.3686407175258127 0.9407728785319134
0.3807619296470248 0.9407728785319134
0.3605599094450046 0.9488536866127214
0.36460031348540867 0.9609748987339335
0.30803465691975207 0.9811769189359537
