# x y
0.6999816117367118 0.7145102522692871
0.6959412076963077 0.7185506563096911
0.6919008036559038 0.7225910603500951
0.6878603996154997 0.7266314643904992
0.6838199955750957 0.7306718684309033
0.6797795915346916 0.7347122724713073
0.6716987834538835 0.7387526765117113
0.6757391874942875 0.7387526765117113
0.6676583794134794 0.7427930805521153
0.6716987834538835 0.7427930805521153
0.6636179753730754 0.7468334845925194
0.6595775713326714 0.7508738886329235
0.6555371672922674 0.7549142926733274
0.6514967632518633 0.7589546967137315
0.6474563592114593 0.7629951007541356
0.6393755511306511 0.7670355047945396
0.6434159551710552 0.7670355047945396
0.6353351470902471 0.7710759088349436
0.6393755511306511 0.7710759088349436
0.6312947430498431 0.7751163128753477
0.627254339009439 0.7791567169157517
0.619173530928631 0.7831971209561558
0.623213934969035 0.7831971209561558
0.615133126888227 0.7872375249965597
0.619173530928631 0.7872375249965597
0.6110927228478229 0.7912779290369638
0.6070523188074188 0.7953183330773679
0.5989715107266107 0.799358737117772
0.6030119147670148 0.799358737117772
0.5949311066862067 0.803399141158176
0.5908907026458027 0.80743954519858
0.5828098945649947 0.811479949238984
0.5868502986053987 0.811479949238984
0.5787694905245906 0.8155203532793881
0.5706886824437825 0.819560757319792
0.5747290864841865 0.819560757319792
0.5666482784033784 0.8236011613601961
0.5585674703225704 0.8276415654006002
0.5626078743629744 0.8276415654006002
0.5545270662821663 0.8316819694410043
0.5464462582013583 0.8357223734814083
0.5504866622417623 0.8357223734814083
0.5424058541609542 0.8397627775218124
0.5343250460801461 0.8438031815622163
0.5383654501205501 0.8438031815622163
0.5302846420397421 0.8478435856026204
0.522203833958934 0.8518839896430245
0.5262442379993381 0.8518839896430245
0.514123025878126 0.8559243936834284
0.5181634299185299 0.8559243936834284
0.5100826218377219 0.8599647977238325
0.5020018137569138 0.8640052017642366
0.5060422177973178 0.8640052017642366
0.49392100567610575 0.8680456058046406
0.49796140971650976 0.8680456058046406
0.4858401975952976 0.8720860098450447
0.4898806016357017 0.8720860098450447
0.4817997935548936 0.8761264138854487
0.47371898547408553 0.8801668179258527
0.4777593895144896 0.8801668179258527
0.46563817739327745 0.8842072219662568
0.46967858143368146 0.8842072219662568
0.4575573693124694 0.8882476260066607
0.4615977733528734 0.8882476260066607
0.44947656123166124 0.8922880300470648
0.4535169652720653 0.8922880300470648
0.4413957531508532 0.8963284340874689
0.44543615719125723 0.8963284340874689
0.4333149450700451 0.9003688381278729
0.43735534911044915 0.9003688381278729
0.42523413698923707 0.904409242168277
0.4292745410296411 0.904409242168277
0.41715332890842893 0.9084496462086811
0.421193732948833 0.9084496462086811
0.40503211678721684 0.912490050249085
0.40907252082762086 0.912490050249085
0.4131129248680249 0.912490050249085
0.39695130870640877 0.9165304542894891
0.4009917127468128 0.9165304542894891
0.3888705006256007 0.920570858329893
0.3929109046660047 0.920570858329893
0.37674928850438855 0.9246112623702971
0.38078969254479256 0.9246112623702971
0.3848300965851966 0.9246112623702971
0.36866848042358047 0.9286516664107012
0.37270888446398454 0.9286516664107012
0.3565472683023684 0.9326920704511052
0.3605876723427724 0.9326920704511052
0.3646280763831764 0.9326920704511052
0.34846646022156025 0.9367324744915093
0.3525068642619643 0.9367324744915093
0.33634524810034816 0.9407728785319134
0.34038565214075217 0.9407728785319134
0.324224035979136 0.9448132825723174
0.3282644400195401 0.9448132825723174
0.3323048440599441 0.9448132825723174
0.3121028238579239 0.9488536866127214
0.31614322789832794 0.9488536866127214
0.320183631938732 0.9488536866127214
0.2999816117367118 0.9528940906531255
0.30402201577711585 0.9528940906531255
0.30806241981751986 0.9528940906531255
