# x y
0.6370365646645245 0.7589546967137315
0.6410769687049286 0.7589546967137315
0.6329961606241206 0.7629951007541356
0.6370365646645245 0.7629951007541356
0.6249153525433124 0.7670355047945396
0.6289557565837165 0.7670355047945396
0.6329961606241206 0.7670355047945396
0.6208749485029084 0.7710759088349436
0.6249153525433124 0.7710759088349436
0.6289557565837165 0.7710759088349436
0.6127941404221002 0.7751163128753477
0.6168345444625043 0.7751163128753477
0.6208749485029084 0.7751163128753477
0.6249153525433124 0.7751163128753477
0.6087537363816962 0.7791567169157517
0.6127941404221002 0.7791567169157517
0.6168345444625043 0.7791567169157517
0.6208749485029084 0.7791567169157517
0.6006729283008881 0.7831971209561558
0.6047133323412922 0.7831971209561558
0.6087537363816962 0.7831971209561558
0.6127941404221002 0.7831971209561558
0.6168345444625043 0.7831971209561558
0.5966325242604842 0.7872375249965597
0.6006729283008881 0.7872375249965597
0.6047133323412922 0.7872375249965597
0.6087537363816962 0.7872375249965597
0.6127941404221002 0.7872375249965597
0.5925921202200801 0.7912779290369638
0.5966325242604842 0.7912779290369638
0.6006729283008881 0.7912779290369638
0.6047133323412922 0.7912779290369638
0.6087537363816962 0.7912779290369638
0.584511312139272 0.7953183330773679
0.588551716179676 0.7953183330773679
0.5925921202200801 0.7953183330773679
0.5966325242604842 0.7953183330773679
0.6006729283008881 0.7953183330773679
0.5804709080988679 0.799358737117772
0.584511312139272 0.799358737117772
0.588551716179676 0.799358737117772
0.5925921202200801 0.799358737117772
0.5966325242604842 0.799358737117772
0.5723901000180599 0.803399141158176
0.5764305040584639 0.803399141158176
0.5804709080988679 0.803399141158176
0.584511312139272 0.803399141158176
0.588551716179676 0.803399141158176
0.5925921202200801 0.803399141158176
0.5683496959776558 0.80743954519858
0.5723901000180599 0.80743954519858
0.5764305040584639 0.80743954519858
0.5804709080988679 0.80743954519858
0.584511312139272 0.80743954519858
0.588551716179676 0.80743954519858
0.5602688878968478 0.811479949238984
0.5643092919372519 0.811479949238984
0.5683496959776558 0.811479949238984
0.5723901000180599 0.811479949238984
0.5764305040584639 0.811479949238984
0.5804709080988679 0.811479949238984
0.5562284838564437 0.8155203532793881
0.5602688878968478 0.8155203532793881
0.5643092919372519 0.8155203532793881
0.5683496959776558 0.8155203532793881
0.5723901000180599 0.8155203532793881
0.5764305040584639 0.8155203532793881
0.5481476757756356 0.819560757319792
0.5521880798160397 0.819560757319792
0.5562284838564437 0.819560757319792
0.5602688878968478 0.819560757319792
0.5643092919372519 0.819560757319792
0.5683496959776558 0.819560757319792
0.5723901000180599 0.819560757319792
0.5441072717352315 0.8236011613601961
0.5481476757756356 0.8236011613601961
0.5521880798160397 0.8236011613601961
0.5562284838564437 0.8236011613601961
0.5602688878968478 0.8236011613601961
0.5643092919372519 0.8236011613601961
0.5360264636544235 0.8276415654006002
0.5400668676948275 0.8276415654006002
0.5441072717352315 0.8276415654006002
0.5481476757756356 0.8276415654006002
0.5521880798160397 0.8276415654006002
0.5562284838564437 0.8276415654006002
0.5602688878968478 0.8276415654006002
0.5319860596140195 0.8316819694410043
0.5360264636544235 0.8316819694410043
0.5400668676948275 0.8316819694410043
0.5441072717352315 0.8316819694410043
0.5481476757756356 0.8316819694410043
0.5521880798160397 0.8316819694410043
0.5239052515332114 0.8357223734814083
0.5279456555736155 0.8357223734814083
0.5319860596140195 0.8357223734814083
0.5360264636544235 0.8357223734814083
0.5400668676948275 0.8357223734814083
0.5441072717352315 0.8357223734814083
0.5481476757756356 0.8357223734814083
0.5158244434524033 0.8397627775218124
0.5198648474928074 0.8397627775218124
0.5239052515332114 0.8397627775218124
0.5279456555736155 0.8397627775218124
0.5319860596140195 0.8397627775218124
0.5360264636544235 0.8397627775218124
0.5400668676948275 0.8397627775218124
0.5117840394119992 0.8438031815622163
0.5158244434524033 0.8438031815622163
0.5198648474928074 0.8438031815622163
0.5239052515332114 0.8438031815622163
0.5279456555736155 0.8438031815622163
0.5319860596140195 0.8438031815622163
0.5360264636544235 0.8438031815622163
0.5037032313311912 0.8478435856026204
0.5077436353715952 0.8478435856026204
0.5117840394119992 0.8478435856026204
0.5158244434524033 0.8478435856026204
0.5198648474928074 0.8478435856026204
0.5239052515332114 0.8478435856026204
0.5279456555736155 0.8478435856026204
0.4956224232503831 0.8518839896430245
0.49966282729078715 0.8518839896430245
0.5037032313311912 0.8518839896430245
0.5077436353715952 0.8518839896430245
0.5117840394119992 0.8518839896430245
0.5158244434524033 0.8518839896430245
0.5198648474928074 0.8518839896430245
0.5239052515332114 0.8518839896430245
0.49158201920997907 0.8559243936834284
0.4956224232503831 0.8559243936834284
0.49966282729078715 0.8559243936834284
0.5037032313311912 0.8559243936834284
0.5077436353715952 0.8559243936834284
0.5117840394119992 0.8559243936834284
0.5158244434524033 0.8559243936834284
0.483501211129171 0.8599647977238325
0.48754161516957506 0.8599647977238325
0.49158201920997907 0.8599647977238325
0.4956224232503831 0.8599647977238325
0.49966282729078715 0.8599647977238325
0.5037032313311912 0.8599647977238325
0.5077436353715952 0.8599647977238325
0.4754204030483629 0.8640052017642366
0.4794608070887669 0.8640052017642366
0.483501211129171 0.8640052017642366
0.48754161516957506 0.8640052017642366
0.49158201920997907 0.8640052017642366
0.4956224232503831 0.8640052017642366
0.49966282729078715 0.8640052017642366
0.5037032313311912 0.8640052017642366
0.46733959496755484 0.8680456058046406
0.4713799990079589 0.8680456058046406
0.4754204030483629 0.8680456058046406
0.4794608070887669 0.8680456058046406
0.483501211129171 0.8680456058046406
0.48754161516957506 0.8680456058046406
0.49158201920997907 0.8680456058046406
0.4956224232503831 0.8680456058046406
0.45925878688674676 0.8720860098450447
0.4632991909271508 0.8720860098450447
0.46733959496755484 0.8720860098450447
0.4713799990079589 0.8720860098450447
0.4754204030483629 0.8720860098450447
0.4794608070887669 0.8720860098450447
0.483501211129171 0.8720860098450447
0.48754161516957506 0.8720860098450447
0.4511779788059387 0.8761264138854487
0.45521838284634275 0.8761264138854487
0.45925878688674676 0.8761264138854487
0.4632991909271508 0.8761264138854487
0.46733959496755484 0.8761264138854487
0.4713799990079589 0.8761264138854487
0.4754204030483629 0.8761264138854487
0.4794608070887669 0.8761264138854487
0.4471375747655346 0.8801668179258527
0.4511779788059387 0.8801668179258527
0.45521838284634275 0.8801668179258527
0.45925878688674676 0.8801668179258527
0.4632991909271508 0.8801668179258527
0.46733959496755484 0.8801668179258527
0.4713799990079589 0.8801668179258527
0.4754204030483629 0.8801668179258527
0.43905676668472654 0.8842072219662568
0.44309717072513055 0.8842072219662568
0.4471375747655346 0.8842072219662568
0.4511779788059387 0.8842072219662568
0.45521838284634275 0.8842072219662568
0.45925878688674676 0.8842072219662568
0.4632991909271508 0.8842072219662568
0.46733959496755484 0.8842072219662568
0.43097595860391846 0.8882476260066607
0.43501636264432253 0.8882476260066607
0.43905676668472654 0.8882476260066607
0.44309717072513055 0.8882476260066607
0.4471375747655346 0.8882476260066607
0.4511779788059387 0.8882476260066607
0.45521838284634275 0.8882476260066607
0.45925878688674676 0.8882476260066607
0.4228951505231104 0.8922880300470648
0.4269355545635144 0.8922880300470648
0.43097595860391846 0.8922880300470648
0.43501636264432253 0.8922880300470648
0.43905676668472654 0.8922880300470648
0.44309717072513055 0.8922880300470648
0.4471375747655346 0.8922880300470648
0.4511779788059387 0.8922880300470648
0.41077393840189824 0.8963284340874689
0.4148143424423023 0.8963284340874689
0.4188547464827064 0.8963284340874689
0.4228951505231104 0.8963284340874689
0.4269355545635144 0.8963284340874689
0.43097595860391846 0.8963284340874689
0.43501636264432253 0.8963284340874689
0.43905676668472654 0.8963284340874689
0.44309717072513055 0.8963284340874689
0.4026931303210902 0.9003688381278729
0.40673353436149423 0.9003688381278729
0.41077393840189824 0.9003688381278729
0.4148143424423023 0.9003688381278729
0.4188547464827064 0.9003688381278729
0.4228951505231104 0.9003688381278729
0.4269355545635144 0.9003688381278729
0.43097595860391846 0.9003688381278729
0.43501636264432253 0.9003688381278729
0.3946123222402821 0.904409242168277
0.39865272628068615 0.904409242168277
0.4026931303210902 0.904409242168277
0.40673353436149423 0.904409242168277
0.41077393840189824 0.904409242168277
0.4148143424423023 0.904409242168277
0.4188547464827064 0.904409242168277
0.4228951505231104 0.904409242168277
0.4269355545635144 0.904409242168277
0.386531514159474 0.9084496462086811
0.3905719181998781 0.9084496462086811
0.3946123222402821 0.9084496462086811
0.39865272628068615 0.9084496462086811
0.4026931303210902 0.9084496462086811
0.40673353436149423 0.9084496462086811
0.41077393840189824 0.9084496462086811
0.4148143424423023 0.9084496462086811
0.37845070607866593 0.912490050249085
0.38249111011907 0.912490050249085
0.386531514159474 0.912490050249085
0.3905719181998781 0.912490050249085
0.3946123222402821 0.912490050249085
0.39865272628068615 0.912490050249085
0.4026931303210902 0.912490050249085
0.40673353436149423 0.912490050249085
0.36632949395745384 0.9165304542894891
0.37036989799785786 0.9165304542894891
0.3744103020382619 0.9165304542894891
0.37845070607866593 0.9165304542894891
0.38249111011907 0.9165304542894891
0.386531514159474 0.9165304542894891
0.3905719181998781 0.9165304542894891
0.3946123222402821 0.9165304542894891
0.39865272628068615 0.9165304542894891
0.3582486858766457 0.920570858329893
0.3622890899170498 0.920570858329893
0.36632949395745384 0.920570858329893
0.37036989799785786 0.920570858329893
0.3744103020382619 0.920570858329893
0.37845070607866593 0.920570858329893
0.38249111011907 0.920570858329893
0.386531514159474 0.920570858329893
0.3461274737554336 0.9246112623702971
0.3501678777958377 0.9246112623702971
0.3542082818362417 0.9246112623702971
0.3582486858766457 0.9246112623702971
0.3622890899170498 0.9246112623702971
0.36632949395745384 0.9246112623702971
0.37036989799785786 0.9246112623702971
0.3744103020382619 0.9246112623702971
0.37845070607866593 0.9246112623702971
0.33804666567462555 0.9286516664107012
0.34208706971502956 0.9286516664107012
0.3461274737554336 0.9286516664107012
0.3501678777958377 0.9286516664107012
0.3542082818362417 0.9286516664107012
0.3582486858766457 0.9286516664107012
0.3622890899170498 0.9286516664107012
0.36632949395745384 0.9286516664107012
0.3259254535534134 0.9326920704511052
0.32996585759381747 0.9326920704511052
0.33400626163422154 0.9326920704511052
0.33804666567462555 0.9326920704511052
0.34208706971502956 0.9326920704511052
0.3461274737554336 0.9326920704511052
0.3501678777958377 0.9326920704511052
0.3542082818362417 0.9326920704511052
0.3582486858766457 0.9326920704511052
0.3138042414322013 0.9367324744915093
0.3178446454726053 0.9367324744915093
0.3218850495130094 0.9367324744915093
0.3259254535534134 0.9367324744915093
0.32996585759381747 0.9367324744915093
0.33400626163422154 0.9367324744915093
0.33804666567462555 0.9367324744915093
0.34208706971502956 0.9367324744915093
0.3461274737554336 0.9367324744915093
0.30168302931098917 0.9407728785319134
0.3057234333513932 0.9407728785319134
0.30976383739179725 0.9407728785319134
0.3138042414322013 0.9407728785319134
0.3178446454726053 0.9407728785319134
0.3218850495130094 0.9407728785319134
0.3259254535534134 0.9407728785319134
0.32996585759381747 0.9407728785319134
0.33400626163422154 0.9407728785319134
0.2936022212301811 0.9448132825723174
0.29764262527058516 0.9448132825723174
0.30168302931098917 0.9448132825723174
0.3057234333513932 0.9448132825723174
0.30976383739179725 0.9448132825723174
0.3138042414322013 0.9448132825723174
0.3178446454726053 0.9448132825723174
0.3218850495130094 0.9448132825723174
0.285521413149373 0.9488536866127214
0.289561817189777 0.9488536866127214
0.2936022212301811 0.9488536866127214
0.29764262527058516 0.9488536866127214
0.30168302931098917 0.9488536866127214
0.3057234333513932 0.9488536866127214
0.30976383739179725 0.9488536866127214
0.285521413149373 0.9528940906531255
0.289561817189777 0.9528940906531255
0.2936022212301811 0.9528940906531255
