# x y
0.6999922473501143 0.7145102522692871
0.6959518433097103 0.7185506563096911
0.6919114392693062 0.7225910603500951
0.6878710352289021 0.7266314643904992
0.6838306311884981 0.7306718684309033
0.679790227148094 0.7347122724713073
0.6757498231076899 0.7387526765117113
0.663628610986478 0.7468334845925194
0.6595882069460739 0.7508738886329235
0.6555478029056698 0.7549142926733274
0.6515073988652658 0.7589546967137315
0.6474669948248617 0.7629951007541356
0.6434265907844576 0.7670355047945396
0.6353457827036496 0.7710759088349436
0.6313053786632457 0.7751163128753477
0.6272649746228416 0.7791567169157517
0.6232245705824375 0.7831971209561558
0.6151437625016294 0.7872375249965597
0.6111033584612253 0.7912779290369638
0.6070629544208213 0.7953183330773679
0.5989821463400132 0.799358737117772
0.6030225503804173 0.799358737117772
0.5949417422996093 0.803399141158176
0.5909013382592052 0.80743954519858
0.5828205301783971 0.811479949238984
0.5868609342188011 0.811479949238984
0.578780126137993 0.8155203532793881
0.574739722097589 0.819560757319792
0.5666589140167809 0.8236011613601961
0.562618509976377 0.8276415654006002
0.5545377018955688 0.8316819694410043
0.5504972978551648 0.8357223734814083
0.5424164897743566 0.8397627775218124
0.5383760857339527 0.8438031815622163
0.5302952776531445 0.8478435856026204
0.5222144695723365 0.8518839896430245
0.5262548736127406 0.8518839896430245
0.5181740655319325 0.8559243936834284
0.5100932574511243 0.8599647977238325
0.5020124493703163 0.8640052017642366
0.5060528534107203 0.8640052017642366
0.49797204532991224 0.8680456058046406
0.48989123724910416 0.8720860098450447
0.4818104291682961 0.8761264138854487
0.473729621087488 0.8801668179258527
0.477770025127892 0.8801668179258527
0.46564881300667993 0.8842072219662568
0.469689217047084 0.8842072219662568
0.4575680049258718 0.8882476260066607
0.46160840896627586 0.8882476260066607
0.4494871968450638 0.8922880300470648
0.4535276008854678 0.8922880300470648
0.44140638876425564 0.8963284340874689
0.4454467928046597 0.8963284340874689
0.4333255806834476 0.9003688381278729
0.43736598472385163 0.9003688381278729
0.4252447726026395 0.904409242168277
0.42928517664304355 0.904409242168277
0.41716396452183147 0.9084496462086811
0.4212043685622355 0.9084496462086811
0.40908315644102333 0.912490050249085
0.40100234836021525 0.9165304542894891
0.38888113623900317 0.920570858329893
0.3929215402794072 0.920570858329893
0.3808003281581951 0.9246112623702971
0.3848407321985991 0.9246112623702971
0.36867911603698295 0.9286516664107012
0.37271952007738696 0.9286516664107012
0.36059830795617487 0.9326920704511052
0.36463871199657893 0.9326920704511052
0.3484770958349628 0.9367324744915093
0.3525174998753668 0.9367324744915093
0.33635588371375064 0.9407728785319134
0.34039628775415465 0.9407728785319134
0.3242346715925385 0.9448132825723174
0.32827507563294256 0.9448132825723174
0.3121134594713264 0.9488536866127214
0.3161538635117304 0.9488536866127214
0.3201942675521344 0.9488536866127214
0.29999224735011426 0.9528940906531255
0.30403265139051827 0.9528940906531255
0.30807305543092234 0.9528940906531255
