# x y
0.6999679458362733 0.7145102522692871
0.6959275417958692 0.7185506563096911
0.6918871377554653 0.7225910603500951
0.6838063296746572 0.7266314643904992
0.6878467337150612 0.7266314643904992
0.6797659256342532 0.7306718684309033
0.6838063296746572 0.7306718684309033
0.6757255215938491 0.7347122724713073
0.6797659256342532 0.7347122724713073
0.6716851175534451 0.7387526765117113
0.6757255215938491 0.7387526765117113
0.667644713513041 0.7427930805521153
0.6716851175534451 0.7427930805521153
0.6636043094726369 0.7468334845925194
0.667644713513041 0.7468334845925194
0.6595639054322329 0.7508738886329235
0.6636043094726369 0.7508738886329235
0.6555235013918289 0.7549142926733274
0.6514830973514248 0.7589546967137315
0.6434022892706168 0.7629951007541356
0.6474426933110209 0.7629951007541356
0.6393618852302128 0.7670355047945396
0.6434022892706168 0.7670355047945396
0.6353214811898087 0.7710759088349436
0.6393618852302128 0.7710759088349436
0.6312810771494046 0.7751163128753477
0.6353214811898087 0.7751163128753477
0.6232002690685965 0.7791567169157517
0.6272406731090006 0.7791567169157517
0.6191598650281925 0.7831971209561558
0.6232002690685965 0.7831971209561558
0.6151194609877885 0.7872375249965597
0.6191598650281925 0.7872375249965597
0.6110790569473845 0.7912779290369638
0.6151194609877885 0.7912779290369638
0.6029982488665764 0.7953183330773679
0.6070386529069804 0.7953183330773679
0.5989578448261723 0.799358737117772
0.6029982488665764 0.799358737117772
0.5949174407857682 0.803399141158176
0.5989578448261723 0.803399141158176
0.5868366327049602 0.80743954519858
0.5908770367453642 0.80743954519858
0.5827962286645562 0.811479949238984
0.5868366327049602 0.811479949238984
0.5747154205837481 0.8155203532793881
0.5787558246241522 0.8155203532793881
0.5706750165433441 0.819560757319792
0.5747154205837481 0.819560757319792
0.56663461250294 0.8236011613601961
0.5706750165433441 0.8236011613601961
0.5585538044221319 0.8276415654006002
0.5625942084625359 0.8276415654006002
0.5545134003817278 0.8316819694410043
0.5585538044221319 0.8316819694410043
0.5464325923009198 0.8357223734814083
0.5504729963413239 0.8357223734814083
0.5423921882605158 0.8397627775218124
0.5464325923009198 0.8397627775218124
0.5343113801797077 0.8438031815622163
0.5383517842201118 0.8438031815622163
0.5262305720988996 0.8478435856026204
0.5302709761393036 0.8478435856026204
0.5343113801797077 0.8478435856026204
0.5221901680584955 0.8518839896430245
0.5262305720988996 0.8518839896430245
0.5141093599776875 0.8559243936834284
0.5181497640180915 0.8559243936834284
0.5060285518968795 0.8599647977238325
0.5100689559372834 0.8599647977238325
0.5141093599776875 0.8599647977238325
0.5019881478564754 0.8640052017642366
0.5060285518968795 0.8640052017642366
0.49390733977566725 0.8680456058046406
0.4979477438160713 0.8680456058046406
0.48582653169485923 0.8720860098450447
0.48986693573526324 0.8720860098450447
0.49390733977566725 0.8720860098450447
0.4777457236140511 0.8761264138854487
0.48178612765445517 0.8761264138854487
0.48582653169485923 0.8761264138854487
0.4737053195736471 0.8801668179258527
0.4777457236140511 0.8801668179258527
0.465624511492839 0.8842072219662568
0.4696649155332431 0.8842072219662568
0.4575437034120309 0.8882476260066607
0.46158410745243494 0.8882476260066607
0.44946289533122286 0.8922880300470648
0.45350329937162687 0.8922880300470648
0.4413820872504147 0.8963284340874689
0.4454224912908188 0.8963284340874689
0.4333012791696067 0.9003688381278729
0.4373416832100107 0.9003688381278729
0.42522047108879857 0.904409242168277
0.42926087512920263 0.904409242168277
0.4130992589675865 0.9084496462086811
0.41713966300799055 0.9084496462086811
0.42118006704839456 0.9084496462086811
0.4050184508867784 0.912490050249085
0.4090588549271824 0.912490050249085
0.4130992589675865 0.912490050249085
0.3969376428059703 0.9165304542894891
0.40097804684637434 0.9165304542894891
0.4050184508867784 0.9165304542894891
0.3848164306847582 0.920570858329893
0.38885683472516225 0.920570858329893
0.39289723876556626 0.920570858329893
0.3767356226039501 0.9246112623702971
0.38077602664435417 0.9246112623702971
0.3848164306847582 0.9246112623702971
0.368654814523142 0.9286516664107012
0.37269521856354604 0.9286516664107012
0.3767356226039501 0.9286516664107012
0.3565336024019299 0.9326920704511052
0.36057400644233395 0.9326920704511052
0.364614410482738 0.9326920704511052
0.3444123902807178 0.9367324744915093
0.34845279432112186 0.9367324744915093
0.3524931983615259 0.9367324744915093
0.33229117815950565 0.9407728785319134
0.3363315821999097 0.9407728785319134
0.34037198624031373 0.9407728785319134
0.3444123902807178 0.9407728785319134
0.3242103700786976 0.9448132825723174
0.32825077411910164 0.9448132825723174
0.33229117815950565 0.9448132825723174
0.3120891579574855 0.9488536866127214
0.3161295619978895 0.9488536866127214
0.3201699660382935 0.9488536866127214
0.29996794583627334 0.9528940906531255
0.30400834987667735 0.9528940906531255
0.3080487539170814 0.9528940906531255
