# x y
0.6999686704025201 0.7145102522692871
0.695928266362116 0.7185506563096911
0.691887862321712 0.7225910603500951
0.6838070542409038 0.7266314643904992
0.6878474582813079 0.7266314643904992
0.6797666502004999 0.7306718684309033
0.6838070542409038 0.7306718684309033
0.6757262461600958 0.7347122724713073
0.6797666502004999 0.7347122724713073
0.6716858421196918 0.7387526765117113
0.6757262461600958 0.7387526765117113
0.6676454380792878 0.7427930805521153
0.6716858421196918 0.7427930805521153
0.6636050340388837 0.7468334845925194
0.6676454380792878 0.7468334845925194
0.6595646299984796 0.7508738886329235
0.6636050340388837 0.7508738886329235
0.6555242259580756 0.7549142926733274
0.6514838219176715 0.7589546967137315
0.6434030138368635 0.7629951007541356
0.6474434178772676 0.7629951007541356
0.6393626097964595 0.7670355047945396
0.6434030138368635 0.7670355047945396
0.6353222057560555 0.7710759088349436
0.6393626097964595 0.7710759088349436
0.6312818017156514 0.7751163128753477
0.6353222057560555 0.7751163128753477
0.6232009936348433 0.7791567169157517
0.6272413976752473 0.7791567169157517
0.6191605895944392 0.7831971209561558
0.6232009936348433 0.7831971209561558
0.6151201855540351 0.7872375249965597
0.6191605895944392 0.7872375249965597
0.6110797815136312 0.7912779290369638
0.6029989734328232 0.7953183330773679
0.6070393774732271 0.7953183330773679
0.5989585693924191 0.799358737117772
0.6029989734328232 0.799358737117772
0.594918165352015 0.803399141158176
0.5989585693924191 0.803399141158176
0.5868373572712069 0.80743954519858
0.590877761311611 0.80743954519858
0.5827969532308028 0.811479949238984
0.5868373572712069 0.811479949238984
0.5787565491903989 0.8155203532793881
0.5706757411095909 0.819560757319792
0.5747161451499948 0.819560757319792
0.5666353370691868 0.8236011613601961
0.5706757411095909 0.8236011613601961
0.5585545289883787 0.8276415654006002
0.5625949330287827 0.8276415654006002
0.5545141249479746 0.8316819694410043
0.5585545289883787 0.8316819694410043
0.5464333168671666 0.8357223734814083
0.5504737209075705 0.8357223734814083
0.5423929128267625 0.8397627775218124
0.5464333168671666 0.8397627775218124
0.5343121047459545 0.8438031815622163
0.5383525087863584 0.8438031815622163
0.5262312966651463 0.8478435856026204
0.5302717007055504 0.8478435856026204
0.5343121047459545 0.8478435856026204
0.5221908926247423 0.8518839896430245
0.5262312966651463 0.8518839896430245
0.5141100845439341 0.8559243936834284
0.5181504885843382 0.8559243936834284
0.5060292764631261 0.8599647977238325
0.5100696805035302 0.8599647977238325
0.5141100845439341 0.8599647977238325
0.501988872422722 0.8640052017642366
0.5060292764631261 0.8640052017642366
0.49390806434191403 0.8680456058046406
0.49794846838231804 0.8680456058046406
0.4858272562611059 0.8720860098450447
0.48986766030150997 0.8720860098450447
0.49390806434191403 0.8720860098450447
0.4777464481802979 0.8761264138854487
0.4817868522207019 0.8761264138854487
0.4858272562611059 0.8761264138854487
0.4737060441398938 0.8801668179258527
0.4777464481802979 0.8801668179258527
0.46562523605908573 0.8842072219662568
0.46966564009948975 0.8842072219662568
0.45754442797827766 0.8882476260066607
0.46158483201868167 0.8882476260066607
0.4494636198974695 0.8922880300470648
0.4535040239378736 0.8922880300470648
0.4413828118166615 0.8963284340874689
0.4454232158570655 0.8963284340874689
0.43330200373585337 0.9003688381278729
0.43734240777625744 0.9003688381278729
0.42522119565504535 0.904409242168277
0.42926159969544936 0.904409242168277
0.4130999835338332 0.9084496462086811
0.4171403875742372 0.9084496462086811
0.4211807916146413 0.9084496462086811
0.4050191754530251 0.912490050249085
0.40905957949342914 0.912490050249085
0.4130999835338332 0.912490050249085
0.39693836737221705 0.9165304542894891
0.40097877141262106 0.9165304542894891
0.4050191754530251 0.9165304542894891
0.3848171552510049 0.920570858329893
0.38885755929140897 0.920570858329893
0.392897963331813 0.920570858329893
0.37673634717019683 0.9246112623702971
0.38077675121060084 0.9246112623702971
0.3848171552510049 0.9246112623702971
0.36865553908938875 0.9286516664107012
0.3726959431297928 0.9286516664107012
0.37673634717019683 0.9286516664107012
0.35653432696817666 0.9326920704511052
0.3605747310085807 0.9326920704511052
0.3646151350489847 0.9326920704511052
0.3444131148469645 0.9367324744915093
0.34845351888736853 0.9367324744915093
0.3524939229277726 0.9367324744915093
0.3322919027257524 0.9407728785319134
0.33633230676615644 0.9407728785319134
0.34037271080656045 0.9407728785319134
0.3444131148469645 0.9407728785319134
0.3242110946449443 0.9448132825723174
0.32825149868534836 0.9448132825723174
0.3322919027257524 0.9448132825723174
0.31208988252373215 0.9488536866127214
0.3161302865641362 0.9488536866127214
0.3201706906045403 0.9488536866127214
0.29996867040252007 0.9528940906531255
0.30400907444292413 0.9528940906531255
0.30804947848332814 0.9528940906531255
