# x y
0.6110477549910815 0.803399141158176
0.5948861388294653 0.8155203532793881
0.566603310546637 0.8357223734814083
0.5221588661021925 0.8640052017642366
0.5261992701425966 0.8640052017642366
0.5019568459001724 0.8761264138854487
0.5302396741830007 0.8761264138854487
0.46559320953653605 0.8963284340874689
0.4251891691324956 0.9165304542894891
0.4171083610516876 0.9246112623702971
0.3807447246880512 0.9407728785319134
0.360542704486031 0.9488536866127214
0.33630028024360675 0.9569344946935294
0.3282194721627987 0.9609748987339335
