# x y
0.6999917217089817 0.7145102522692871
0.6959513176685777 0.7185506563096911
0.6919109136281736 0.7225910603500951
0.6878705095877695 0.7266314643904992
0.6838301055473655 0.7306718684309033
0.6797897015069615 0.7347122724713073
0.6757492974665574 0.7387526765117113
0.6636280853453453 0.7468334845925194
0.6595876813049413 0.7508738886329235
0.6555472772645372 0.7549142926733274
0.6515068732241331 0.7589546967137315
0.6474664691837292 0.7629951007541356
0.6434260651433251 0.7670355047945396
0.6353452570625171 0.7710759088349436
0.631304853022113 0.7751163128753477
0.627264448981709 0.7791567169157517
0.6232240449413049 0.7831971209561558
0.6151432368604968 0.7872375249965597
0.6111028328200928 0.7912779290369638
0.6070624287796887 0.7953183330773679
0.5989816206988807 0.799358737117772
0.6030220247392848 0.799358737117772
0.5949412166584767 0.803399141158176
0.5909008126180726 0.80743954519858
0.5828200045372645 0.811479949238984
0.5868604085776685 0.811479949238984
0.5787796004968605 0.8155203532793881
0.5747391964564564 0.819560757319792
0.5666583883756484 0.8236011613601961
0.5626179843352443 0.8276415654006002
0.5545371762544362 0.8316819694410043
0.5504967722140321 0.8357223734814083
0.5424159641332241 0.8397627775218124
0.5383755600928201 0.8438031815622163
0.530294752012012 0.8478435856026204
0.5222139439312039 0.8518839896430245
0.526254347971608 0.8518839896430245
0.5181735398907998 0.8559243936834284
0.5100927318099918 0.8599647977238325
0.5020119237291837 0.8640052017642366
0.5060523277695878 0.8640052017642366
0.4979715196887797 0.8680456058046406
0.4898907116079716 0.8720860098450447
0.4818099035271635 0.8761264138854487
0.47372909544635544 0.8801668179258527
0.4777694994867595 0.8801668179258527
0.46564828736554736 0.8842072219662568
0.4696886914059514 0.8842072219662568
0.4575674792847393 0.8882476260066607
0.4616078833251433 0.8882476260066607
0.44948667120393115 0.8922880300470648
0.4535270752443352 0.8922880300470648
0.44140586312312313 0.8963284340874689
0.44544626716352714 0.8963284340874689
0.433325055042315 0.9003688381278729
0.43736545908271907 0.9003688381278729
0.425244246961507 0.904409242168277
0.429284651001911 0.904409242168277
0.41716343888069884 0.9084496462086811
0.4212038429211029 0.9084496462086811
0.40908263079989077 0.912490050249085
0.3969614186786787 0.9165304542894891
0.4010018227190827 0.9165304542894891
0.3888806105978706 0.920570858329893
0.3929210146382746 0.920570858329893
0.38079980251706247 0.9246112623702971
0.38484020655746654 0.9246112623702971
0.3686785903958504 0.9286516664107012
0.37271899443625445 0.9286516664107012
0.3605977823150423 0.9326920704511052
0.3646381863554463 0.9326920704511052
0.34847657019383016 0.9367324744915093
0.3525169742342342 0.9367324744915093
0.33635535807261807 0.9407728785319134
0.3403957621130221 0.9407728785319134
0.3242341459514059 0.9448132825723174
0.32827454999181 0.9448132825723174
0.332314954032214 0.9448132825723174
0.3121129338301938 0.9488536866127214
0.31615333787059785 0.9488536866127214
0.3201937419110019 0.9488536866127214
0.2999917217089817 0.9528940906531255
0.30403212574938576 0.9528940906531255
0.3080725297897898 0.9528940906531255
