# x y
0.6999900452404236 0.7145102522692871
0.6959496412000196 0.7185506563096911
0.6919092371596156 0.7225910603500951
0.6878688331192115 0.7266314643904992
0.6838284290788075 0.7306718684309033
0.6797880250384034 0.7347122724713073
0.6757476209979993 0.7387526765117113
0.6676668129171912 0.7427930805521153
0.6717072169575953 0.7427930805521153
0.6636264088767873 0.7468334845925194
0.6595860048363832 0.7508738886329235
0.6555456007959792 0.7549142926733274
0.6515051967555752 0.7589546967137315
0.6474647927151711 0.7629951007541356
0.643424388674767 0.7670355047945396
0.6353435805939589 0.7710759088349436
0.631303176553555 0.7751163128753477
0.6272627725131509 0.7791567169157517
0.6232223684727468 0.7831971209561558
0.6151415603919388 0.7872375249965597
0.6111011563515347 0.7912779290369638
0.6070607523111307 0.7953183330773679
0.5989799442303225 0.799358737117772
0.6030203482707266 0.799358737117772
0.5949395401899186 0.803399141158176
0.5908991361495145 0.80743954519858
0.5828183280687065 0.811479949238984
0.5868587321091105 0.811479949238984
0.5787779240283024 0.8155203532793881
0.5706971159474943 0.819560757319792
0.5747375199878983 0.819560757319792
0.5666567119070902 0.8236011613601961
0.5626163078666863 0.8276415654006002
0.5545354997858781 0.8316819694410043
0.5504950957454742 0.8357223734814083
0.542414287664666 0.8397627775218124
0.5343334795838579 0.8438031815622163
0.538373883624262 0.8438031815622163
0.530293075543454 0.8478435856026204
0.5222122674626458 0.8518839896430245
0.5262526715030499 0.8518839896430245
0.5181718634222418 0.8559243936834284
0.5100910553414337 0.8599647977238325
0.5020102472606256 0.8640052017642366
0.5060506513010297 0.8640052017642366
0.4939294391798176 0.8680456058046406
0.4979698432202216 0.8680456058046406
0.4898890351394135 0.8720860098450447
0.48180822705860543 0.8761264138854487
0.47372741897779735 0.8801668179258527
0.4777678230182014 0.8801668179258527
0.4656466108969893 0.8842072219662568
0.4696870149373933 0.8842072219662568
0.4575658028161812 0.8882476260066607
0.4616062068565852 0.8882476260066607
0.44948499473537307 0.8922880300470648
0.45352539877577713 0.8922880300470648
0.44140418665456504 0.8963284340874689
0.44544459069496906 0.8963284340874689
0.4333233785737569 0.9003688381278729
0.437363782614161 0.9003688381278729
0.4252425704929489 0.904409242168277
0.4292829745333529 0.904409242168277
0.41716176241214076 0.9084496462086811
0.4212021664525448 0.9084496462086811
0.4090809543313327 0.912490050249085
0.3969597422101206 0.9165304542894891
0.4010001462505246 0.9165304542894891
0.3888789341293125 0.920570858329893
0.3929193381697165 0.920570858329893
0.3807981260485044 0.9246112623702971
0.38483853008890845 0.9246112623702971
0.3686769139272923 0.9286516664107012
0.37271731796769636 0.9286516664107012
0.3605961058464842 0.9326920704511052
0.3646365098868882 0.9326920704511052
0.3484748937252721 0.9367324744915093
0.35251529776567614 0.9367324744915093
0.33635368160406 0.9407728785319134
0.340394085644464 0.9407728785319134
0.32423246948284784 0.9448132825723174
0.3282728735232519 0.9448132825723174
0.3323132775636559 0.9448132825723174
0.3121112573616357 0.9488536866127214
0.31615166140203976 0.9488536866127214
0.32019206544244383 0.9488536866127214
0.2999900452404236 0.9528940906531255
0.3040304492808277 0.9528940906531255
0.3080708533212317 0.9528940906531255
