# x y
0.6555456007959792 0.7629951007541356
0.6636264088767873 0.7751163128753477
0.6353435805939589 0.7791567169157517
0.6595860048363832 0.7791567169157517
0.6111011563515347 0.799358737117772
0.6191819644323429 0.799358737117772
0.5989799442303225 0.80743954519858
0.5989799442303225 0.8155203532793881
0.5828183280687065 0.819560757319792
0.5343334795838579 0.8518839896430245
0.5100910553414337 0.8680456058046406
0.4939294391798176 0.8761264138854487
0.47372741897779735 0.8882476260066607
0.44140418665456504 0.912490050249085
0.4252425704929489 0.920570858329893
0.3969597422101206 0.9246112623702971
0.37675772200810037 0.9326920704511052
0.32423246948284784 0.9528940906531255
0.31615166140203976 0.9569344946935294
0.2999900452404236 0.9609748987339335
0.31615166140203976 0.9650153027743376
0.3040304492808277 0.9690557068147416
