# x y
0.6999839294260675 0.7145102522692871
0.6959435253856634 0.7185506563096911
0.6919031213452593 0.7225910603500951
0.6878627173048553 0.7266314643904992
0.6838223132644512 0.7306718684309033
0.6797819092240472 0.7347122724713073
0.6717011011432392 0.7387526765117113
0.6757415051836432 0.7387526765117113
0.6676606971028352 0.7427930805521153
0.6717011011432392 0.7427930805521153
0.6636202930624311 0.7468334845925194
0.659579889022027 0.7508738886329235
0.655539484981623 0.7549142926733274
0.6514990809412189 0.7589546967137315
0.6474586769008149 0.7629951007541356
0.6393778688200069 0.7670355047945396
0.6434182728604109 0.7670355047945396
0.6353374647796028 0.7710759088349436
0.6393778688200069 0.7710759088349436
0.6312970607391988 0.7751163128753477
0.6272566566987947 0.7791567169157517
0.6191758486179866 0.7831971209561558
0.6232162526583906 0.7831971209561558
0.6151354445775825 0.7872375249965597
0.6191758486179866 0.7872375249965597
0.6110950405371786 0.7912779290369638
0.6070546364967745 0.7953183330773679
0.5989738284159665 0.799358737117772
0.6030142324563705 0.799358737117772
0.5949334243755624 0.803399141158176
0.5908930203351583 0.80743954519858
0.5828122122543502 0.811479949238984
0.5868526162947543 0.811479949238984
0.5787718082139462 0.8155203532793881
0.5706910001331382 0.819560757319792
0.5747314041735422 0.819560757319792
0.5666505960927342 0.8236011613601961
0.558569788011926 0.8276415654006002
0.5626101920523301 0.8276415654006002
0.554529383971522 0.8316819694410043
0.5464485758907139 0.8357223734814083
0.5504889799311179 0.8357223734814083
0.5424081718503099 0.8397627775218124
0.5343273637695019 0.8438031815622163
0.5383677678099058 0.8438031815622163
0.5302869597290978 0.8478435856026204
0.5222061516482897 0.8518839896430245
0.5262465556886937 0.8518839896430245
0.5141253435674815 0.8559243936834284
0.5181657476078856 0.8559243936834284
0.5100849395270776 0.8599647977238325
0.5020041314462694 0.8640052017642366
0.5060445354866735 0.8640052017642366
0.4939233233654614 0.8680456058046406
0.4979637274058654 0.8680456058046406
0.48988291932505734 0.8720860098450447
0.48180211124424926 0.8761264138854487
0.4737213031634412 0.8801668179258527
0.47776170720384525 0.8801668179258527
0.4656404950826331 0.8842072219662568
0.4696808991230371 0.8842072219662568
0.45755968700182503 0.8882476260066607
0.46160009104222904 0.8882476260066607
0.4494788789210169 0.8922880300470648
0.45351928296142097 0.8922880300470648
0.4413980708402089 0.8963284340874689
0.4454384748806129 0.8963284340874689
0.43331726275940075 0.9003688381278729
0.4373576667998048 0.9003688381278729
0.4252364546785927 0.904409242168277
0.42927685871899673 0.904409242168277
0.4171556465977846 0.9084496462086811
0.42119605063818866 0.9084496462086811
0.4090748385169765 0.912490050249085
0.4131152425573806 0.912490050249085
0.3969536263957644 0.9165304542894891
0.40099403043616844 0.9165304542894891
0.38887281831495635 0.920570858329893
0.39291322235536036 0.920570858329893
0.3767516061937442 0.9246112623702971
0.3807920102341482 0.9246112623702971
0.3848324142745523 0.9246112623702971
0.3686707981129361 0.9286516664107012
0.3727112021533402 0.9286516664107012
0.35654958599172404 0.9326920704511052
0.36058999003212805 0.9326920704511052
0.36463039407253206 0.9326920704511052
0.3484687779109159 0.9367324744915093
0.35250918195131997 0.9367324744915093
0.3363475657897038 0.9407728785319134
0.34038796983010783 0.9407728785319134
0.3242263536684917 0.9448132825723174
0.32826675770889574 0.9448132825723174
0.33230716174929975 0.9448132825723174
0.31210514154727953 0.9488536866127214
0.3161455455876836 0.9488536866127214
0.32018594962808766 0.9488536866127214
0.29998392942606744 0.9528940906531255
0.3040243334664715 0.9528940906531255
0.3080647375068755 0.9528940906531255
