# x y
0.6959435253856634 0.7266314643904992
0.6919031213452593 0.7306718684309033
0.6878627173048553 0.7347122724713073
0.6393778688200069 0.7791567169157517
0.5989738284159665 0.8155203532793881
0.5949334243755624 0.8316819694410043
0.558569788011926 0.8397627775218124
0.5464485758907139 0.8478435856026204
0.5302869597290978 0.8559243936834284
0.5020041314462694 0.8720860098450447
0.5302869597290978 0.8761264138854487
0.4656404950826331 0.8922880300470648
0.4171556465977846 0.9165304542894891
0.3969536263957644 0.9286516664107012
0.3363475657897038 0.9488536866127214
0.3161455455876836 0.9650153027743376
0.3040243334664715 0.9690557068147416
