# x y
0.6999932831403815 0.7145102522692871
0.6959528790999774 0.7185506563096911
0.6919124750595733 0.7225910603500951
0.6878720710191693 0.7266314643904992
0.6838316669787652 0.7306718684309033
0.6797912629383611 0.7347122724713073
0.675750858897957 0.7387526765117113
0.6636296467767451 0.7468334845925194
0.659589242736341 0.7508738886329235
0.6555488386959369 0.7549142926733274
0.6515084346555329 0.7589546967137315
0.6474680306151288 0.7629951007541356
0.6434276265747247 0.7670355047945396
0.6353468184939167 0.7710759088349436
0.6313064144535128 0.7751163128753477
0.6272660104131087 0.7791567169157517
0.6232256063727046 0.7831971209561558
0.6151447982918965 0.7872375249965597
0.6111043942514924 0.7912779290369638
0.6070639902110884 0.7953183330773679
0.5989831821302803 0.799358737117772
0.6030235861706844 0.799358737117772
0.5949427780898764 0.803399141158176
0.5909023740494723 0.80743954519858
0.5828215659686642 0.811479949238984
0.5868619700090683 0.811479949238984
0.5787811619282601 0.8155203532793881
0.5747407578878561 0.819560757319792
0.566659949807048 0.8236011613601961
0.5626195457666441 0.8276415654006002
0.554538737685836 0.8316819694410043
0.5504983336454319 0.8357223734814083
0.5424175255646237 0.8397627775218124
0.5383771215242198 0.8438031815622163
0.5302963134434117 0.8478435856026204
0.5222155053626036 0.8518839896430245
0.5262559094030077 0.8518839896430245
0.5181751013221996 0.8559243936834284
0.5100942932413914 0.8599647977238325
0.5020134851605834 0.8640052017642366
0.5060538892009874 0.8640052017642366
0.49797308112017935 0.8680456058046406
0.4898922730393713 0.8720860098450447
0.4818114649585632 0.8761264138854487
0.4737306568777551 0.8801668179258527
0.47777106091815913 0.8801668179258527
0.46564984879694704 0.8842072219662568
0.4696902528373511 0.8842072219662568
0.4575690407161389 0.8882476260066607
0.461609444756543 0.8882476260066607
0.4494882326353309 0.8922880300470648
0.4535286366757349 0.8922880300470648
0.44140742455452275 0.8963284340874689
0.4454478285949268 0.8963284340874689
0.43332661647371473 0.9003688381278729
0.43736702051411874 0.9003688381278729
0.4252458083929066 0.904409242168277
0.42928621243331067 0.904409242168277
0.4171650003120986 0.9084496462086811
0.4212054043525026 0.9084496462086811
0.40908419223129044 0.912490050249085
0.40100338415048237 0.9165304542894891
0.3888821720292703 0.920570858329893
0.3929225760696743 0.920570858329893
0.3808013639484622 0.9246112623702971
0.3848417679888662 0.9246112623702971
0.36868015182725006 0.9286516664107012
0.37272055586765407 0.9286516664107012
0.360599343746442 0.9326920704511052
0.36463974778684605 0.9326920704511052
0.3484781316252299 0.9367324744915093
0.3525185356656339 0.9367324744915093
0.33635691950401775 0.9407728785319134
0.34039732354442176 0.9407728785319134
0.3242357073828056 0.9448132825723174
0.32827611142320967 0.9448132825723174
0.3161548993019975 0.9488536866127214
0.32019530334240154 0.9488536866127214
0.2999932831403814 0.9528940906531255
0.3040336871807854 0.9528940906531255
0.30807409122118945 0.9528940906531255
