# x y
0.699980343641188 0.7145102522692871
0.6959399396007839 0.7185506563096911
0.6918995355603799 0.7225910603500951
0.6878591315199758 0.7266314643904992
0.6838187274795717 0.7306718684309033
0.6797783234391677 0.7347122724713073
0.6716975153583596 0.7387526765117113
0.6757379193987636 0.7387526765117113
0.6676571113179556 0.7427930805521153
0.6716975153583596 0.7427930805521153
0.6636167072775516 0.7468334845925194
0.6676571113179556 0.7468334845925194
0.6595763032371476 0.7508738886329235
0.6555358991967435 0.7549142926733274
0.6514954951563394 0.7589546967137315
0.6474550911159354 0.7629951007541356
0.6393742830351273 0.7670355047945396
0.6434146870755313 0.7670355047945396
0.6353338789947233 0.7710759088349436
0.6393742830351273 0.7710759088349436
0.6312934749543193 0.7751163128753477
0.6272530709139152 0.7791567169157517
0.6191722628331071 0.7831971209561558
0.6232126668735112 0.7831971209561558
0.615131858792703 0.7872375249965597
0.6191722628331071 0.7872375249965597
0.611091454752299 0.7912779290369638
0.6070510507118949 0.7953183330773679
0.5989702426310869 0.799358737117772
0.603010646671491 0.799358737117772
0.5949298385906829 0.803399141158176
0.5908894345502789 0.80743954519858
0.5828086264694707 0.811479949238984
0.5868490305098748 0.811479949238984
0.5787682224290667 0.8155203532793881
0.5706874143482586 0.819560757319792
0.5747278183886626 0.819560757319792
0.5666470103078546 0.8236011613601961
0.5585662022270466 0.8276415654006002
0.5626066062674506 0.8276415654006002
0.5545257981866425 0.8316819694410043
0.5585662022270466 0.8316819694410043
0.5464449901058344 0.8357223734814083
0.5504853941462384 0.8357223734814083
0.5424045860654303 0.8397627775218124
0.5343237779846223 0.8438031815622163
0.5383641820250263 0.8438031815622163
0.5302833739442182 0.8478435856026204
0.5222025658634102 0.8518839896430245
0.5262429699038143 0.8518839896430245
0.514121757782602 0.8559243936834284
0.5181621618230061 0.8559243936834284
0.510081353742198 0.8599647977238325
0.50200054566139 0.8640052017642366
0.5060409497017939 0.8640052017642366
0.49391973758058183 0.8680456058046406
0.4979601416209859 0.8680456058046406
0.4858389294997738 0.8720860098450447
0.4898793335401778 0.8720860098450447
0.48179852545936974 0.8761264138854487
0.4858389294997738 0.8761264138854487
0.47371771737856166 0.8801668179258527
0.4777581214189657 0.8801668179258527
0.4656369092977536 0.8842072219662568
0.46967731333815765 0.8842072219662568
0.45755610121694545 0.8882476260066607
0.4615965052573495 0.8882476260066607
0.44947529313613743 0.8922880300470648
0.45351569717654144 0.8922880300470648
0.4413944850553293 0.8963284340874689
0.44543488909573337 0.8963284340874689
0.4333136769745213 0.9003688381278729
0.4373540810149253 0.9003688381278729
0.42523286889371315 0.904409242168277
0.4292732729341172 0.904409242168277
0.4171520608129051 0.9084496462086811
0.42119246485330913 0.9084496462086811
0.405030848691693 0.912490050249085
0.409071252732097 0.912490050249085
0.41311165677250106 0.912490050249085
0.3969500406108849 0.9165304542894891
0.4009904446512889 0.9165304542894891
0.3888692325300768 0.920570858329893
0.39290963657048084 0.920570858329893
0.3767480204088647 0.9246112623702971
0.38078842444926875 0.9246112623702971
0.38482882848967276 0.9246112623702971
0.3686672123280566 0.9286516664107012
0.3727076163684606 0.9286516664107012
0.35654600020684446 0.9326920704511052
0.3605864042472485 0.9326920704511052
0.3646268082876526 0.9326920704511052
0.34846519212603644 0.9367324744915093
0.35250559616644045 0.9367324744915093
0.3363439800048243 0.9407728785319134
0.3403843840452283 0.9407728785319134
0.34442478808563237 0.9407728785319134
0.32422276788361215 0.9448132825723174
0.3282631719240162 0.9448132825723174
0.33230357596442023 0.9448132825723174
0.31210155576240006 0.9488536866127214
0.3161419598028041 0.9488536866127214
0.3201823638432081 0.9488536866127214
0.2999803436411879 0.9528940906531255
0.30402074768159193 0.9528940906531255
0.308061151721996 0.9528940906531255
