# x y
0.6999595831782349 0.7266314643904992
0.6959191791378309 0.7306718684309033
0.6918787750974269 0.7347122724713073
0.6353131185317702 0.7872375249965597
0.6393535225721743 0.7953183330773679
0.6151110983297501 0.803399141158176
0.5989494821681338 0.811479949238984
0.611070694289346 0.819560757319792
0.5949090781277299 0.8316819694410043
0.5019797851984369 0.8801668179258527
0.4534949367135884 0.9003688381278729
0.44541412863278035 0.904409242168277
0.41713130034995205 0.9246112623702971
0.3928888761075278 0.9286516664107012
0.3686464518651036 0.9407728785319134
0.34844443166308336 0.9488536866127214
0.3646060478246995 0.9609748987339335
0.3201616033802551 0.9771365148955498
