# x y
0.6595693806718264 0.7791567169157517
0.6312865523889981 0.803399141158176
0.5989633200657658 0.811479949238984
0.5989633200657658 0.8155203532793881
0.6110845321869779 0.819560757319792
0.5383572594597051 0.8518839896430245
0.522195643298089 0.8680456058046406
0.5060340271364728 0.8720860098450447
0.49795321905566475 0.8761264138854487
0.4898724109748567 0.8801668179258527
0.5019936230960688 0.8801668179258527
0.46562998673243244 0.9003688381278729
0.4898724109748567 0.9003688381278729
0.4817916028940486 0.904409242168277
0.34845826956071524 0.9448132825723174
0.30401382511627084 0.9690557068147416
0.3322966533990991 0.9730961108551457
