# x y
0.6999088256810533 0.710469848228883
0.6958684216406492 0.7145102522692871
0.6999088256810533 0.7145102522692871
0.6918280176002451 0.7185506563096911
0.6958684216406492 0.7185506563096911
0.6999088256810533 0.7185506563096911
0.6877876135598411 0.7225910603500951
0.6918280176002451 0.7225910603500951
0.6958684216406492 0.7225910603500951
0.683747209519437 0.7266314643904992
0.6877876135598411 0.7266314643904992
0.6918280176002451 0.7266314643904992
0.679706805479033 0.7306718684309033
0.683747209519437 0.7306718684309033
0.6877876135598411 0.7306718684309033
0.6756664014386289 0.7347122724713073
0.679706805479033 0.7347122724713073
0.683747209519437 0.7347122724713073
0.6716259973982249 0.7387526765117113
0.6756664014386289 0.7387526765117113
0.6675855933578209 0.7427930805521153
0.6716259973982249 0.7427930805521153
0.6595047852770128 0.7468334845925194
0.6635451893174169 0.7468334845925194
0.6675855933578209 0.7468334845925194
0.6554643812366088 0.7508738886329235
0.6595047852770128 0.7508738886329235
0.6635451893174169 0.7508738886329235
0.6514239771962047 0.7549142926733274
0.6554643812366088 0.7549142926733274
0.6595047852770128 0.7549142926733274
0.6473835731558006 0.7589546967137315
0.6514239771962047 0.7589546967137315
0.6554643812366088 0.7589546967137315
0.6433431691153966 0.7629951007541356
0.6473835731558006 0.7629951007541356
0.6514239771962047 0.7629951007541356
0.6393027650749926 0.7670355047945396
0.6433431691153966 0.7670355047945396
0.6473835731558006 0.7670355047945396
0.6312219569941846 0.7710759088349436
0.6352623610345886 0.7710759088349436
0.6393027650749926 0.7710759088349436
0.6271815529537805 0.7751163128753477
0.6312219569941846 0.7751163128753477
0.6352623610345886 0.7751163128753477
0.6231411489133765 0.7791567169157517
0.6271815529537805 0.7791567169157517
0.6312219569941846 0.7791567169157517
0.6191007448729724 0.7831971209561558
0.6231411489133765 0.7831971209561558
0.6271815529537805 0.7831971209561558
0.6110199367921643 0.7872375249965597
0.6150603408325683 0.7872375249965597
0.6191007448729724 0.7872375249965597
0.6069795327517602 0.7912779290369638
0.6110199367921643 0.7912779290369638
0.6150603408325683 0.7912779290369638
0.6029391287113562 0.7953183330773679
0.6069795327517602 0.7953183330773679
0.6110199367921643 0.7953183330773679
0.5948583206305482 0.799358737117772
0.5988987246709522 0.799358737117772
0.6029391287113562 0.799358737117772
0.6069795327517602 0.799358737117772
0.5908179165901442 0.803399141158176
0.5948583206305482 0.803399141158176
0.5988987246709522 0.803399141158176
0.5867775125497401 0.80743954519858
0.5908179165901442 0.80743954519858
0.5948583206305482 0.80743954519858
0.578696704468932 0.811479949238984
0.582737108509336 0.811479949238984
0.5867775125497401 0.811479949238984
0.5908179165901442 0.811479949238984
0.5746563004285279 0.8155203532793881
0.578696704468932 0.8155203532793881
0.582737108509336 0.8155203532793881
0.5665754923477199 0.819560757319792
0.5706158963881239 0.819560757319792
0.5746563004285279 0.819560757319792
0.578696704468932 0.819560757319792
0.5625350883073159 0.8236011613601961
0.5665754923477199 0.8236011613601961
0.5706158963881239 0.8236011613601961
0.5544542802265078 0.8276415654006002
0.5584946842669118 0.8276415654006002
0.5625350883073159 0.8276415654006002
0.5665754923477199 0.8276415654006002
0.5504138761861037 0.8316819694410043
0.5544542802265078 0.8316819694410043
0.5584946842669118 0.8316819694410043
0.5423330681052956 0.8357223734814083
0.5463734721456996 0.8357223734814083
0.5504138761861037 0.8357223734814083
0.5544542802265078 0.8357223734814083
0.5382926640648916 0.8397627775218124
0.5423330681052956 0.8397627775218124
0.5463734721456996 0.8397627775218124
0.5302118559840835 0.8438031815622163
0.5342522600244876 0.8438031815622163
0.5382926640648916 0.8438031815622163
0.5423330681052956 0.8438031815622163
0.5261714519436795 0.8478435856026204
0.5302118559840835 0.8478435856026204
0.5342522600244876 0.8478435856026204
0.5180906438628714 0.8518839896430245
0.5221310479032755 0.8518839896430245
0.5261714519436795 0.8518839896430245
0.5302118559840835 0.8518839896430245
0.5100098357820633 0.8559243936834284
0.5140502398224673 0.8559243936834284
0.5180906438628714 0.8559243936834284
0.5221310479032755 0.8559243936834284
0.5059694317416592 0.8599647977238325
0.5100098357820633 0.8599647977238325
0.5140502398224673 0.8599647977238325
0.4978886236608512 0.8640052017642366
0.5019290277012552 0.8640052017642366
0.5059694317416592 0.8640052017642366
0.5100098357820633 0.8640052017642366
0.4898078155800431 0.8680456058046406
0.4938482196204471 0.8680456058046406
0.4978886236608512 0.8680456058046406
0.5019290277012552 0.8680456058046406
0.481727007499235 0.8720860098450447
0.4857674115396391 0.8720860098450447
0.4898078155800431 0.8720860098450447
0.4938482196204471 0.8720860098450447
0.47768660345883096 0.8761264138854487
0.481727007499235 0.8761264138854487
0.4857674115396391 0.8761264138854487
0.4898078155800431 0.8761264138854487
0.46960579537802294 0.8801668179258527
0.47364619941842695 0.8801668179258527
0.47768660345883096 0.8801668179258527
0.481727007499235 0.8801668179258527
0.4615249872972148 0.8842072219662568
0.4655653913376189 0.8842072219662568
0.46960579537802294 0.8842072219662568
0.47364619941842695 0.8842072219662568
0.45344417921640673 0.8882476260066607
0.45748458325681074 0.8882476260066607
0.4615249872972148 0.8882476260066607
0.4655653913376189 0.8882476260066607
0.44536337113559865 0.8922880300470648
0.4494037751760027 0.8922880300470648
0.45344417921640673 0.8922880300470648
0.45748458325681074 0.8922880300470648
0.4372825630547906 0.8963284340874689
0.4413229670951946 0.8963284340874689
0.44536337113559865 0.8963284340874689
0.4494037751760027 0.8963284340874689
0.4292017549739825 0.9003688381278729
0.43324215901438656 0.9003688381278729
0.4372825630547906 0.9003688381278729
0.4413229670951946 0.9003688381278729
0.4211209468931744 0.904409242168277
0.42516135093357843 0.904409242168277
0.4292017549739825 0.904409242168277
0.43324215901438656 0.904409242168277
0.4089997347719623 0.9084496462086811
0.41304013881236634 0.9084496462086811
0.4170805428527704 0.9084496462086811
0.4211209468931744 0.9084496462086811
0.42516135093357843 0.9084496462086811
0.4009189266911542 0.912490050249085
0.40495933073155826 0.912490050249085
0.4089997347719623 0.912490050249085
0.41304013881236634 0.912490050249085
0.4170805428527704 0.912490050249085
0.3928381186103461 0.9165304542894891
0.3968785226507502 0.9165304542894891
0.4009189266911542 0.9165304542894891
0.40495933073155826 0.9165304542894891
0.4089997347719623 0.9165304542894891
0.38071690648913403 0.920570858329893
0.38475731052953804 0.920570858329893
0.3887977145699421 0.920570858329893
0.3928381186103461 0.920570858329893
0.3968785226507502 0.920570858329893
0.3726360984083259 0.9246112623702971
0.37667650244872997 0.9246112623702971
0.38071690648913403 0.9246112623702971
0.38475731052953804 0.9246112623702971
0.3887977145699421 0.9246112623702971
0.3605148862871138 0.9286516664107012
0.3645552903275179 0.9286516664107012
0.3685956943679219 0.9286516664107012
0.3726360984083259 0.9286516664107012
0.37667650244872997 0.9286516664107012
0.38071690648913403 0.9286516664107012
0.35243407820630573 0.9326920704511052
0.35647448224670975 0.9326920704511052
0.3605148862871138 0.9326920704511052
0.3645552903275179 0.9326920704511052
0.3685956943679219 0.9326920704511052
0.3403128660850936 0.9367324744915093
0.34435327012549766 0.9367324744915093
0.3483936741659017 0.9367324744915093
0.35243407820630573 0.9367324744915093
0.35647448224670975 0.9367324744915093
0.3605148862871138 0.9367324744915093
0.3281916539638815 0.9407728785319134
0.3322320580042855 0.9407728785319134
0.3362724620446896 0.9407728785319134
0.3403128660850936 0.9407728785319134
0.34435327012549766 0.9407728785319134
0.3483936741659017 0.9407728785319134
0.31607044184266936 0.9448132825723174
0.32011084588307337 0.9448132825723174
0.32415124992347744 0.9448132825723174
0.3281916539638815 0.9448132825723174
0.3322320580042855 0.9448132825723174
0.3362724620446896 0.9448132825723174
0.3039492297214572 0.9488536866127214
0.3079896337618613 0.9488536866127214
0.31203003780226535 0.9488536866127214
0.31607044184266936 0.9488536866127214
0.32011084588307337 0.9488536866127214
0.32415124992347744 0.9488536866127214
0.2999088256810532 0.9528940906531255
0.3039492297214572 0.9528940906531255
0.3079896337618613 0.9528940906531255
0.31203003780226535 0.9528940906531255
0.2999088256810532 0.9569344946935294
