# x y
0.6999765718425215 0.7145102522692871
0.6959361678021174 0.7185506563096911
0.6918957637617135 0.7225910603500951
0.6878553597213094 0.7266314643904992
0.6838149556809053 0.7306718684309033
0.6757341476000973 0.7347122724713073
0.6797745516405014 0.7347122724713073
0.6716937435596932 0.7387526765117113
0.6757341476000973 0.7387526765117113
0.6676533395192892 0.7427930805521153
0.6716937435596932 0.7427930805521153
0.6636129354788851 0.7468334845925194
0.6676533395192892 0.7468334845925194
0.659572531438481 0.7508738886329235
0.6555321273980771 0.7549142926733274
0.651491723357673 0.7589546967137315
0.643410915276865 0.7629951007541356
0.6474513193172691 0.7629951007541356
0.6393705112364609 0.7670355047945396
0.643410915276865 0.7670355047945396
0.6353301071960569 0.7710759088349436
0.6393705112364609 0.7710759088349436
0.6312897031556528 0.7751163128753477
0.6272492991152487 0.7791567169157517
0.6191684910344407 0.7831971209561558
0.6232088950748447 0.7831971209561558
0.6151280869940366 0.7872375249965597
0.6191684910344407 0.7872375249965597
0.6110876829536327 0.7912779290369638
0.6030068748728246 0.7953183330773679
0.6070472789132286 0.7953183330773679
0.5989664708324205 0.799358737117772
0.6030068748728246 0.799358737117772
0.5949260667920164 0.803399141158176
0.5868452587112084 0.80743954519858
0.5908856627516124 0.80743954519858
0.5828048546708043 0.811479949238984
0.5868452587112084 0.811479949238984
0.5787644506304004 0.8155203532793881
0.5706836425495923 0.819560757319792
0.5747240465899963 0.819560757319792
0.5666432385091882 0.8236011613601961
0.55856243042838 0.8276415654006002
0.5626028344687841 0.8276415654006002
0.554522026387976 0.8316819694410043
0.55856243042838 0.8316819694410043
0.546441218307168 0.8357223734814083
0.550481622347572 0.8357223734814083
0.542400814266764 0.8397627775218124
0.546441218307168 0.8397627775218124
0.5343200061859559 0.8438031815622163
0.5383604102263599 0.8438031815622163
0.5302796021455518 0.8478435856026204
0.5221987940647437 0.8518839896430245
0.5262391981051477 0.8518839896430245
0.5141179859839357 0.8559243936834284
0.5181583900243397 0.8559243936834284
0.5100775819435316 0.8599647977238325
0.5141179859839357 0.8599647977238325
0.5019967738627236 0.8640052017642366
0.5060371779031276 0.8640052017642366
0.49391596578191543 0.8680456058046406
0.4979563698223195 0.8680456058046406
0.4858351577011074 0.8720860098450447
0.4898755617415114 0.8720860098450447
0.48179475366070335 0.8761264138854487
0.4858351577011074 0.8761264138854487
0.47371394557989527 0.8801668179258527
0.4777543496202993 0.8801668179258527
0.4656331374990872 0.8842072219662568
0.46967354153949126 0.8842072219662568
0.45755232941827906 0.8882476260066607
0.4615927334586831 0.8882476260066607
0.44947152133747104 0.8922880300470648
0.45351192537787505 0.8922880300470648
0.4413907132566629 0.8963284340874689
0.44543111729706697 0.8963284340874689
0.4333099051758549 0.9003688381278729
0.4373503092162589 0.9003688381278729
0.42522909709504675 0.904409242168277
0.4292695011354508 0.904409242168277
0.4171482890142387 0.9084496462086811
0.42118869305464274 0.9084496462086811
0.4050270768930266 0.912490050249085
0.4090674809334306 0.912490050249085
0.41310788497383466 0.912490050249085
0.3969462688122185 0.9165304542894891
0.4009866728526225 0.9165304542894891
0.38886546073141043 0.920570858329893
0.39290586477181444 0.920570858329893
0.3767442486101983 0.9246112623702971
0.38078465265060235 0.9246112623702971
0.38482505669100636 0.9246112623702971
0.3686634405293902 0.9286516664107012
0.3727038445697942 0.9286516664107012
0.35654222840817806 0.9326920704511052
0.36058263244858213 0.9326920704511052
0.3646230364889862 0.9326920704511052
0.344421016286966 0.9367324744915093
0.34846142032737004 0.9367324744915093
0.35250182436777405 0.9367324744915093
0.3363402082061579 0.9407728785319134
0.3403806122465619 0.9407728785319134
0.344421016286966 0.9407728785319134
0.32421899608494575 0.9448132825723174
0.3282594001253498 0.9448132825723174
0.33229980416575383 0.9448132825723174
0.31209778396373367 0.9488536866127214
0.3161381880041377 0.9488536866127214
0.3201785920445417 0.9488536866127214
0.2999765718425215 0.9528940906531255
0.30401697588292553 0.9528940906531255
0.3080573799233296 0.9528940906531255
