# x y
0.6110476870294053 0.803399141158176
0.594886070867789 0.8155203532793881
0.5666032425849608 0.8357223734814083
0.5221587981405162 0.8640052017642366
0.5261992021809203 0.8640052017642366
0.5019567779384961 0.8761264138854487
0.5302396062213244 0.8761264138854487
0.46559314157485976 0.8963284340874689
0.4251891011708193 0.9165304542894891
0.4171082930900113 0.9246112623702971
0.3807446567263749 0.9407728785319134
0.3605426365243547 0.9488536866127214
0.33630021228193047 0.9569344946935294
0.3282194042011224 0.9609748987339335
