# x y
0.6797932546873611 0.7427930805521153
0.675752850646957 0.7468334845925194
0.6434296183237247 0.7710759088349436
0.6393892142833206 0.7751163128753477
0.5585811334752397 0.8357223734814083
0.5464599213540277 0.8438031815622163
0.5424195173136237 0.8478435856026204
0.5141366890307953 0.8680456058046406
0.48181345670756304 0.8842072219662568
0.4858538607479671 0.8842072219662568
0.4616114365055428 0.8922880300470648
0.4292882041823105 0.9084496462086811
0.42120739610150243 0.912490050249085
0.4010053758994822 0.920570858329893
0.42524780014190644 0.920570858329893
0.38484375973786605 0.9286516664107012
0.38080335569746204 0.9326920704511052
0.35252052741463374 0.9407728785319134
0.3201972950914014 0.9528940906531255
0.3080760829701893 0.9569344946935294
