# x y
0.6676587762833738 0.7549142926733274
0.6393759480005455 0.7791567169157517
0.6595779682025658 0.7791567169157517
0.5989719075965051 0.8155203532793881
0.5949315035561011 0.8316819694410043
0.5585678671924648 0.8397627775218124
0.5464466550712526 0.8478435856026204
0.5464466550712526 0.8518839896430245
0.5302850389096364 0.8559243936834284
0.5222042308288284 0.8680456058046406
0.5302850389096364 0.8761264138854487
0.49392140254600003 0.8801668179258527
0.5020022106268082 0.8801668179258527
0.5100830187076162 0.8882476260066607
0.4656385742631718 0.8922880300470648
0.4333153419399395 0.9084496462086811
0.42523453385913135 0.912490050249085
0.3969517055763031 0.9286516664107012
0.3686688772934748 0.9367324744915093
0.3646284732530708 0.9609748987339335
0.3161436247682223 0.9650153027743376
0.30402241264701013 0.9690557068147416
