# x y
0.699817616392115 0.710469848228883
0.695777212351711 0.7145102522692871
0.699817616392115 0.7145102522692871
0.687696404270903 0.7185506563096911
0.691736808311307 0.7185506563096911
0.695777212351711 0.7185506563096911
0.699817616392115 0.7185506563096911
0.6836560002304989 0.7225910603500951
0.687696404270903 0.7225910603500951
0.691736808311307 0.7225910603500951
0.695777212351711 0.7225910603500951
0.6796155961900949 0.7266314643904992
0.6836560002304989 0.7266314643904992
0.687696404270903 0.7266314643904992
0.691736808311307 0.7266314643904992
0.6755751921496909 0.7306718684309033
0.6796155961900949 0.7306718684309033
0.6836560002304989 0.7306718684309033
0.687696404270903 0.7306718684309033
0.6715347881092868 0.7347122724713073
0.6755751921496909 0.7347122724713073
0.6796155961900949 0.7347122724713073
0.6836560002304989 0.7347122724713073
0.6674943840688827 0.7387526765117113
0.6715347881092868 0.7387526765117113
0.6755751921496909 0.7387526765117113
0.6796155961900949 0.7387526765117113
0.6634539800284787 0.7427930805521153
0.6674943840688827 0.7427930805521153
0.6715347881092868 0.7427930805521153
0.6755751921496909 0.7427930805521153
0.6594135759880746 0.7468334845925194
0.6634539800284787 0.7468334845925194
0.6674943840688827 0.7468334845925194
0.6715347881092868 0.7468334845925194
0.6553731719476706 0.7508738886329235
0.6594135759880746 0.7508738886329235
0.6634539800284787 0.7508738886329235
0.6674943840688827 0.7508738886329235
0.6513327679072666 0.7549142926733274
0.6553731719476706 0.7549142926733274
0.6594135759880746 0.7549142926733274
0.6634539800284787 0.7549142926733274
0.6432519598264586 0.7589546967137315
0.6472923638668626 0.7589546967137315
0.6513327679072666 0.7589546967137315
0.6553731719476706 0.7589546967137315
0.6392115557860545 0.7629951007541356
0.6432519598264586 0.7629951007541356
0.6472923638668626 0.7629951007541356
0.6513327679072666 0.7629951007541356
0.6351711517456504 0.7670355047945396
0.6392115557860545 0.7670355047945396
0.6432519598264586 0.7670355047945396
0.6472923638668626 0.7670355047945396
0.6311307477052464 0.7710759088349436
0.6351711517456504 0.7710759088349436
0.6392115557860545 0.7710759088349436
0.6432519598264586 0.7710759088349436
0.6230499396244382 0.7751163128753477
0.6270903436648423 0.7751163128753477
0.6311307477052464 0.7751163128753477
0.6351711517456504 0.7751163128753477
0.6392115557860545 0.7751163128753477
0.6190095355840343 0.7791567169157517
0.6230499396244382 0.7791567169157517
0.6270903436648423 0.7791567169157517
0.6311307477052464 0.7791567169157517
0.6351711517456504 0.7791567169157517
0.6149691315436302 0.7831971209561558
0.6190095355840343 0.7831971209561558
0.6230499396244382 0.7831971209561558
0.6270903436648423 0.7831971209561558
0.6109287275032262 0.7872375249965597
0.6149691315436302 0.7872375249965597
0.6190095355840343 0.7872375249965597
0.6230499396244382 0.7872375249965597
0.6028479194224181 0.7912779290369638
0.6068883234628222 0.7912779290369638
0.6109287275032262 0.7912779290369638
0.6149691315436302 0.7912779290369638
0.6190095355840343 0.7912779290369638
0.598807515382014 0.7953183330773679
0.6028479194224181 0.7953183330773679
0.6068883234628222 0.7953183330773679
0.6109287275032262 0.7953183330773679
0.59476711134161 0.799358737117772
0.598807515382014 0.799358737117772
0.6028479194224181 0.799358737117772
0.6068883234628222 0.799358737117772
0.586686303260802 0.803399141158176
0.5907267073012059 0.803399141158176
0.59476711134161 0.803399141158176
0.598807515382014 0.803399141158176
0.6028479194224181 0.803399141158176
0.5826458992203979 0.80743954519858
0.586686303260802 0.80743954519858
0.5907267073012059 0.80743954519858
0.59476711134161 0.80743954519858
0.598807515382014 0.80743954519858
0.5786054951799939 0.811479949238984
0.5826458992203979 0.811479949238984
0.586686303260802 0.811479949238984
0.5907267073012059 0.811479949238984
0.5705246870991858 0.8155203532793881
0.5745650911395899 0.8155203532793881
0.5786054951799939 0.8155203532793881
0.5826458992203979 0.8155203532793881
0.586686303260802 0.8155203532793881
0.5664842830587817 0.819560757319792
0.5705246870991858 0.819560757319792
0.5745650911395899 0.819560757319792
0.5786054951799939 0.819560757319792
0.5584034749779736 0.8236011613601961
0.5624438790183777 0.8236011613601961
0.5664842830587817 0.8236011613601961
0.5705246870991858 0.8236011613601961
0.5745650911395899 0.8236011613601961
0.5543630709375695 0.8276415654006002
0.5584034749779736 0.8276415654006002
0.5624438790183777 0.8276415654006002
0.5664842830587817 0.8276415654006002
0.5705246870991858 0.8276415654006002
0.5462822628567615 0.8316819694410043
0.5503226668971656 0.8316819694410043
0.5543630709375695 0.8316819694410043
0.5584034749779736 0.8316819694410043
0.5624438790183777 0.8316819694410043
0.5422418588163576 0.8357223734814083
0.5462822628567615 0.8357223734814083
0.5503226668971656 0.8357223734814083
0.5543630709375695 0.8357223734814083
0.5584034749779736 0.8357223734814083
0.5341610507355494 0.8397627775218124
0.5382014547759535 0.8397627775218124
0.5422418588163576 0.8397627775218124
0.5462822628567615 0.8397627775218124
0.5503226668971656 0.8397627775218124
0.5260802426547413 0.8438031815622163
0.5301206466951454 0.8438031815622163
0.5341610507355494 0.8438031815622163
0.5382014547759535 0.8438031815622163
0.5422418588163576 0.8438031815622163
0.5462822628567615 0.8438031815622163
0.5220398386143372 0.8478435856026204
0.5260802426547413 0.8478435856026204
0.5301206466951454 0.8478435856026204
0.5341610507355494 0.8478435856026204
0.5382014547759535 0.8478435856026204
0.5139590305335292 0.8518839896430245
0.5179994345739333 0.8518839896430245
0.5220398386143372 0.8518839896430245
0.5260802426547413 0.8518839896430245
0.5301206466951454 0.8518839896430245
0.5099186264931251 0.8559243936834284
0.5139590305335292 0.8559243936834284
0.5179994345739333 0.8559243936834284
0.5220398386143372 0.8559243936834284
0.5260802426547413 0.8559243936834284
0.5018378184123171 0.8599647977238325
0.5058782224527212 0.8599647977238325
0.5099186264931251 0.8599647977238325
0.5139590305335292 0.8599647977238325
0.5179994345739333 0.8599647977238325
0.493757010331509 0.8640052017642366
0.49779741437191305 0.8640052017642366
0.5018378184123171 0.8640052017642366
0.5058782224527212 0.8640052017642366
0.5099186264931251 0.8640052017642366
0.5139590305335292 0.8640052017642366
0.48567620225070096 0.8680456058046406
0.48971660629110497 0.8680456058046406
0.493757010331509 0.8680456058046406
0.49779741437191305 0.8680456058046406
0.5018378184123171 0.8680456058046406
0.5058782224527212 0.8680456058046406
0.4816357982102969 0.8720860098450447
0.48567620225070096 0.8720860098450447
0.48971660629110497 0.8720860098450447
0.493757010331509 0.8720860098450447
0.49779741437191305 0.8720860098450447
0.4735549901294888 0.8761264138854487
0.47759539416989283 0.8761264138854487
0.4816357982102969 0.8761264138854487
0.48567620225070096 0.8761264138854487
0.48971660629110497 0.8761264138854487
0.46547418204868074 0.8801668179258527
0.4695145860890848 0.8801668179258527
0.4735549901294888 0.8801668179258527
0.47759539416989283 0.8801668179258527
0.4816357982102969 0.8801668179258527
0.48567620225070096 0.8801668179258527
0.4573933739678726 0.8842072219662568
0.4614337780082767 0.8842072219662568
0.46547418204868074 0.8842072219662568
0.4695145860890848 0.8842072219662568
0.4735549901294888 0.8842072219662568
0.47759539416989283 0.8842072219662568
0.4493125658870646 0.8882476260066607
0.4533529699274686 0.8882476260066607
0.4573933739678726 0.8882476260066607
0.4614337780082767 0.8882476260066607
0.46547418204868074 0.8882476260066607
0.4695145860890848 0.8882476260066607
0.44123175780625645 0.8922880300470648
0.4452721618466605 0.8922880300470648
0.4493125658870646 0.8922880300470648
0.4533529699274686 0.8922880300470648
0.4573933739678726 0.8922880300470648
0.4614337780082767 0.8922880300470648
0.43315094972544843 0.8963284340874689
0.43719135376585244 0.8963284340874689
0.44123175780625645 0.8963284340874689
0.4452721618466605 0.8963284340874689
0.4493125658870646 0.8963284340874689
0.4533529699274686 0.8963284340874689
0.4250701416446403 0.9003688381278729
0.42911054568504436 0.9003688381278729
0.43315094972544843 0.9003688381278729
0.43719135376585244 0.9003688381278729
0.44123175780625645 0.9003688381278729
0.4452721618466605 0.9003688381278729
0.4169893335638323 0.904409242168277
0.4210297376042363 0.904409242168277
0.4250701416446403 0.904409242168277
0.42911054568504436 0.904409242168277
0.43315094972544843 0.904409242168277
0.43719135376585244 0.904409242168277
0.40486812144262013 0.9084496462086811
0.40890852548302414 0.9084496462086811
0.4129489295234282 0.9084496462086811
0.4169893335638323 0.9084496462086811
0.4210297376042363 0.9084496462086811
0.4250701416446403 0.9084496462086811
0.42911054568504436 0.9084496462086811
0.39678731336181206 0.912490050249085
0.40082771740221607 0.912490050249085
0.40486812144262013 0.912490050249085
0.40890852548302414 0.912490050249085
0.4129489295234282 0.912490050249085
0.4169893335638323 0.912490050249085
0.4210297376042363 0.912490050249085
0.388706505281004 0.9165304542894891
0.392746909321408 0.9165304542894891
0.39678731336181206 0.9165304542894891
0.40082771740221607 0.9165304542894891
0.40486812144262013 0.9165304542894891
0.40890852548302414 0.9165304542894891
0.4129489295234282 0.9165304542894891
0.37658529315979183 0.920570858329893
0.3806256972001959 0.920570858329893
0.3846661012405999 0.920570858329893
0.388706505281004 0.920570858329893
0.392746909321408 0.920570858329893
0.39678731336181206 0.920570858329893
0.40082771740221607 0.920570858329893
0.36850448507898376 0.9246112623702971
0.37254488911938777 0.9246112623702971
0.37658529315979183 0.9246112623702971
0.3806256972001959 0.9246112623702971
0.3846661012405999 0.9246112623702971
0.388706505281004 0.9246112623702971
0.392746909321408 0.9246112623702971
0.3563832729577716 0.9286516664107012
0.3604236769981757 0.9286516664107012
0.36446408103857975 0.9286516664107012
0.36850448507898376 0.9286516664107012
0.37254488911938777 0.9286516664107012
0.37658529315979183 0.9286516664107012
0.3806256972001959 0.9286516664107012
0.3846661012405999 0.9286516664107012
0.3483024648769636 0.9326920704511052
0.3523428689173676 0.9326920704511052
0.3563832729577716 0.9326920704511052
0.3604236769981757 0.9326920704511052
0.36446408103857975 0.9326920704511052
0.36850448507898376 0.9326920704511052
0.37254488911938777 0.9326920704511052
0.33618125275575145 0.9367324744915093
0.34022165679615546 0.9367324744915093
0.3442620608365595 0.9367324744915093
0.3483024648769636 0.9367324744915093
0.3523428689173676 0.9367324744915093
0.3563832729577716 0.9367324744915093
0.3604236769981757 0.9367324744915093
0.36446408103857975 0.9367324744915093
0.3240600406345393 0.9407728785319134
0.32810044467494337 0.9407728785319134
0.3321408487153474 0.9407728785319134
0.33618125275575145 0.9407728785319134
0.34022165679615546 0.9407728785319134
0.3442620608365595 0.9407728785319134
0.3483024648769636 0.9407728785319134
0.3523428689173676 0.9407728785319134
0.3119388285133272 0.9448132825723174
0.3159792325537312 0.9448132825723174
0.32001963659413524 0.9448132825723174
0.3240600406345393 0.9448132825723174
0.32810044467494337 0.9448132825723174
0.3321408487153474 0.9448132825723174
0.33618125275575145 0.9448132825723174
0.34022165679615546 0.9448132825723174
0.29981761639211507 0.9488536866127214
0.3038580204325191 0.9488536866127214
0.30789842447292315 0.9488536866127214
0.3119388285133272 0.9488536866127214
0.3159792325537312 0.9488536866127214
0.32001963659413524 0.9488536866127214
0.3240600406345393 0.9488536866127214
0.32810044467494337 0.9488536866127214
0.29981761639211507 0.9528940906531255
0.3038580204325191 0.9528940906531255
0.30789842447292315 0.9528940906531255
0.3119388285133272 0.9528940906531255
0.3159792325537312 0.9528940906531255
0.32001963659413524 0.9528940906531255
0.29981761639211507 0.9569344946935294
0.3038580204325191 0.9569344946935294
0.30789842447292315 0.9569344946935294
