# x y
0.6999869620030732 0.7145102522692871
0.6959465579626691 0.7185506563096911
0.6919061539222652 0.7225910603500951
0.6878657498818611 0.7266314643904992
0.683825345841457 0.7306718684309033
0.6797849418010531 0.7347122724713073
0.675744537760649 0.7387526765117113
0.6676637296798409 0.7427930805521153
0.671704133720245 0.7427930805521153
0.6636233256394368 0.7468334845925194
0.6595829215990328 0.7508738886329235
0.6555425175586288 0.7549142926733274
0.6515021135182247 0.7589546967137315
0.6474617094778208 0.7629951007541356
0.6393809013970126 0.7670355047945396
0.6434213054374167 0.7670355047945396
0.6353404973566086 0.7710759088349436
0.6313000933162045 0.7751163128753477
0.6272596892758004 0.7791567169157517
0.6232192852353964 0.7831971209561558
0.6151384771545884 0.7872375249965597
0.6191788811949924 0.7872375249965597
0.6110980731141844 0.7912779290369638
0.6070576690737803 0.7953183330773679
0.5989768609929722 0.799358737117772
0.6030172650333763 0.799358737117772
0.5949364569525681 0.803399141158176
0.5908960529121641 0.80743954519858
0.582815244831356 0.811479949238984
0.5868556488717601 0.811479949238984
0.5787748407909521 0.8155203532793881
0.570694032710144 0.819560757319792
0.574734436750548 0.819560757319792
0.5666536286697399 0.8236011613601961
0.5626132246293358 0.8276415654006002
0.5545324165485277 0.8316819694410043
0.5464516084677197 0.8357223734814083
0.5504920125081237 0.8357223734814083
0.5424112044273157 0.8397627775218124
0.5343303963465076 0.8438031815622163
0.5383708003869117 0.8438031815622163
0.5302899923061035 0.8478435856026204
0.5222091842252954 0.8518839896430245
0.5262495882656995 0.8518839896430245
0.5181687801848914 0.8559243936834284
0.5100879721040833 0.8599647977238325
0.5020071640232753 0.8640052017642366
0.5060475680636793 0.8640052017642366
0.49392635594246714 0.8680456058046406
0.4979667599828712 0.8680456058046406
0.48988595190206313 0.8720860098450447
0.48180514382125506 0.8761264138854487
0.473724335740447 0.8801668179258527
0.477764739780851 0.8801668179258527
0.4656435276596389 0.8842072219662568
0.46968393170004297 0.8842072219662568
0.45756271957883077 0.8882476260066607
0.46160312361923483 0.8882476260066607
0.44948191149802275 0.8922880300470648
0.45352231553842676 0.8922880300470648
0.4414011034172146 0.8963284340874689
0.4454415074576187 0.8963284340874689
0.4333202953364066 0.9003688381278729
0.4373606993768106 0.9003688381278729
0.42523948725559846 0.904409242168277
0.4292798912960025 0.904409242168277
0.41715867917479044 0.9084496462086811
0.42119908321519445 0.9084496462086811
0.4090778710939823 0.912490050249085
0.3969566589727702 0.9165304542894891
0.4009970630131742 0.9165304542894891
0.38887585089196214 0.920570858329893
0.39291625493236615 0.920570858329893
0.38079504281115406 0.9246112623702971
0.38483544685155807 0.9246112623702971
0.3686738306899419 0.9286516664107012
0.37271423473034593 0.9286516664107012
0.3565526185687298 0.9326920704511052
0.36059302260913384 0.9326920704511052
0.3646334266495379 0.9326920704511052
0.34847181048792175 0.9367324744915093
0.35251221452832576 0.9367324744915093
0.3363505983667096 0.9407728785319134
0.3403910024071136 0.9407728785319134
0.32422938624549746 0.9448132825723174
0.32826979028590153 0.9448132825723174
0.33231019432630554 0.9448132825723174
0.3121081741242854 0.9488536866127214
0.3161485781646894 0.9488536866127214
0.3201889822050934 0.9488536866127214
0.29998696200307323 0.9528940906531255
0.30402736604347724 0.9528940906531255
0.3080677700838813 0.9528940906531255
