# x y
0.6717137210788606 0.7468334845925194
0.6757541251192647 0.7468334845925194
0.6232288725940122 0.7872375249965597
0.607067256432396 0.799358737117772
0.6030268523919919 0.80743954519858
0.5909056402707799 0.811479949238984
0.5747440241091637 0.8236011613601961
0.5707036200687596 0.8357223734814083
0.5505015998667395 0.8397627775218124
0.5464611958263355 0.8438031815622163
0.5424207917859314 0.8478435856026204
0.5181783675435071 0.8599647977238325
0.5141379635031031 0.8640052017642366
0.48989553926067886 0.8761264138854487
0.4818147311798708 0.8842072219662568
0.46969351905865864 0.8882476260066607
0.46161271097785056 0.8922880300470648
0.45757230693744655 0.904409242168277
0.42928947865461825 0.9084496462086811
0.4212086705738102 0.912490050249085
0.40908745845259803 0.920570858329893
0.42524907461421424 0.920570858329893
0.38080463016976973 0.9286516664107012
0.36060260996774957 0.9367324744915093
0.3525218018869415 0.9407728785319134
0.33231978168492127 0.9488536866127214
0.3161581655233051 0.9528940906531255
0.31211776148290105 0.9569344946935294
