# x y
0.6999847187825539 0.7225910603500951
0.6959443147421498 0.7266314643904992
0.6717018904997255 0.7508738886329235
0.619176637974473 0.7953183330773679
0.6353382541360891 0.799358737117772
0.5989746177724528 0.8155203532793881
0.5949342137320488 0.8316819694410043
0.5585705773684124 0.8397627775218124
0.5464493652472002 0.8478435856026204
0.522206941004776 0.8599647977238325
0.5020049208027558 0.8720860098450447
0.5302877490855841 0.8761264138854487
0.46564128443911945 0.9003688381278729
0.40503522383305884 0.9246112623702971
0.39695441575225077 0.9286516664107012
0.31614633494416994 0.9650153027743376
0.3040251228229578 0.9690557068147416
