# x y
0.6676696126146056 0.7508738886329235
0.6636292085742015 0.7549142926733274
0.6676696126146056 0.7589546967137315
0.6313059762509692 0.7831971209561558
0.6191847641297571 0.7953183330773679
0.6111039560489491 0.799358737117772
0.5949423398873328 0.811479949238984
0.5706999156449086 0.8276415654006002
0.5666595116045046 0.8316819694410043
0.5262554712004641 0.8559243936834284
0.5343362792812723 0.8599647977238325
0.506053450998444 0.8680456058046406
0.4858514307964238 0.8801668179258527
0.47777062271561566 0.8842072219662568
0.4818110267560197 0.8842072219662568
0.46564941059440357 0.9003688381278729
0.43736658231157527 0.904409242168277
0.4494877944327874 0.9084496462086811
0.4252453701903631 0.920570858329893
0.3969625419075349 0.9246112623702971
0.3969625419075349 0.9286516664107012
0.35655850150349444 0.9407728785319134
0.32423526918026213 0.9528940906531255
0.31211405705905004 0.9569344946935294
