# x y
0.699969625296395 0.7145102522692871
0.6959292212559909 0.7185506563096911
0.6918888172155868 0.7225910603500951
0.6878484131751827 0.7266314643904992
0.6797676050943747 0.7306718684309033
0.6838080091347787 0.7306718684309033
0.6757272010539707 0.7347122724713073
0.6797676050943747 0.7347122724713073
0.6716867970135667 0.7387526765117113
0.6757272010539707 0.7387526765117113
0.6676463929731626 0.7427930805521153
0.6716867970135667 0.7427930805521153
0.6636059889327586 0.7468334845925194
0.6676463929731626 0.7468334845925194
0.6595655848923545 0.7508738886329235
0.6636059889327586 0.7508738886329235
0.6555251808519504 0.7549142926733274
0.6514847768115464 0.7589546967137315
0.6434039687307384 0.7629951007541356
0.6474443727711424 0.7629951007541356
0.6393635646903344 0.7670355047945396
0.6434039687307384 0.7670355047945396
0.6353231606499303 0.7710759088349436
0.6393635646903344 0.7710759088349436
0.6312827566095263 0.7751163128753477
0.6272423525691222 0.7791567169157517
0.6191615444883141 0.7831971209561558
0.6232019485287181 0.7831971209561558
0.61512114044791 0.7872375249965597
0.6191615444883141 0.7872375249965597
0.611080736407506 0.7912779290369638
0.602999928326698 0.7953183330773679
0.607040332367102 0.7953183330773679
0.598959524286294 0.799358737117772
0.602999928326698 0.799358737117772
0.5949191202458899 0.803399141158176
0.598959524286294 0.803399141158176
0.5868383121650818 0.80743954519858
0.5908787162054858 0.80743954519858
0.5827979081246777 0.811479949238984
0.5868383121650818 0.811479949238984
0.5787575040842737 0.8155203532793881
0.5706766960034657 0.819560757319792
0.5747171000438697 0.819560757319792
0.5666362919630616 0.8236011613601961
0.5706766960034657 0.8236011613601961
0.5585554838822535 0.8276415654006002
0.5625958879226576 0.8276415654006002
0.5545150798418494 0.8316819694410043
0.5585554838822535 0.8316819694410043
0.5464342717610414 0.8357223734814083
0.5504746758014454 0.8357223734814083
0.5423938677206374 0.8397627775218124
0.5464342717610414 0.8397627775218124
0.5343130596398293 0.8438031815622163
0.5383534636802333 0.8438031815622163
0.5262322515590212 0.8478435856026204
0.5302726555994253 0.8478435856026204
0.5343130596398293 0.8478435856026204
0.5221918475186171 0.8518839896430245
0.5262322515590212 0.8518839896430245
0.514111039437809 0.8559243936834284
0.5181514434782131 0.8559243936834284
0.506030231357001 0.8599647977238325
0.510070635397405 0.8599647977238325
0.514111039437809 0.8599647977238325
0.5019898273165969 0.8640052017642366
0.506030231357001 0.8640052017642366
0.4939090192357889 0.8680456058046406
0.4979494232761929 0.8680456058046406
0.48582821115498076 0.8720860098450447
0.4898686151953848 0.8720860098450447
0.4939090192357889 0.8720860098450447
0.47774740307417274 0.8761264138854487
0.48178780711457675 0.8761264138854487
0.48582821115498076 0.8761264138854487
0.47370699903376867 0.8801668179258527
0.47774740307417274 0.8801668179258527
0.4656261909529606 0.8842072219662568
0.4696665949933646 0.8842072219662568
0.4575453828721525 0.8882476260066607
0.46158578691255653 0.8882476260066607
0.4494645747913444 0.8922880300470648
0.45350497883174845 0.8922880300470648
0.44138376671053636 0.8963284340874689
0.4454241707509404 0.8963284340874689
0.43330295862972823 0.9003688381278729
0.4373433626701323 0.9003688381278729
0.4252221505489202 0.904409242168277
0.4292625545893242 0.904409242168277
0.41310093842770806 0.9084496462086811
0.4171413424681121 0.9084496462086811
0.42118174650851614 0.9084496462086811
0.4050201303469 0.912490050249085
0.409060534387304 0.912490050249085
0.41310093842770806 0.912490050249085
0.3969393222660919 0.9165304542894891
0.4009797263064959 0.9165304542894891
0.4050201303469 0.9165304542894891
0.38481811014487977 0.920570858329893
0.38885851418528383 0.920570858329893
0.39289891822568784 0.920570858329893
0.3767373020640717 0.9246112623702971
0.3807777061044757 0.9246112623702971
0.38481811014487977 0.9246112623702971
0.3686564939832636 0.9286516664107012
0.3726968980236677 0.9286516664107012
0.3767373020640717 0.9286516664107012
0.3565352818620515 0.9326920704511052
0.36057568590245553 0.9326920704511052
0.36461608994285954 0.9326920704511052
0.3444140697408394 0.9367324744915093
0.3484544737812434 0.9367324744915093
0.35249487782164746 0.9367324744915093
0.3363332616600313 0.9407728785319134
0.3403736657004353 0.9407728785319134
0.3444140697408394 0.9407728785319134
0.32421204953881916 0.9448132825723174
0.3282524535792232 0.9448132825723174
0.33229285761962724 0.9448132825723174
0.312090837417607 0.9488536866127214
0.3161312414580111 0.9488536866127214
0.32017164549841515 0.9488536866127214
0.2999696252963949 0.9528940906531255
0.304010029336799 0.9528940906531255
0.308050433377203 0.9528940906531255
