# x y
0.6999791586898068 0.7145102522692871
0.6959387546494027 0.7185506563096911
0.6918983506089986 0.7225910603500951
0.6878579465685946 0.7266314643904992
0.6838175425281905 0.7306718684309033
0.6757367344473824 0.7347122724713073
0.6797771384877864 0.7347122724713073
0.6716963304069784 0.7387526765117113
0.6757367344473824 0.7387526765117113
0.6676559263665743 0.7427930805521153
0.6716963304069784 0.7427930805521153
0.6636155223261704 0.7468334845925194
0.6676559263665743 0.7468334845925194
0.6595751182857663 0.7508738886329235
0.6555347142453622 0.7549142926733274
0.6514943102049582 0.7589546967137315
0.6474539061645541 0.7629951007541356
0.6393730980837461 0.7670355047945396
0.64341350212415 0.7670355047945396
0.635332694043342 0.7710759088349436
0.6393730980837461 0.7710759088349436
0.6312922900029381 0.7751163128753477
0.627251885962534 0.7791567169157517
0.6191710778817259 0.7831971209561558
0.6232114819221299 0.7831971209561558
0.6151306738413218 0.7872375249965597
0.6191710778817259 0.7872375249965597
0.6110902698009177 0.7912779290369638
0.6070498657605137 0.7953183330773679
0.5989690576797057 0.799358737117772
0.6030094617201097 0.799358737117772
0.5949286536393017 0.803399141158176
0.5868478455584936 0.80743954519858
0.5908882495988976 0.80743954519858
0.5828074415180895 0.811479949238984
0.5868478455584936 0.811479949238984
0.5787670374776854 0.8155203532793881
0.5706862293968774 0.819560757319792
0.5747266334372814 0.819560757319792
0.5666458253564733 0.8236011613601961
0.5585650172756653 0.8276415654006002
0.5626054213160694 0.8276415654006002
0.5545246132352613 0.8316819694410043
0.5585650172756653 0.8316819694410043
0.5464438051544531 0.8357223734814083
0.5504842091948572 0.8357223734814083
0.542403401114049 0.8397627775218124
0.534322593033241 0.8438031815622163
0.5383629970736451 0.8438031815622163
0.530282188992837 0.8478435856026204
0.522201380912029 0.8518839896430245
0.526241784952433 0.8518839896430245
0.5141205728312208 0.8559243936834284
0.5181609768716249 0.8559243936834284
0.5100801687908167 0.8599647977238325
0.5019993607100087 0.8640052017642366
0.5060397647504127 0.8640052017642366
0.4939185526292006 0.8680456058046406
0.49795895666960466 0.8680456058046406
0.48583774454839257 0.8720860098450447
0.4898781485887966 0.8720860098450447
0.4817973405079885 0.8761264138854487
0.48583774454839257 0.8761264138854487
0.4737165324271804 0.8801668179258527
0.47775693646758444 0.8801668179258527
0.46563572434637235 0.8842072219662568
0.4696761283867764 0.8842072219662568
0.4575549162655642 0.8882476260066607
0.4615953203059683 0.8882476260066607
0.4494741081847562 0.8922880300470648
0.4535145122251602 0.8922880300470648
0.44139330010394806 0.8963284340874689
0.4454337041443521 0.8963284340874689
0.43331249202314004 0.9003688381278729
0.43735289606354405 0.9003688381278729
0.4252316839423319 0.904409242168277
0.429272087982736 0.904409242168277
0.4171508758615239 0.9084496462086811
0.4211912799019279 0.9084496462086811
0.40502966374031174 0.912490050249085
0.40907006778071575 0.912490050249085
0.4131104718211198 0.912490050249085
0.39694885565950366 0.9165304542894891
0.4009892596999077 0.9165304542894891
0.3888680475786956 0.920570858329893
0.3929084516190996 0.920570858329893
0.37674683545748344 0.9246112623702971
0.3807872394978875 0.9246112623702971
0.3848276435382915 0.9246112623702971
0.36866602737667536 0.9286516664107012
0.3727064314170794 0.9286516664107012
0.3565448152554632 0.9326920704511052
0.3605852192958673 0.9326920704511052
0.36462562333627135 0.9326920704511052
0.3484640071746552 0.9367324744915093
0.3525044112150592 0.9367324744915093
0.33634279505344306 0.9407728785319134
0.34038319909384707 0.9407728785319134
0.34442360313425113 0.9407728785319134
0.3242215829322309 0.9448132825723174
0.328261986972635 0.9448132825723174
0.332302391013039 0.9448132825723174
0.3121003708110188 0.9488536866127214
0.31614077485142283 0.9488536866127214
0.32018117889182685 0.9488536866127214
0.2999791586898067 0.9528940906531255
0.3040195627302107 0.9528940906531255
0.30805996677061476 0.9528940906531255
