# x y
0.6999746185685906 0.7145102522692871
0.6959342145281865 0.7185506563096911
0.6918938104877825 0.7225910603500951
0.6878534064473785 0.7266314643904992
0.6838130024069744 0.7306718684309033
0.6757321943261663 0.7347122724713073
0.6797725983665703 0.7347122724713073
0.6716917902857622 0.7387526765117113
0.6757321943261663 0.7387526765117113
0.6676513862453581 0.7427930805521153
0.6716917902857622 0.7427930805521153
0.6636109822049542 0.7468334845925194
0.6676513862453581 0.7468334845925194
0.6595705781645501 0.7508738886329235
0.6555301741241462 0.7549142926733274
0.6514897700837421 0.7589546967137315
0.643408962002934 0.7629951007541356
0.647449366043338 0.7629951007541356
0.6393685579625299 0.7670355047945396
0.643408962002934 0.7670355047945396
0.6353281539221258 0.7710759088349436
0.6393685579625299 0.7710759088349436
0.6312877498817219 0.7751163128753477
0.6272473458413178 0.7791567169157517
0.6191665377605098 0.7831971209561558
0.6232069418009137 0.7831971209561558
0.6151261337201057 0.7872375249965597
0.6191665377605098 0.7872375249965597
0.6110857296797017 0.7912779290369638
0.6030049215988935 0.7953183330773679
0.6070453256392976 0.7953183330773679
0.5989645175584895 0.799358737117772
0.6030049215988935 0.799358737117772
0.5949241135180855 0.803399141158176
0.5868433054372775 0.80743954519858
0.5908837094776814 0.80743954519858
0.5828029013968734 0.811479949238984
0.5868433054372775 0.811479949238984
0.5787624973564693 0.8155203532793881
0.5706816892756612 0.819560757319792
0.5747220933160653 0.819560757319792
0.5666412852352571 0.8236011613601961
0.5706816892756612 0.8236011613601961
0.5585604771544491 0.8276415654006002
0.5626008811948532 0.8276415654006002
0.554520073114045 0.8316819694410043
0.5585604771544491 0.8316819694410043
0.546439265033237 0.8357223734814083
0.5504796690736411 0.8357223734814083
0.542398860992833 0.8397627775218124
0.546439265033237 0.8397627775218124
0.5343180529120248 0.8438031815622163
0.5383584569524289 0.8438031815622163
0.5302776488716209 0.8478435856026204
0.5221968407908127 0.8518839896430245
0.5262372448312168 0.8518839896430245
0.5141160327100047 0.8559243936834284
0.5181564367504087 0.8559243936834284
0.5100756286696007 0.8599647977238325
0.5141160327100047 0.8599647977238325
0.5019948205887925 0.8640052017642366
0.5060352246291966 0.8640052017642366
0.4939140125079845 0.8680456058046406
0.4979544165483885 0.8680456058046406
0.48583320442717637 0.8720860098450447
0.48987360846758043 0.8720860098450447
0.48179280038677236 0.8761264138854487
0.48583320442717637 0.8761264138854487
0.4737119923059643 0.8801668179258527
0.47775239634636835 0.8801668179258527
0.4656311842251562 0.8842072219662568
0.4696715882655602 0.8842072219662568
0.4575503761443481 0.8882476260066607
0.46159078018475214 0.8882476260066607
0.44946956806354 0.8922880300470648
0.45350997210394406 0.8922880300470648
0.44138875998273197 0.8963284340874689
0.445429164023136 0.8963284340874689
0.43330795190192384 0.9003688381278729
0.4373483559423279 0.9003688381278729
0.4252271438211158 0.904409242168277
0.4292675478615198 0.904409242168277
0.4131059316999037 0.9084496462086811
0.4171463357403077 0.9084496462086811
0.42118673978071175 0.9084496462086811
0.4050251236190956 0.912490050249085
0.4090655276594996 0.912490050249085
0.4131059316999037 0.912490050249085
0.3969443155382875 0.9165304542894891
0.40098471957869153 0.9165304542894891
0.4050251236190956 0.9165304542894891
0.38886350745747944 0.920570858329893
0.39290391149788345 0.920570858329893
0.3767422953362673 0.9246112623702971
0.3807826993766713 0.9246112623702971
0.3848231034170754 0.9246112623702971
0.3686614872554592 0.9286516664107012
0.3727018912958633 0.9286516664107012
0.35654027513424713 0.9326920704511052
0.36058067917465114 0.9326920704511052
0.36462108321505515 0.9326920704511052
0.344419063013035 0.9367324744915093
0.348459467053439 0.9367324744915093
0.35249987109384306 0.9367324744915093
0.3363382549322269 0.9407728785319134
0.3403786589726309 0.9407728785319134
0.344419063013035 0.9407728785319134
0.32421704281101477 0.9448132825723174
0.32825744685141883 0.9448132825723174
0.33229785089182284 0.9448132825723174
0.3120958306898026 0.9488536866127214
0.3161362347302067 0.9488536866127214
0.32017663877061076 0.9488536866127214
0.29997461856859053 0.9528940906531255
0.3040150226089946 0.9528940906531255
0.3080554266493986 0.9528940906531255
