# x y
0.6595709166822938 0.7791567169157517
0.6312880883994656 0.803399141158176
0.5989648560762333 0.8155203532793881
0.5626012197125969 0.8357223734814083
0.5181567752681524 0.8640052017642366
0.5221971793085565 0.8680456058046406
0.5019951591065362 0.8801668179258527
0.46563152274289993 0.9003688381278729
0.48987394698532416 0.9003688381278729
0.40098505809643525 0.9246112623702971
0.372702229813607 0.9367324744915093
0.3646214217327989 0.9609748987339335
0.3161365732479504 0.9650153027743376
0.3040153611267383 0.9690557068147416
0.33229818940956657 0.9730961108551457
