# x y
0.6999785915564889 0.7145102522692871
0.6959381875160848 0.7185506563096911
0.6918977834756809 0.7225910603500951
0.6878573794352768 0.7266314643904992
0.6838169753948727 0.7306718684309033
0.6757361673140647 0.7347122724713073
0.6797765713544688 0.7347122724713073
0.6716957632736607 0.7387526765117113
0.6757361673140647 0.7387526765117113
0.6676553592332566 0.7427930805521153
0.6716957632736607 0.7427930805521153
0.6636149551928525 0.7468334845925194
0.6676553592332566 0.7468334845925194
0.6595745511524485 0.7508738886329235
0.6555341471120445 0.7549142926733274
0.6514937430716404 0.7589546967137315
0.6474533390312365 0.7629951007541356
0.6393725309504283 0.7670355047945396
0.6434129349908324 0.7670355047945396
0.6353321269100243 0.7710759088349436
0.6393725309504283 0.7710759088349436
0.6312917228696202 0.7751163128753477
0.6272513188292161 0.7791567169157517
0.6191705107484081 0.7831971209561558
0.6232109147888121 0.7831971209561558
0.615130106708004 0.7872375249965597
0.6191705107484081 0.7872375249965597
0.6110897026676001 0.7912779290369638
0.607049298627196 0.7953183330773679
0.5989684905463879 0.799358737117772
0.603008894586792 0.799358737117772
0.5949280865059838 0.803399141158176
0.5868472784251758 0.80743954519858
0.5908876824655798 0.80743954519858
0.5828068743847717 0.811479949238984
0.5868472784251758 0.811479949238984
0.5787664703443678 0.8155203532793881
0.5706856622635597 0.819560757319792
0.5747260663039637 0.819560757319792
0.5666452582231556 0.8236011613601961
0.5585644501423475 0.8276415654006002
0.5626048541827515 0.8276415654006002
0.5545240461019434 0.8316819694410043
0.5585644501423475 0.8316819694410043
0.5464432380211354 0.8357223734814083
0.5504836420615394 0.8357223734814083
0.5424028339807314 0.8397627775218124
0.5464432380211354 0.8397627775218124
0.5343220258999233 0.8438031815622163
0.5383624299403273 0.8438031815622163
0.5302816218595192 0.8478435856026204
0.5222008137787111 0.8518839896430245
0.5262412178191151 0.8518839896430245
0.5141200056979031 0.8559243936834284
0.5181604097383071 0.8559243936834284
0.510079601657499 0.8599647977238325
0.501998793576691 0.8640052017642366
0.506039197617095 0.8640052017642366
0.49391798549588284 0.8680456058046406
0.4979583895362869 0.8680456058046406
0.4858371774150748 0.8720860098450447
0.4898775814554788 0.8720860098450447
0.48179677337467075 0.8761264138854487
0.4858371774150748 0.8761264138854487
0.4737159652938627 0.8801668179258527
0.4777563693342667 0.8801668179258527
0.4656351572130546 0.8842072219662568
0.46967556125345866 0.8842072219662568
0.45755434913224646 0.8882476260066607
0.46159475317265053 0.8882476260066607
0.44947354105143844 0.8922880300470648
0.45351394509184245 0.8922880300470648
0.4413927329706303 0.8963284340874689
0.4454331370110344 0.8963284340874689
0.4333119248898223 0.9003688381278729
0.4373523289302263 0.9003688381278729
0.42523111680901415 0.904409242168277
0.4292715208494182 0.904409242168277
0.41715030872820613 0.9084496462086811
0.42119071276861014 0.9084496462086811
0.405029096606994 0.912490050249085
0.409069500647398 0.912490050249085
0.41310990468780207 0.912490050249085
0.3969482885261859 0.9165304542894891
0.4009886925665899 0.9165304542894891
0.38886748044537783 0.920570858329893
0.39290788448578184 0.920570858329893
0.3767462683241657 0.9246112623702971
0.38078667236456976 0.9246112623702971
0.38482707640497377 0.9246112623702971
0.3686654602433576 0.9286516664107012
0.3727058642837616 0.9286516664107012
0.35654424812214547 0.9326920704511052
0.36058465216254953 0.9326920704511052
0.3646250562029536 0.9326920704511052
0.34846344004133745 0.9367324744915093
0.35250384408174146 0.9367324744915093
0.3363422279201253 0.9407728785319134
0.3403826319605293 0.9407728785319134
0.3444230360009334 0.9407728785319134
0.32422101579891316 0.9448132825723174
0.3282614198393172 0.9448132825723174
0.33230182387972124 0.9448132825723174
0.31209980367770107 0.9488536866127214
0.3161402077181051 0.9488536866127214
0.3201806117585091 0.9488536866127214
0.2999785915564889 0.9528940906531255
0.30401899559689294 0.9528940906531255
0.308059399637297 0.9528940906531255
