# x y
0.696413398985223 0.698348636107671
0.6842921868640108 0.702389040148075
0.6883325909044149 0.702389040148075
0.692372994944819 0.702389040148075
0.696413398985223 0.702389040148075
0.6883325909044149 0.706429444188479
0.692372994944819 0.706429444188479
0.696413398985223 0.706429444188479
0.6802517828236068 0.710469848228883
0.6842921868640108 0.710469848228883
0.6883325909044149 0.710469848228883
0.692372994944819 0.710469848228883
0.696413398985223 0.710469848228883
0.6802517828236068 0.7145102522692871
0.6842921868640108 0.7145102522692871
0.6883325909044149 0.7145102522692871
0.692372994944819 0.7145102522692871
0.696413398985223 0.7145102522692871
0.6762113787832028 0.7185506563096911
0.6802517828236068 0.7185506563096911
0.6842921868640108 0.7185506563096911
0.6883325909044149 0.7185506563096911
0.692372994944819 0.7185506563096911
0.696413398985223 0.7185506563096911
0.6640901666619907 0.7225910603500951
0.6721709747427987 0.7225910603500951
0.6762113787832028 0.7225910603500951
0.6802517828236068 0.7225910603500951
0.6842921868640108 0.7225910603500951
0.6883325909044149 0.7225910603500951
0.692372994944819 0.7225910603500951
0.696413398985223 0.7225910603500951
0.6600497626215867 0.7266314643904992
0.6681305707023948 0.7266314643904992
0.6721709747427987 0.7266314643904992
0.6762113787832028 0.7266314643904992
0.6802517828236068 0.7266314643904992
0.6842921868640108 0.7266314643904992
0.6883325909044149 0.7266314643904992
0.692372994944819 0.7266314643904992
0.696413398985223 0.7266314643904992
0.6640901666619907 0.7306718684309033
0.6681305707023948 0.7306718684309033
0.6721709747427987 0.7306718684309033
0.6762113787832028 0.7306718684309033
0.6802517828236068 0.7306718684309033
0.6842921868640108 0.7306718684309033
0.6883325909044149 0.7306718684309033
0.692372994944819 0.7306718684309033
0.696413398985223 0.7306718684309033
0.6479285505003745 0.7347122724713073
0.6560093585811826 0.7347122724713073
0.6600497626215867 0.7347122724713073
0.6640901666619907 0.7347122724713073
0.6681305707023948 0.7347122724713073
0.6721709747427987 0.7347122724713073
0.6762113787832028 0.7347122724713073
0.6802517828236068 0.7347122724713073
0.6842921868640108 0.7347122724713073
0.6883325909044149 0.7347122724713073
0.692372994944819 0.7347122724713073
0.6519689545407785 0.7387526765117113
0.6560093585811826 0.7387526765117113
0.6600497626215867 0.7387526765117113
0.6640901666619907 0.7387526765117113
0.6681305707023948 0.7387526765117113
0.6721709747427987 0.7387526765117113
0.6762113787832028 0.7387526765117113
0.6802517828236068 0.7387526765117113
0.6842921868640108 0.7387526765117113
0.6883325909044149 0.7387526765117113
0.6398477424195664 0.7427930805521153
0.6479285505003745 0.7427930805521153
0.6519689545407785 0.7427930805521153
0.6560093585811826 0.7427930805521153
0.6600497626215867 0.7427930805521153
0.6640901666619907 0.7427930805521153
0.6681305707023948 0.7427930805521153
0.6721709747427987 0.7427930805521153
0.6762113787832028 0.7427930805521153
0.6802517828236068 0.7427930805521153
0.6883325909044149 0.7427930805521153
0.6358073383791625 0.7468334845925194
0.6438881464599705 0.7468334845925194
0.6479285505003745 0.7468334845925194
0.6519689545407785 0.7468334845925194
0.6560093585811826 0.7468334845925194
0.6600497626215867 0.7468334845925194
0.6640901666619907 0.7468334845925194
0.6681305707023948 0.7468334845925194
0.6721709747427987 0.7468334845925194
0.6762113787832028 0.7468334845925194
0.6398477424195664 0.7508738886329235
0.6438881464599705 0.7508738886329235
0.6479285505003745 0.7508738886329235
0.6519689545407785 0.7508738886329235
0.6560093585811826 0.7508738886329235
0.6600497626215867 0.7508738886329235
0.6640901666619907 0.7508738886329235
0.6681305707023948 0.7508738886329235
0.6721709747427987 0.7508738886329235
0.6762113787832028 0.7508738886329235
0.6277265302983543 0.7549142926733274
0.6317669343387584 0.7549142926733274
0.6358073383791625 0.7549142926733274
0.6398477424195664 0.7549142926733274
0.6438881464599705 0.7549142926733274
0.6479285505003745 0.7549142926733274
0.6519689545407785 0.7549142926733274
0.6560093585811826 0.7549142926733274
0.6600497626215867 0.7549142926733274
0.6640901666619907 0.7549142926733274
0.6681305707023948 0.7549142926733274
0.6277265302983543 0.7589546967137315
0.6317669343387584 0.7589546967137315
0.6358073383791625 0.7589546967137315
0.6398477424195664 0.7589546967137315
0.6438881464599705 0.7589546967137315
0.6479285505003745 0.7589546967137315
0.6519689545407785 0.7589546967137315
0.6560093585811826 0.7589546967137315
0.6600497626215867 0.7589546967137315
0.6640901666619907 0.7589546967137315
0.6236861262579503 0.7629951007541356
0.6277265302983543 0.7629951007541356
0.6317669343387584 0.7629951007541356
0.6358073383791625 0.7629951007541356
0.6398477424195664 0.7629951007541356
0.6438881464599705 0.7629951007541356
0.6479285505003745 0.7629951007541356
0.6519689545407785 0.7629951007541356
0.6560093585811826 0.7629951007541356
0.6600497626215867 0.7629951007541356
0.6640901666619907 0.7629951007541356
0.6115649141367381 0.7670355047945396
0.6196457222175462 0.7670355047945396
0.6236861262579503 0.7670355047945396
0.6277265302983543 0.7670355047945396
0.6317669343387584 0.7670355047945396
0.6358073383791625 0.7670355047945396
0.6398477424195664 0.7670355047945396
0.6438881464599705 0.7670355047945396
0.6479285505003745 0.7670355047945396
0.6519689545407785 0.7670355047945396
0.6560093585811826 0.7670355047945396
0.6075245100963341 0.7710759088349436
0.6115649141367381 0.7710759088349436
0.6156053181771421 0.7710759088349436
0.6196457222175462 0.7710759088349436
0.6236861262579503 0.7710759088349436
0.6277265302983543 0.7710759088349436
0.6317669343387584 0.7710759088349436
0.6358073383791625 0.7710759088349436
0.6398477424195664 0.7710759088349436
0.6438881464599705 0.7710759088349436
0.6479285505003745 0.7710759088349436
0.6519689545407785 0.7710759088349436
0.6075245100963341 0.7751163128753477
0.6115649141367381 0.7751163128753477
0.6156053181771421 0.7751163128753477
0.6196457222175462 0.7751163128753477
0.6236861262579503 0.7751163128753477
0.6277265302983543 0.7751163128753477
0.6317669343387584 0.7751163128753477
0.6358073383791625 0.7751163128753477
0.6398477424195664 0.7751163128753477
0.6438881464599705 0.7751163128753477
0.6479285505003745 0.7751163128753477
0.595403297975122 0.7791567169157517
0.5994437020155261 0.7791567169157517
0.6034841060559301 0.7791567169157517
0.6075245100963341 0.7791567169157517
0.6115649141367381 0.7791567169157517
0.6156053181771421 0.7791567169157517
0.6196457222175462 0.7791567169157517
0.6236861262579503 0.7791567169157517
0.6277265302983543 0.7791567169157517
0.6317669343387584 0.7791567169157517
0.6358073383791625 0.7791567169157517
0.6398477424195664 0.7791567169157517
0.5873224898943139 0.7831971209561558
0.591362893934718 0.7831971209561558
0.595403297975122 0.7831971209561558
0.5994437020155261 0.7831971209561558
0.6034841060559301 0.7831971209561558
0.6075245100963341 0.7831971209561558
0.6115649141367381 0.7831971209561558
0.6156053181771421 0.7831971209561558
0.6196457222175462 0.7831971209561558
0.6236861262579503 0.7831971209561558
0.6277265302983543 0.7831971209561558
0.6317669343387584 0.7831971209561558
0.6358073383791625 0.7831971209561558
0.6398477424195664 0.7831971209561558
0.5832820858539098 0.7872375249965597
0.591362893934718 0.7872375249965597
0.595403297975122 0.7872375249965597
0.5994437020155261 0.7872375249965597
0.6034841060559301 0.7872375249965597
0.6075245100963341 0.7872375249965597
0.6115649141367381 0.7872375249965597
0.6156053181771421 0.7872375249965597
0.6196457222175462 0.7872375249965597
0.6236861262579503 0.7872375249965597
0.6277265302983543 0.7872375249965597
0.6317669343387584 0.7872375249965597
0.6358073383791625 0.7872375249965597
0.5873224898943139 0.7912779290369638
0.591362893934718 0.7912779290369638
0.595403297975122 0.7912779290369638
0.5994437020155261 0.7912779290369638
0.6034841060559301 0.7912779290369638
0.6075245100963341 0.7912779290369638
0.6115649141367381 0.7912779290369638
0.6156053181771421 0.7912779290369638
0.6196457222175462 0.7912779290369638
0.6236861262579503 0.7912779290369638
0.6277265302983543 0.7912779290369638
0.5792416818135058 0.7953183330773679
0.5832820858539098 0.7953183330773679
0.5873224898943139 0.7953183330773679
0.591362893934718 0.7953183330773679
0.595403297975122 0.7953183330773679
0.5994437020155261 0.7953183330773679
0.6034841060559301 0.7953183330773679
0.6075245100963341 0.7953183330773679
0.6115649141367381 0.7953183330773679
0.6156053181771421 0.7953183330773679
0.6196457222175462 0.7953183330773679
0.6236861262579503 0.7953183330773679
0.5671204696922938 0.799358737117772
0.5752012777731018 0.799358737117772
0.5792416818135058 0.799358737117772
0.5832820858539098 0.799358737117772
0.5873224898943139 0.799358737117772
0.591362893934718 0.799358737117772
0.595403297975122 0.799358737117772
0.5994437020155261 0.799358737117772
0.6034841060559301 0.799358737117772
0.6075245100963341 0.799358737117772
0.6115649141367381 0.799358737117772
0.6156053181771421 0.799358737117772
0.6196457222175462 0.799358737117772
0.5671204696922938 0.803399141158176
0.5711608737326977 0.803399141158176
0.5752012777731018 0.803399141158176
0.5792416818135058 0.803399141158176
0.5832820858539098 0.803399141158176
0.5873224898943139 0.803399141158176
0.591362893934718 0.803399141158176
0.595403297975122 0.803399141158176
0.5994437020155261 0.803399141158176
0.6034841060559301 0.803399141158176
0.6075245100963341 0.803399141158176
0.6115649141367381 0.803399141158176
0.5549992575710816 0.80743954519858
0.5630800656518897 0.80743954519858
0.5671204696922938 0.80743954519858
0.5711608737326977 0.80743954519858
0.5752012777731018 0.80743954519858
0.5792416818135058 0.80743954519858
0.5832820858539098 0.80743954519858
0.5873224898943139 0.80743954519858
0.591362893934718 0.80743954519858
0.595403297975122 0.80743954519858
0.5994437020155261 0.80743954519858
0.6034841060559301 0.80743954519858
0.6075245100963341 0.80743954519858
0.6115649141367381 0.80743954519858
0.5549992575710816 0.811479949238984
0.5590396616114857 0.811479949238984
0.5630800656518897 0.811479949238984
0.5671204696922938 0.811479949238984
0.5711608737326977 0.811479949238984
0.5752012777731018 0.811479949238984
0.5792416818135058 0.811479949238984
0.5832820858539098 0.811479949238984
0.5873224898943139 0.811479949238984
0.591362893934718 0.811479949238984
0.595403297975122 0.811479949238984
0.5994437020155261 0.811479949238984
0.6034841060559301 0.811479949238984
0.5509588535306775 0.8155203532793881
0.5549992575710816 0.8155203532793881
0.5590396616114857 0.8155203532793881
0.5630800656518897 0.8155203532793881
0.5671204696922938 0.8155203532793881
0.5711608737326977 0.8155203532793881
0.5752012777731018 0.8155203532793881
0.5792416818135058 0.8155203532793881
0.5832820858539098 0.8155203532793881
0.5873224898943139 0.8155203532793881
0.591362893934718 0.8155203532793881
0.595403297975122 0.8155203532793881
0.5428780454498695 0.819560757319792
0.5469184494902735 0.819560757319792
0.5509588535306775 0.819560757319792
0.5549992575710816 0.819560757319792
0.5590396616114857 0.819560757319792
0.5630800656518897 0.819560757319792
0.5671204696922938 0.819560757319792
0.5711608737326977 0.819560757319792
0.5752012777731018 0.819560757319792
0.5792416818135058 0.819560757319792
0.5832820858539098 0.819560757319792
0.5873224898943139 0.819560757319792
0.591362893934718 0.819560757319792
0.5388376414094654 0.8236011613601961
0.5428780454498695 0.8236011613601961
0.5469184494902735 0.8236011613601961
0.5509588535306775 0.8236011613601961
0.5549992575710816 0.8236011613601961
0.5590396616114857 0.8236011613601961
0.5630800656518897 0.8236011613601961
0.5671204696922938 0.8236011613601961
0.5711608737326977 0.8236011613601961
0.5752012777731018 0.8236011613601961
0.5792416818135058 0.8236011613601961
0.5832820858539098 0.8236011613601961
0.5873224898943139 0.8236011613601961
0.5226760252478493 0.8276415654006002
0.5307568333286574 0.8276415654006002
0.5347972373690614 0.8276415654006002
0.5388376414094654 0.8276415654006002
0.5428780454498695 0.8276415654006002
0.5469184494902735 0.8276415654006002
0.5509588535306775 0.8276415654006002
0.5549992575710816 0.8276415654006002
0.5590396616114857 0.8276415654006002
0.5630800656518897 0.8276415654006002
0.5671204696922938 0.8276415654006002
0.5711608737326977 0.8276415654006002
0.5752012777731018 0.8276415654006002
0.5792416818135058 0.8276415654006002
0.5832820858539098 0.8276415654006002
0.5065144090862331 0.8316819694410043
0.5267164292882534 0.8316819694410043
0.5307568333286574 0.8316819694410043
0.5347972373690614 0.8316819694410043
0.5388376414094654 0.8316819694410043
0.5428780454498695 0.8316819694410043
0.5469184494902735 0.8316819694410043
0.5509588535306775 0.8316819694410043
0.5549992575710816 0.8316819694410043
0.5590396616114857 0.8316819694410043
0.5630800656518897 0.8316819694410043
0.5671204696922938 0.8316819694410043
0.5711608737326977 0.8316819694410043
0.5752012777731018 0.8316819694410043
0.5186356212074452 0.8357223734814083
0.5226760252478493 0.8357223734814083
0.5267164292882534 0.8357223734814083
0.5307568333286574 0.8357223734814083
0.5347972373690614 0.8357223734814083
0.5388376414094654 0.8357223734814083
0.5428780454498695 0.8357223734814083
0.5469184494902735 0.8357223734814083
0.5509588535306775 0.8357223734814083
0.5549992575710816 0.8357223734814083
0.5590396616114857 0.8357223734814083
0.5630800656518897 0.8357223734814083
0.5671204696922938 0.8357223734814083
0.5752012777731018 0.8357223734814083
0.5105548131266371 0.8397627775218124
0.5145952171670412 0.8397627775218124
0.5186356212074452 0.8397627775218124
0.5226760252478493 0.8397627775218124
0.5267164292882534 0.8397627775218124
0.5307568333286574 0.8397627775218124
0.5347972373690614 0.8397627775218124
0.5388376414094654 0.8397627775218124
0.5428780454498695 0.8397627775218124
0.5469184494902735 0.8397627775218124
0.5509588535306775 0.8397627775218124
0.5549992575710816 0.8397627775218124
0.5590396616114857 0.8397627775218124
0.5630800656518897 0.8397627775218124
0.490352792924617 0.8438031815622163
0.5065144090862331 0.8438031815622163
0.5105548131266371 0.8438031815622163
0.5145952171670412 0.8438031815622163
0.5186356212074452 0.8438031815622163
0.5226760252478493 0.8438031815622163
0.5267164292882534 0.8438031815622163
0.5307568333286574 0.8438031815622163
0.5347972373690614 0.8438031815622163
0.5388376414094654 0.8438031815622163
0.5428780454498695 0.8438031815622163
0.5469184494902735 0.8438031815622163
0.5509588535306775 0.8438031815622163
0.5549992575710816 0.8438031815622163
0.5590396616114857 0.8438031815622163
0.498433601005425 0.8478435856026204
0.5024740050458291 0.8478435856026204
0.5065144090862331 0.8478435856026204
0.5105548131266371 0.8478435856026204
0.5145952171670412 0.8478435856026204
0.5186356212074452 0.8478435856026204
0.5226760252478493 0.8478435856026204
0.5267164292882534 0.8478435856026204
0.5307568333286574 0.8478435856026204
0.5347972373690614 0.8478435856026204
0.5388376414094654 0.8478435856026204
0.5428780454498695 0.8478435856026204
0.5469184494902735 0.8478435856026204
0.5509588535306775 0.8478435856026204
0.48227198484380884 0.8518839896430245
0.490352792924617 0.8518839896430245
0.494393196965021 0.8518839896430245
0.498433601005425 0.8518839896430245
0.5024740050458291 0.8518839896430245
0.5065144090862331 0.8518839896430245
0.5105548131266371 0.8518839896430245
0.5145952171670412 0.8518839896430245
0.5186356212074452 0.8518839896430245
0.5226760252478493 0.8518839896430245
0.5267164292882534 0.8518839896430245
0.5307568333286574 0.8518839896430245
0.5347972373690614 0.8518839896430245
0.5388376414094654 0.8518839896430245
0.5428780454498695 0.8518839896430245
0.5469184494902735 0.8518839896430245
0.5509588535306775 0.8518839896430245
0.48227198484380884 0.8559243936834284
0.4863123888842129 0.8559243936834284
0.490352792924617 0.8559243936834284
0.494393196965021 0.8559243936834284
0.498433601005425 0.8559243936834284
0.5024740050458291 0.8559243936834284
0.5065144090862331 0.8559243936834284
0.5105548131266371 0.8559243936834284
0.5145952171670412 0.8559243936834284
0.5186356212074452 0.8559243936834284
0.5226760252478493 0.8559243936834284
0.5267164292882534 0.8559243936834284
0.5307568333286574 0.8559243936834284
0.5347972373690614 0.8559243936834284
0.5388376414094654 0.8559243936834284
0.47823158080340483 0.8599647977238325
0.48227198484380884 0.8599647977238325
0.4863123888842129 0.8599647977238325
0.490352792924617 0.8599647977238325
0.494393196965021 0.8599647977238325
0.498433601005425 0.8599647977238325
0.5024740050458291 0.8599647977238325
0.5065144090862331 0.8599647977238325
0.5105548131266371 0.8599647977238325
0.5145952171670412 0.8599647977238325
0.5186356212074452 0.8599647977238325
0.5226760252478493 0.8599647977238325
0.5267164292882534 0.8599647977238325
0.5307568333286574 0.8599647977238325
0.5388376414094654 0.8599647977238325
0.4580295606013846 0.8640052017642366
0.4661103686821927 0.8640052017642366
0.47015077272259675 0.8640052017642366
0.4741911767630008 0.8640052017642366
0.47823158080340483 0.8640052017642366
0.48227198484380884 0.8640052017642366
0.4863123888842129 0.8640052017642366
0.490352792924617 0.8640052017642366
0.494393196965021 0.8640052017642366
0.498433601005425 0.8640052017642366
0.5024740050458291 0.8640052017642366
0.5065144090862331 0.8640052017642366
0.5105548131266371 0.8640052017642366
0.5145952171670412 0.8640052017642366
0.5186356212074452 0.8640052017642366
0.5226760252478493 0.8640052017642366
0.5267164292882534 0.8640052017642366
0.44590834848017247 0.8680456058046406
0.4620699646417887 0.8680456058046406
0.4661103686821927 0.8680456058046406
0.47015077272259675 0.8680456058046406
0.4741911767630008 0.8680456058046406
0.47823158080340483 0.8680456058046406
0.48227198484380884 0.8680456058046406
0.4863123888842129 0.8680456058046406
0.490352792924617 0.8680456058046406
0.494393196965021 0.8680456058046406
0.498433601005425 0.8680456058046406
0.5024740050458291 0.8680456058046406
0.5065144090862331 0.8680456058046406
0.5105548131266371 0.8680456058046406
0.5145952171670412 0.8680456058046406
0.5186356212074452 0.8680456058046406
0.5267164292882534 0.8680456058046406
0.4539891565609806 0.8720860098450447
0.4580295606013846 0.8720860098450447
0.4620699646417887 0.8720860098450447
0.4661103686821927 0.8720860098450447
0.47015077272259675 0.8720860098450447
0.4741911767630008 0.8720860098450447
0.47823158080340483 0.8720860098450447
0.48227198484380884 0.8720860098450447
0.4863123888842129 0.8720860098450447
0.490352792924617 0.8720860098450447
0.494393196965021 0.8720860098450447
0.498433601005425 0.8720860098450447
0.5024740050458291 0.8720860098450447
0.5065144090862331 0.8720860098450447
0.5105548131266371 0.8720860098450447
0.5145952171670412 0.8720860098450447
0.4297467323185563 0.8761264138854487
0.4337871363589604 0.8761264138854487
0.44590834848017247 0.8761264138854487
0.44994875252057653 0.8761264138854487
0.4539891565609806 0.8761264138854487
0.4580295606013846 0.8761264138854487
0.4620699646417887 0.8761264138854487
0.4661103686821927 0.8761264138854487
0.47015077272259675 0.8761264138854487
0.4741911767630008 0.8761264138854487
0.47823158080340483 0.8761264138854487
0.48227198484380884 0.8761264138854487
0.4863123888842129 0.8761264138854487
0.490352792924617 0.8761264138854487
0.494393196965021 0.8761264138854487
0.498433601005425 0.8761264138854487
0.5024740050458291 0.8761264138854487
0.5065144090862331 0.8761264138854487
0.5145952171670412 0.8761264138854487
0.43782754039936445 0.8801668179258527
0.44186794443976846 0.8801668179258527
0.44590834848017247 0.8801668179258527
0.44994875252057653 0.8801668179258527
0.4539891565609806 0.8801668179258527
0.4580295606013846 0.8801668179258527
0.4620699646417887 0.8801668179258527
0.4661103686821927 0.8801668179258527
0.47015077272259675 0.8801668179258527
0.4741911767630008 0.8801668179258527
0.47823158080340483 0.8801668179258527
0.48227198484380884 0.8801668179258527
0.4863123888842129 0.8801668179258527
0.490352792924617 0.8801668179258527
0.494393196965021 0.8801668179258527
0.498433601005425 0.8801668179258527
0.5065144090862331 0.8801668179258527
0.5105548131266371 0.8801668179258527
0.4297467323185563 0.8842072219662568
0.4337871363589604 0.8842072219662568
0.43782754039936445 0.8842072219662568
0.44186794443976846 0.8842072219662568
0.44590834848017247 0.8842072219662568
0.44994875252057653 0.8842072219662568
0.4539891565609806 0.8842072219662568
0.4580295606013846 0.8842072219662568
0.4620699646417887 0.8842072219662568
0.4661103686821927 0.8842072219662568
0.47015077272259675 0.8842072219662568
0.4741911767630008 0.8842072219662568
0.47823158080340483 0.8842072219662568
0.48227198484380884 0.8842072219662568
0.4863123888842129 0.8842072219662568
0.490352792924617 0.8842072219662568
0.4216659242377483 0.8882476260066607
0.4257063282781523 0.8882476260066607
0.4297467323185563 0.8882476260066607
0.4337871363589604 0.8882476260066607
0.43782754039936445 0.8882476260066607
0.44186794443976846 0.8882476260066607
0.44590834848017247 0.8882476260066607
0.44994875252057653 0.8882476260066607
0.4539891565609806 0.8882476260066607
0.4580295606013846 0.8882476260066607
0.4620699646417887 0.8882476260066607
0.4661103686821927 0.8882476260066607
0.47015077272259675 0.8882476260066607
0.4741911767630008 0.8882476260066607
0.47823158080340483 0.8882476260066607
0.48227198484380884 0.8882476260066607
0.4863123888842129 0.8882476260066607
0.494393196965021 0.8882476260066607
0.40954471211653615 0.8922880300470648
0.41358511615694016 0.8922880300470648
0.4176255201973442 0.8922880300470648
0.4216659242377483 0.8922880300470648
0.4257063282781523 0.8922880300470648
0.4297467323185563 0.8922880300470648
0.4337871363589604 0.8922880300470648
0.43782754039936445 0.8922880300470648
0.44186794443976846 0.8922880300470648
0.44590834848017247 0.8922880300470648
0.44994875252057653 0.8922880300470648
0.4539891565609806 0.8922880300470648
0.4580295606013846 0.8922880300470648
0.4620699646417887 0.8922880300470648
0.4661103686821927 0.8922880300470648
0.47015077272259675 0.8922880300470648
0.4741911767630008 0.8922880300470648
0.47823158080340483 0.8922880300470648
0.48227198484380884 0.8922880300470648
0.4863123888842129 0.8922880300470648
0.4055043080761321 0.8963284340874689
0.40954471211653615 0.8963284340874689
0.41358511615694016 0.8963284340874689
0.4176255201973442 0.8963284340874689
0.4216659242377483 0.8963284340874689
0.4257063282781523 0.8963284340874689
0.4297467323185563 0.8963284340874689
0.4337871363589604 0.8963284340874689
0.43782754039936445 0.8963284340874689
0.44186794443976846 0.8963284340874689
0.44590834848017247 0.8963284340874689
0.44994875252057653 0.8963284340874689
0.4539891565609806 0.8963284340874689
0.4580295606013846 0.8963284340874689
0.4620699646417887 0.8963284340874689
0.4661103686821927 0.8963284340874689
0.47015077272259675 0.8963284340874689
0.397423499995324 0.9003688381278729
0.40146390403572807 0.9003688381278729
0.4055043080761321 0.9003688381278729
0.40954471211653615 0.9003688381278729
0.41358511615694016 0.9003688381278729
0.4176255201973442 0.9003688381278729
0.4216659242377483 0.9003688381278729
0.4257063282781523 0.9003688381278729
0.4297467323185563 0.9003688381278729
0.4337871363589604 0.9003688381278729
0.43782754039936445 0.9003688381278729
0.44186794443976846 0.9003688381278729
0.44590834848017247 0.9003688381278729
0.44994875252057653 0.9003688381278729
0.4539891565609806 0.9003688381278729
0.4580295606013846 0.9003688381278729
0.4620699646417887 0.9003688381278729
0.37318107575289977 0.904409242168277
0.3893426919145159 0.904409242168277
0.39338309595492 0.904409242168277
0.397423499995324 0.904409242168277
0.40146390403572807 0.904409242168277
0.4055043080761321 0.904409242168277
0.40954471211653615 0.904409242168277
0.41358511615694016 0.904409242168277
0.4176255201973442 0.904409242168277
0.4216659242377483 0.904409242168277
0.4257063282781523 0.904409242168277
0.4297467323185563 0.904409242168277
0.4337871363589604 0.904409242168277
0.43782754039936445 0.904409242168277
0.44186794443976846 0.904409242168277
0.44590834848017247 0.904409242168277
0.44994875252057653 0.904409242168277
0.4539891565609806 0.904409242168277
0.3570194595912836 0.9084496462086811
0.37318107575289977 0.9084496462086811
0.3772214797933038 0.9084496462086811
0.38126188383370785 0.9084496462086811
0.3853022878741119 0.9084496462086811
0.3893426919145159 0.9084496462086811
0.39338309595492 0.9084496462086811
0.397423499995324 0.9084496462086811
0.40146390403572807 0.9084496462086811
0.4055043080761321 0.9084496462086811
0.40954471211653615 0.9084496462086811
0.41358511615694016 0.9084496462086811
0.4176255201973442 0.9084496462086811
0.4216659242377483 0.9084496462086811
0.4257063282781523 0.9084496462086811
0.4297467323185563 0.9084496462086811
0.4337871363589604 0.9084496462086811
0.43782754039936445 0.9084496462086811
0.44186794443976846 0.9084496462086811
0.44590834848017247 0.9084496462086811
0.4539891565609806 0.9084496462086811
0.3529790555508796 0.912490050249085
0.36914067171249576 0.912490050249085
0.37318107575289977 0.912490050249085
0.3772214797933038 0.912490050249085
0.38126188383370785 0.912490050249085
0.3853022878741119 0.912490050249085
0.3893426919145159 0.912490050249085
0.39338309595492 0.912490050249085
0.397423499995324 0.912490050249085
0.40146390403572807 0.912490050249085
0.4055043080761321 0.912490050249085
0.40954471211653615 0.912490050249085
0.41358511615694016 0.912490050249085
0.4176255201973442 0.912490050249085
0.4216659242377483 0.912490050249085
0.4257063282781523 0.912490050249085
0.4297467323185563 0.912490050249085
0.4337871363589604 0.912490050249085
0.43782754039936445 0.912490050249085
0.3610598636316876 0.9165304542894891
0.3651002676720917 0.9165304542894891
0.36914067171249576 0.9165304542894891
0.37318107575289977 0.9165304542894891
0.3772214797933038 0.9165304542894891
0.38126188383370785 0.9165304542894891
0.3853022878741119 0.9165304542894891
0.3893426919145159 0.9165304542894891
0.39338309595492 0.9165304542894891
0.397423499995324 0.9165304542894891
0.40146390403572807 0.9165304542894891
0.4055043080761321 0.9165304542894891
0.40954471211653615 0.9165304542894891
0.41358511615694016 0.9165304542894891
0.4176255201973442 0.9165304542894891
0.4216659242377483 0.9165304542894891
0.4257063282781523 0.9165304542894891
0.4297467323185563 0.9165304542894891
0.44186794443976846 0.9165304542894891
0.3246962272680513 0.920570858329893
0.34085784342966746 0.920570858329893
0.3448982474700715 0.920570858329893
0.34893865151047554 0.920570858329893
0.3529790555508796 0.920570858329893
0.3570194595912836 0.920570858329893
0.3610598636316876 0.920570858329893
0.3651002676720917 0.920570858329893
0.36914067171249576 0.920570858329893
0.37318107575289977 0.920570858329893
0.3772214797933038 0.920570858329893
0.38126188383370785 0.920570858329893
0.3853022878741119 0.920570858329893
0.3893426919145159 0.920570858329893
0.39338309595492 0.920570858329893
0.397423499995324 0.920570858329893
0.40146390403572807 0.920570858329893
0.4055043080761321 0.920570858329893
0.40954471211653615 0.920570858329893
0.41358511615694016 0.920570858329893
0.4176255201973442 0.920570858329893
0.4216659242377483 0.920570858329893
0.34085784342966746 0.9246112623702971
0.3448982474700715 0.9246112623702971
0.34893865151047554 0.9246112623702971
0.3529790555508796 0.9246112623702971
0.3570194595912836 0.9246112623702971
0.3610598636316876 0.9246112623702971
0.3651002676720917 0.9246112623702971
0.36914067171249576 0.9246112623702971
0.37318107575289977 0.9246112623702971
0.3772214797933038 0.9246112623702971
0.38126188383370785 0.9246112623702971
0.3853022878741119 0.9246112623702971
0.3893426919145159 0.9246112623702971
0.39338309595492 0.9246112623702971
0.397423499995324 0.9246112623702971
0.40146390403572807 0.9246112623702971
0.4055043080761321 0.9246112623702971
0.40954471211653615 0.9246112623702971
0.41358511615694016 0.9246112623702971
0.4176255201973442 0.9246112623702971
0.3287366313084553 0.9286516664107012
0.3327770353488594 0.9286516664107012
0.3368174393892634 0.9286516664107012
0.34085784342966746 0.9286516664107012
0.3448982474700715 0.9286516664107012
0.34893865151047554 0.9286516664107012
0.3529790555508796 0.9286516664107012
0.3570194595912836 0.9286516664107012
0.3610598636316876 0.9286516664107012
0.3651002676720917 0.9286516664107012
0.36914067171249576 0.9286516664107012
0.37318107575289977 0.9286516664107012
0.3772214797933038 0.9286516664107012
0.38126188383370785 0.9286516664107012
0.3853022878741119 0.9286516664107012
0.3893426919145159 0.9286516664107012
0.39338309595492 0.9286516664107012
0.397423499995324 0.9286516664107012
0.40146390403572807 0.9286516664107012
0.4055043080761321 0.9286516664107012
0.31661541918724323 0.9326920704511052
0.32065582322764724 0.9326920704511052
0.3246962272680513 0.9326920704511052
0.3287366313084553 0.9326920704511052
0.3327770353488594 0.9326920704511052
0.3368174393892634 0.9326920704511052
0.34085784342966746 0.9326920704511052
0.3448982474700715 0.9326920704511052
0.34893865151047554 0.9326920704511052
0.3529790555508796 0.9326920704511052
0.3570194595912836 0.9326920704511052
0.3610598636316876 0.9326920704511052
0.3651002676720917 0.9326920704511052
0.36914067171249576 0.9326920704511052
0.37318107575289977 0.9326920704511052
0.3772214797933038 0.9326920704511052
0.38126188383370785 0.9326920704511052
0.3853022878741119 0.9326920704511052
0.3893426919145159 0.9326920704511052
0.39338309595492 0.9326920704511052
0.296413398985223 0.9367324744915093
0.3004538030256271 0.9367324744915093
0.3044942070660311 0.9367324744915093
0.3085346111064351 0.9367324744915093
0.31257501514683916 0.9367324744915093
0.31661541918724323 0.9367324744915093
0.32065582322764724 0.9367324744915093
0.3246962272680513 0.9367324744915093
0.3287366313084553 0.9367324744915093
0.3327770353488594 0.9367324744915093
0.3368174393892634 0.9367324744915093
0.34085784342966746 0.9367324744915093
0.3448982474700715 0.9367324744915093
0.34893865151047554 0.9367324744915093
0.3529790555508796 0.9367324744915093
0.3570194595912836 0.9367324744915093
0.3610598636316876 0.9367324744915093
0.3651002676720917 0.9367324744915093
0.36914067171249576 0.9367324744915093
0.37318107575289977 0.9367324744915093
0.3772214797933038 0.9367324744915093
0.38126188383370785 0.9367324744915093
0.3853022878741119 0.9367324744915093
0.296413398985223 0.9407728785319134
0.3004538030256271 0.9407728785319134
0.3044942070660311 0.9407728785319134
0.3085346111064351 0.9407728785319134
0.31257501514683916 0.9407728785319134
0.31661541918724323 0.9407728785319134
0.32065582322764724 0.9407728785319134
0.3246962272680513 0.9407728785319134
0.3287366313084553 0.9407728785319134
0.3327770353488594 0.9407728785319134
0.3368174393892634 0.9407728785319134
0.34085784342966746 0.9407728785319134
0.3448982474700715 0.9407728785319134
0.34893865151047554 0.9407728785319134
0.3529790555508796 0.9407728785319134
0.3570194595912836 0.9407728785319134
0.3610598636316876 0.9407728785319134
0.3651002676720917 0.9407728785319134
0.36914067171249576 0.9407728785319134
0.37318107575289977 0.9407728785319134
0.3772214797933038 0.9407728785319134
0.296413398985223 0.9448132825723174
0.3004538030256271 0.9448132825723174
0.3044942070660311 0.9448132825723174
0.3085346111064351 0.9448132825723174
0.31257501514683916 0.9448132825723174
0.31661541918724323 0.9448132825723174
0.32065582322764724 0.9448132825723174
0.3246962272680513 0.9448132825723174
0.3287366313084553 0.9448132825723174
0.3327770353488594 0.9448132825723174
0.3368174393892634 0.9448132825723174
0.34085784342966746 0.9448132825723174
0.3448982474700715 0.9448132825723174
0.34893865151047554 0.9448132825723174
0.3529790555508796 0.9448132825723174
0.3570194595912836 0.9448132825723174
0.3610598636316876 0.9448132825723174
0.3651002676720917 0.9448132825723174
0.3772214797933038 0.9448132825723174
0.296413398985223 0.9488536866127214
0.3004538030256271 0.9488536866127214
0.3044942070660311 0.9488536866127214
0.3085346111064351 0.9488536866127214
0.31257501514683916 0.9488536866127214
0.31661541918724323 0.9488536866127214
0.32065582322764724 0.9488536866127214
0.3246962272680513 0.9488536866127214
0.3287366313084553 0.9488536866127214
0.3327770353488594 0.9488536866127214
0.3368174393892634 0.9488536866127214
0.34085784342966746 0.9488536866127214
0.3448982474700715 0.9488536866127214
0.34893865151047554 0.9488536866127214
0.3529790555508796 0.9488536866127214
0.3651002676720917 0.9488536866127214
0.296413398985223 0.9528940906531255
0.3004538030256271 0.9528940906531255
0.3044942070660311 0.9528940906531255
0.3085346111064351 0.9528940906531255
0.31257501514683916 0.9528940906531255
0.31661541918724323 0.9528940906531255
0.32065582322764724 0.9528940906531255
0.3246962272680513 0.9528940906531255
0.3287366313084553 0.9528940906531255
0.3327770353488594 0.9528940906531255
0.3368174393892634 0.9528940906531255
0.34085784342966746 0.9528940906531255
0.3448982474700715 0.9528940906531255
0.34893865151047554 0.9528940906531255
0.3610598636316876 0.9528940906531255
0.296413398985223 0.9569344946935294
0.3004538030256271 0.9569344946935294
0.3044942070660311 0.9569344946935294
0.3085346111064351 0.9569344946935294
0.31257501514683916 0.9569344946935294
0.31661541918724323 0.9569344946935294
0.32065582322764724 0.9569344946935294
0.3246962272680513 0.9569344946935294
0.3287366313084553 0.9569344946935294
0.3327770353488594 0.9569344946935294
0.34085784342966746 0.9569344946935294
0.3448982474700715 0.9569344946935294
0.34893865151047554 0.9569344946935294
0.296413398985223 0.9609748987339335
0.3004538030256271 0.9609748987339335
0.3044942070660311 0.9609748987339335
0.3085346111064351 0.9609748987339335
0.31257501514683916 0.9609748987339335
0.31661541918724323 0.9609748987339335
0.3327770353488594 0.9609748987339335
0.34085784342966746 0.9609748987339335
0.296413398985223 0.9650153027743376
0.3004538030256271 0.9650153027743376
0.3044942070660311 0.9650153027743376
0.3085346111064351 0.9650153027743376
0.296413398985223 0.9690557068147416
0.31257501514683916 0.9690557068147416
0.31661541918724323 0.9690557068147416
0.296413398985223 0.9730961108551457
0.3044942070660311 0.9730961108551457
