# x y
0.683826231659618 0.7387526765117113
0.671705019538406 0.7508738886329235
0.6595838074171938 0.7791567169157517
0.6191797670131534 0.7953183330773679
0.6191797670131534 0.799358737117772
0.5989777468111332 0.80743954519858
0.5989777468111332 0.8155203532793881
0.582816130649517 0.819560757319792
0.5949373427707292 0.8316819694410043
0.5585737064070928 0.8397627775218124
0.5464524942858807 0.8478435856026204
0.5666545144879009 0.8518839896430245
0.5302908781242646 0.8559243936834284
0.5222100700434564 0.8599647977238325
0.4252403730737595 0.920570858329893
0.3444322922656787 0.9448132825723174
0.3403918882252746 0.9488536866127214
0.3363514841848706 0.9528940906531255
0.2999878478212342 0.9609748987339335
0.3161494639828504 0.9650153027743376
0.3040282518616383 0.9690557068147416
