# x y
0.6999275307805053 0.710469848228883
0.6958871267401012 0.7145102522692871
0.6999275307805053 0.7145102522692871
0.6918467226996972 0.7185506563096911
0.6958871267401012 0.7185506563096911
0.6999275307805053 0.7185506563096911
0.6878063186592931 0.7225910603500951
0.6918467226996972 0.7225910603500951
0.6958871267401012 0.7225910603500951
0.683765914618889 0.7266314643904992
0.6878063186592931 0.7266314643904992
0.6797255105784851 0.7306718684309033
0.683765914618889 0.7306718684309033
0.675685106538081 0.7347122724713073
0.6797255105784851 0.7347122724713073
0.671644702497677 0.7387526765117113
0.675685106538081 0.7387526765117113
0.667604298457273 0.7427930805521153
0.671644702497677 0.7427930805521153
0.6635638944168689 0.7468334845925194
0.667604298457273 0.7468334845925194
0.6554830863360608 0.7508738886329235
0.6595234903764648 0.7508738886329235
0.6635638944168689 0.7508738886329235
0.6514426822956567 0.7549142926733274
0.6554830863360608 0.7549142926733274
0.6595234903764648 0.7549142926733274
0.6474022782552528 0.7589546967137315
0.6514426822956567 0.7589546967137315
0.6554830863360608 0.7589546967137315
0.6433618742148487 0.7629951007541356
0.6474022782552528 0.7629951007541356
0.6514426822956567 0.7629951007541356
0.6393214701744447 0.7670355047945396
0.6433618742148487 0.7670355047945396
0.6352810661340407 0.7710759088349436
0.6393214701744447 0.7710759088349436
0.6272002580532325 0.7751163128753477
0.6312406620936366 0.7751163128753477
0.6352810661340407 0.7751163128753477
0.6231598540128285 0.7791567169157517
0.6272002580532325 0.7791567169157517
0.6312406620936366 0.7791567169157517
0.6191194499724244 0.7831971209561558
0.6231598540128285 0.7831971209561558
0.6110386418916164 0.7872375249965597
0.6150790459320203 0.7872375249965597
0.6191194499724244 0.7872375249965597
0.6069982378512123 0.7912779290369638
0.6110386418916164 0.7912779290369638
0.6150790459320203 0.7912779290369638
0.6029578338108084 0.7953183330773679
0.6069982378512123 0.7953183330773679
0.6110386418916164 0.7953183330773679
0.5989174297704043 0.799358737117772
0.6029578338108084 0.799358737117772
0.5908366216895962 0.803399141158176
0.5948770257300002 0.803399141158176
0.5989174297704043 0.803399141158176
0.5867962176491921 0.80743954519858
0.5908366216895962 0.80743954519858
0.5948770257300002 0.80743954519858
0.5787154095683841 0.811479949238984
0.582755813608788 0.811479949238984
0.5867962176491921 0.811479949238984
0.57467500552798 0.8155203532793881
0.5787154095683841 0.8155203532793881
0.582755813608788 0.8155203532793881
0.570634601487576 0.819560757319792
0.57467500552798 0.819560757319792
0.5787154095683841 0.819560757319792
0.5625537934067679 0.8236011613601961
0.566594197447172 0.8236011613601961
0.570634601487576 0.8236011613601961
0.5585133893663639 0.8276415654006002
0.5625537934067679 0.8276415654006002
0.566594197447172 0.8276415654006002
0.5504325812855557 0.8316819694410043
0.5544729853259598 0.8316819694410043
0.5585133893663639 0.8316819694410043
0.5463921772451518 0.8357223734814083
0.5504325812855557 0.8357223734814083
0.5544729853259598 0.8357223734814083
0.5383113691643436 0.8397627775218124
0.5423517732047477 0.8397627775218124
0.5463921772451518 0.8397627775218124
0.5302305610835356 0.8438031815622163
0.5342709651239397 0.8438031815622163
0.5383113691643436 0.8438031815622163
0.5423517732047477 0.8438031815622163
0.5261901570431315 0.8478435856026204
0.5302305610835356 0.8478435856026204
0.5342709651239397 0.8478435856026204
0.5181093489623234 0.8518839896430245
0.5221497530027275 0.8518839896430245
0.5261901570431315 0.8518839896430245
0.5140689449219193 0.8559243936834284
0.5181093489623234 0.8559243936834284
0.5221497530027275 0.8559243936834284
0.5059881368411113 0.8599647977238325
0.5100285408815154 0.8599647977238325
0.5140689449219193 0.8599647977238325
0.49790732876030325 0.8640052017642366
0.5019477328007073 0.8640052017642366
0.5059881368411113 0.8640052017642366
0.5100285408815154 0.8640052017642366
0.48982652067949517 0.8680456058046406
0.49386692471989924 0.8680456058046406
0.49790732876030325 0.8680456058046406
0.5019477328007073 0.8680456058046406
0.4857861166390911 0.8720860098450447
0.48982652067949517 0.8720860098450447
0.49386692471989924 0.8720860098450447
0.4777053085582831 0.8761264138854487
0.4817457125986871 0.8761264138854487
0.4857861166390911 0.8761264138854487
0.46962450047747495 0.8801668179258527
0.473664904517879 0.8801668179258527
0.4777053085582831 0.8801668179258527
0.4817457125986871 0.8801668179258527
0.46154369239666687 0.8842072219662568
0.46558409643707094 0.8842072219662568
0.46962450047747495 0.8842072219662568
0.473664904517879 0.8842072219662568
0.4534628843158588 0.8882476260066607
0.45750328835626286 0.8882476260066607
0.46154369239666687 0.8882476260066607
0.46558409643707094 0.8882476260066607
0.4453820762350507 0.8922880300470648
0.4494224802754547 0.8922880300470648
0.4534628843158588 0.8922880300470648
0.45750328835626286 0.8922880300470648
0.43730126815424264 0.8963284340874689
0.4413416721946467 0.8963284340874689
0.4453820762350507 0.8963284340874689
0.4494224802754547 0.8963284340874689
0.42922046007343456 0.9003688381278729
0.4332608641138386 0.9003688381278729
0.43730126815424264 0.9003688381278729
0.4413416721946467 0.9003688381278729
0.4211396519926265 0.904409242168277
0.42518005603303055 0.904409242168277
0.42922046007343456 0.904409242168277
0.4332608641138386 0.904409242168277
0.4130588439118184 0.9084496462086811
0.4170992479522224 0.9084496462086811
0.4211396519926265 0.9084496462086811
0.42518005603303055 0.9084496462086811
0.40093763179060626 0.912490050249085
0.40497803583101033 0.912490050249085
0.40901843987141434 0.912490050249085
0.4130588439118184 0.912490050249085
0.4170992479522224 0.912490050249085
0.3928568237097982 0.9165304542894891
0.39689722775020225 0.9165304542894891
0.40093763179060626 0.9165304542894891
0.40497803583101033 0.9165304542894891
0.3847760156289901 0.920570858329893
0.3888164196693942 0.920570858329893
0.3928568237097982 0.920570858329893
0.39689722775020225 0.920570858329893
0.372654803507778 0.9246112623702971
0.37669520754818203 0.9246112623702971
0.38073561158858604 0.9246112623702971
0.3847760156289901 0.9246112623702971
0.3888164196693942 0.9246112623702971
0.3645739954269699 0.9286516664107012
0.36861439946737395 0.9286516664107012
0.372654803507778 0.9286516664107012
0.37669520754818203 0.9286516664107012
0.3524527833057578 0.9326920704511052
0.35649318734616187 0.9326920704511052
0.3605335913865659 0.9326920704511052
0.3645739954269699 0.9326920704511052
0.36861439946737395 0.9326920704511052
0.34033157118454566 0.9367324744915093
0.3443719752249497 0.9367324744915093
0.34841237926535373 0.9367324744915093
0.3524527833057578 0.9367324744915093
0.35649318734616187 0.9367324744915093
0.3322507631037376 0.9407728785319134
0.33629116714414165 0.9407728785319134
0.34033157118454566 0.9407728785319134
0.3443719752249497 0.9407728785319134
0.34841237926535373 0.9407728785319134
0.3201295509825255 0.9448132825723174
0.3241699550229295 0.9448132825723174
0.32821035906333357 0.9448132825723174
0.3322507631037376 0.9448132825723174
0.33629116714414165 0.9448132825723174
0.30800833886131335 0.9488536866127214
0.31204874290171736 0.9488536866127214
0.3160891469421214 0.9488536866127214
0.3201295509825255 0.9488536866127214
0.3241699550229295 0.9488536866127214
0.29992753078050527 0.9528940906531255
0.30396793482090934 0.9528940906531255
0.30800833886131335 0.9528940906531255
0.31204874290171736 0.9528940906531255
0.29992753078050527 0.9569344946935294
