# x y
0.6999848262356418 0.7145102522692871
0.6959444221952378 0.7185506563096911
0.6919040181548338 0.7225910603500951
0.6878636141144298 0.7266314643904992
0.6838232100740257 0.7306718684309033
0.6797828060336217 0.7347122724713073
0.6717019979528136 0.7387526765117113
0.6757424019932177 0.7387526765117113
0.6676615939124095 0.7427930805521153
0.6717019979528136 0.7427930805521153
0.6636211898720055 0.7468334845925194
0.6595807858316014 0.7508738886329235
0.6555403817911974 0.7549142926733274
0.6514999777507934 0.7589546967137315
0.6474595737103894 0.7629951007541356
0.6393787656295813 0.7670355047945396
0.6434191696699854 0.7670355047945396
0.6353383615891772 0.7710759088349436
0.6312979575487732 0.7751163128753477
0.6272575535083691 0.7791567169157517
0.623217149467965 0.7831971209561558
0.615136341387157 0.7872375249965597
0.6191767454275611 0.7872375249965597
0.611095937346753 0.7912779290369638
0.607055533306349 0.7953183330773679
0.5989747252255408 0.799358737117772
0.6030151292659449 0.799358737117772
0.5949343211851368 0.803399141158176
0.5908939171447327 0.80743954519858
0.5828131090639247 0.811479949238984
0.5868535131043288 0.811479949238984
0.5787727050235207 0.8155203532793881
0.5706918969427126 0.819560757319792
0.5747323009831167 0.819560757319792
0.5666514929023085 0.8236011613601961
0.5585706848215004 0.8276415654006002
0.5626110888619045 0.8276415654006002
0.5545302807810963 0.8316819694410043
0.5464494727002883 0.8357223734814083
0.5504898767406924 0.8357223734814083
0.5424090686598844 0.8397627775218124
0.5343282605790762 0.8438031815622163
0.5383686646194803 0.8438031815622163
0.5302878565386722 0.8478435856026204
0.522207048457864 0.8518839896430245
0.5262474524982681 0.8518839896430245
0.514126240377056 0.8559243936834284
0.5181666444174601 0.8559243936834284
0.5100858363366519 0.8599647977238325
0.5020050282558439 0.8640052017642366
0.506045432296248 0.8640052017642366
0.4939242201750358 0.8680456058046406
0.49796462421543985 0.8680456058046406
0.4898838161346318 0.8720860098450447
0.4818030080538237 0.8761264138854487
0.4737221999730156 0.8801668179258527
0.47776260401341963 0.8801668179258527
0.46564139189220755 0.8842072219662568
0.4696817959326116 0.8842072219662568
0.4575605838113994 0.8882476260066607
0.4616009878518035 0.8882476260066607
0.4494797757305914 0.8922880300470648
0.4535201797709954 0.8922880300470648
0.44139896764978326 0.8963284340874689
0.4454393716901873 0.8963284340874689
0.43331815956897524 0.9003688381278729
0.43735856360937925 0.9003688381278729
0.4252373514881671 0.904409242168277
0.42927775552857117 0.904409242168277
0.4171565434073591 0.9084496462086811
0.4211969474477631 0.9084496462086811
0.40907573532655095 0.912490050249085
0.413116139366955 0.912490050249085
0.39695452320533886 0.9165304542894891
0.40099492724574287 0.9165304542894891
0.3888737151245308 0.920570858329893
0.3929141191649348 0.920570858329893
0.37675250300331864 0.9246112623702971
0.3807929070437227 0.9246112623702971
0.3848333110841267 0.9246112623702971
0.36867169492251056 0.9286516664107012
0.3727120989629146 0.9286516664107012
0.3565504828012984 0.9326920704511052
0.3605908868417025 0.9326920704511052
0.36463129088210655 0.9326920704511052
0.3484696747204904 0.9367324744915093
0.3525100787608944 0.9367324744915093
0.33634846259927825 0.9407728785319134
0.34038886663968226 0.9407728785319134
0.3242272504780661 0.9448132825723174
0.3282676545184702 0.9448132825723174
0.3323080585588742 0.9448132825723174
0.312106038356854 0.9488536866127214
0.31614644239725803 0.9488536866127214
0.32018684643766204 0.9488536866127214
0.2999848262356419 0.9528940906531255
0.3040252302760459 0.9528940906531255
0.30806563431644995 0.9528940906531255
