# x y
0.6999848262356418 0.7225910603500951
0.6959444221952378 0.7266314643904992
0.6717019979528136 0.7508738886329235
0.6191767454275611 0.7953183330773679
0.6353383615891772 0.799358737117772
0.5989747252255408 0.8155203532793881
0.5949343211851368 0.8316819694410043
0.5585706848215004 0.8397627775218124
0.5464494727002883 0.8478435856026204
0.522207048457864 0.8599647977238325
0.5020050282558439 0.8720860098450447
0.5302878565386722 0.8761264138854487
0.46564139189220755 0.9003688381278729
0.39695452320533886 0.9286516664107012
0.31614644239725803 0.9650153027743376
0.3040252302760459 0.9690557068147416
