# x y
0.6999464492586576 0.710469848228883
0.6959060452182535 0.7145102522692871
0.6999464492586576 0.7145102522692871
0.6918656411778494 0.7185506563096911
0.6959060452182535 0.7185506563096911
0.6878252371374454 0.7225910603500951
0.6918656411778494 0.7225910603500951
0.6837848330970413 0.7266314643904992
0.6878252371374454 0.7266314643904992
0.6797444290566372 0.7306718684309033
0.6837848330970413 0.7306718684309033
0.6757040250162332 0.7347122724713073
0.6797444290566372 0.7347122724713073
0.6716636209758292 0.7387526765117113
0.6757040250162332 0.7387526765117113
0.6676232169354251 0.7427930805521153
0.6716636209758292 0.7427930805521153
0.6635828128950212 0.7468334845925194
0.6676232169354251 0.7468334845925194
0.6595424088546171 0.7508738886329235
0.6635828128950212 0.7508738886329235
0.651461600773809 0.7549142926733274
0.6555020048142131 0.7549142926733274
0.6595424088546171 0.7549142926733274
0.6474211967334049 0.7589546967137315
0.651461600773809 0.7589546967137315
0.6555020048142131 0.7589546967137315
0.6433807926930009 0.7629951007541356
0.6474211967334049 0.7629951007541356
0.6393403886525969 0.7670355047945396
0.6433807926930009 0.7670355047945396
0.6352999846121928 0.7710759088349436
0.6393403886525969 0.7710759088349436
0.6272191765313848 0.7751163128753477
0.6312595805717889 0.7751163128753477
0.6352999846121928 0.7751163128753477
0.6231787724909807 0.7791567169157517
0.6272191765313848 0.7791567169157517
0.6312595805717889 0.7791567169157517
0.6191383684505767 0.7831971209561558
0.6231787724909807 0.7831971209561558
0.6150979644101726 0.7872375249965597
0.6191383684505767 0.7872375249965597
0.6070171563293645 0.7912779290369638
0.6110575603697685 0.7912779290369638
0.6150979644101726 0.7912779290369638
0.6029767522889605 0.7953183330773679
0.6070171563293645 0.7953183330773679
0.5989363482485565 0.799358737117772
0.6029767522889605 0.799358737117772
0.5908555401677484 0.803399141158176
0.5948959442081525 0.803399141158176
0.5989363482485565 0.803399141158176
0.5868151361273444 0.80743954519858
0.5908555401677484 0.80743954519858
0.5827747320869403 0.811479949238984
0.5868151361273444 0.811479949238984
0.5746939240061322 0.8155203532793881
0.5787343280465362 0.8155203532793881
0.5827747320869403 0.8155203532793881
0.5706535199657282 0.819560757319792
0.5746939240061322 0.819560757319792
0.5625727118849202 0.8236011613601961
0.5666131159253242 0.8236011613601961
0.5706535199657282 0.8236011613601961
0.5585323078445161 0.8276415654006002
0.5625727118849202 0.8276415654006002
0.550451499763708 0.8316819694410043
0.5544919038041121 0.8316819694410043
0.5585323078445161 0.8316819694410043
0.5464110957233039 0.8357223734814083
0.550451499763708 0.8357223734814083
0.5383302876424959 0.8397627775218124
0.5423706916828999 0.8397627775218124
0.5464110957233039 0.8397627775218124
0.5342898836020918 0.8438031815622163
0.5383302876424959 0.8438031815622163
0.5262090755212838 0.8478435856026204
0.5302494795616878 0.8478435856026204
0.5342898836020918 0.8478435856026204
0.5181282674404757 0.8518839896430245
0.5221686714808798 0.8518839896430245
0.5262090755212838 0.8518839896430245
0.5140878634000716 0.8559243936834284
0.5181282674404757 0.8559243936834284
0.5221686714808798 0.8559243936834284
0.5060070553192635 0.8599647977238325
0.5100474593596676 0.8599647977238325
0.5140878634000716 0.8599647977238325
0.49792624723845547 0.8640052017642366
0.5019666512788595 0.8640052017642366
0.5060070553192635 0.8640052017642366
0.4938858431980514 0.8680456058046406
0.49792624723845547 0.8680456058046406
0.5019666512788595 0.8680456058046406
0.4858050351172434 0.8720860098450447
0.4898454391576474 0.8720860098450447
0.4938858431980514 0.8720860098450447
0.47772422703643524 0.8761264138854487
0.4817646310768393 0.8761264138854487
0.4858050351172434 0.8761264138854487
0.4696434189556272 0.8801668179258527
0.47368382299603123 0.8801668179258527
0.47772422703643524 0.8801668179258527
0.4615626108748191 0.8842072219662568
0.46560301491522316 0.8842072219662568
0.4696434189556272 0.8842072219662568
0.453481802794011 0.8882476260066607
0.457522206834415 0.8882476260066607
0.4615626108748191 0.8882476260066607
0.46560301491522316 0.8882476260066607
0.44540099471320294 0.8922880300470648
0.449441398753607 0.8922880300470648
0.453481802794011 0.8922880300470648
0.457522206834415 0.8922880300470648
0.43732018663239486 0.8963284340874689
0.44136059067279887 0.8963284340874689
0.44540099471320294 0.8963284340874689
0.449441398753607 0.8963284340874689
0.4292393785515868 0.9003688381278729
0.43327978259199085 0.9003688381278729
0.43732018663239486 0.9003688381278729
0.44136059067279887 0.9003688381278729
0.4211585704707787 0.904409242168277
0.4251989745111827 0.904409242168277
0.4292393785515868 0.904409242168277
0.43327978259199085 0.904409242168277
0.4130777623899706 0.9084496462086811
0.4171181664303747 0.9084496462086811
0.4211585704707787 0.9084496462086811
0.40499695430916255 0.912490050249085
0.40903735834956656 0.912490050249085
0.4130777623899706 0.912490050249085
0.3928757421879504 0.9165304542894891
0.39691614622835447 0.9165304542894891
0.4009565502687585 0.9165304542894891
0.40499695430916255 0.9165304542894891
0.38479493410714233 0.920570858329893
0.3888353381475464 0.920570858329893
0.3928757421879504 0.920570858329893
0.39691614622835447 0.920570858329893
0.37671412602633425 0.9246112623702971
0.3807545300667383 0.9246112623702971
0.38479493410714233 0.9246112623702971
0.36459291390512216 0.9286516664107012
0.3686333179455262 0.9286516664107012
0.3726737219859302 0.9286516664107012
0.37671412602633425 0.9286516664107012
0.35247170178391 0.9326920704511052
0.35651210582431403 0.9326920704511052
0.3605525098647181 0.9326920704511052
0.36459291390512216 0.9326920704511052
0.3686333179455262 0.9326920704511052
0.34439089370310194 0.9367324744915093
0.348431297743506 0.9367324744915093
0.35247170178391 0.9367324744915093
0.35651210582431403 0.9367324744915093
0.3322696815818898 0.9407728785319134
0.33631008562229386 0.9407728785319134
0.3403504896626979 0.9407728785319134
0.34439089370310194 0.9407728785319134
0.32014846946067765 0.9448132825723174
0.3241888735010817 0.9448132825723174
0.3282292775414858 0.9448132825723174
0.3322696815818898 0.9448132825723174
0.33631008562229386 0.9448132825723174
0.30802725733946557 0.9488536866127214
0.31206766137986963 0.9488536866127214
0.31610806542027364 0.9488536866127214
0.32014846946067765 0.9488536866127214
0.3241888735010817 0.9488536866127214
0.2999464492586575 0.9528940906531255
0.3039868532990615 0.9528940906531255
0.30802725733946557 0.9528940906531255
0.31206766137986963 0.9528940906531255
0.2999464492586575 0.9569344946935294
