# x y
0.699986098578708 0.7145102522692871
0.6959456945383039 0.7185506563096911
0.6919052904979 0.7225910603500951
0.6878648864574959 0.7266314643904992
0.6838244824170918 0.7306718684309033
0.6797840783766878 0.7347122724713073
0.6757436743362837 0.7387526765117113
0.6676628662554756 0.7427930805521153
0.6717032702958796 0.7427930805521153
0.6636224622150716 0.7468334845925194
0.6595820581746675 0.7508738886329235
0.6555416541342636 0.7549142926733274
0.6515012500938595 0.7589546967137315
0.6474608460534554 0.7629951007541356
0.6393800379726473 0.7670355047945396
0.6434204420130514 0.7670355047945396
0.6353396339322432 0.7710759088349436
0.6312992298918393 0.7751163128753477
0.6272588258514352 0.7791567169157517
0.6232184218110312 0.7831971209561558
0.6151376137302231 0.7872375249965597
0.6191780177706272 0.7872375249965597
0.6110972096898191 0.7912779290369638
0.607056805649415 0.7953183330773679
0.5989759975686069 0.799358737117772
0.6030164016090109 0.799358737117772
0.5949355935282029 0.803399141158176
0.5908951894877988 0.80743954519858
0.5828143814069908 0.811479949238984
0.5868547854473949 0.811479949238984
0.5787739773665868 0.8155203532793881
0.5706931692857786 0.819560757319792
0.5747335733261827 0.819560757319792
0.5666527652453746 0.8236011613601961
0.5585719571645665 0.8276415654006002
0.5626123612049706 0.8276415654006002
0.5545315531241625 0.8316819694410043
0.5464507450433544 0.8357223734814083
0.5504911490837585 0.8357223734814083
0.5424103410029504 0.8397627775218124
0.5343295329221422 0.8438031815622163
0.5383699369625463 0.8438031815622163
0.5302891288817383 0.8478435856026204
0.5222083208009302 0.8518839896430245
0.5262487248413342 0.8518839896430245
0.5141275127201221 0.8559243936834284
0.5181679167605261 0.8559243936834284
0.5100871086797181 0.8599647977238325
0.5020063005989099 0.8640052017642366
0.506046704639314 0.8640052017642366
0.4939254925181019 0.8680456058046406
0.4979658965585059 0.8680456058046406
0.48988508847769785 0.8720860098450447
0.4818042803968898 0.8761264138854487
0.4737234723160817 0.8801668179258527
0.47776387635648576 0.8801668179258527
0.4656426642352736 0.8842072219662568
0.46968306827567763 0.8842072219662568
0.45756185615446554 0.8882476260066607
0.46160226019486955 0.8882476260066607
0.4494810480736574 0.8922880300470648
0.4535214521140615 0.8922880300470648
0.4414002399928494 0.8963284340874689
0.4454406440332534 0.8963284340874689
0.43331943191204125 0.9003688381278729
0.4373598359524453 0.9003688381278729
0.42523862383123323 0.904409242168277
0.42927902787163724 0.904409242168277
0.4171578157504251 0.9084496462086811
0.42119821979082916 0.9084496462086811
0.409077007669617 0.912490050249085
0.4131174117100211 0.912490050249085
0.39695579554840493 0.9165304542894891
0.40099619958880894 0.9165304542894891
0.38887498746759686 0.920570858329893
0.39291539150800087 0.920570858329893
0.3807941793867887 0.9246112623702971
0.3848345834271928 0.9246112623702971
0.36867296726557663 0.9286516664107012
0.3727133713059807 0.9286516664107012
0.35655175514436455 0.9326920704511052
0.36059215918476856 0.9326920704511052
0.36463256322517257 0.9326920704511052
0.3484709470635564 0.9367324744915093
0.3525113511039605 0.9367324744915093
0.3363497349423443 0.9407728785319134
0.34039013898274834 0.9407728785319134
0.3242285228211322 0.9448132825723174
0.32826892686153625 0.9448132825723174
0.33230933090194026 0.9448132825723174
0.31210731069992004 0.9488536866127214
0.3161477147403241 0.9488536866127214
0.32018811878072817 0.9488536866127214
0.29998609857870795 0.9528940906531255
0.304026502619112 0.9528940906531255
0.308066906659516 0.9528940906531255
