# x y
0.6999723023001538 0.7145102522692871
0.6959318982597498 0.7185506563096911
0.6918914942193458 0.7225910603500951
0.6878510901789417 0.7266314643904992
0.6797702820981337 0.7306718684309033
0.6838106861385377 0.7306718684309033
0.6757298780577297 0.7347122724713073
0.6797702820981337 0.7347122724713073
0.6716894740173256 0.7387526765117113
0.6757298780577297 0.7387526765117113
0.6676490699769215 0.7427930805521153
0.6716894740173256 0.7427930805521153
0.6636086659365175 0.7468334845925194
0.6676490699769215 0.7468334845925194
0.6595682618961134 0.7508738886329235
0.6555278578557094 0.7549142926733274
0.6514874538153054 0.7589546967137315
0.6434066457344974 0.7629951007541356
0.6474470497749014 0.7629951007541356
0.6393662416940933 0.7670355047945396
0.6434066457344974 0.7670355047945396
0.6353258376536892 0.7710759088349436
0.6393662416940933 0.7710759088349436
0.6312854336132852 0.7751163128753477
0.6272450295728811 0.7791567169157517
0.6191642214920731 0.7831971209561558
0.623204625532477 0.7831971209561558
0.615123817451669 0.7872375249965597
0.6191642214920731 0.7872375249965597
0.611083413411265 0.7912779290369638
0.6030026053304569 0.7953183330773679
0.607043009370861 0.7953183330773679
0.5989622012900528 0.799358737117772
0.6030026053304569 0.799358737117772
0.5949217972496488 0.803399141158176
0.5989622012900528 0.803399141158176
0.5868409891688408 0.80743954519858
0.5908813932092447 0.80743954519858
0.5828005851284367 0.811479949238984
0.5868409891688408 0.811479949238984
0.5787601810880327 0.8155203532793881
0.5706793730072246 0.819560757319792
0.5747197770476287 0.819560757319792
0.5666389689668205 0.8236011613601961
0.5706793730072246 0.8236011613601961
0.5585581608860124 0.8276415654006002
0.5625985649264165 0.8276415654006002
0.5545177568456083 0.8316819694410043
0.5585581608860124 0.8316819694410043
0.5464369487648003 0.8357223734814083
0.5504773528052044 0.8357223734814083
0.5423965447243964 0.8397627775218124
0.5464369487648003 0.8397627775218124
0.5343157366435882 0.8438031815622163
0.5383561406839923 0.8438031815622163
0.5262349285627801 0.8478435856026204
0.5302753326031842 0.8478435856026204
0.522194524522376 0.8518839896430245
0.5262349285627801 0.8518839896430245
0.514113716441568 0.8559243936834284
0.5181541204819721 0.8559243936834284
0.5100733124011639 0.8599647977238325
0.514113716441568 0.8599647977238325
0.5019925043203559 0.8640052017642366
0.50603290836076 0.8640052017642366
0.4939116962395478 0.8680456058046406
0.49795210027995185 0.8680456058046406
0.48583088815873976 0.8720860098450447
0.48987129219914377 0.8720860098450447
0.4777500800779316 0.8761264138854487
0.4817904841183357 0.8761264138854487
0.48583088815873976 0.8761264138854487
0.4737096760375276 0.8801668179258527
0.4777500800779316 0.8801668179258527
0.46562886795671954 0.8842072219662568
0.4696692719971236 0.8842072219662568
0.4575480598759114 0.8882476260066607
0.4615884639163155 0.8882476260066607
0.4494672517951034 0.8922880300470648
0.4535076558355074 0.8922880300470648
0.44138644371429525 0.8963284340874689
0.4454268477546993 0.8963284340874689
0.43330563563348723 0.9003688381278729
0.43734603967389124 0.9003688381278729
0.4252248275526791 0.904409242168277
0.42926523159308316 0.904409242168277
0.413103615431467 0.9084496462086811
0.4171440194718711 0.9084496462086811
0.4211844235122751 0.9084496462086811
0.40502280735065893 0.912490050249085
0.40906321139106294 0.912490050249085
0.413103615431467 0.912490050249085
0.39694199926985085 0.9165304542894891
0.40098240331025486 0.9165304542894891
0.40502280735065893 0.9165304542894891
0.3888611911890428 0.920570858329893
0.3929015952294468 0.920570858329893
0.37673997906783063 0.9246112623702971
0.3807803831082347 0.9246112623702971
0.3848207871486387 0.9246112623702971
0.36865917098702256 0.9286516664107012
0.37269957502742657 0.9286516664107012
0.3565379588658104 0.9326920704511052
0.3605783629062145 0.9326920704511052
0.36461876694661854 0.9326920704511052
0.3444167467445983 0.9367324744915093
0.3484571507850024 0.9367324744915093
0.3524975548254064 0.9367324744915093
0.33633593866379025 0.9407728785319134
0.34037634270419426 0.9407728785319134
0.3444167467445983 0.9407728785319134
0.3242147265425781 0.9448132825723174
0.32825513058298217 0.9448132825723174
0.3322955346233862 0.9448132825723174
0.312093514421366 0.9488536866127214
0.31613391846177 0.9488536866127214
0.32017432250217404 0.9488536866127214
0.29997230230015387 0.9528940906531255
0.3040127063405579 0.9528940906531255
0.30805311038096195 0.9528940906531255
