# x y
0.6595723493118839 0.7791567169157517
0.5989662887058234 0.8155203532793881
0.5747238644633991 0.8276415654006002
0.5262390159785506 0.8599647977238325
0.5181582078977425 0.8640052017642366
0.5221986119381465 0.8680456058046406
0.5060369957765304 0.8720860098450447
0.5302794200189547 0.8761264138854487
0.5019965917361263 0.8801668179258527
0.46563295537249 0.9003688381278729
0.4009864907260253 0.9246112623702971
0.38886527860481324 0.9286516664107012
0.3727036624431971 0.9367324744915093
0.3403804301199647 0.9488536866127214
0.39290568264521725 0.9488536866127214
0.3484612382007728 0.9528940906531255
0.3161380058775405 0.9650153027743376
0.3040167937563284 0.9690557068147416
0.33229962203915664 0.9730961108551457
