# x y
0.6999958228938178 0.7145102522692871
0.6959554188534137 0.7185506563096911
0.6919150148130098 0.7225910603500951
0.6878746107726057 0.7266314643904992
0.6838342067322016 0.7306718684309033
0.6797938026917976 0.7347122724713073
0.6757533986513935 0.7387526765117113
0.6636321865301814 0.7468334845925194
0.6595917824897773 0.7508738886329235
0.6555513784493734 0.7549142926733274
0.6515109744089693 0.7589546967137315
0.6474705703685653 0.7629951007541356
0.6434301663281612 0.7670355047945396
0.6353493582473531 0.7710759088349436
0.6313089542069491 0.7751163128753477
0.627268550166545 0.7791567169157517
0.623228146126141 0.7831971209561558
0.615147338045333 0.7872375249965597
0.6111069340049289 0.7912779290369638
0.6070665299645248 0.7953183330773679
0.6030261259241207 0.799358737117772
0.5949453178433127 0.803399141158176
0.5909049138029087 0.80743954519858
0.5828241057221006 0.811479949238984
0.5787837016816966 0.8155203532793881
0.5747432976412925 0.819560757319792
0.5666624895604844 0.8236011613601961
0.5626220855200804 0.8276415654006002
0.5545412774392723 0.8316819694410043
0.5505008733988683 0.8357223734814083
0.5424200653180602 0.8397627775218124
0.5383796612776561 0.8438031815622163
0.5302988531968481 0.8478435856026204
0.52221804511604 0.8518839896430245
0.526258449156444 0.8518839896430245
0.5181776410756359 0.8559243936834284
0.5100968329948279 0.8599647977238325
0.5020160249140198 0.8640052017642366
0.5060564289544238 0.8640052017642366
0.49797562087361574 0.8680456058046406
0.48989481279280767 0.8720860098450447
0.4818140047119996 0.8761264138854487
0.4737331966311915 0.8801668179258527
0.46565238855038343 0.8842072219662568
0.46969279259078744 0.8842072219662568
0.45757158046957536 0.8882476260066607
0.46161198450997937 0.8882476260066607
0.4494907723887672 0.8922880300470648
0.4535311764291713 0.8922880300470648
0.4414099643079592 0.8963284340874689
0.4454503683483632 0.8963284340874689
0.43332915622715107 0.9003688381278729
0.43736956026755514 0.9003688381278729
0.42524834814634305 0.904409242168277
0.42928875218674706 0.904409242168277
0.4171675400655349 0.9084496462086811
0.421207944105939 0.9084496462086811
0.40908673198472684 0.912490050249085
0.40100592390391876 0.9165304542894891
0.38888471178270667 0.920570858329893
0.3929251158231107 0.920570858329893
0.38080390370189854 0.9246112623702971
0.3848443077423026 0.9246112623702971
0.36868269158068645 0.9286516664107012
0.3727230956210905 0.9286516664107012
0.3606018834998784 0.9326920704511052
0.3646422875402824 0.9326920704511052
0.34848067137866623 0.9367324744915093
0.3525210754190703 0.9367324744915093
0.33635945925745414 0.9407728785319134
0.34039986329785815 0.9407728785319134
0.32827865117664606 0.9448132825723174
0.3161574390554339 0.9488536866127214
0.320197843095838 0.9488536866127214
0.30403622693422183 0.9528940906531255
0.30807663097462584 0.9528940906531255
