# x y
0.6715102014478054 0.7589546967137315
0.6674697974074013 0.7670355047945396
0.6634293933669972 0.7710759088349436
0.6311061610437649 0.799358737117772
0.6109041408417447 0.819560757319792
0.5907021206397245 0.8357223734814083
0.5785809085185124 0.8397627775218124
0.5785809085185124 0.8438031815622163
0.538176868114472 0.8599647977238325
0.4008031307407346 0.9326920704511052
0.37252030245790635 0.9448132825723174
0.35231828225588613 0.9528940906531255
0.3644394943770982 0.9609748987339335
0.34423747417507805 0.9690557068147416
