# x y
0.659572511942552 0.7791567169157517
0.5989664513364914 0.8155203532793881
0.5747240270940672 0.8276415654006002
0.5262391786092186 0.8599647977238325
0.5181583705284106 0.8640052017642366
0.5221987745688146 0.8680456058046406
0.5060371584071985 0.8720860098450447
0.5302795826496227 0.8761264138854487
0.5019967543667945 0.8801668179258527
0.4656331180031581 0.9003688381278729
0.4009866533566934 0.9246112623702971
0.38886544123548134 0.9286516664107012
0.3403805927506328 0.9488536866127214
0.39290584527588535 0.9488536866127214
0.3161381685082086 0.9650153027743376
0.30401695638699644 0.9690557068147416
0.33229978466982474 0.9730961108551457
