# x y
0.6999744594194132 0.7145102522692871
0.6959340553790091 0.7185506563096911
0.6918936513386051 0.7225910603500951
0.6878532472982011 0.7266314643904992
0.683812843257797 0.7306718684309033
0.6757320351769889 0.7347122724713073
0.6797724392173929 0.7347122724713073
0.6716916311365848 0.7387526765117113
0.6757320351769889 0.7387526765117113
0.6676512270961807 0.7427930805521153
0.6716916311365848 0.7427930805521153
0.6636108230557768 0.7468334845925194
0.6676512270961807 0.7468334845925194
0.6595704190153727 0.7508738886329235
0.6555300149749688 0.7549142926733274
0.6514896109345647 0.7589546967137315
0.6434088028537566 0.7629951007541356
0.6474492068941606 0.7629951007541356
0.6393683988133525 0.7670355047945396
0.6434088028537566 0.7670355047945396
0.6353279947729484 0.7710759088349436
0.6393683988133525 0.7710759088349436
0.6312875907325445 0.7751163128753477
0.6272471866921404 0.7791567169157517
0.6191663786113324 0.7831971209561558
0.6232067826517363 0.7831971209561558
0.6151259745709283 0.7872375249965597
0.6191663786113324 0.7872375249965597
0.6110855705305243 0.7912779290369638
0.6030047624497161 0.7953183330773679
0.6070451664901202 0.7953183330773679
0.5989643584093121 0.799358737117772
0.6030047624497161 0.799358737117772
0.5949239543689081 0.803399141158176
0.5868431462881001 0.80743954519858
0.590883550328504 0.80743954519858
0.582802742247696 0.811479949238984
0.5868431462881001 0.811479949238984
0.578762338207292 0.8155203532793881
0.5706815301264838 0.819560757319792
0.5747219341668879 0.819560757319792
0.5666411260860797 0.8236011613601961
0.5706815301264838 0.8236011613601961
0.5585603180052717 0.8276415654006002
0.5626007220456758 0.8276415654006002
0.5545199139648677 0.8316819694410043
0.5585603180052717 0.8316819694410043
0.5464391058840596 0.8357223734814083
0.5504795099244637 0.8357223734814083
0.5423987018436556 0.8397627775218124
0.5464391058840596 0.8397627775218124
0.5343178937628474 0.8438031815622163
0.5383582978032515 0.8438031815622163
0.5302774897224435 0.8478435856026204
0.5221966816416354 0.8518839896430245
0.5262370856820394 0.8518839896430245
0.5141158735608273 0.8559243936834284
0.5181562776012313 0.8559243936834284
0.5100754695204233 0.8599647977238325
0.5141158735608273 0.8599647977238325
0.5019946614396151 0.8640052017642366
0.5060350654800192 0.8640052017642366
0.4939138533588071 0.8680456058046406
0.4979542573992111 0.8680456058046406
0.485833045277999 0.8720860098450447
0.48987344931840304 0.8720860098450447
0.47775223719719095 0.8761264138854487
0.48179264123759497 0.8761264138854487
0.485833045277999 0.8761264138854487
0.4737118331567869 0.8801668179258527
0.47775223719719095 0.8801668179258527
0.4656310250759788 0.8842072219662568
0.4696714291163828 0.8842072219662568
0.45755021699517073 0.8882476260066607
0.46159062103557474 0.8882476260066607
0.4494694089143626 0.8922880300470648
0.45350981295476667 0.8922880300470648
0.4413886008335546 0.8963284340874689
0.4454290048739586 0.8963284340874689
0.43330779275274645 0.9003688381278729
0.4373481967931505 0.9003688381278729
0.4252269846719384 0.904409242168277
0.42926738871234243 0.904409242168277
0.4131057725507263 0.9084496462086811
0.4171461765911303 0.9084496462086811
0.42118658063153436 0.9084496462086811
0.4050249644699182 0.912490050249085
0.4090653685103222 0.912490050249085
0.4131057725507263 0.912490050249085
0.3969441563891101 0.9165304542894891
0.40098456042951414 0.9165304542894891
0.4050249644699182 0.9165304542894891
0.38886334830830205 0.920570858329893
0.39290375234870606 0.920570858329893
0.3767421361870899 0.9246112623702971
0.3807825402274939 0.9246112623702971
0.384822944267898 0.9246112623702971
0.3686613281062818 0.9286516664107012
0.3727017321466859 0.9286516664107012
0.35654011598506974 0.9326920704511052
0.36058052002547375 0.9326920704511052
0.36462092406587776 0.9326920704511052
0.3444189038638576 0.9367324744915093
0.3484593079042616 0.9367324744915093
0.3524997119446657 0.9367324744915093
0.3363380957830495 0.9407728785319134
0.34037849982345353 0.9407728785319134
0.3444189038638576 0.9407728785319134
0.3242168836618374 0.9448132825723174
0.32825728770224144 0.9448132825723174
0.33229769174264545 0.9448132825723174
0.31209567154062523 0.9488536866127214
0.3161360755810293 0.9488536866127214
0.32017647962143336 0.9488536866127214
0.29997445941941314 0.9528940906531255
0.3040148634598172 0.9528940906531255
0.3080552675002212 0.9528940906531255
