# x y
0.6838264384959624 0.7387526765117113
0.6717052263747503 0.7508738886329235
0.6595840142535381 0.7791567169157517
0.6191799738494977 0.7953183330773679
0.6110991657686897 0.799358737117772
0.6191799738494977 0.799358737117772
0.5989779536474775 0.80743954519858
0.5989779536474775 0.8155203532793881
0.5828163374858614 0.819560757319792
0.5949375496070735 0.8316819694410043
0.5585739132434371 0.8397627775218124
0.546452701122225 0.8478435856026204
0.5666547213242452 0.8518839896430245
0.5302910849606088 0.8559243936834284
0.5222102768798007 0.8599647977238325
0.5141294687989927 0.8680456058046406
0.4252405799101038 0.920570858329893
0.39695775162727553 0.9246112623702971
0.38887694354646746 0.9367324744915093
0.344432499102023 0.9448132825723174
0.34039209506161894 0.9488536866127214
0.3363516910212149 0.9528940906531255
0.29998805465757855 0.9609748987339335
0.3161496708191947 0.9650153027743376
0.30402845869798256 0.9690557068147416
