# x y
0.6999880546575785 0.7145102522692871
0.6959476506171745 0.7185506563096911
0.6919072465767705 0.7225910603500951
0.6878668425363664 0.7266314643904992
0.6838264384959624 0.7306718684309033
0.6797860344555584 0.7347122724713073
0.6757456304151543 0.7387526765117113
0.6676648223343462 0.7427930805521153
0.6717052263747503 0.7427930805521153
0.6636244182939421 0.7468334845925194
0.6595840142535381 0.7508738886329235
0.6555436102131341 0.7549142926733274
0.65150320617273 0.7589546967137315
0.6474628021323261 0.7629951007541356
0.643422398091922 0.7670355047945396
0.6353415900111139 0.7710759088349436
0.6313011859707098 0.7751163128753477
0.6272607819303058 0.7791567169157517
0.6232203778899017 0.7831971209561558
0.6151395698090937 0.7872375249965597
0.6191799738494977 0.7872375249965597
0.6110991657686897 0.7912779290369638
0.6070587617282857 0.7953183330773679
0.5989779536474775 0.799358737117772
0.6030183576878816 0.799358737117772
0.5949375496070735 0.803399141158176
0.5908971455666694 0.80743954519858
0.5828163374858614 0.811479949238984
0.5868567415262654 0.811479949238984
0.5787759334454574 0.8155203532793881
0.5706951253646493 0.819560757319792
0.5747355294050533 0.819560757319792
0.5666547213242452 0.8236011613601961
0.5626143172838411 0.8276415654006002
0.554533509203033 0.8316819694410043
0.5504931051626291 0.8357223734814083
0.542412297081821 0.8397627775218124
0.5343314890010129 0.8438031815622163
0.538371893041417 0.8438031815622163
0.5302910849606088 0.8478435856026204
0.5222102768798007 0.8518839896430245
0.5262506809202048 0.8518839896430245
0.5181698728393968 0.8559243936834284
0.5100890647585886 0.8599647977238325
0.5020082566777806 0.8640052017642366
0.5060486607181847 0.8640052017642366
0.49392744859697246 0.8680456058046406
0.49796785263737653 0.8680456058046406
0.48988704455656845 0.8720860098450447
0.4818062364757604 0.8761264138854487
0.4737254283949523 0.8801668179258527
0.4777658324353563 0.8801668179258527
0.4656446203141442 0.8842072219662568
0.4696850243545483 0.8842072219662568
0.4575638122333361 0.8882476260066607
0.46160421627374015 0.8882476260066607
0.44948300415252807 0.8922880300470648
0.4535234081929321 0.8922880300470648
0.44140219607171993 0.8963284340874689
0.445442600112124 0.8963284340874689
0.4333213879909119 0.9003688381278729
0.4373617920313159 0.9003688381278729
0.4252405799101038 0.904409242168277
0.42928098395050784 0.904409242168277
0.41715977182929576 0.9084496462086811
0.42120017586969977 0.9084496462086811
0.4090789637484876 0.912490050249085
0.39695775162727553 0.9165304542894891
0.40099815566767955 0.9165304542894891
0.38887694354646746 0.920570858329893
0.39291734758687147 0.920570858329893
0.3807961354656594 0.9246112623702971
0.3848365395060634 0.9246112623702971
0.36867492334444724 0.9286516664107012
0.37271532738485125 0.9286516664107012
0.36059411526363916 0.9326920704511052
0.3646345193040432 0.9326920704511052
0.34847290314242707 0.9367324744915093
0.3525133071828311 0.9367324744915093
0.3363516910212149 0.9407728785319134
0.34039209506161894 0.9407728785319134
0.3242304789000028 0.9448132825723174
0.32827088294040685 0.9448132825723174
0.33231128698081086 0.9448132825723174
0.3121092667787907 0.9488536866127214
0.3161496708191947 0.9488536866127214
0.3201900748595987 0.9488536866127214
0.29998805465757855 0.9528940906531255
0.30402845869798256 0.9528940906531255
0.30806886273838663 0.9528940906531255
