# x y
0.6922879329962315 0.698348636107671
0.6882475289558274 0.702389040148075
0.6922879329962315 0.702389040148075
0.6842071249154233 0.706429444188479
0.6882475289558274 0.706429444188479
0.6922879329962315 0.706429444188479
0.6842071249154233 0.710469848228883
0.6882475289558274 0.710469848228883
0.6922879329962315 0.710469848228883
0.6559242966325951 0.7145102522692871
0.6801667208750193 0.7145102522692871
0.6842071249154233 0.7145102522692871
0.6882475289558274 0.7145102522692871
0.6922879329962315 0.7145102522692871
0.6761263168346152 0.7185506563096911
0.6801667208750193 0.7185506563096911
0.6842071249154233 0.7185506563096911
0.6882475289558274 0.7185506563096911
0.6922879329962315 0.7185506563096911
0.6680455087538071 0.7225910603500951
0.6720859127942111 0.7225910603500951
0.6761263168346152 0.7225910603500951
0.6801667208750193 0.7225910603500951
0.6842071249154233 0.7225910603500951
0.6882475289558274 0.7225910603500951
0.6922879329962315 0.7225910603500951
0.6640051047134031 0.7266314643904992
0.6680455087538071 0.7266314643904992
0.6720859127942111 0.7266314643904992
0.6761263168346152 0.7266314643904992
0.6801667208750193 0.7266314643904992
0.6842071249154233 0.7266314643904992
0.6882475289558274 0.7266314643904992
0.6922879329962315 0.7266314643904992
0.6599647006729991 0.7306718684309033
0.6640051047134031 0.7306718684309033
0.6680455087538071 0.7306718684309033
0.6720859127942111 0.7306718684309033
0.6761263168346152 0.7306718684309033
0.6801667208750193 0.7306718684309033
0.6842071249154233 0.7306718684309033
0.6882475289558274 0.7306718684309033
0.6559242966325951 0.7347122724713073
0.6599647006729991 0.7347122724713073
0.6640051047134031 0.7347122724713073
0.6680455087538071 0.7347122724713073
0.6720859127942111 0.7347122724713073
0.6761263168346152 0.7347122724713073
0.6801667208750193 0.7347122724713073
0.6842071249154233 0.7347122724713073
0.6882475289558274 0.7347122724713073
0.6922879329962315 0.7347122724713073
0.6438030845113829 0.7387526765117113
0.647843488551787 0.7387526765117113
0.651883892592191 0.7387526765117113
0.6559242966325951 0.7387526765117113
0.6599647006729991 0.7387526765117113
0.6640051047134031 0.7387526765117113
0.6680455087538071 0.7387526765117113
0.6720859127942111 0.7387526765117113
0.6761263168346152 0.7387526765117113
0.6801667208750193 0.7387526765117113
0.6842071249154233 0.7387526765117113
0.6438030845113829 0.7427930805521153
0.647843488551787 0.7427930805521153
0.651883892592191 0.7427930805521153
0.6559242966325951 0.7427930805521153
0.6599647006729991 0.7427930805521153
0.6640051047134031 0.7427930805521153
0.6680455087538071 0.7427930805521153
0.6720859127942111 0.7427930805521153
0.6761263168346152 0.7427930805521153
0.6397626804709788 0.7468334845925194
0.6438030845113829 0.7468334845925194
0.647843488551787 0.7468334845925194
0.651883892592191 0.7468334845925194
0.6559242966325951 0.7468334845925194
0.6599647006729991 0.7468334845925194
0.6640051047134031 0.7468334845925194
0.6680455087538071 0.7468334845925194
0.6720859127942111 0.7468334845925194
0.6357222764305748 0.7508738886329235
0.6397626804709788 0.7508738886329235
0.6438030845113829 0.7508738886329235
0.647843488551787 0.7508738886329235
0.651883892592191 0.7508738886329235
0.6559242966325951 0.7508738886329235
0.6599647006729991 0.7508738886329235
0.6640051047134031 0.7508738886329235
0.6680455087538071 0.7508738886329235
0.6276414683497668 0.7549142926733274
0.6316818723901708 0.7549142926733274
0.6357222764305748 0.7549142926733274
0.6397626804709788 0.7549142926733274
0.6438030845113829 0.7549142926733274
0.647843488551787 0.7549142926733274
0.651883892592191 0.7549142926733274
0.6559242966325951 0.7549142926733274
0.6599647006729991 0.7549142926733274
0.6640051047134031 0.7549142926733274
0.6236010643093628 0.7589546967137315
0.6276414683497668 0.7589546967137315
0.6316818723901708 0.7589546967137315
0.6357222764305748 0.7589546967137315
0.6397626804709788 0.7589546967137315
0.6438030845113829 0.7589546967137315
0.647843488551787 0.7589546967137315
0.651883892592191 0.7589546967137315
0.6559242966325951 0.7589546967137315
0.6599647006729991 0.7589546967137315
0.6195606602689587 0.7629951007541356
0.6236010643093628 0.7629951007541356
0.6276414683497668 0.7629951007541356
0.6316818723901708 0.7629951007541356
0.6357222764305748 0.7629951007541356
0.6397626804709788 0.7629951007541356
0.6438030845113829 0.7629951007541356
0.647843488551787 0.7629951007541356
0.651883892592191 0.7629951007541356
0.6559242966325951 0.7629951007541356
0.6114798521881506 0.7670355047945396
0.6155202562285547 0.7670355047945396
0.6195606602689587 0.7670355047945396
0.6236010643093628 0.7670355047945396
0.6276414683497668 0.7670355047945396
0.6316818723901708 0.7670355047945396
0.6357222764305748 0.7670355047945396
0.6397626804709788 0.7670355047945396
0.6438030845113829 0.7670355047945396
0.647843488551787 0.7670355047945396
0.651883892592191 0.7670355047945396
0.6559242966325951 0.7670355047945396
0.6074394481477465 0.7710759088349436
0.6114798521881506 0.7710759088349436
0.6155202562285547 0.7710759088349436
0.6195606602689587 0.7710759088349436
0.6236010643093628 0.7710759088349436
0.6276414683497668 0.7710759088349436
0.6316818723901708 0.7710759088349436
0.6357222764305748 0.7710759088349436
0.6397626804709788 0.7710759088349436
0.6438030845113829 0.7710759088349436
0.647843488551787 0.7710759088349436
0.6033990441073425 0.7751163128753477
0.6074394481477465 0.7751163128753477
0.6114798521881506 0.7751163128753477
0.6155202562285547 0.7751163128753477
0.6195606602689587 0.7751163128753477
0.6236010643093628 0.7751163128753477
0.6276414683497668 0.7751163128753477
0.6316818723901708 0.7751163128753477
0.6357222764305748 0.7751163128753477
0.6397626804709788 0.7751163128753477
0.6438030845113829 0.7751163128753477
0.5872374279457264 0.7791567169157517
0.5953182360265344 0.7791567169157517
0.5993586400669384 0.7791567169157517
0.6033990441073425 0.7791567169157517
0.6074394481477465 0.7791567169157517
0.6114798521881506 0.7791567169157517
0.6155202562285547 0.7791567169157517
0.6195606602689587 0.7791567169157517
0.6236010643093628 0.7791567169157517
0.6276414683497668 0.7791567169157517
0.6316818723901708 0.7791567169157517
0.6357222764305748 0.7791567169157517
0.6397626804709788 0.7791567169157517
0.5912778319861304 0.7831971209561558
0.5953182360265344 0.7831971209561558
0.5993586400669384 0.7831971209561558
0.6033990441073425 0.7831971209561558
0.6074394481477465 0.7831971209561558
0.6114798521881506 0.7831971209561558
0.6155202562285547 0.7831971209561558
0.6195606602689587 0.7831971209561558
0.6236010643093628 0.7831971209561558
0.6276414683497668 0.7831971209561558
0.6316818723901708 0.7831971209561558
0.5831970239053224 0.7872375249965597
0.5872374279457264 0.7872375249965597
0.5912778319861304 0.7872375249965597
0.5953182360265344 0.7872375249965597
0.5993586400669384 0.7872375249965597
0.6033990441073425 0.7872375249965597
0.6074394481477465 0.7872375249965597
0.6114798521881506 0.7872375249965597
0.6155202562285547 0.7872375249965597
0.6195606602689587 0.7872375249965597
0.6236010643093628 0.7872375249965597
0.6276414683497668 0.7872375249965597
0.5791566198649183 0.7912779290369638
0.5831970239053224 0.7912779290369638
0.5872374279457264 0.7912779290369638
0.5912778319861304 0.7912779290369638
0.5953182360265344 0.7912779290369638
0.5993586400669384 0.7912779290369638
0.6033990441073425 0.7912779290369638
0.6074394481477465 0.7912779290369638
0.6114798521881506 0.7912779290369638
0.6155202562285547 0.7912779290369638
0.6195606602689587 0.7912779290369638
0.6236010643093628 0.7912779290369638
0.5751162158245142 0.7953183330773679
0.5791566198649183 0.7953183330773679
0.5831970239053224 0.7953183330773679
0.5872374279457264 0.7953183330773679
0.5912778319861304 0.7953183330773679
0.5953182360265344 0.7953183330773679
0.5993586400669384 0.7953183330773679
0.6033990441073425 0.7953183330773679
0.6074394481477465 0.7953183330773679
0.6114798521881506 0.7953183330773679
0.6155202562285547 0.7953183330773679
0.6195606602689587 0.7953183330773679
0.5670354077437061 0.799358737117772
0.5710758117841102 0.799358737117772
0.5751162158245142 0.799358737117772
0.5791566198649183 0.799358737117772
0.5831970239053224 0.799358737117772
0.5872374279457264 0.799358737117772
0.5912778319861304 0.799358737117772
0.5953182360265344 0.799358737117772
0.5993586400669384 0.799358737117772
0.6033990441073425 0.799358737117772
0.6074394481477465 0.799358737117772
0.6114798521881506 0.799358737117772
0.6155202562285547 0.799358737117772
0.5629950037033021 0.803399141158176
0.5670354077437061 0.803399141158176
0.5710758117841102 0.803399141158176
0.5751162158245142 0.803399141158176
0.5791566198649183 0.803399141158176
0.5831970239053224 0.803399141158176
0.5872374279457264 0.803399141158176
0.5912778319861304 0.803399141158176
0.5953182360265344 0.803399141158176
0.5993586400669384 0.803399141158176
0.6033990441073425 0.803399141158176
0.6074394481477465 0.803399141158176
0.5549141956224941 0.80743954519858
0.5589545996628981 0.80743954519858
0.5629950037033021 0.80743954519858
0.5670354077437061 0.80743954519858
0.5710758117841102 0.80743954519858
0.5751162158245142 0.80743954519858
0.5791566198649183 0.80743954519858
0.5831970239053224 0.80743954519858
0.5872374279457264 0.80743954519858
0.5912778319861304 0.80743954519858
0.5953182360265344 0.80743954519858
0.5993586400669384 0.80743954519858
0.6033990441073425 0.80743954519858
0.6074394481477465 0.80743954519858
0.546833387541686 0.811479949238984
0.55087379158209 0.811479949238984
0.5549141956224941 0.811479949238984
0.5589545996628981 0.811479949238984
0.5629950037033021 0.811479949238984
0.5670354077437061 0.811479949238984
0.5710758117841102 0.811479949238984
0.5751162158245142 0.811479949238984
0.5791566198649183 0.811479949238984
0.5831970239053224 0.811479949238984
0.5872374279457264 0.811479949238984
0.5912778319861304 0.811479949238984
0.5953182360265344 0.811479949238984
0.5993586400669384 0.811479949238984
0.5427929835012819 0.8155203532793881
0.546833387541686 0.8155203532793881
0.55087379158209 0.8155203532793881
0.5549141956224941 0.8155203532793881
0.5589545996628981 0.8155203532793881
0.5629950037033021 0.8155203532793881
0.5670354077437061 0.8155203532793881
0.5710758117841102 0.8155203532793881
0.5751162158245142 0.8155203532793881
0.5791566198649183 0.8155203532793881
0.5831970239053224 0.8155203532793881
0.5872374279457264 0.8155203532793881
0.5912778319861304 0.8155203532793881
0.5953182360265344 0.8155203532793881
0.5387525794608778 0.819560757319792
0.5427929835012819 0.819560757319792
0.546833387541686 0.819560757319792
0.55087379158209 0.819560757319792
0.5549141956224941 0.819560757319792
0.5589545996628981 0.819560757319792
0.5629950037033021 0.819560757319792
0.5670354077437061 0.819560757319792
0.5710758117841102 0.819560757319792
0.5751162158245142 0.819560757319792
0.5791566198649183 0.819560757319792
0.5831970239053224 0.819560757319792
0.5872374279457264 0.819560757319792
0.5912778319861304 0.819560757319792
0.5266313673396658 0.8236011613601961
0.5306717713800698 0.8236011613601961
0.5347121754204738 0.8236011613601961
0.5387525794608778 0.8236011613601961
0.5427929835012819 0.8236011613601961
0.546833387541686 0.8236011613601961
0.55087379158209 0.8236011613601961
0.5549141956224941 0.8236011613601961
0.5589545996628981 0.8236011613601961
0.5629950037033021 0.8236011613601961
0.5670354077437061 0.8236011613601961
0.5710758117841102 0.8236011613601961
0.5751162158245142 0.8236011613601961
0.5791566198649183 0.8236011613601961
0.5831970239053224 0.8236011613601961
0.5225909632992617 0.8276415654006002
0.5266313673396658 0.8276415654006002
0.5306717713800698 0.8276415654006002
0.5347121754204738 0.8276415654006002
0.5387525794608778 0.8276415654006002
0.5427929835012819 0.8276415654006002
0.546833387541686 0.8276415654006002
0.55087379158209 0.8276415654006002
0.5549141956224941 0.8276415654006002
0.5589545996628981 0.8276415654006002
0.5629950037033021 0.8276415654006002
0.5670354077437061 0.8276415654006002
0.5710758117841102 0.8276415654006002
0.5751162158245142 0.8276415654006002
0.5791566198649183 0.8276415654006002
0.5185505592588577 0.8316819694410043
0.5225909632992617 0.8316819694410043
0.5266313673396658 0.8316819694410043
0.5306717713800698 0.8316819694410043
0.5347121754204738 0.8316819694410043
0.5387525794608778 0.8316819694410043
0.5427929835012819 0.8316819694410043
0.546833387541686 0.8316819694410043
0.55087379158209 0.8316819694410043
0.5549141956224941 0.8316819694410043
0.5589545996628981 0.8316819694410043
0.5629950037033021 0.8316819694410043
0.5670354077437061 0.8316819694410043
0.5710758117841102 0.8316819694410043
0.5104697511780496 0.8357223734814083
0.5145101552184537 0.8357223734814083
0.5185505592588577 0.8357223734814083
0.5225909632992617 0.8357223734814083
0.5266313673396658 0.8357223734814083
0.5306717713800698 0.8357223734814083
0.5347121754204738 0.8357223734814083
0.5387525794608778 0.8357223734814083
0.5427929835012819 0.8357223734814083
0.546833387541686 0.8357223734814083
0.55087379158209 0.8357223734814083
0.5549141956224941 0.8357223734814083
0.5589545996628981 0.8357223734814083
0.5629950037033021 0.8357223734814083
0.5670354077437061 0.8357223734814083
0.5023889430972415 0.8397627775218124
0.5064293471376455 0.8397627775218124
0.5104697511780496 0.8397627775218124
0.5145101552184537 0.8397627775218124
0.5185505592588577 0.8397627775218124
0.5225909632992617 0.8397627775218124
0.5266313673396658 0.8397627775218124
0.5306717713800698 0.8397627775218124
0.5347121754204738 0.8397627775218124
0.5387525794608778 0.8397627775218124
0.5427929835012819 0.8397627775218124
0.546833387541686 0.8397627775218124
0.55087379158209 0.8397627775218124
0.5549141956224941 0.8397627775218124
0.5589545996628981 0.8397627775218124
0.5629950037033021 0.8397627775218124
0.49430813501643345 0.8438031815622163
0.49834853905683746 0.8438031815622163
0.5023889430972415 0.8438031815622163
0.5064293471376455 0.8438031815622163
0.5104697511780496 0.8438031815622163
0.5145101552184537 0.8438031815622163
0.5185505592588577 0.8438031815622163
0.5225909632992617 0.8438031815622163
0.5266313673396658 0.8438031815622163
0.5306717713800698 0.8438031815622163
0.5347121754204738 0.8438031815622163
0.5387525794608778 0.8438031815622163
0.5427929835012819 0.8438031815622163
0.546833387541686 0.8438031815622163
0.55087379158209 0.8438031815622163
0.5549141956224941 0.8438031815622163
0.5629950037033021 0.8438031815622163
0.4902677309760294 0.8478435856026204
0.49430813501643345 0.8478435856026204
0.49834853905683746 0.8478435856026204
0.5023889430972415 0.8478435856026204
0.5064293471376455 0.8478435856026204
0.5104697511780496 0.8478435856026204
0.5145101552184537 0.8478435856026204
0.5185505592588577 0.8478435856026204
0.5225909632992617 0.8478435856026204
0.5266313673396658 0.8478435856026204
0.5306717713800698 0.8478435856026204
0.5347121754204738 0.8478435856026204
0.5387525794608778 0.8478435856026204
0.5427929835012819 0.8478435856026204
0.546833387541686 0.8478435856026204
0.55087379158209 0.8478435856026204
0.4821869228952213 0.8518839896430245
0.4862273269356253 0.8518839896430245
0.4902677309760294 0.8518839896430245
0.49430813501643345 0.8518839896430245
0.49834853905683746 0.8518839896430245
0.5023889430972415 0.8518839896430245
0.5064293471376455 0.8518839896430245
0.5104697511780496 0.8518839896430245
0.5145101552184537 0.8518839896430245
0.5185505592588577 0.8518839896430245
0.5225909632992617 0.8518839896430245
0.5266313673396658 0.8518839896430245
0.5306717713800698 0.8518839896430245
0.5347121754204738 0.8518839896430245
0.5387525794608778 0.8518839896430245
0.5427929835012819 0.8518839896430245
0.4741061148144132 0.8559243936834284
0.4781465188548173 0.8559243936834284
0.4821869228952213 0.8559243936834284
0.4862273269356253 0.8559243936834284
0.4902677309760294 0.8559243936834284
0.49430813501643345 0.8559243936834284
0.49834853905683746 0.8559243936834284
0.5023889430972415 0.8559243936834284
0.5064293471376455 0.8559243936834284
0.5104697511780496 0.8559243936834284
0.5145101552184537 0.8559243936834284
0.5185505592588577 0.8559243936834284
0.5225909632992617 0.8559243936834284
0.5266313673396658 0.8559243936834284
0.5306717713800698 0.8559243936834284
0.5347121754204738 0.8559243936834284
0.5387525794608778 0.8559243936834284
0.46602530673360515 0.8599647977238325
0.47006571077400916 0.8599647977238325
0.4741061148144132 0.8599647977238325
0.4781465188548173 0.8599647977238325
0.4821869228952213 0.8599647977238325
0.4862273269356253 0.8599647977238325
0.4902677309760294 0.8599647977238325
0.49430813501643345 0.8599647977238325
0.49834853905683746 0.8599647977238325
0.5023889430972415 0.8599647977238325
0.5064293471376455 0.8599647977238325
0.5104697511780496 0.8599647977238325
0.5145101552184537 0.8599647977238325
0.5185505592588577 0.8599647977238325
0.5225909632992617 0.8599647977238325
0.5266313673396658 0.8599647977238325
0.5306717713800698 0.8599647977238325
0.453904094612393 0.8640052017642366
0.45794449865279707 0.8640052017642366
0.46198490269320114 0.8640052017642366
0.46602530673360515 0.8640052017642366
0.47006571077400916 0.8640052017642366
0.4741061148144132 0.8640052017642366
0.4781465188548173 0.8640052017642366
0.4821869228952213 0.8640052017642366
0.4862273269356253 0.8640052017642366
0.4902677309760294 0.8640052017642366
0.49430813501643345 0.8640052017642366
0.49834853905683746 0.8640052017642366
0.5023889430972415 0.8640052017642366
0.5064293471376455 0.8640052017642366
0.5104697511780496 0.8640052017642366
0.5145101552184537 0.8640052017642366
0.5185505592588577 0.8640052017642366
0.5225909632992617 0.8640052017642366
0.4417828824911809 0.8680456058046406
0.44582328653158493 0.8680456058046406
0.44986369057198894 0.8680456058046406
0.453904094612393 0.8680456058046406
0.45794449865279707 0.8680456058046406
0.46198490269320114 0.8680456058046406
0.46602530673360515 0.8680456058046406
0.47006571077400916 0.8680456058046406
0.4741061148144132 0.8680456058046406
0.4781465188548173 0.8680456058046406
0.4821869228952213 0.8680456058046406
0.4862273269356253 0.8680456058046406
0.4902677309760294 0.8680456058046406
0.49430813501643345 0.8680456058046406
0.49834853905683746 0.8680456058046406
0.5023889430972415 0.8680456058046406
0.5064293471376455 0.8680456058046406
0.5104697511780496 0.8680456058046406
0.5145101552184537 0.8680456058046406
0.5185505592588577 0.8680456058046406
0.4417828824911809 0.8720860098450447
0.44582328653158493 0.8720860098450447
0.44986369057198894 0.8720860098450447
0.453904094612393 0.8720860098450447
0.45794449865279707 0.8720860098450447
0.46198490269320114 0.8720860098450447
0.46602530673360515 0.8720860098450447
0.47006571077400916 0.8720860098450447
0.4741061148144132 0.8720860098450447
0.4781465188548173 0.8720860098450447
0.4821869228952213 0.8720860098450447
0.4862273269356253 0.8720860098450447
0.4902677309760294 0.8720860098450447
0.49430813501643345 0.8720860098450447
0.49834853905683746 0.8720860098450447
0.5023889430972415 0.8720860098450447
0.5064293471376455 0.8720860098450447
0.5104697511780496 0.8720860098450447
0.4337020744103728 0.8761264138854487
0.43774247845077685 0.8761264138854487
0.4417828824911809 0.8761264138854487
0.44582328653158493 0.8761264138854487
0.44986369057198894 0.8761264138854487
0.453904094612393 0.8761264138854487
0.45794449865279707 0.8761264138854487
0.46198490269320114 0.8761264138854487
0.46602530673360515 0.8761264138854487
0.47006571077400916 0.8761264138854487
0.4741061148144132 0.8761264138854487
0.4781465188548173 0.8761264138854487
0.4821869228952213 0.8761264138854487
0.4862273269356253 0.8761264138854487
0.4902677309760294 0.8761264138854487
0.49430813501643345 0.8761264138854487
0.49834853905683746 0.8761264138854487
0.5023889430972415 0.8761264138854487
0.5064293471376455 0.8761264138854487
0.4215808622891607 0.8801668179258527
0.42562126632956476 0.8801668179258527
0.4296616703699688 0.8801668179258527
0.4337020744103728 0.8801668179258527
0.43774247845077685 0.8801668179258527
0.4417828824911809 0.8801668179258527
0.44582328653158493 0.8801668179258527
0.44986369057198894 0.8801668179258527
0.453904094612393 0.8801668179258527
0.45794449865279707 0.8801668179258527
0.46198490269320114 0.8801668179258527
0.46602530673360515 0.8801668179258527
0.47006571077400916 0.8801668179258527
0.4741061148144132 0.8801668179258527
0.4781465188548173 0.8801668179258527
0.4821869228952213 0.8801668179258527
0.4862273269356253 0.8801668179258527
0.4902677309760294 0.8801668179258527
0.49430813501643345 0.8801668179258527
0.49834853905683746 0.8801668179258527
0.41754045824875663 0.8842072219662568
0.4215808622891607 0.8842072219662568
0.42562126632956476 0.8842072219662568
0.4296616703699688 0.8842072219662568
0.4337020744103728 0.8842072219662568
0.43774247845077685 0.8842072219662568
0.4417828824911809 0.8842072219662568
0.44582328653158493 0.8842072219662568
0.44986369057198894 0.8842072219662568
0.453904094612393 0.8842072219662568
0.45794449865279707 0.8842072219662568
0.46198490269320114 0.8842072219662568
0.46602530673360515 0.8842072219662568
0.47006571077400916 0.8842072219662568
0.4741061148144132 0.8842072219662568
0.4781465188548173 0.8842072219662568
0.4821869228952213 0.8842072219662568
0.4862273269356253 0.8842072219662568
0.4902677309760294 0.8842072219662568
0.40541924612754454 0.8882476260066607
0.4094596501679486 0.8882476260066607
0.4135000542083526 0.8882476260066607
0.41754045824875663 0.8882476260066607
0.4215808622891607 0.8882476260066607
0.42562126632956476 0.8882476260066607
0.4296616703699688 0.8882476260066607
0.4337020744103728 0.8882476260066607
0.43774247845077685 0.8882476260066607
0.4417828824911809 0.8882476260066607
0.44582328653158493 0.8882476260066607
0.44986369057198894 0.8882476260066607
0.453904094612393 0.8882476260066607
0.45794449865279707 0.8882476260066607
0.46198490269320114 0.8882476260066607
0.46602530673360515 0.8882476260066607
0.47006571077400916 0.8882476260066607
0.4741061148144132 0.8882476260066607
0.4781465188548173 0.8882476260066607
0.4821869228952213 0.8882476260066607
0.4862273269356253 0.8882476260066607
0.39733843804673646 0.8922880300470648
0.4013788420871405 0.8922880300470648
0.40541924612754454 0.8922880300470648
0.4094596501679486 0.8922880300470648
0.4135000542083526 0.8922880300470648
0.41754045824875663 0.8922880300470648
0.4215808622891607 0.8922880300470648
0.42562126632956476 0.8922880300470648
0.4296616703699688 0.8922880300470648
0.4337020744103728 0.8922880300470648
0.43774247845077685 0.8922880300470648
0.4417828824911809 0.8922880300470648
0.44582328653158493 0.8922880300470648
0.44986369057198894 0.8922880300470648
0.453904094612393 0.8922880300470648
0.45794449865279707 0.8922880300470648
0.46198490269320114 0.8922880300470648
0.46602530673360515 0.8922880300470648
0.47006571077400916 0.8922880300470648
0.4741061148144132 0.8922880300470648
0.4781465188548173 0.8922880300470648
0.3892576299659284 0.8963284340874689
0.3932980340063324 0.8963284340874689
0.39733843804673646 0.8963284340874689
0.4013788420871405 0.8963284340874689
0.40541924612754454 0.8963284340874689
0.4094596501679486 0.8963284340874689
0.4135000542083526 0.8963284340874689
0.41754045824875663 0.8963284340874689
0.4215808622891607 0.8963284340874689
0.42562126632956476 0.8963284340874689
0.4296616703699688 0.8963284340874689
0.4337020744103728 0.8963284340874689
0.43774247845077685 0.8963284340874689
0.4417828824911809 0.8963284340874689
0.44582328653158493 0.8963284340874689
0.44986369057198894 0.8963284340874689
0.453904094612393 0.8963284340874689
0.45794449865279707 0.8963284340874689
0.46198490269320114 0.8963284340874689
0.46602530673360515 0.8963284340874689
0.47006571077400916 0.8963284340874689
0.37713641784471624 0.9003688381278729
0.3811768218851203 0.9003688381278729
0.3852172259255243 0.9003688381278729
0.3892576299659284 0.9003688381278729
0.3932980340063324 0.9003688381278729
0.39733843804673646 0.9003688381278729
0.4013788420871405 0.9003688381278729
0.40541924612754454 0.9003688381278729
0.4094596501679486 0.9003688381278729
0.4135000542083526 0.9003688381278729
0.41754045824875663 0.9003688381278729
0.4215808622891607 0.9003688381278729
0.42562126632956476 0.9003688381278729
0.4296616703699688 0.9003688381278729
0.4337020744103728 0.9003688381278729
0.43774247845077685 0.9003688381278729
0.4417828824911809 0.9003688381278729
0.44582328653158493 0.9003688381278729
0.44986369057198894 0.9003688381278729
0.453904094612393 0.9003688381278729
0.45794449865279707 0.9003688381278729
0.46198490269320114 0.9003688381278729
0.36905560976390817 0.904409242168277
0.37309601380431223 0.904409242168277
0.37713641784471624 0.904409242168277
0.3811768218851203 0.904409242168277
0.3852172259255243 0.904409242168277
0.3892576299659284 0.904409242168277
0.3932980340063324 0.904409242168277
0.39733843804673646 0.904409242168277
0.4013788420871405 0.904409242168277
0.40541924612754454 0.904409242168277
0.4094596501679486 0.904409242168277
0.4135000542083526 0.904409242168277
0.41754045824875663 0.904409242168277
0.4215808622891607 0.904409242168277
0.42562126632956476 0.904409242168277
0.4296616703699688 0.904409242168277
0.4337020744103728 0.904409242168277
0.43774247845077685 0.904409242168277
0.4417828824911809 0.904409242168277
0.44582328653158493 0.904409242168277
0.44986369057198894 0.904409242168277
0.453904094612393 0.904409242168277
0.3569343976426961 0.9084496462086811
0.3609748016831001 0.9084496462086811
0.3650152057235041 0.9084496462086811
0.36905560976390817 0.9084496462086811
0.37309601380431223 0.9084496462086811
0.37713641784471624 0.9084496462086811
0.3811768218851203 0.9084496462086811
0.3852172259255243 0.9084496462086811
0.3892576299659284 0.9084496462086811
0.3932980340063324 0.9084496462086811
0.39733843804673646 0.9084496462086811
0.4013788420871405 0.9084496462086811
0.40541924612754454 0.9084496462086811
0.4094596501679486 0.9084496462086811
0.4135000542083526 0.9084496462086811
0.41754045824875663 0.9084496462086811
0.4215808622891607 0.9084496462086811
0.42562126632956476 0.9084496462086811
0.4296616703699688 0.9084496462086811
0.4337020744103728 0.9084496462086811
0.43774247845077685 0.9084496462086811
0.4417828824911809 0.9084496462086811
0.44582328653158493 0.9084496462086811
0.34885358956188794 0.912490050249085
0.352893993602292 0.912490050249085
0.3569343976426961 0.912490050249085
0.3609748016831001 0.912490050249085
0.3650152057235041 0.912490050249085
0.36905560976390817 0.912490050249085
0.37309601380431223 0.912490050249085
0.37713641784471624 0.912490050249085
0.3811768218851203 0.912490050249085
0.3852172259255243 0.912490050249085
0.3892576299659284 0.912490050249085
0.3932980340063324 0.912490050249085
0.39733843804673646 0.912490050249085
0.4013788420871405 0.912490050249085
0.40541924612754454 0.912490050249085
0.4094596501679486 0.912490050249085
0.4135000542083526 0.912490050249085
0.41754045824875663 0.912490050249085
0.4215808622891607 0.912490050249085
0.42562126632956476 0.912490050249085
0.4296616703699688 0.912490050249085
0.4337020744103728 0.912490050249085
0.43774247845077685 0.912490050249085
0.3326919734002718 0.9165304542894891
0.33673237744067586 0.9165304542894891
0.3407727814810799 0.9165304542894891
0.34481318552148393 0.9165304542894891
0.34885358956188794 0.9165304542894891
0.352893993602292 0.9165304542894891
0.3569343976426961 0.9165304542894891
0.3609748016831001 0.9165304542894891
0.3650152057235041 0.9165304542894891
0.36905560976390817 0.9165304542894891
0.37309601380431223 0.9165304542894891
0.37713641784471624 0.9165304542894891
0.3811768218851203 0.9165304542894891
0.3852172259255243 0.9165304542894891
0.3892576299659284 0.9165304542894891
0.3932980340063324 0.9165304542894891
0.39733843804673646 0.9165304542894891
0.4013788420871405 0.9165304542894891
0.40541924612754454 0.9165304542894891
0.4094596501679486 0.9165304542894891
0.4135000542083526 0.9165304542894891
0.41754045824875663 0.9165304542894891
0.4215808622891607 0.9165304542894891
0.42562126632956476 0.9165304542894891
0.4296616703699688 0.9165304542894891
0.3205707612790597 0.920570858329893
0.3246111653194637 0.920570858329893
0.3286515693598678 0.920570858329893
0.3326919734002718 0.920570858329893
0.33673237744067586 0.920570858329893
0.3407727814810799 0.920570858329893
0.34481318552148393 0.920570858329893
0.34885358956188794 0.920570858329893
0.352893993602292 0.920570858329893
0.3569343976426961 0.920570858329893
0.3609748016831001 0.920570858329893
0.3650152057235041 0.920570858329893
0.36905560976390817 0.920570858329893
0.37309601380431223 0.920570858329893
0.37713641784471624 0.920570858329893
0.3811768218851203 0.920570858329893
0.3852172259255243 0.920570858329893
0.3892576299659284 0.920570858329893
0.3932980340063324 0.920570858329893
0.39733843804673646 0.920570858329893
0.4013788420871405 0.920570858329893
0.40541924612754454 0.920570858329893
0.4094596501679486 0.920570858329893
0.4135000542083526 0.920570858329893
0.41754045824875663 0.920570858329893
0.4215808622891607 0.920570858329893
0.31248995319825157 0.9246112623702971
0.31653035723865564 0.9246112623702971
0.3205707612790597 0.9246112623702971
0.3246111653194637 0.9246112623702971
0.3286515693598678 0.9246112623702971
0.3326919734002718 0.9246112623702971
0.33673237744067586 0.9246112623702971
0.3407727814810799 0.9246112623702971
0.34481318552148393 0.9246112623702971
0.34885358956188794 0.9246112623702971
0.352893993602292 0.9246112623702971
0.3569343976426961 0.9246112623702971
0.3609748016831001 0.9246112623702971
0.3650152057235041 0.9246112623702971
0.36905560976390817 0.9246112623702971
0.37309601380431223 0.9246112623702971
0.37713641784471624 0.9246112623702971
0.3811768218851203 0.9246112623702971
0.3852172259255243 0.9246112623702971
0.3892576299659284 0.9246112623702971
0.3932980340063324 0.9246112623702971
0.39733843804673646 0.9246112623702971
0.4013788420871405 0.9246112623702971
0.40541924612754454 0.9246112623702971
0.4094596501679486 0.9246112623702971
0.4135000542083526 0.9246112623702971
0.3003687410770395 0.9286516664107012
0.30440914511744355 0.9286516664107012
0.30844954915784756 0.9286516664107012
0.31248995319825157 0.9286516664107012
0.31653035723865564 0.9286516664107012
0.3205707612790597 0.9286516664107012
0.3246111653194637 0.9286516664107012
0.3286515693598678 0.9286516664107012
0.3326919734002718 0.9286516664107012
0.33673237744067586 0.9286516664107012
0.3407727814810799 0.9286516664107012
0.34481318552148393 0.9286516664107012
0.34885358956188794 0.9286516664107012
0.352893993602292 0.9286516664107012
0.3569343976426961 0.9286516664107012
0.3609748016831001 0.9286516664107012
0.3650152057235041 0.9286516664107012
0.36905560976390817 0.9286516664107012
0.37309601380431223 0.9286516664107012
0.37713641784471624 0.9286516664107012
0.3811768218851203 0.9286516664107012
0.3852172259255243 0.9286516664107012
0.3892576299659284 0.9286516664107012
0.3932980340063324 0.9286516664107012
0.39733843804673646 0.9286516664107012
0.4013788420871405 0.9286516664107012
0.40541924612754454 0.9286516664107012
0.2922879329962314 0.9326920704511052
0.2963283370366354 0.9326920704511052
0.3003687410770395 0.9326920704511052
0.30440914511744355 0.9326920704511052
0.30844954915784756 0.9326920704511052
0.31248995319825157 0.9326920704511052
0.31653035723865564 0.9326920704511052
0.3205707612790597 0.9326920704511052
0.3246111653194637 0.9326920704511052
0.3286515693598678 0.9326920704511052
0.3326919734002718 0.9326920704511052
0.33673237744067586 0.9326920704511052
0.3407727814810799 0.9326920704511052
0.34481318552148393 0.9326920704511052
0.34885358956188794 0.9326920704511052
0.352893993602292 0.9326920704511052
0.3569343976426961 0.9326920704511052
0.3609748016831001 0.9326920704511052
0.3650152057235041 0.9326920704511052
0.36905560976390817 0.9326920704511052
0.37309601380431223 0.9326920704511052
0.37713641784471624 0.9326920704511052
0.3811768218851203 0.9326920704511052
0.3852172259255243 0.9326920704511052
0.3892576299659284 0.9326920704511052
0.3932980340063324 0.9326920704511052
0.2922879329962314 0.9367324744915093
0.2963283370366354 0.9367324744915093
0.3003687410770395 0.9367324744915093
0.30440914511744355 0.9367324744915093
0.30844954915784756 0.9367324744915093
0.31248995319825157 0.9367324744915093
0.31653035723865564 0.9367324744915093
0.3205707612790597 0.9367324744915093
0.3246111653194637 0.9367324744915093
0.3286515693598678 0.9367324744915093
0.3326919734002718 0.9367324744915093
0.33673237744067586 0.9367324744915093
0.3407727814810799 0.9367324744915093
0.34481318552148393 0.9367324744915093
0.34885358956188794 0.9367324744915093
0.352893993602292 0.9367324744915093
0.3569343976426961 0.9367324744915093
0.3609748016831001 0.9367324744915093
0.3650152057235041 0.9367324744915093
0.36905560976390817 0.9367324744915093
0.37309601380431223 0.9367324744915093
0.37713641784471624 0.9367324744915093
0.3811768218851203 0.9367324744915093
0.3852172259255243 0.9367324744915093
0.2922879329962314 0.9407728785319134
0.2963283370366354 0.9407728785319134
0.3003687410770395 0.9407728785319134
0.30440914511744355 0.9407728785319134
0.30844954915784756 0.9407728785319134
0.31248995319825157 0.9407728785319134
0.31653035723865564 0.9407728785319134
0.3205707612790597 0.9407728785319134
0.3246111653194637 0.9407728785319134
0.3286515693598678 0.9407728785319134
0.3326919734002718 0.9407728785319134
0.33673237744067586 0.9407728785319134
0.3407727814810799 0.9407728785319134
0.34481318552148393 0.9407728785319134
0.34885358956188794 0.9407728785319134
0.352893993602292 0.9407728785319134
0.3569343976426961 0.9407728785319134
0.3609748016831001 0.9407728785319134
0.3650152057235041 0.9407728785319134
0.36905560976390817 0.9407728785319134
0.37309601380431223 0.9407728785319134
0.37713641784471624 0.9407728785319134
0.2922879329962314 0.9448132825723174
0.2963283370366354 0.9448132825723174
0.3003687410770395 0.9448132825723174
0.30440914511744355 0.9448132825723174
0.30844954915784756 0.9448132825723174
0.31248995319825157 0.9448132825723174
0.31653035723865564 0.9448132825723174
0.3205707612790597 0.9448132825723174
0.3246111653194637 0.9448132825723174
0.3286515693598678 0.9448132825723174
0.3326919734002718 0.9448132825723174
0.33673237744067586 0.9448132825723174
0.3407727814810799 0.9448132825723174
0.34481318552148393 0.9448132825723174
0.34885358956188794 0.9448132825723174
0.352893993602292 0.9448132825723174
0.3569343976426961 0.9448132825723174
0.3609748016831001 0.9448132825723174
0.3650152057235041 0.9448132825723174
0.2922879329962314 0.9488536866127214
0.2963283370366354 0.9488536866127214
0.3003687410770395 0.9488536866127214
0.30440914511744355 0.9488536866127214
0.30844954915784756 0.9488536866127214
0.31248995319825157 0.9488536866127214
0.31653035723865564 0.9488536866127214
0.3205707612790597 0.9488536866127214
0.3246111653194637 0.9488536866127214
0.3286515693598678 0.9488536866127214
0.3326919734002718 0.9488536866127214
0.33673237744067586 0.9488536866127214
0.3407727814810799 0.9488536866127214
0.34481318552148393 0.9488536866127214
0.34885358956188794 0.9488536866127214
0.352893993602292 0.9488536866127214
0.3569343976426961 0.9488536866127214
0.2922879329962314 0.9528940906531255
0.2963283370366354 0.9528940906531255
0.3003687410770395 0.9528940906531255
0.30440914511744355 0.9528940906531255
0.30844954915784756 0.9528940906531255
0.31248995319825157 0.9528940906531255
0.31653035723865564 0.9528940906531255
0.3205707612790597 0.9528940906531255
0.3246111653194637 0.9528940906531255
0.3286515693598678 0.9528940906531255
0.3326919734002718 0.9528940906531255
0.33673237744067586 0.9528940906531255
0.3407727814810799 0.9528940906531255
0.34481318552148393 0.9528940906531255
0.2922879329962314 0.9569344946935294
0.2963283370366354 0.9569344946935294
0.3003687410770395 0.9569344946935294
0.30440914511744355 0.9569344946935294
0.30844954915784756 0.9569344946935294
0.31248995319825157 0.9569344946935294
0.31653035723865564 0.9569344946935294
0.3205707612790597 0.9569344946935294
0.3246111653194637 0.9569344946935294
0.3286515693598678 0.9569344946935294
0.3326919734002718 0.9569344946935294
0.2922879329962314 0.9609748987339335
0.2963283370366354 0.9609748987339335
0.3003687410770395 0.9609748987339335
0.30440914511744355 0.9609748987339335
0.30844954915784756 0.9609748987339335
0.31248995319825157 0.9609748987339335
0.31653035723865564 0.9609748987339335
0.3205707612790597 0.9609748987339335
0.3246111653194637 0.9609748987339335
0.2922879329962314 0.9650153027743376
0.2963283370366354 0.9650153027743376
0.3003687410770395 0.9650153027743376
0.30440914511744355 0.9650153027743376
0.30844954915784756 0.9650153027743376
0.31248995319825157 0.9650153027743376
0.2922879329962314 0.9690557068147416
0.2963283370366354 0.9690557068147416
0.3003687410770395 0.9690557068147416
