# x y
0.6999509382380812 0.710469848228883
0.6959105341976771 0.7145102522692871
0.6999509382380812 0.7145102522692871
0.6918701301572732 0.7185506563096911
0.6959105341976771 0.7185506563096911
0.6878297261168691 0.7225910603500951
0.6918701301572732 0.7225910603500951
0.683789322076465 0.7266314643904992
0.6878297261168691 0.7266314643904992
0.679748918036061 0.7306718684309033
0.683789322076465 0.7306718684309033
0.6757085139956569 0.7347122724713073
0.679748918036061 0.7347122724713073
0.6716681099552528 0.7387526765117113
0.6757085139956569 0.7387526765117113
0.6676277059148488 0.7427930805521153
0.6716681099552528 0.7427930805521153
0.6635873018744448 0.7468334845925194
0.6676277059148488 0.7468334845925194
0.6595468978340407 0.7508738886329235
0.6635873018744448 0.7508738886329235
0.6555064937936368 0.7549142926733274
0.6595468978340407 0.7549142926733274
0.6474256857128287 0.7589546967137315
0.6514660897532327 0.7589546967137315
0.6433852816724246 0.7629951007541356
0.6474256857128287 0.7629951007541356
0.6393448776320205 0.7670355047945396
0.6433852816724246 0.7670355047945396
0.6353044735916165 0.7710759088349436
0.6393448776320205 0.7710759088349436
0.6312640695512125 0.7751163128753477
0.6353044735916165 0.7751163128753477
0.6231832614704044 0.7791567169157517
0.6272236655108084 0.7791567169157517
0.6191428574300004 0.7831971209561558
0.6231832614704044 0.7831971209561558
0.6151024533895963 0.7872375249965597
0.6191428574300004 0.7872375249965597
0.6070216453087882 0.7912779290369638
0.6110620493491923 0.7912779290369638
0.6151024533895963 0.7912779290369638
0.6029812412683841 0.7953183330773679
0.6070216453087882 0.7953183330773679
0.5989408372279801 0.799358737117772
0.6029812412683841 0.799358737117772
0.5908600291471721 0.803399141158176
0.5949004331875761 0.803399141158176
0.5989408372279801 0.803399141158176
0.5868196251067681 0.80743954519858
0.5908600291471721 0.80743954519858
0.582779221066364 0.811479949238984
0.5868196251067681 0.811479949238984
0.5746984129855559 0.8155203532793881
0.57873881702596 0.8155203532793881
0.582779221066364 0.8155203532793881
0.5706580089451518 0.819560757319792
0.5746984129855559 0.819560757319792
0.5625772008643438 0.8236011613601961
0.5666176049047478 0.8236011613601961
0.5706580089451518 0.8236011613601961
0.5585367968239398 0.8276415654006002
0.5625772008643438 0.8276415654006002
0.5504559887431317 0.8316819694410043
0.5544963927835357 0.8316819694410043
0.5585367968239398 0.8316819694410043
0.5464155847027277 0.8357223734814083
0.5504559887431317 0.8357223734814083
0.5383347766219195 0.8397627775218124
0.5423751806623236 0.8397627775218124
0.5464155847027277 0.8397627775218124
0.5342943725815155 0.8438031815622163
0.5383347766219195 0.8438031815622163
0.5262135645007074 0.8478435856026204
0.5302539685411115 0.8478435856026204
0.5342943725815155 0.8478435856026204
0.5221731604603034 0.8518839896430245
0.5262135645007074 0.8518839896430245
0.5140923523794954 0.8559243936834284
0.5181327564198993 0.8559243936834284
0.5221731604603034 0.8559243936834284
0.5060115442986872 0.8599647977238325
0.5100519483390913 0.8599647977238325
0.5140923523794954 0.8599647977238325
0.49793073621787914 0.8640052017642366
0.5019711402582832 0.8640052017642366
0.5060115442986872 0.8640052017642366
0.49389033217747513 0.8680456058046406
0.49793073621787914 0.8680456058046406
0.5019711402582832 0.8680456058046406
0.485809524096667 0.8720860098450447
0.48984992813707107 0.8720860098450447
0.49389033217747513 0.8720860098450447
0.477728716015859 0.8761264138854487
0.481769120056263 0.8761264138854487
0.485809524096667 0.8761264138854487
0.46964790793505085 0.8801668179258527
0.4736883119754549 0.8801668179258527
0.477728716015859 0.8801668179258527
0.46156709985424277 0.8842072219662568
0.46560750389464683 0.8842072219662568
0.46964790793505085 0.8842072219662568
0.4534862917734347 0.8882476260066607
0.45752669581383876 0.8882476260066607
0.46156709985424277 0.8882476260066607
0.4454054836926266 0.8922880300470648
0.4494458877330306 0.8922880300470648
0.4534862917734347 0.8922880300470648
0.45752669581383876 0.8922880300470648
0.43732467561181854 0.8963284340874689
0.4413650796522226 0.8963284340874689
0.4454054836926266 0.8963284340874689
0.4494458877330306 0.8963284340874689
0.42924386753101046 0.9003688381278729
0.43328427157141447 0.9003688381278729
0.43732467561181854 0.9003688381278729
0.4413650796522226 0.9003688381278729
0.4211630594502024 0.904409242168277
0.42520346349060645 0.904409242168277
0.42924386753101046 0.904409242168277
0.4130822513693943 0.9084496462086811
0.4171226554097983 0.9084496462086811
0.4211630594502024 0.9084496462086811
0.4050014432885862 0.912490050249085
0.40904184732899024 0.912490050249085
0.4130822513693943 0.912490050249085
0.3928802311673741 0.9165304542894891
0.39692063520777815 0.9165304542894891
0.40096103924818216 0.9165304542894891
0.4050014432885862 0.9165304542894891
0.384799423086566 0.920570858329893
0.3888398271269701 0.920570858329893
0.3928802311673741 0.920570858329893
0.39692063520777815 0.920570858329893
0.37671861500575793 0.9246112623702971
0.38075901904616194 0.9246112623702971
0.384799423086566 0.9246112623702971
0.3645974028845458 0.9286516664107012
0.36863780692494985 0.9286516664107012
0.3726782109653539 0.9286516664107012
0.37671861500575793 0.9286516664107012
0.35651659480373776 0.9326920704511052
0.3605569988441418 0.9326920704511052
0.3645974028845458 0.9326920704511052
0.3443953826825256 0.9367324744915093
0.34843578672292963 0.9367324744915093
0.3524761907633337 0.9367324744915093
0.35651659480373776 0.9367324744915093
0.3322741705613135 0.9407728785319134
0.33631457460171754 0.9407728785319134
0.34035497864212155 0.9407728785319134
0.3443953826825256 0.9407728785319134
0.3201529584401014 0.9448132825723174
0.3241933624805054 0.9448132825723174
0.32823376652090946 0.9448132825723174
0.3322741705613135 0.9448132825723174
0.30803174631888924 0.9488536866127214
0.31207215035929325 0.9488536866127214
0.3161125543996973 0.9488536866127214
0.3201529584401014 0.9488536866127214
0.3241933624805054 0.9488536866127214
0.29995093823808117 0.9528940906531255
0.30399134227848523 0.9528940906531255
0.30803174631888924 0.9528940906531255
0.31207215035929325 0.9528940906531255
