# x y
0.5665982991364997 0.8357223734814083
0.5665982991364997 0.8397627775218124
0.5544770870152876 0.8478435856026204
0.5423558748940756 0.8518839896430245
0.5665982991364997 0.8518839896430245
0.5059922385304392 0.8761264138854487
0.5302346627728635 0.8761264138854487
0.4655881981263988 0.8963284340874689
0.4251841577223584 0.9165304542894891
0.41710334964155027 0.920570858329893
0.41710334964155027 0.9246112623702971
0.44538617792437857 0.9246112623702971
0.3282144607526614 0.9609748987339335
