# x y
0.6961973783814017 0.6862274239864588
0.6961973783814017 0.698348636107671
0.6921569743409977 0.702389040148075
0.6961973783814017 0.702389040148075
0.6881165703005936 0.706429444188479
0.6921569743409977 0.706429444188479
0.6961973783814017 0.706429444188479
0.6840761662601895 0.710469848228883
0.6881165703005936 0.710469848228883
0.6921569743409977 0.710469848228883
0.6961973783814017 0.710469848228883
0.6800357622197855 0.7145102522692871
0.6840761662601895 0.7145102522692871
0.6881165703005936 0.7145102522692871
0.6921569743409977 0.7145102522692871
0.6961973783814017 0.7145102522692871
0.6759953581793814 0.7185506563096911
0.6800357622197855 0.7185506563096911
0.6840761662601895 0.7185506563096911
0.6881165703005936 0.7185506563096911
0.6921569743409977 0.7185506563096911
0.6961973783814017 0.7185506563096911
0.6679145500985734 0.7225910603500951
0.6719549541389773 0.7225910603500951
0.6759953581793814 0.7225910603500951
0.6800357622197855 0.7225910603500951
0.6840761662601895 0.7225910603500951
0.6881165703005936 0.7225910603500951
0.6921569743409977 0.7225910603500951
0.6961973783814017 0.7225910603500951
0.6638741460581693 0.7266314643904992
0.6679145500985734 0.7266314643904992
0.6719549541389773 0.7266314643904992
0.6759953581793814 0.7266314643904992
0.6800357622197855 0.7266314643904992
0.6840761662601895 0.7266314643904992
0.6881165703005936 0.7266314643904992
0.6921569743409977 0.7266314643904992
0.6961973783814017 0.7266314643904992
0.6598337420177653 0.7306718684309033
0.6638741460581693 0.7306718684309033
0.6679145500985734 0.7306718684309033
0.6719549541389773 0.7306718684309033
0.6759953581793814 0.7306718684309033
0.6800357622197855 0.7306718684309033
0.6840761662601895 0.7306718684309033
0.6881165703005936 0.7306718684309033
0.6921569743409977 0.7306718684309033
0.6961973783814017 0.7306718684309033
0.6557933379773613 0.7347122724713073
0.6598337420177653 0.7347122724713073
0.6638741460581693 0.7347122724713073
0.6679145500985734 0.7347122724713073
0.6719549541389773 0.7347122724713073
0.6759953581793814 0.7347122724713073
0.6800357622197855 0.7347122724713073
0.6840761662601895 0.7347122724713073
0.6881165703005936 0.7347122724713073
0.6921569743409977 0.7347122724713073
0.6517529339369572 0.7387526765117113
0.6557933379773613 0.7387526765117113
0.6598337420177653 0.7387526765117113
0.6638741460581693 0.7387526765117113
0.6679145500985734 0.7387526765117113
0.6719549541389773 0.7387526765117113
0.6759953581793814 0.7387526765117113
0.6800357622197855 0.7387526765117113
0.6840761662601895 0.7387526765117113
0.6881165703005936 0.7387526765117113
0.6477125298965531 0.7427930805521153
0.6517529339369572 0.7427930805521153
0.6557933379773613 0.7427930805521153
0.6598337420177653 0.7427930805521153
0.6638741460581693 0.7427930805521153
0.6679145500985734 0.7427930805521153
0.6719549541389773 0.7427930805521153
0.6759953581793814 0.7427930805521153
0.6800357622197855 0.7427930805521153
0.6840761662601895 0.7427930805521153
0.639631721815745 0.7468334845925194
0.6436721258561491 0.7468334845925194
0.6477125298965531 0.7468334845925194
0.6517529339369572 0.7468334845925194
0.6557933379773613 0.7468334845925194
0.6598337420177653 0.7468334845925194
0.6638741460581693 0.7468334845925194
0.6679145500985734 0.7468334845925194
0.6719549541389773 0.7468334845925194
0.6759953581793814 0.7468334845925194
0.6800357622197855 0.7468334845925194
0.6355913177753411 0.7508738886329235
0.639631721815745 0.7508738886329235
0.6436721258561491 0.7508738886329235
0.6477125298965531 0.7508738886329235
0.6517529339369572 0.7508738886329235
0.6557933379773613 0.7508738886329235
0.6598337420177653 0.7508738886329235
0.6638741460581693 0.7508738886329235
0.6679145500985734 0.7508738886329235
0.6719549541389773 0.7508738886329235
0.6759953581793814 0.7508738886329235
0.631550913734937 0.7549142926733274
0.6355913177753411 0.7549142926733274
0.639631721815745 0.7549142926733274
0.6436721258561491 0.7549142926733274
0.6477125298965531 0.7549142926733274
0.6517529339369572 0.7549142926733274
0.6557933379773613 0.7549142926733274
0.6598337420177653 0.7549142926733274
0.6638741460581693 0.7549142926733274
0.6679145500985734 0.7549142926733274
0.6719549541389773 0.7549142926733274
0.627510509694533 0.7589546967137315
0.631550913734937 0.7589546967137315
0.6355913177753411 0.7589546967137315
0.639631721815745 0.7589546967137315
0.6436721258561491 0.7589546967137315
0.6477125298965531 0.7589546967137315
0.6517529339369572 0.7589546967137315
0.6557933379773613 0.7589546967137315
0.6598337420177653 0.7589546967137315
0.6638741460581693 0.7589546967137315
0.6679145500985734 0.7589546967137315
0.6194297016137249 0.7629951007541356
0.623470105654129 0.7629951007541356
0.627510509694533 0.7629951007541356
0.631550913734937 0.7629951007541356
0.6355913177753411 0.7629951007541356
0.639631721815745 0.7629951007541356
0.6436721258561491 0.7629951007541356
0.6477125298965531 0.7629951007541356
0.6517529339369572 0.7629951007541356
0.6557933379773613 0.7629951007541356
0.6598337420177653 0.7629951007541356
0.6638741460581693 0.7629951007541356
0.6153892975733208 0.7670355047945396
0.6194297016137249 0.7670355047945396
0.623470105654129 0.7670355047945396
0.627510509694533 0.7670355047945396
0.631550913734937 0.7670355047945396
0.6355913177753411 0.7670355047945396
0.639631721815745 0.7670355047945396
0.6436721258561491 0.7670355047945396
0.6477125298965531 0.7670355047945396
0.6517529339369572 0.7670355047945396
0.6557933379773613 0.7670355047945396
0.6113488935329168 0.7710759088349436
0.6153892975733208 0.7710759088349436
0.6194297016137249 0.7710759088349436
0.623470105654129 0.7710759088349436
0.627510509694533 0.7710759088349436
0.631550913734937 0.7710759088349436
0.6355913177753411 0.7710759088349436
0.639631721815745 0.7710759088349436
0.6436721258561491 0.7710759088349436
0.6477125298965531 0.7710759088349436
0.6517529339369572 0.7710759088349436
0.6032680854521086 0.7751163128753477
0.6073084894925127 0.7751163128753477
0.6113488935329168 0.7751163128753477
0.6153892975733208 0.7751163128753477
0.6194297016137249 0.7751163128753477
0.623470105654129 0.7751163128753477
0.627510509694533 0.7751163128753477
0.631550913734937 0.7751163128753477
0.6355913177753411 0.7751163128753477
0.639631721815745 0.7751163128753477
0.6436721258561491 0.7751163128753477
0.6477125298965531 0.7751163128753477
0.5992276814117047 0.7791567169157517
0.6032680854521086 0.7791567169157517
0.6073084894925127 0.7791567169157517
0.6113488935329168 0.7791567169157517
0.6153892975733208 0.7791567169157517
0.6194297016137249 0.7791567169157517
0.623470105654129 0.7791567169157517
0.627510509694533 0.7791567169157517
0.631550913734937 0.7791567169157517
0.6355913177753411 0.7791567169157517
0.639631721815745 0.7791567169157517
0.6436721258561491 0.7791567169157517
0.5951872773713006 0.7831971209561558
0.5992276814117047 0.7831971209561558
0.6032680854521086 0.7831971209561558
0.6073084894925127 0.7831971209561558
0.6113488935329168 0.7831971209561558
0.6153892975733208 0.7831971209561558
0.6194297016137249 0.7831971209561558
0.623470105654129 0.7831971209561558
0.627510509694533 0.7831971209561558
0.631550913734937 0.7831971209561558
0.6355913177753411 0.7831971209561558
0.639631721815745 0.7831971209561558
0.5871064692904926 0.7872375249965597
0.5911468733308967 0.7872375249965597
0.5951872773713006 0.7872375249965597
0.5992276814117047 0.7872375249965597
0.6032680854521086 0.7872375249965597
0.6073084894925127 0.7872375249965597
0.6113488935329168 0.7872375249965597
0.6153892975733208 0.7872375249965597
0.6194297016137249 0.7872375249965597
0.623470105654129 0.7872375249965597
0.627510509694533 0.7872375249965597
0.631550913734937 0.7872375249965597
0.6355913177753411 0.7872375249965597
0.5790256612096845 0.7912779290369638
0.5830660652500885 0.7912779290369638
0.5871064692904926 0.7912779290369638
0.5911468733308967 0.7912779290369638
0.5951872773713006 0.7912779290369638
0.5992276814117047 0.7912779290369638
0.6032680854521086 0.7912779290369638
0.6073084894925127 0.7912779290369638
0.6113488935329168 0.7912779290369638
0.6153892975733208 0.7912779290369638
0.6194297016137249 0.7912779290369638
0.623470105654129 0.7912779290369638
0.627510509694533 0.7912779290369638
0.5790256612096845 0.7953183330773679
0.5830660652500885 0.7953183330773679
0.5871064692904926 0.7953183330773679
0.5911468733308967 0.7953183330773679
0.5951872773713006 0.7953183330773679
0.5992276814117047 0.7953183330773679
0.6032680854521086 0.7953183330773679
0.6073084894925127 0.7953183330773679
0.6113488935329168 0.7953183330773679
0.6153892975733208 0.7953183330773679
0.6194297016137249 0.7953183330773679
0.623470105654129 0.7953183330773679
0.5709448531288763 0.799358737117772
0.5749852571692804 0.799358737117772
0.5790256612096845 0.799358737117772
0.5830660652500885 0.799358737117772
0.5871064692904926 0.799358737117772
0.5911468733308967 0.799358737117772
0.5951872773713006 0.799358737117772
0.5992276814117047 0.799358737117772
0.6032680854521086 0.799358737117772
0.6073084894925127 0.799358737117772
0.6113488935329168 0.799358737117772
0.6153892975733208 0.799358737117772
0.6194297016137249 0.799358737117772
0.5669044490884724 0.803399141158176
0.5709448531288763 0.803399141158176
0.5749852571692804 0.803399141158176
0.5790256612096845 0.803399141158176
0.5830660652500885 0.803399141158176
0.5871064692904926 0.803399141158176
0.5911468733308967 0.803399141158176
0.5951872773713006 0.803399141158176
0.5992276814117047 0.803399141158176
0.6032680854521086 0.803399141158176
0.6073084894925127 0.803399141158176
0.6113488935329168 0.803399141158176
0.6153892975733208 0.803399141158176
0.5588236410076644 0.80743954519858
0.5628640450480683 0.80743954519858
0.5669044490884724 0.80743954519858
0.5709448531288763 0.80743954519858
0.5749852571692804 0.80743954519858
0.5790256612096845 0.80743954519858
0.5830660652500885 0.80743954519858
0.5871064692904926 0.80743954519858
0.5911468733308967 0.80743954519858
0.5951872773713006 0.80743954519858
0.5992276814117047 0.80743954519858
0.6032680854521086 0.80743954519858
0.6073084894925127 0.80743954519858
0.5547832369672603 0.811479949238984
0.5588236410076644 0.811479949238984
0.5628640450480683 0.811479949238984
0.5669044490884724 0.811479949238984
0.5709448531288763 0.811479949238984
0.5749852571692804 0.811479949238984
0.5790256612096845 0.811479949238984
0.5830660652500885 0.811479949238984
0.5871064692904926 0.811479949238984
0.5911468733308967 0.811479949238984
0.5951872773713006 0.811479949238984
0.5992276814117047 0.811479949238984
0.6032680854521086 0.811479949238984
0.5467024288864522 0.8155203532793881
0.5507428329268562 0.8155203532793881
0.5547832369672603 0.8155203532793881
0.5588236410076644 0.8155203532793881
0.5628640450480683 0.8155203532793881
0.5669044490884724 0.8155203532793881
0.5709448531288763 0.8155203532793881
0.5749852571692804 0.8155203532793881
0.5790256612096845 0.8155203532793881
0.5830660652500885 0.8155203532793881
0.5871064692904926 0.8155203532793881
0.5911468733308967 0.8155203532793881
0.5951872773713006 0.8155203532793881
0.5992276814117047 0.8155203532793881
0.5426620248460481 0.819560757319792
0.5467024288864522 0.819560757319792
0.5507428329268562 0.819560757319792
0.5547832369672603 0.819560757319792
0.5588236410076644 0.819560757319792
0.5628640450480683 0.819560757319792
0.5669044490884724 0.819560757319792
0.5709448531288763 0.819560757319792
0.5749852571692804 0.819560757319792
0.5790256612096845 0.819560757319792
0.5830660652500885 0.819560757319792
0.5871064692904926 0.819560757319792
0.5911468733308967 0.819560757319792
0.5184196006036239 0.8236011613601961
0.5345812167652401 0.8236011613601961
0.538621620805644 0.8236011613601961
0.5426620248460481 0.8236011613601961
0.5467024288864522 0.8236011613601961
0.5507428329268562 0.8236011613601961
0.5547832369672603 0.8236011613601961
0.5588236410076644 0.8236011613601961
0.5628640450480683 0.8236011613601961
0.5669044490884724 0.8236011613601961
0.5709448531288763 0.8236011613601961
0.5749852571692804 0.8236011613601961
0.5790256612096845 0.8236011613601961
0.5830660652500885 0.8236011613601961
0.5871064692904926 0.8236011613601961
0.5265004086844319 0.8276415654006002
0.530540812724836 0.8276415654006002
0.5345812167652401 0.8276415654006002
0.538621620805644 0.8276415654006002
0.5426620248460481 0.8276415654006002
0.5467024288864522 0.8276415654006002
0.5507428329268562 0.8276415654006002
0.5547832369672603 0.8276415654006002
0.5588236410076644 0.8276415654006002
0.5628640450480683 0.8276415654006002
0.5669044490884724 0.8276415654006002
0.5709448531288763 0.8276415654006002
0.5749852571692804 0.8276415654006002
0.5790256612096845 0.8276415654006002
0.5830660652500885 0.8276415654006002
0.522460004644028 0.8316819694410043
0.5265004086844319 0.8316819694410043
0.530540812724836 0.8316819694410043
0.5345812167652401 0.8316819694410043
0.538621620805644 0.8316819694410043
0.5426620248460481 0.8316819694410043
0.5467024288864522 0.8316819694410043
0.5507428329268562 0.8316819694410043
0.5547832369672603 0.8316819694410043
0.5588236410076644 0.8316819694410043
0.5628640450480683 0.8316819694410043
0.5669044490884724 0.8316819694410043
0.5709448531288763 0.8316819694410043
0.5749852571692804 0.8316819694410043
0.5143791965632198 0.8357223734814083
0.5184196006036239 0.8357223734814083
0.522460004644028 0.8357223734814083
0.5265004086844319 0.8357223734814083
0.530540812724836 0.8357223734814083
0.5345812167652401 0.8357223734814083
0.538621620805644 0.8357223734814083
0.5426620248460481 0.8357223734814083
0.5467024288864522 0.8357223734814083
0.5507428329268562 0.8357223734814083
0.5547832369672603 0.8357223734814083
0.5588236410076644 0.8357223734814083
0.5628640450480683 0.8357223734814083
0.5669044490884724 0.8357223734814083
0.5709448531288763 0.8357223734814083
0.5103387925228158 0.8397627775218124
0.5143791965632198 0.8397627775218124
0.5184196006036239 0.8397627775218124
0.522460004644028 0.8397627775218124
0.5265004086844319 0.8397627775218124
0.530540812724836 0.8397627775218124
0.5345812167652401 0.8397627775218124
0.538621620805644 0.8397627775218124
0.5426620248460481 0.8397627775218124
0.5467024288864522 0.8397627775218124
0.5507428329268562 0.8397627775218124
0.5547832369672603 0.8397627775218124
0.5588236410076644 0.8397627775218124
0.5628640450480683 0.8397627775218124
0.5669044490884724 0.8397627775218124
0.5022579844420076 0.8438031815622163
0.5062983884824117 0.8438031815622163
0.5103387925228158 0.8438031815622163
0.5143791965632198 0.8438031815622163
0.5184196006036239 0.8438031815622163
0.522460004644028 0.8438031815622163
0.5265004086844319 0.8438031815622163
0.530540812724836 0.8438031815622163
0.5345812167652401 0.8438031815622163
0.538621620805644 0.8438031815622163
0.5426620248460481 0.8438031815622163
0.5467024288864522 0.8438031815622163
0.5507428329268562 0.8438031815622163
0.5547832369672603 0.8438031815622163
0.5588236410076644 0.8438031815622163
0.4941771763611996 0.8478435856026204
0.4982175804016037 0.8478435856026204
0.5022579844420076 0.8478435856026204
0.5062983884824117 0.8478435856026204
0.5103387925228158 0.8478435856026204
0.5143791965632198 0.8478435856026204
0.5184196006036239 0.8478435856026204
0.522460004644028 0.8478435856026204
0.5265004086844319 0.8478435856026204
0.530540812724836 0.8478435856026204
0.5345812167652401 0.8478435856026204
0.538621620805644 0.8478435856026204
0.5426620248460481 0.8478435856026204
0.5467024288864522 0.8478435856026204
0.5507428329268562 0.8478435856026204
0.5547832369672603 0.8478435856026204
0.48609636828039154 0.8518839896430245
0.49013677232079556 0.8518839896430245
0.4941771763611996 0.8518839896430245
0.4982175804016037 0.8518839896430245
0.5022579844420076 0.8518839896430245
0.5062983884824117 0.8518839896430245
0.5103387925228158 0.8518839896430245
0.5143791965632198 0.8518839896430245
0.5184196006036239 0.8518839896430245
0.522460004644028 0.8518839896430245
0.5265004086844319 0.8518839896430245
0.530540812724836 0.8518839896430245
0.5345812167652401 0.8518839896430245
0.538621620805644 0.8518839896430245
0.5426620248460481 0.8518839896430245
0.5467024288864522 0.8518839896430245
0.48205596423998753 0.8559243936834284
0.48609636828039154 0.8559243936834284
0.49013677232079556 0.8559243936834284
0.4941771763611996 0.8559243936834284
0.4982175804016037 0.8559243936834284
0.5022579844420076 0.8559243936834284
0.5062983884824117 0.8559243936834284
0.5103387925228158 0.8559243936834284
0.5143791965632198 0.8559243936834284
0.5184196006036239 0.8559243936834284
0.522460004644028 0.8559243936834284
0.5265004086844319 0.8559243936834284
0.530540812724836 0.8559243936834284
0.5345812167652401 0.8559243936834284
0.538621620805644 0.8559243936834284
0.5426620248460481 0.8559243936834284
0.4739751561591794 0.8599647977238325
0.47801556019958347 0.8599647977238325
0.48205596423998753 0.8599647977238325
0.48609636828039154 0.8599647977238325
0.49013677232079556 0.8599647977238325
0.4941771763611996 0.8599647977238325
0.4982175804016037 0.8599647977238325
0.5022579844420076 0.8599647977238325
0.5062983884824117 0.8599647977238325
0.5103387925228158 0.8599647977238325
0.5143791965632198 0.8599647977238325
0.5184196006036239 0.8599647977238325
0.522460004644028 0.8599647977238325
0.5265004086844319 0.8599647977238325
0.530540812724836 0.8599647977238325
0.5345812167652401 0.8599647977238325
0.4658943480783714 0.8640052017642366
0.4699347521187754 0.8640052017642366
0.4739751561591794 0.8640052017642366
0.47801556019958347 0.8640052017642366
0.48205596423998753 0.8640052017642366
0.48609636828039154 0.8640052017642366
0.49013677232079556 0.8640052017642366
0.4941771763611996 0.8640052017642366
0.4982175804016037 0.8640052017642366
0.5022579844420076 0.8640052017642366
0.5062983884824117 0.8640052017642366
0.5103387925228158 0.8640052017642366
0.5143791965632198 0.8640052017642366
0.5184196006036239 0.8640052017642366
0.522460004644028 0.8640052017642366
0.5265004086844319 0.8640052017642366
0.45781353999756325 0.8680456058046406
0.4618539440379673 0.8680456058046406
0.4658943480783714 0.8680456058046406
0.4699347521187754 0.8680456058046406
0.4739751561591794 0.8680456058046406
0.47801556019958347 0.8680456058046406
0.48205596423998753 0.8680456058046406
0.48609636828039154 0.8680456058046406
0.49013677232079556 0.8680456058046406
0.4941771763611996 0.8680456058046406
0.4982175804016037 0.8680456058046406
0.5022579844420076 0.8680456058046406
0.5062983884824117 0.8680456058046406
0.5103387925228158 0.8680456058046406
0.5143791965632198 0.8680456058046406
0.5184196006036239 0.8680456058046406
0.522460004644028 0.8680456058046406
0.44973273191675517 0.8720860098450447
0.4537731359571592 0.8720860098450447
0.45781353999756325 0.8720860098450447
0.4618539440379673 0.8720860098450447
0.4658943480783714 0.8720860098450447
0.4699347521187754 0.8720860098450447
0.4739751561591794 0.8720860098450447
0.47801556019958347 0.8720860098450447
0.48205596423998753 0.8720860098450447
0.48609636828039154 0.8720860098450447
0.49013677232079556 0.8720860098450447
0.4941771763611996 0.8720860098450447
0.4982175804016037 0.8720860098450447
0.5022579844420076 0.8720860098450447
0.5062983884824117 0.8720860098450447
0.5103387925228158 0.8720860098450447
0.5143791965632198 0.8720860098450447
0.4416519238359471 0.8761264138854487
0.44569232787635116 0.8761264138854487
0.44973273191675517 0.8761264138854487
0.4537731359571592 0.8761264138854487
0.45781353999756325 0.8761264138854487
0.4618539440379673 0.8761264138854487
0.4658943480783714 0.8761264138854487
0.4699347521187754 0.8761264138854487
0.4739751561591794 0.8761264138854487
0.47801556019958347 0.8761264138854487
0.48205596423998753 0.8761264138854487
0.48609636828039154 0.8761264138854487
0.49013677232079556 0.8761264138854487
0.4941771763611996 0.8761264138854487
0.4982175804016037 0.8761264138854487
0.5022579844420076 0.8761264138854487
0.5062983884824117 0.8761264138854487
0.5103387925228158 0.8761264138854487
0.433571115755139 0.8801668179258527
0.437611519795543 0.8801668179258527
0.4416519238359471 0.8801668179258527
0.44569232787635116 0.8801668179258527
0.44973273191675517 0.8801668179258527
0.4537731359571592 0.8801668179258527
0.45781353999756325 0.8801668179258527
0.4618539440379673 0.8801668179258527
0.4658943480783714 0.8801668179258527
0.4699347521187754 0.8801668179258527
0.4739751561591794 0.8801668179258527
0.47801556019958347 0.8801668179258527
0.48205596423998753 0.8801668179258527
0.48609636828039154 0.8801668179258527
0.49013677232079556 0.8801668179258527
0.4941771763611996 0.8801668179258527
0.4982175804016037 0.8801668179258527
0.5022579844420076 0.8801668179258527
0.42549030767433094 0.8842072219662568
0.429530711714735 0.8842072219662568
0.433571115755139 0.8842072219662568
0.437611519795543 0.8842072219662568
0.4416519238359471 0.8842072219662568
0.44569232787635116 0.8842072219662568
0.44973273191675517 0.8842072219662568
0.4537731359571592 0.8842072219662568
0.45781353999756325 0.8842072219662568
0.4618539440379673 0.8842072219662568
0.4658943480783714 0.8842072219662568
0.4699347521187754 0.8842072219662568
0.4739751561591794 0.8842072219662568
0.47801556019958347 0.8842072219662568
0.48205596423998753 0.8842072219662568
0.48609636828039154 0.8842072219662568
0.49013677232079556 0.8842072219662568
0.4941771763611996 0.8842072219662568
0.41740949959352286 0.8882476260066607
0.42144990363392687 0.8882476260066607
0.42549030767433094 0.8882476260066607
0.429530711714735 0.8882476260066607
0.433571115755139 0.8882476260066607
0.437611519795543 0.8882476260066607
0.4416519238359471 0.8882476260066607
0.44569232787635116 0.8882476260066607
0.44973273191675517 0.8882476260066607
0.4537731359571592 0.8882476260066607
0.45781353999756325 0.8882476260066607
0.4618539440379673 0.8882476260066607
0.4658943480783714 0.8882476260066607
0.4699347521187754 0.8882476260066607
0.4739751561591794 0.8882476260066607
0.47801556019958347 0.8882476260066607
0.48205596423998753 0.8882476260066607
0.48609636828039154 0.8882476260066607
0.4093286915127148 0.8922880300470648
0.41336909555311885 0.8922880300470648
0.41740949959352286 0.8922880300470648
0.42144990363392687 0.8922880300470648
0.42549030767433094 0.8922880300470648
0.429530711714735 0.8922880300470648
0.433571115755139 0.8922880300470648
0.437611519795543 0.8922880300470648
0.4416519238359471 0.8922880300470648
0.44569232787635116 0.8922880300470648
0.44973273191675517 0.8922880300470648
0.4537731359571592 0.8922880300470648
0.45781353999756325 0.8922880300470648
0.4618539440379673 0.8922880300470648
0.4658943480783714 0.8922880300470648
0.4699347521187754 0.8922880300470648
0.4739751561591794 0.8922880300470648
0.47801556019958347 0.8922880300470648
0.48205596423998753 0.8922880300470648
0.39720747939150264 0.8963284340874689
0.4012478834319067 0.8963284340874689
0.4052882874723107 0.8963284340874689
0.4093286915127148 0.8963284340874689
0.41336909555311885 0.8963284340874689
0.41740949959352286 0.8963284340874689
0.42144990363392687 0.8963284340874689
0.42549030767433094 0.8963284340874689
0.429530711714735 0.8963284340874689
0.433571115755139 0.8963284340874689
0.437611519795543 0.8963284340874689
0.4416519238359471 0.8963284340874689
0.44569232787635116 0.8963284340874689
0.44973273191675517 0.8963284340874689
0.4537731359571592 0.8963284340874689
0.45781353999756325 0.8963284340874689
0.4618539440379673 0.8963284340874689
0.4658943480783714 0.8963284340874689
0.4699347521187754 0.8963284340874689
0.4739751561591794 0.8963284340874689
0.3931670753510986 0.9003688381278729
0.39720747939150264 0.9003688381278729
0.4012478834319067 0.9003688381278729
0.4052882874723107 0.9003688381278729
0.4093286915127148 0.9003688381278729
0.41336909555311885 0.9003688381278729
0.41740949959352286 0.9003688381278729
0.42144990363392687 0.9003688381278729
0.42549030767433094 0.9003688381278729
0.429530711714735 0.9003688381278729
0.433571115755139 0.9003688381278729
0.437611519795543 0.9003688381278729
0.4416519238359471 0.9003688381278729
0.44569232787635116 0.9003688381278729
0.44973273191675517 0.9003688381278729
0.4537731359571592 0.9003688381278729
0.45781353999756325 0.9003688381278729
0.4618539440379673 0.9003688381278729
0.4658943480783714 0.9003688381278729
0.3810458632298865 0.904409242168277
0.38508626727029055 0.904409242168277
0.38912667131069456 0.904409242168277
0.3931670753510986 0.904409242168277
0.39720747939150264 0.904409242168277
0.4012478834319067 0.904409242168277
0.4052882874723107 0.904409242168277
0.4093286915127148 0.904409242168277
0.41336909555311885 0.904409242168277
0.41740949959352286 0.904409242168277
0.42144990363392687 0.904409242168277
0.42549030767433094 0.904409242168277
0.429530711714735 0.904409242168277
0.433571115755139 0.904409242168277
0.437611519795543 0.904409242168277
0.4416519238359471 0.904409242168277
0.44569232787635116 0.904409242168277
0.44973273191675517 0.904409242168277
0.4537731359571592 0.904409242168277
0.45781353999756325 0.904409242168277
0.3729650551490784 0.9084496462086811
0.3770054591894825 0.9084496462086811
0.3810458632298865 0.9084496462086811
0.38508626727029055 0.9084496462086811
0.38912667131069456 0.9084496462086811
0.3931670753510986 0.9084496462086811
0.39720747939150264 0.9084496462086811
0.4012478834319067 0.9084496462086811
0.4052882874723107 0.9084496462086811
0.4093286915127148 0.9084496462086811
0.41336909555311885 0.9084496462086811
0.41740949959352286 0.9084496462086811
0.42144990363392687 0.9084496462086811
0.42549030767433094 0.9084496462086811
0.429530711714735 0.9084496462086811
0.433571115755139 0.9084496462086811
0.437611519795543 0.9084496462086811
0.4416519238359471 0.9084496462086811
0.44569232787635116 0.9084496462086811
0.44973273191675517 0.9084496462086811
0.45781353999756325 0.9084496462086811
0.3608438430278663 0.912490050249085
0.36488424706827033 0.912490050249085
0.36892465110867434 0.912490050249085
0.3729650551490784 0.912490050249085
0.3770054591894825 0.912490050249085
0.3810458632298865 0.912490050249085
0.38508626727029055 0.912490050249085
0.38912667131069456 0.912490050249085
0.3931670753510986 0.912490050249085
0.39720747939150264 0.912490050249085
0.4012478834319067 0.912490050249085
0.4052882874723107 0.912490050249085
0.4093286915127148 0.912490050249085
0.41336909555311885 0.912490050249085
0.41740949959352286 0.912490050249085
0.42144990363392687 0.912490050249085
0.42549030767433094 0.912490050249085
0.429530711714735 0.912490050249085
0.433571115755139 0.912490050249085
0.437611519795543 0.912490050249085
0.4416519238359471 0.912490050249085
0.35680343898746225 0.9165304542894891
0.3608438430278663 0.9165304542894891
0.36488424706827033 0.9165304542894891
0.36892465110867434 0.9165304542894891
0.3729650551490784 0.9165304542894891
0.3770054591894825 0.9165304542894891
0.3810458632298865 0.9165304542894891
0.38508626727029055 0.9165304542894891
0.38912667131069456 0.9165304542894891
0.3931670753510986 0.9165304542894891
0.39720747939150264 0.9165304542894891
0.4012478834319067 0.9165304542894891
0.4052882874723107 0.9165304542894891
0.4093286915127148 0.9165304542894891
0.41336909555311885 0.9165304542894891
0.41740949959352286 0.9165304542894891
0.42144990363392687 0.9165304542894891
0.42549030767433094 0.9165304542894891
0.429530711714735 0.9165304542894891
0.433571115755139 0.9165304542894891
0.34468222686625016 0.920570858329893
0.3487226309066542 0.920570858329893
0.3527630349470582 0.920570858329893
0.35680343898746225 0.920570858329893
0.3608438430278663 0.920570858329893
0.36488424706827033 0.920570858329893
0.36892465110867434 0.920570858329893
0.3729650551490784 0.920570858329893
0.3770054591894825 0.920570858329893
0.3810458632298865 0.920570858329893
0.38508626727029055 0.920570858329893
0.38912667131069456 0.920570858329893
0.3931670753510986 0.920570858329893
0.39720747939150264 0.920570858329893
0.4012478834319067 0.920570858329893
0.4052882874723107 0.920570858329893
0.4093286915127148 0.920570858329893
0.41336909555311885 0.920570858329893
0.41740949959352286 0.920570858329893
0.42144990363392687 0.920570858329893
0.42549030767433094 0.920570858329893
0.33660141878544203 0.9246112623702971
0.3406418228258461 0.9246112623702971
0.34468222686625016 0.9246112623702971
0.3487226309066542 0.9246112623702971
0.3527630349470582 0.9246112623702971
0.35680343898746225 0.9246112623702971
0.3608438430278663 0.9246112623702971
0.36488424706827033 0.9246112623702971
0.36892465110867434 0.9246112623702971
0.3729650551490784 0.9246112623702971
0.3770054591894825 0.9246112623702971
0.3810458632298865 0.9246112623702971
0.38508626727029055 0.9246112623702971
0.38912667131069456 0.9246112623702971
0.3931670753510986 0.9246112623702971
0.39720747939150264 0.9246112623702971
0.4012478834319067 0.9246112623702971
0.4052882874723107 0.9246112623702971
0.4093286915127148 0.9246112623702971
0.41336909555311885 0.9246112623702971
0.41740949959352286 0.9246112623702971
0.32448020666422994 0.9286516664107012
0.32852061070463395 0.9286516664107012
0.332561014745038 0.9286516664107012
0.33660141878544203 0.9286516664107012
0.3406418228258461 0.9286516664107012
0.34468222686625016 0.9286516664107012
0.3487226309066542 0.9286516664107012
0.3527630349470582 0.9286516664107012
0.35680343898746225 0.9286516664107012
0.3608438430278663 0.9286516664107012
0.36488424706827033 0.9286516664107012
0.36892465110867434 0.9286516664107012
0.3729650551490784 0.9286516664107012
0.3770054591894825 0.9286516664107012
0.3810458632298865 0.9286516664107012
0.38508626727029055 0.9286516664107012
0.38912667131069456 0.9286516664107012
0.3931670753510986 0.9286516664107012
0.39720747939150264 0.9286516664107012
0.4012478834319067 0.9286516664107012
0.4052882874723107 0.9286516664107012
0.3123589945430178 0.9326920704511052
0.3163993985834218 0.9326920704511052
0.3204398026238259 0.9326920704511052
0.32448020666422994 0.9326920704511052
0.32852061070463395 0.9326920704511052
0.332561014745038 0.9326920704511052
0.33660141878544203 0.9326920704511052
0.3406418228258461 0.9326920704511052
0.34468222686625016 0.9326920704511052
0.3487226309066542 0.9326920704511052
0.3527630349470582 0.9326920704511052
0.35680343898746225 0.9326920704511052
0.3608438430278663 0.9326920704511052
0.36488424706827033 0.9326920704511052
0.36892465110867434 0.9326920704511052
0.3729650551490784 0.9326920704511052
0.3770054591894825 0.9326920704511052
0.3810458632298865 0.9326920704511052
0.38508626727029055 0.9326920704511052
0.38912667131069456 0.9326920704511052
0.3931670753510986 0.9326920704511052
0.39720747939150264 0.9326920704511052
0.30023778242180565 0.9367324744915093
0.3042781864622097 0.9367324744915093
0.3083185905026138 0.9367324744915093
0.3123589945430178 0.9367324744915093
0.3163993985834218 0.9367324744915093
0.3204398026238259 0.9367324744915093
0.32448020666422994 0.9367324744915093
0.32852061070463395 0.9367324744915093
0.332561014745038 0.9367324744915093
0.33660141878544203 0.9367324744915093
0.3406418228258461 0.9367324744915093
0.34468222686625016 0.9367324744915093
0.3487226309066542 0.9367324744915093
0.3527630349470582 0.9367324744915093
0.35680343898746225 0.9367324744915093
0.3608438430278663 0.9367324744915093
0.36488424706827033 0.9367324744915093
0.36892465110867434 0.9367324744915093
0.3729650551490784 0.9367324744915093
0.3770054591894825 0.9367324744915093
0.3810458632298865 0.9367324744915093
0.38508626727029055 0.9367324744915093
0.38912667131069456 0.9367324744915093
0.29619737838140164 0.9407728785319134
0.30023778242180565 0.9407728785319134
0.3042781864622097 0.9407728785319134
0.3083185905026138 0.9407728785319134
0.3123589945430178 0.9407728785319134
0.3163993985834218 0.9407728785319134
0.3204398026238259 0.9407728785319134
0.32448020666422994 0.9407728785319134
0.32852061070463395 0.9407728785319134
0.332561014745038 0.9407728785319134
0.33660141878544203 0.9407728785319134
0.3406418228258461 0.9407728785319134
0.34468222686625016 0.9407728785319134
0.3487226309066542 0.9407728785319134
0.3527630349470582 0.9407728785319134
0.35680343898746225 0.9407728785319134
0.3608438430278663 0.9407728785319134
0.36488424706827033 0.9407728785319134
0.36892465110867434 0.9407728785319134
0.3729650551490784 0.9407728785319134
0.3770054591894825 0.9407728785319134
0.29619737838140164 0.9448132825723174
0.30023778242180565 0.9448132825723174
0.3042781864622097 0.9448132825723174
0.3083185905026138 0.9448132825723174
0.3123589945430178 0.9448132825723174
0.3163993985834218 0.9448132825723174
0.3204398026238259 0.9448132825723174
0.32448020666422994 0.9448132825723174
0.32852061070463395 0.9448132825723174
0.332561014745038 0.9448132825723174
0.33660141878544203 0.9448132825723174
0.3406418228258461 0.9448132825723174
0.34468222686625016 0.9448132825723174
0.3487226309066542 0.9448132825723174
0.3527630349470582 0.9448132825723174
0.35680343898746225 0.9448132825723174
0.3608438430278663 0.9448132825723174
0.36488424706827033 0.9448132825723174
0.36892465110867434 0.9448132825723174
0.29619737838140164 0.9488536866127214
0.30023778242180565 0.9488536866127214
0.3042781864622097 0.9488536866127214
0.3083185905026138 0.9488536866127214
0.3123589945430178 0.9488536866127214
0.3163993985834218 0.9488536866127214
0.3204398026238259 0.9488536866127214
0.32448020666422994 0.9488536866127214
0.32852061070463395 0.9488536866127214
0.332561014745038 0.9488536866127214
0.33660141878544203 0.9488536866127214
0.3406418228258461 0.9488536866127214
0.34468222686625016 0.9488536866127214
0.3487226309066542 0.9488536866127214
0.3527630349470582 0.9488536866127214
0.35680343898746225 0.9488536866127214
0.29619737838140164 0.9528940906531255
0.30023778242180565 0.9528940906531255
0.3042781864622097 0.9528940906531255
0.3083185905026138 0.9528940906531255
0.3123589945430178 0.9528940906531255
0.3163993985834218 0.9528940906531255
0.3204398026238259 0.9528940906531255
0.32448020666422994 0.9528940906531255
0.32852061070463395 0.9528940906531255
0.332561014745038 0.9528940906531255
0.33660141878544203 0.9528940906531255
0.3406418228258461 0.9528940906531255
0.34468222686625016 0.9528940906531255
0.3487226309066542 0.9528940906531255
0.29619737838140164 0.9569344946935294
0.30023778242180565 0.9569344946935294
0.3042781864622097 0.9569344946935294
0.3083185905026138 0.9569344946935294
0.3123589945430178 0.9569344946935294
0.3163993985834218 0.9569344946935294
0.3204398026238259 0.9569344946935294
0.32448020666422994 0.9569344946935294
0.32852061070463395 0.9569344946935294
0.332561014745038 0.9569344946935294
0.33660141878544203 0.9569344946935294
0.3487226309066542 0.9569344946935294
0.29619737838140164 0.9609748987339335
0.30023778242180565 0.9609748987339335
0.3042781864622097 0.9609748987339335
0.3083185905026138 0.9609748987339335
0.3123589945430178 0.9609748987339335
0.3163993985834218 0.9609748987339335
0.3204398026238259 0.9609748987339335
0.32448020666422994 0.9609748987339335
0.332561014745038 0.9609748987339335
0.29619737838140164 0.9650153027743376
0.30023778242180565 0.9650153027743376
0.3042781864622097 0.9650153027743376
0.3083185905026138 0.9650153027743376
0.3123589945430178 0.9650153027743376
0.3163993985834218 0.9650153027743376
0.29619737838140164 0.9690557068147416
