# x y
0.6999720228130022 0.7145102522692871
0.6959316187725981 0.7185506563096911
0.6918912147321942 0.7225910603500951
0.6878508106917901 0.7266314643904992
0.6797700026109821 0.7306718684309033
0.683810406651386 0.7306718684309033
0.675729598570578 0.7347122724713073
0.6797700026109821 0.7347122724713073
0.671689194530174 0.7387526765117113
0.675729598570578 0.7387526765117113
0.6676487904897699 0.7427930805521153
0.671689194530174 0.7427930805521153
0.6636083864493658 0.7468334845925194
0.6676487904897699 0.7468334845925194
0.6595679824089618 0.7508738886329235
0.6636083864493658 0.7508738886329235
0.6555275783685578 0.7549142926733274
0.6514871743281537 0.7589546967137315
0.6434063662473457 0.7629951007541356
0.6474467702877498 0.7629951007541356
0.6393659622069416 0.7670355047945396
0.6434063662473457 0.7670355047945396
0.6353255581665376 0.7710759088349436
0.6393659622069416 0.7710759088349436
0.6312851541261335 0.7751163128753477
0.6272447500857294 0.7791567169157517
0.6191639420049214 0.7831971209561558
0.6232043460453254 0.7831971209561558
0.6151235379645174 0.7872375249965597
0.6191639420049214 0.7872375249965597
0.6110831339241134 0.7912779290369638
0.6030023258433053 0.7953183330773679
0.6070427298837093 0.7953183330773679
0.5989619218029012 0.799358737117772
0.6030023258433053 0.799358737117772
0.5949215177624971 0.803399141158176
0.5989619218029012 0.803399141158176
0.5868407096816891 0.80743954519858
0.5908811137220931 0.80743954519858
0.582800305641285 0.811479949238984
0.5868407096816891 0.811479949238984
0.5787599016008811 0.8155203532793881
0.570679093520073 0.819560757319792
0.574719497560477 0.819560757319792
0.5666386894796689 0.8236011613601961
0.570679093520073 0.8236011613601961
0.5585578813988608 0.8276415654006002
0.5625982854392648 0.8276415654006002
0.5545174773584567 0.8316819694410043
0.5585578813988608 0.8316819694410043
0.5464366692776487 0.8357223734814083
0.5504770733180527 0.8357223734814083
0.5423962652372447 0.8397627775218124
0.5464366692776487 0.8397627775218124
0.5343154571564366 0.8438031815622163
0.5383558611968406 0.8438031815622163
0.5262346490756284 0.8478435856026204
0.5302750531160325 0.8478435856026204
0.5221942450352244 0.8518839896430245
0.5262346490756284 0.8518839896430245
0.5141134369544164 0.8559243936834284
0.5181538409948204 0.8559243936834284
0.5100730329140123 0.8599647977238325
0.5141134369544164 0.8599647977238325
0.5019922248332043 0.8640052017642366
0.5060326288736083 0.8640052017642366
0.49391141675239614 0.8680456058046406
0.4979518207928002 0.8680456058046406
0.4858306086715881 0.8720860098450447
0.4898710127119921 0.8720860098450447
0.47774980059078 0.8761264138854487
0.48179020463118405 0.8761264138854487
0.4858306086715881 0.8761264138854487
0.47370939655037597 0.8801668179258527
0.47774980059078 0.8801668179258527
0.4656285884695679 0.8842072219662568
0.46966899250997196 0.8842072219662568
0.45754778038875976 0.8882476260066607
0.46158818442916383 0.8882476260066607
0.44946697230795174 0.8922880300470648
0.45350737634835575 0.8922880300470648
0.4413861642271436 0.8963284340874689
0.4454265682675477 0.8963284340874689
0.4333053561463356 0.9003688381278729
0.4373457601867396 0.9003688381278729
0.42522454806552745 0.904409242168277
0.4292649521059315 0.904409242168277
0.41310333594431536 0.9084496462086811
0.41714373998471943 0.9084496462086811
0.42118414402512344 0.9084496462086811
0.4050225278635073 0.912490050249085
0.4090629319039113 0.912490050249085
0.41310333594431536 0.912490050249085
0.3969417197826992 0.9165304542894891
0.4009821238231032 0.9165304542894891
0.4050225278635073 0.9165304542894891
0.38886091170189113 0.920570858329893
0.39290131574229514 0.920570858329893
0.376739699580679 0.9246112623702971
0.38078010362108305 0.9246112623702971
0.38482050766148707 0.9246112623702971
0.3686588914998709 0.9286516664107012
0.3726992955402749 0.9286516664107012
0.35653767937865877 0.9326920704511052
0.36057808341906283 0.9326920704511052
0.3646184874594669 0.9326920704511052
0.3444164672574467 0.9367324744915093
0.34845687129785075 0.9367324744915093
0.35249727533825476 0.9367324744915093
0.3363356591766386 0.9407728785319134
0.3403760632170426 0.9407728785319134
0.3444164672574467 0.9407728785319134
0.32421444705542646 0.9448132825723174
0.3282548510958305 0.9448132825723174
0.33229525513623454 0.9448132825723174
0.31209323493421437 0.9488536866127214
0.3161336389746184 0.9488536866127214
0.3201740430150224 0.9488536866127214
0.2999720228130022 0.9528940906531255
0.30401242685340624 0.9528940906531255
0.3080528308938103 0.9528940906531255
