# x y
0.6636035816311556 0.7629951007541356
0.6595631775907516 0.7791567169157517
0.6312803493079233 0.803399141158176
0.6110783291059032 0.819560757319792
0.5868359048634789 0.8236011613601961
0.5949167129442869 0.8316819694410043
0.49390661193418595 0.8801668179258527
0.5019874200149941 0.8801668179258527
0.46966418769176177 0.8922880300470648
0.4737045917321658 0.8963284340874689
0.4454217634493375 0.904409242168277
0.4373409553685294 0.9084496462086811
0.41713893516650924 0.9246112623702971
0.3686540866816607 0.9407728785319134
0.3646136826412567 0.9609748987339335
