# x y
0.6995842691370171 0.706429444188479
0.695543865096613 0.710469848228883
0.6995842691370171 0.710469848228883
0.691503461056209 0.7145102522692871
0.695543865096613 0.7145102522692871
0.6995842691370171 0.7145102522692871
0.6874630570158049 0.7185506563096911
0.691503461056209 0.7185506563096911
0.695543865096613 0.7185506563096911
0.6995842691370171 0.7185506563096911
0.6793822489349969 0.7225910603500951
0.6834226529754008 0.7225910603500951
0.6874630570158049 0.7225910603500951
0.691503461056209 0.7225910603500951
0.695543865096613 0.7225910603500951
0.6995842691370171 0.7225910603500951
0.6753418448945928 0.7266314643904992
0.6793822489349969 0.7266314643904992
0.6834226529754008 0.7266314643904992
0.6874630570158049 0.7266314643904992
0.691503461056209 0.7266314643904992
0.695543865096613 0.7266314643904992
0.6713014408541889 0.7306718684309033
0.6753418448945928 0.7306718684309033
0.6793822489349969 0.7306718684309033
0.6834226529754008 0.7306718684309033
0.6874630570158049 0.7306718684309033
0.691503461056209 0.7306718684309033
0.6672610368137848 0.7347122724713073
0.6713014408541889 0.7347122724713073
0.6753418448945928 0.7347122724713073
0.6793822489349969 0.7347122724713073
0.6834226529754008 0.7347122724713073
0.6874630570158049 0.7347122724713073
0.6632206327733807 0.7387526765117113
0.6672610368137848 0.7387526765117113
0.6713014408541889 0.7387526765117113
0.6753418448945928 0.7387526765117113
0.6793822489349969 0.7387526765117113
0.6834226529754008 0.7387526765117113
0.6591802287329767 0.7427930805521153
0.6632206327733807 0.7427930805521153
0.6672610368137848 0.7427930805521153
0.6713014408541889 0.7427930805521153
0.6753418448945928 0.7427930805521153
0.6793822489349969 0.7427930805521153
0.6551398246925726 0.7468334845925194
0.6591802287329767 0.7468334845925194
0.6632206327733807 0.7468334845925194
0.6672610368137848 0.7468334845925194
0.6713014408541889 0.7468334845925194
0.6753418448945928 0.7468334845925194
0.6510994206521685 0.7508738886329235
0.6551398246925726 0.7508738886329235
0.6591802287329767 0.7508738886329235
0.6632206327733807 0.7508738886329235
0.6672610368137848 0.7508738886329235
0.6713014408541889 0.7508738886329235
0.6430186125713605 0.7549142926733274
0.6470590166117646 0.7549142926733274
0.6510994206521685 0.7549142926733274
0.6551398246925726 0.7549142926733274
0.6591802287329767 0.7549142926733274
0.6632206327733807 0.7549142926733274
0.6672610368137848 0.7549142926733274
0.6389782085309565 0.7589546967137315
0.6430186125713605 0.7589546967137315
0.6470590166117646 0.7589546967137315
0.6510994206521685 0.7589546967137315
0.6551398246925726 0.7589546967137315
0.6591802287329767 0.7589546967137315
0.6349378044905525 0.7629951007541356
0.6389782085309565 0.7629951007541356
0.6430186125713605 0.7629951007541356
0.6470590166117646 0.7629951007541356
0.6510994206521685 0.7629951007541356
0.6551398246925726 0.7629951007541356
0.6308974004501484 0.7670355047945396
0.6349378044905525 0.7670355047945396
0.6389782085309565 0.7670355047945396
0.6430186125713605 0.7670355047945396
0.6470590166117646 0.7670355047945396
0.6510994206521685 0.7670355047945396
0.6268569964097443 0.7710759088349436
0.6308974004501484 0.7710759088349436
0.6349378044905525 0.7710759088349436
0.6389782085309565 0.7710759088349436
0.6430186125713605 0.7710759088349436
0.6470590166117646 0.7710759088349436
0.6187761883289362 0.7751163128753477
0.6228165923693403 0.7751163128753477
0.6268569964097443 0.7751163128753477
0.6308974004501484 0.7751163128753477
0.6349378044905525 0.7751163128753477
0.6389782085309565 0.7751163128753477
0.6430186125713605 0.7751163128753477
0.6147357842885321 0.7791567169157517
0.6187761883289362 0.7791567169157517
0.6228165923693403 0.7791567169157517
0.6268569964097443 0.7791567169157517
0.6308974004501484 0.7791567169157517
0.6349378044905525 0.7791567169157517
0.6389782085309565 0.7791567169157517
0.6106953802481282 0.7831971209561558
0.6147357842885321 0.7831971209561558
0.6187761883289362 0.7831971209561558
0.6228165923693403 0.7831971209561558
0.6268569964097443 0.7831971209561558
0.6308974004501484 0.7831971209561558
0.6066549762077241 0.7872375249965597
0.6106953802481282 0.7872375249965597
0.6147357842885321 0.7872375249965597
0.6187761883289362 0.7872375249965597
0.6228165923693403 0.7872375249965597
0.6268569964097443 0.7872375249965597
0.5985741681269161 0.7912779290369638
0.6026145721673202 0.7912779290369638
0.6066549762077241 0.7912779290369638
0.6106953802481282 0.7912779290369638
0.6147357842885321 0.7912779290369638
0.6187761883289362 0.7912779290369638
0.6228165923693403 0.7912779290369638
0.594533764086512 0.7953183330773679
0.5985741681269161 0.7953183330773679
0.6026145721673202 0.7953183330773679
0.6066549762077241 0.7953183330773679
0.6106953802481282 0.7953183330773679
0.6147357842885321 0.7953183330773679
0.6187761883289362 0.7953183330773679
0.590493360046108 0.799358737117772
0.594533764086512 0.799358737117772
0.5985741681269161 0.799358737117772
0.6026145721673202 0.799358737117772
0.6066549762077241 0.799358737117772
0.6106953802481282 0.799358737117772
0.5824125519652998 0.803399141158176
0.5864529560057039 0.803399141158176
0.590493360046108 0.803399141158176
0.594533764086512 0.803399141158176
0.5985741681269161 0.803399141158176
0.6026145721673202 0.803399141158176
0.6066549762077241 0.803399141158176
0.5783721479248959 0.80743954519858
0.5824125519652998 0.80743954519858
0.5864529560057039 0.80743954519858
0.590493360046108 0.80743954519858
0.594533764086512 0.80743954519858
0.5985741681269161 0.80743954519858
0.6026145721673202 0.80743954519858
0.5702913398440879 0.811479949238984
0.5743317438844918 0.811479949238984
0.5783721479248959 0.811479949238984
0.5824125519652998 0.811479949238984
0.5864529560057039 0.811479949238984
0.590493360046108 0.811479949238984
0.594533764086512 0.811479949238984
0.5662509358036838 0.8155203532793881
0.5702913398440879 0.8155203532793881
0.5743317438844918 0.8155203532793881
0.5783721479248959 0.8155203532793881
0.5824125519652998 0.8155203532793881
0.5864529560057039 0.8155203532793881
0.590493360046108 0.8155203532793881
0.5581701277228757 0.819560757319792
0.5622105317632797 0.819560757319792
0.5662509358036838 0.819560757319792
0.5702913398440879 0.819560757319792
0.5743317438844918 0.819560757319792
0.5783721479248959 0.819560757319792
0.5824125519652998 0.819560757319792
0.5864529560057039 0.819560757319792
0.5541297236824716 0.8236011613601961
0.5581701277228757 0.8236011613601961
0.5622105317632797 0.8236011613601961
0.5662509358036838 0.8236011613601961
0.5702913398440879 0.8236011613601961
0.5743317438844918 0.8236011613601961
0.5783721479248959 0.8236011613601961
0.5460489156016636 0.8276415654006002
0.5500893196420675 0.8276415654006002
0.5541297236824716 0.8276415654006002
0.5581701277228757 0.8276415654006002
0.5622105317632797 0.8276415654006002
0.5662509358036838 0.8276415654006002
0.5702913398440879 0.8276415654006002
0.5743317438844918 0.8276415654006002
0.5420085115612595 0.8316819694410043
0.5460489156016636 0.8316819694410043
0.5500893196420675 0.8316819694410043
0.5541297236824716 0.8316819694410043
0.5581701277228757 0.8316819694410043
0.5622105317632797 0.8316819694410043
0.5662509358036838 0.8316819694410043
0.5339277034804515 0.8357223734814083
0.5379681075208554 0.8357223734814083
0.5420085115612595 0.8357223734814083
0.5460489156016636 0.8357223734814083
0.5500893196420675 0.8357223734814083
0.5541297236824716 0.8357223734814083
0.5581701277228757 0.8357223734814083
0.5622105317632797 0.8357223734814083
0.5298872994400474 0.8397627775218124
0.5339277034804515 0.8397627775218124
0.5379681075208554 0.8397627775218124
0.5420085115612595 0.8397627775218124
0.5460489156016636 0.8397627775218124
0.5500893196420675 0.8397627775218124
0.5541297236824716 0.8397627775218124
0.5218064913592393 0.8438031815622163
0.5258468953996434 0.8438031815622163
0.5298872994400474 0.8438031815622163
0.5339277034804515 0.8438031815622163
0.5379681075208554 0.8438031815622163
0.5420085115612595 0.8438031815622163
0.5460489156016636 0.8438031815622163
0.5500893196420675 0.8438031815622163
0.5177660873188352 0.8478435856026204
0.5218064913592393 0.8478435856026204
0.5258468953996434 0.8478435856026204
0.5298872994400474 0.8478435856026204
0.5339277034804515 0.8478435856026204
0.5379681075208554 0.8478435856026204
0.5420085115612595 0.8478435856026204
0.5096852792380272 0.8518839896430245
0.5137256832784312 0.8518839896430245
0.5177660873188352 0.8518839896430245
0.5218064913592393 0.8518839896430245
0.5258468953996434 0.8518839896430245
0.5298872994400474 0.8518839896430245
0.5339277034804515 0.8518839896430245
0.5379681075208554 0.8518839896430245
0.5016044711572191 0.8559243936834284
0.5056448751976231 0.8559243936834284
0.5096852792380272 0.8559243936834284
0.5137256832784312 0.8559243936834284
0.5177660873188352 0.8559243936834284
0.5218064913592393 0.8559243936834284
0.5258468953996434 0.8559243936834284
0.5298872994400474 0.8559243936834284
0.49352366307641105 0.8599647977238325
0.49756406711681506 0.8599647977238325
0.5016044711572191 0.8599647977238325
0.5056448751976231 0.8599647977238325
0.5096852792380272 0.8599647977238325
0.5137256832784312 0.8599647977238325
0.5177660873188352 0.8599647977238325
0.5218064913592393 0.8599647977238325
0.489483259036007 0.8640052017642366
0.49352366307641105 0.8640052017642366
0.49756406711681506 0.8640052017642366
0.5016044711572191 0.8640052017642366
0.5056448751976231 0.8640052017642366
0.5096852792380272 0.8640052017642366
0.5137256832784312 0.8640052017642366
0.5177660873188352 0.8640052017642366
0.4814024509551989 0.8680456058046406
0.4854428549956029 0.8680456058046406
0.489483259036007 0.8680456058046406
0.49352366307641105 0.8680456058046406
0.49756406711681506 0.8680456058046406
0.5016044711572191 0.8680456058046406
0.5056448751976231 0.8680456058046406
0.5096852792380272 0.8680456058046406
0.4733216428743908 0.8720860098450447
0.4773620469147949 0.8720860098450447
0.4814024509551989 0.8720860098450447
0.4854428549956029 0.8720860098450447
0.489483259036007 0.8720860098450447
0.49352366307641105 0.8720860098450447
0.49756406711681506 0.8720860098450447
0.5016044711572191 0.8720860098450447
0.46524083479358275 0.8761264138854487
0.46928123883398676 0.8761264138854487
0.4733216428743908 0.8761264138854487
0.4773620469147949 0.8761264138854487
0.4814024509551989 0.8761264138854487
0.4854428549956029 0.8761264138854487
0.489483259036007 0.8761264138854487
0.49352366307641105 0.8761264138854487
0.49756406711681506 0.8761264138854487
0.45716002671277467 0.8801668179258527
0.4612004307531787 0.8801668179258527
0.46524083479358275 0.8801668179258527
0.46928123883398676 0.8801668179258527
0.4733216428743908 0.8801668179258527
0.4773620469147949 0.8801668179258527
0.4814024509551989 0.8801668179258527
0.4854428549956029 0.8801668179258527
0.489483259036007 0.8801668179258527
0.44907921863196654 0.8842072219662568
0.4531196226723706 0.8842072219662568
0.45716002671277467 0.8842072219662568
0.4612004307531787 0.8842072219662568
0.46524083479358275 0.8842072219662568
0.46928123883398676 0.8842072219662568
0.4733216428743908 0.8842072219662568
0.4773620469147949 0.8842072219662568
0.4814024509551989 0.8842072219662568
0.4409984105511585 0.8882476260066607
0.4450388145915625 0.8882476260066607
0.44907921863196654 0.8882476260066607
0.4531196226723706 0.8882476260066607
0.45716002671277467 0.8882476260066607
0.4612004307531787 0.8882476260066607
0.46524083479358275 0.8882476260066607
0.46928123883398676 0.8882476260066607
0.4733216428743908 0.8882476260066607
0.4329176024703504 0.8922880300470648
0.43695800651075445 0.8922880300470648
0.4409984105511585 0.8922880300470648
0.4450388145915625 0.8922880300470648
0.44907921863196654 0.8922880300470648
0.4531196226723706 0.8922880300470648
0.45716002671277467 0.8922880300470648
0.4612004307531787 0.8922880300470648
0.46524083479358275 0.8922880300470648
0.42483679438954236 0.8963284340874689
0.42887719842994637 0.8963284340874689
0.4329176024703504 0.8963284340874689
0.43695800651075445 0.8963284340874689
0.4409984105511585 0.8963284340874689
0.4450388145915625 0.8963284340874689
0.44907921863196654 0.8963284340874689
0.4531196226723706 0.8963284340874689
0.45716002671277467 0.8963284340874689
0.4167559863087342 0.9003688381278729
0.4207963903491383 0.9003688381278729
0.42483679438954236 0.9003688381278729
0.42887719842994637 0.9003688381278729
0.4329176024703504 0.9003688381278729
0.43695800651075445 0.9003688381278729
0.4409984105511585 0.9003688381278729
0.4450388145915625 0.9003688381278729
0.44907921863196654 0.9003688381278729
0.4531196226723706 0.9003688381278729
0.40867517822792615 0.904409242168277
0.4127155822683302 0.904409242168277
0.4167559863087342 0.904409242168277
0.4207963903491383 0.904409242168277
0.42483679438954236 0.904409242168277
0.42887719842994637 0.904409242168277
0.4329176024703504 0.904409242168277
0.43695800651075445 0.904409242168277
0.4409984105511585 0.904409242168277
0.4450388145915625 0.904409242168277
0.4005943701471181 0.9084496462086811
0.40463477418752214 0.9084496462086811
0.40867517822792615 0.9084496462086811
0.4127155822683302 0.9084496462086811
0.4167559863087342 0.9084496462086811
0.4207963903491383 0.9084496462086811
0.42483679438954236 0.9084496462086811
0.42887719842994637 0.9084496462086811
0.4329176024703504 0.9084496462086811
0.388473158025906 0.912490050249085
0.39251356206631 0.912490050249085
0.39655396610671406 0.912490050249085
0.4005943701471181 0.912490050249085
0.40463477418752214 0.912490050249085
0.40867517822792615 0.912490050249085
0.4127155822683302 0.912490050249085
0.4167559863087342 0.912490050249085
0.4207963903491383 0.912490050249085
0.42483679438954236 0.912490050249085
0.38039234994509785 0.9165304542894891
0.3844327539855019 0.9165304542894891
0.388473158025906 0.9165304542894891
0.39251356206631 0.9165304542894891
0.39655396610671406 0.9165304542894891
0.4005943701471181 0.9165304542894891
0.40463477418752214 0.9165304542894891
0.40867517822792615 0.9165304542894891
0.4127155822683302 0.9165304542894891
0.4167559863087342 0.9165304542894891
0.37231154186428983 0.920570858329893
0.37635194590469384 0.920570858329893
0.38039234994509785 0.920570858329893
0.3844327539855019 0.920570858329893
0.388473158025906 0.920570858329893
0.39251356206631 0.920570858329893
0.39655396610671406 0.920570858329893
0.4005943701471181 0.920570858329893
0.40463477418752214 0.920570858329893
0.40867517822792615 0.920570858329893
0.3601903297430777 0.9246112623702971
0.3642307337834817 0.9246112623702971
0.36827113782388576 0.9246112623702971
0.37231154186428983 0.9246112623702971
0.37635194590469384 0.9246112623702971
0.38039234994509785 0.9246112623702971
0.3844327539855019 0.9246112623702971
0.388473158025906 0.9246112623702971
0.39251356206631 0.9246112623702971
0.39655396610671406 0.9246112623702971
0.4005943701471181 0.9246112623702971
0.34806911762186554 0.9286516664107012
0.3521095216622696 0.9286516664107012
0.3561499257026737 0.9286516664107012
0.3601903297430777 0.9286516664107012
0.3642307337834817 0.9286516664107012
0.36827113782388576 0.9286516664107012
0.37231154186428983 0.9286516664107012
0.37635194590469384 0.9286516664107012
0.38039234994509785 0.9286516664107012
0.3844327539855019 0.9286516664107012
0.388473158025906 0.9286516664107012
0.33998830954105747 0.9326920704511052
0.34402871358146153 0.9326920704511052
0.34806911762186554 0.9326920704511052
0.3521095216622696 0.9326920704511052
0.3561499257026737 0.9326920704511052
0.3601903297430777 0.9326920704511052
0.3642307337834817 0.9326920704511052
0.36827113782388576 0.9326920704511052
0.37231154186428983 0.9326920704511052
0.37635194590469384 0.9326920704511052
0.38039234994509785 0.9326920704511052
0.3278670974198454 0.9367324744915093
0.3319075014602494 0.9367324744915093
0.33594790550065345 0.9367324744915093
0.33998830954105747 0.9367324744915093
0.34402871358146153 0.9367324744915093
0.34806911762186554 0.9367324744915093
0.3521095216622696 0.9367324744915093
0.3561499257026737 0.9367324744915093
0.3601903297430777 0.9367324744915093
0.3642307337834817 0.9367324744915093
0.36827113782388576 0.9367324744915093
0.31574588529863323 0.9407728785319134
0.3197862893390373 0.9407728785319134
0.3238266933794413 0.9407728785319134
0.3278670974198454 0.9407728785319134
0.3319075014602494 0.9407728785319134
0.33594790550065345 0.9407728785319134
0.33998830954105747 0.9407728785319134
0.34402871358146153 0.9407728785319134
0.34806911762186554 0.9407728785319134
0.3521095216622696 0.9407728785319134
0.3561499257026737 0.9407728785319134
0.3601903297430777 0.9407728785319134
0.30362467317742114 0.9448132825723174
0.30766507721782516 0.9448132825723174
0.31170548125822917 0.9448132825723174
0.31574588529863323 0.9448132825723174
0.3197862893390373 0.9448132825723174
0.3238266933794413 0.9448132825723174
0.3278670974198454 0.9448132825723174
0.3319075014602494 0.9448132825723174
0.33594790550065345 0.9448132825723174
0.33998830954105747 0.9448132825723174
0.34402871358146153 0.9448132825723174
0.34806911762186554 0.9448132825723174
0.2995842691370171 0.9488536866127214
0.30362467317742114 0.9488536866127214
0.30766507721782516 0.9488536866127214
0.31170548125822917 0.9488536866127214
0.31574588529863323 0.9488536866127214
0.3197862893390373 0.9488536866127214
0.3238266933794413 0.9488536866127214
0.3278670974198454 0.9488536866127214
0.3319075014602494 0.9488536866127214
0.33594790550065345 0.9488536866127214
0.2995842691370171 0.9528940906531255
0.30362467317742114 0.9528940906531255
0.30766507721782516 0.9528940906531255
0.31170548125822917 0.9528940906531255
0.31574588529863323 0.9528940906531255
0.3197862893390373 0.9528940906531255
0.3238266933794413 0.9528940906531255
0.3278670974198454 0.9528940906531255
0.2995842691370171 0.9569344946935294
0.30362467317742114 0.9569344946935294
0.30766507721782516 0.9569344946935294
0.31170548125822917 0.9569344946935294
0.31574588529863323 0.9569344946935294
0.2995842691370171 0.9609748987339335
0.30362467317742114 0.9609748987339335
