# x y
0.679773785369038 0.7468334845925194
0.6595717651670178 0.7791567169157517
0.5989657045609571 0.8155203532793881
0.5747232803185329 0.8276415654006002
0.5626020681973208 0.8357223734814083
0.5181576237528763 0.8640052017642366
0.5221980277932804 0.8680456058046406
0.5019960075912602 0.8801668179258527
0.46563237122762385 0.9003688381278729
0.4009859065811592 0.9246112623702971
0.3888646944599471 0.9286516664107012
0.37270307829833094 0.9367324744915093
0.3929050985003511 0.9488536866127214
0.34846065405590665 0.9528940906531255
0.3646222702175228 0.9609748987339335
0.31613742173267434 0.9650153027743376
0.30401620961146225 0.9690557068147416
0.3322990378942905 0.9730961108551457
