# x y
0.6992192158383173 0.702389040148075
0.6951788117979132 0.706429444188479
0.6992192158383173 0.706429444188479
0.6911384077575091 0.710469848228883
0.6951788117979132 0.710469848228883
0.6992192158383173 0.710469848228883
0.687098003717105 0.7145102522692871
0.6911384077575091 0.7145102522692871
0.6951788117979132 0.7145102522692871
0.6992192158383173 0.7145102522692871
0.6790171956362969 0.7185506563096911
0.683057599676701 0.7185506563096911
0.687098003717105 0.7185506563096911
0.6911384077575091 0.7185506563096911
0.6951788117979132 0.7185506563096911
0.6992192158383173 0.7185506563096911
0.6749767915958929 0.7225910603500951
0.6790171956362969 0.7225910603500951
0.683057599676701 0.7225910603500951
0.687098003717105 0.7225910603500951
0.6911384077575091 0.7225910603500951
0.6951788117979132 0.7225910603500951
0.6992192158383173 0.7225910603500951
0.6709363875554889 0.7266314643904992
0.6749767915958929 0.7266314643904992
0.6790171956362969 0.7266314643904992
0.683057599676701 0.7266314643904992
0.687098003717105 0.7266314643904992
0.6911384077575091 0.7266314643904992
0.6951788117979132 0.7266314643904992
0.6992192158383173 0.7266314643904992
0.6668959835150848 0.7306718684309033
0.6709363875554889 0.7306718684309033
0.6749767915958929 0.7306718684309033
0.6790171956362969 0.7306718684309033
0.683057599676701 0.7306718684309033
0.687098003717105 0.7306718684309033
0.6911384077575091 0.7306718684309033
0.6951788117979132 0.7306718684309033
0.6628555794746809 0.7347122724713073
0.6668959835150848 0.7347122724713073
0.6709363875554889 0.7347122724713073
0.6749767915958929 0.7347122724713073
0.6790171956362969 0.7347122724713073
0.683057599676701 0.7347122724713073
0.687098003717105 0.7347122724713073
0.6911384077575091 0.7347122724713073
0.6588151754342768 0.7387526765117113
0.6628555794746809 0.7387526765117113
0.6668959835150848 0.7387526765117113
0.6709363875554889 0.7387526765117113
0.6749767915958929 0.7387526765117113
0.6790171956362969 0.7387526765117113
0.683057599676701 0.7387526765117113
0.687098003717105 0.7387526765117113
0.6547747713938727 0.7427930805521153
0.6588151754342768 0.7427930805521153
0.6628555794746809 0.7427930805521153
0.6668959835150848 0.7427930805521153
0.6709363875554889 0.7427930805521153
0.6749767915958929 0.7427930805521153
0.6790171956362969 0.7427930805521153
0.683057599676701 0.7427930805521153
0.6507343673534687 0.7468334845925194
0.6547747713938727 0.7468334845925194
0.6588151754342768 0.7468334845925194
0.6628555794746809 0.7468334845925194
0.6668959835150848 0.7468334845925194
0.6709363875554889 0.7468334845925194
0.6749767915958929 0.7468334845925194
0.6790171956362969 0.7468334845925194
0.6466939633130646 0.7508738886329235
0.6507343673534687 0.7508738886329235
0.6547747713938727 0.7508738886329235
0.6588151754342768 0.7508738886329235
0.6628555794746809 0.7508738886329235
0.6668959835150848 0.7508738886329235
0.6709363875554889 0.7508738886329235
0.6749767915958929 0.7508738886329235
0.6386131552322566 0.7549142926733274
0.6426535592726605 0.7549142926733274
0.6466939633130646 0.7549142926733274
0.6507343673534687 0.7549142926733274
0.6547747713938727 0.7549142926733274
0.6588151754342768 0.7549142926733274
0.6628555794746809 0.7549142926733274
0.6668959835150848 0.7549142926733274
0.6709363875554889 0.7549142926733274
0.6345727511918525 0.7589546967137315
0.6386131552322566 0.7589546967137315
0.6426535592726605 0.7589546967137315
0.6466939633130646 0.7589546967137315
0.6507343673534687 0.7589546967137315
0.6547747713938727 0.7589546967137315
0.6588151754342768 0.7589546967137315
0.6628555794746809 0.7589546967137315
0.6305323471514486 0.7629951007541356
0.6345727511918525 0.7629951007541356
0.6386131552322566 0.7629951007541356
0.6426535592726605 0.7629951007541356
0.6466939633130646 0.7629951007541356
0.6507343673534687 0.7629951007541356
0.6547747713938727 0.7629951007541356
0.6588151754342768 0.7629951007541356
0.6264919431110445 0.7670355047945396
0.6305323471514486 0.7670355047945396
0.6345727511918525 0.7670355047945396
0.6386131552322566 0.7670355047945396
0.6426535592726605 0.7670355047945396
0.6466939633130646 0.7670355047945396
0.6507343673534687 0.7670355047945396
0.6547747713938727 0.7670355047945396
0.6224515390706404 0.7710759088349436
0.6264919431110445 0.7710759088349436
0.6305323471514486 0.7710759088349436
0.6345727511918525 0.7710759088349436
0.6386131552322566 0.7710759088349436
0.6426535592726605 0.7710759088349436
0.6466939633130646 0.7710759088349436
0.6507343673534687 0.7710759088349436
0.6143707309898323 0.7751163128753477
0.6184111350302364 0.7751163128753477
0.6224515390706404 0.7751163128753477
0.6264919431110445 0.7751163128753477
0.6305323471514486 0.7751163128753477
0.6345727511918525 0.7751163128753477
0.6386131552322566 0.7751163128753477
0.6426535592726605 0.7751163128753477
0.6466939633130646 0.7751163128753477
0.6103303269494282 0.7791567169157517
0.6143707309898323 0.7791567169157517
0.6184111350302364 0.7791567169157517
0.6224515390706404 0.7791567169157517
0.6264919431110445 0.7791567169157517
0.6305323471514486 0.7791567169157517
0.6345727511918525 0.7791567169157517
0.6386131552322566 0.7791567169157517
0.6426535592726605 0.7791567169157517
0.6062899229090242 0.7831971209561558
0.6103303269494282 0.7831971209561558
0.6143707309898323 0.7831971209561558
0.6184111350302364 0.7831971209561558
0.6224515390706404 0.7831971209561558
0.6264919431110445 0.7831971209561558
0.6305323471514486 0.7831971209561558
0.6345727511918525 0.7831971209561558
0.5982091148282161 0.7872375249965597
0.6022495188686202 0.7872375249965597
0.6062899229090242 0.7872375249965597
0.6103303269494282 0.7872375249965597
0.6143707309898323 0.7872375249965597
0.6184111350302364 0.7872375249965597
0.6224515390706404 0.7872375249965597
0.6264919431110445 0.7872375249965597
0.6305323471514486 0.7872375249965597
0.5941687107878122 0.7912779290369638
0.5982091148282161 0.7912779290369638
0.6022495188686202 0.7912779290369638
0.6062899229090242 0.7912779290369638
0.6103303269494282 0.7912779290369638
0.6143707309898323 0.7912779290369638
0.6184111350302364 0.7912779290369638
0.6224515390706404 0.7912779290369638
0.6264919431110445 0.7912779290369638
0.5901283067474081 0.7953183330773679
0.5941687107878122 0.7953183330773679
0.5982091148282161 0.7953183330773679
0.6022495188686202 0.7953183330773679
0.6062899229090242 0.7953183330773679
0.6103303269494282 0.7953183330773679
0.6143707309898323 0.7953183330773679
0.6184111350302364 0.7953183330773679
0.6224515390706404 0.7953183330773679
0.5820474986666 0.799358737117772
0.5860879027070041 0.799358737117772
0.5901283067474081 0.799358737117772
0.5941687107878122 0.799358737117772
0.5982091148282161 0.799358737117772
0.6022495188686202 0.799358737117772
0.6062899229090242 0.799358737117772
0.6103303269494282 0.799358737117772
0.6143707309898323 0.799358737117772
0.5780070946261959 0.803399141158176
0.5820474986666 0.803399141158176
0.5860879027070041 0.803399141158176
0.5901283067474081 0.803399141158176
0.5941687107878122 0.803399141158176
0.5982091148282161 0.803399141158176
0.6022495188686202 0.803399141158176
0.6062899229090242 0.803399141158176
0.6103303269494282 0.803399141158176
0.5699262865453879 0.80743954519858
0.5739666905857919 0.80743954519858
0.5780070946261959 0.80743954519858
0.5820474986666 0.80743954519858
0.5860879027070041 0.80743954519858
0.5901283067474081 0.80743954519858
0.5941687107878122 0.80743954519858
0.5982091148282161 0.80743954519858
0.6022495188686202 0.80743954519858
0.6062899229090242 0.80743954519858
0.5658858825049838 0.811479949238984
0.5699262865453879 0.811479949238984
0.5739666905857919 0.811479949238984
0.5780070946261959 0.811479949238984
0.5820474986666 0.811479949238984
0.5860879027070041 0.811479949238984
0.5901283067474081 0.811479949238984
0.5941687107878122 0.811479949238984
0.5982091148282161 0.811479949238984
0.5618454784645799 0.8155203532793881
0.5658858825049838 0.8155203532793881
0.5699262865453879 0.8155203532793881
0.5739666905857919 0.8155203532793881
0.5780070946261959 0.8155203532793881
0.5820474986666 0.8155203532793881
0.5860879027070041 0.8155203532793881
0.5901283067474081 0.8155203532793881
0.5941687107878122 0.8155203532793881
0.5537646703837718 0.819560757319792
0.5578050744241758 0.819560757319792
0.5618454784645799 0.819560757319792
0.5658858825049838 0.819560757319792
0.5699262865453879 0.819560757319792
0.5739666905857919 0.819560757319792
0.5780070946261959 0.819560757319792
0.5820474986666 0.819560757319792
0.5860879027070041 0.819560757319792
0.5901283067474081 0.819560757319792
0.5497242663433677 0.8236011613601961
0.5537646703837718 0.8236011613601961
0.5578050744241758 0.8236011613601961
0.5618454784645799 0.8236011613601961
0.5658858825049838 0.8236011613601961
0.5699262865453879 0.8236011613601961
0.5739666905857919 0.8236011613601961
0.5780070946261959 0.8236011613601961
0.5820474986666 0.8236011613601961
0.5416434582625596 0.8276415654006002
0.5456838623029636 0.8276415654006002
0.5497242663433677 0.8276415654006002
0.5537646703837718 0.8276415654006002
0.5578050744241758 0.8276415654006002
0.5618454784645799 0.8276415654006002
0.5658858825049838 0.8276415654006002
0.5699262865453879 0.8276415654006002
0.5739666905857919 0.8276415654006002
0.5780070946261959 0.8276415654006002
0.5376030542221556 0.8316819694410043
0.5416434582625596 0.8316819694410043
0.5456838623029636 0.8316819694410043
0.5497242663433677 0.8316819694410043
0.5537646703837718 0.8316819694410043
0.5578050744241758 0.8316819694410043
0.5618454784645799 0.8316819694410043
0.5658858825049838 0.8316819694410043
0.5699262865453879 0.8316819694410043
0.5295222461413475 0.8357223734814083
0.5335626501817515 0.8357223734814083
0.5376030542221556 0.8357223734814083
0.5416434582625596 0.8357223734814083
0.5456838623029636 0.8357223734814083
0.5497242663433677 0.8357223734814083
0.5537646703837718 0.8357223734814083
0.5578050744241758 0.8357223734814083
0.5618454784645799 0.8357223734814083
0.5658858825049838 0.8357223734814083
0.5214414380605394 0.8397627775218124
0.5254818421009435 0.8397627775218124
0.5295222461413475 0.8397627775218124
0.5335626501817515 0.8397627775218124
0.5376030542221556 0.8397627775218124
0.5416434582625596 0.8397627775218124
0.5456838623029636 0.8397627775218124
0.5497242663433677 0.8397627775218124
0.5537646703837718 0.8397627775218124
0.5578050744241758 0.8397627775218124
0.5618454784645799 0.8397627775218124
0.5174010340201354 0.8438031815622163
0.5214414380605394 0.8438031815622163
0.5254818421009435 0.8438031815622163
0.5295222461413475 0.8438031815622163
0.5335626501817515 0.8438031815622163
0.5376030542221556 0.8438031815622163
0.5416434582625596 0.8438031815622163
0.5456838623029636 0.8438031815622163
0.5497242663433677 0.8438031815622163
0.5537646703837718 0.8438031815622163
0.5093202259393272 0.8478435856026204
0.5133606299797313 0.8478435856026204
0.5174010340201354 0.8478435856026204
0.5214414380605394 0.8478435856026204
0.5254818421009435 0.8478435856026204
0.5295222461413475 0.8478435856026204
0.5335626501817515 0.8478435856026204
0.5376030542221556 0.8478435856026204
0.5416434582625596 0.8478435856026204
0.5456838623029636 0.8478435856026204
0.5497242663433677 0.8478435856026204
0.5012394178585192 0.8518839896430245
0.5052798218989232 0.8518839896430245
0.5093202259393272 0.8518839896430245
0.5133606299797313 0.8518839896430245
0.5174010340201354 0.8518839896430245
0.5214414380605394 0.8518839896430245
0.5254818421009435 0.8518839896430245
0.5295222461413475 0.8518839896430245
0.5335626501817515 0.8518839896430245
0.5376030542221556 0.8518839896430245
0.5416434582625596 0.8518839896430245
0.49719901381811515 0.8559243936834284
0.5012394178585192 0.8559243936834284
0.5052798218989232 0.8559243936834284
0.5093202259393272 0.8559243936834284
0.5133606299797313 0.8559243936834284
0.5174010340201354 0.8559243936834284
0.5214414380605394 0.8559243936834284
0.5254818421009435 0.8559243936834284
0.5295222461413475 0.8559243936834284
0.5335626501817515 0.8559243936834284
0.4891182057373071 0.8599647977238325
0.4931586097777111 0.8599647977238325
0.49719901381811515 0.8599647977238325
0.5012394178585192 0.8599647977238325
0.5052798218989232 0.8599647977238325
0.5093202259393272 0.8599647977238325
0.5133606299797313 0.8599647977238325
0.5174010340201354 0.8599647977238325
0.5214414380605394 0.8599647977238325
0.5254818421009435 0.8599647977238325
0.5295222461413475 0.8599647977238325
0.481037397656499 0.8640052017642366
0.48507780169690307 0.8640052017642366
0.4891182057373071 0.8640052017642366
0.4931586097777111 0.8640052017642366
0.49719901381811515 0.8640052017642366
0.5012394178585192 0.8640052017642366
0.5052798218989232 0.8640052017642366
0.5093202259393272 0.8640052017642366
0.5133606299797313 0.8640052017642366
0.5174010340201354 0.8640052017642366
0.5214414380605394 0.8640052017642366
0.4729565895756909 0.8680456058046406
0.47699699361609493 0.8680456058046406
0.481037397656499 0.8680456058046406
0.48507780169690307 0.8680456058046406
0.4891182057373071 0.8680456058046406
0.4931586097777111 0.8680456058046406
0.49719901381811515 0.8680456058046406
0.5012394178585192 0.8680456058046406
0.5052798218989232 0.8680456058046406
0.5093202259393272 0.8680456058046406
0.5133606299797313 0.8680456058046406
0.5174010340201354 0.8680456058046406
0.46487578149488284 0.8720860098450447
0.4689161855352869 0.8720860098450447
0.4729565895756909 0.8720860098450447
0.47699699361609493 0.8720860098450447
0.481037397656499 0.8720860098450447
0.48507780169690307 0.8720860098450447
0.4891182057373071 0.8720860098450447
0.4931586097777111 0.8720860098450447
0.49719901381811515 0.8720860098450447
0.5012394178585192 0.8720860098450447
0.5052798218989232 0.8720860098450447
0.5093202259393272 0.8720860098450447
0.4608353774544788 0.8761264138854487
0.46487578149488284 0.8761264138854487
0.4689161855352869 0.8761264138854487
0.4729565895756909 0.8761264138854487
0.47699699361609493 0.8761264138854487
0.481037397656499 0.8761264138854487
0.48507780169690307 0.8761264138854487
0.4891182057373071 0.8761264138854487
0.4931586097777111 0.8761264138854487
0.49719901381811515 0.8761264138854487
0.5012394178585192 0.8761264138854487
0.4527545693736707 0.8801668179258527
0.4567949734140747 0.8801668179258527
0.4608353774544788 0.8801668179258527
0.46487578149488284 0.8801668179258527
0.4689161855352869 0.8801668179258527
0.4729565895756909 0.8801668179258527
0.47699699361609493 0.8801668179258527
0.481037397656499 0.8801668179258527
0.48507780169690307 0.8801668179258527
0.4891182057373071 0.8801668179258527
0.4931586097777111 0.8801668179258527
0.4446737612928626 0.8842072219662568
0.4487141653332667 0.8842072219662568
0.4527545693736707 0.8842072219662568
0.4567949734140747 0.8842072219662568
0.4608353774544788 0.8842072219662568
0.46487578149488284 0.8842072219662568
0.4689161855352869 0.8842072219662568
0.4729565895756909 0.8842072219662568
0.47699699361609493 0.8842072219662568
0.481037397656499 0.8842072219662568
0.48507780169690307 0.8842072219662568
0.4891182057373071 0.8842072219662568
0.43659295321205455 0.8882476260066607
0.44063335725245856 0.8882476260066607
0.4446737612928626 0.8882476260066607
0.4487141653332667 0.8882476260066607
0.4527545693736707 0.8882476260066607
0.4567949734140747 0.8882476260066607
0.4608353774544788 0.8882476260066607
0.46487578149488284 0.8882476260066607
0.4689161855352869 0.8882476260066607
0.4729565895756909 0.8882476260066607
0.47699699361609493 0.8882476260066607
0.481037397656499 0.8882476260066607
0.42851214513124647 0.8922880300470648
0.43255254917165054 0.8922880300470648
0.43659295321205455 0.8922880300470648
0.44063335725245856 0.8922880300470648
0.4446737612928626 0.8922880300470648
0.4487141653332667 0.8922880300470648
0.4527545693736707 0.8922880300470648
0.4567949734140747 0.8922880300470648
0.4608353774544788 0.8922880300470648
0.46487578149488284 0.8922880300470648
0.4689161855352869 0.8922880300470648
0.4729565895756909 0.8922880300470648
0.4163909330100344 0.8963284340874689
0.4204313370504384 0.8963284340874689
0.4244717410908424 0.8963284340874689
0.42851214513124647 0.8963284340874689
0.43255254917165054 0.8963284340874689
0.43659295321205455 0.8963284340874689
0.44063335725245856 0.8963284340874689
0.4446737612928626 0.8963284340874689
0.4487141653332667 0.8963284340874689
0.4527545693736707 0.8963284340874689
0.4567949734140747 0.8963284340874689
0.4608353774544788 0.8963284340874689
0.46487578149488284 0.8963284340874689
0.40831012492922625 0.9003688381278729
0.4123505289696303 0.9003688381278729
0.4163909330100344 0.9003688381278729
0.4204313370504384 0.9003688381278729
0.4244717410908424 0.9003688381278729
0.42851214513124647 0.9003688381278729
0.43255254917165054 0.9003688381278729
0.43659295321205455 0.9003688381278729
0.44063335725245856 0.9003688381278729
0.4446737612928626 0.9003688381278729
0.4487141653332667 0.9003688381278729
0.4527545693736707 0.9003688381278729
0.4567949734140747 0.9003688381278729
0.40022931684841817 0.904409242168277
0.40426972088882224 0.904409242168277
0.40831012492922625 0.904409242168277
0.4123505289696303 0.904409242168277
0.4163909330100344 0.904409242168277
0.4204313370504384 0.904409242168277
0.4244717410908424 0.904409242168277
0.42851214513124647 0.904409242168277
0.43255254917165054 0.904409242168277
0.43659295321205455 0.904409242168277
0.44063335725245856 0.904409242168277
0.4446737612928626 0.904409242168277
0.4487141653332667 0.904409242168277
0.3921485087676101 0.9084496462086811
0.39618891280801416 0.9084496462086811
0.40022931684841817 0.9084496462086811
0.40426972088882224 0.9084496462086811
0.40831012492922625 0.9084496462086811
0.4123505289696303 0.9084496462086811
0.4163909330100344 0.9084496462086811
0.4204313370504384 0.9084496462086811
0.4244717410908424 0.9084496462086811
0.42851214513124647 0.9084496462086811
0.43255254917165054 0.9084496462086811
0.43659295321205455 0.9084496462086811
0.44063335725245856 0.9084496462086811
0.380027296646398 0.912490050249085
0.384067700686802 0.912490050249085
0.3881081047272061 0.912490050249085
0.3921485087676101 0.912490050249085
0.39618891280801416 0.912490050249085
0.40022931684841817 0.912490050249085
0.40426972088882224 0.912490050249085
0.40831012492922625 0.912490050249085
0.4123505289696303 0.912490050249085
0.4163909330100344 0.912490050249085
0.4204313370504384 0.912490050249085
0.4244717410908424 0.912490050249085
0.42851214513124647 0.912490050249085
0.43255254917165054 0.912490050249085
0.3719464885655899 0.9165304542894891
0.37598689260599394 0.9165304542894891
0.380027296646398 0.9165304542894891
0.384067700686802 0.9165304542894891
0.3881081047272061 0.9165304542894891
0.3921485087676101 0.9165304542894891
0.39618891280801416 0.9165304542894891
0.40022931684841817 0.9165304542894891
0.40426972088882224 0.9165304542894891
0.40831012492922625 0.9165304542894891
0.4123505289696303 0.9165304542894891
0.4163909330100344 0.9165304542894891
0.4204313370504384 0.9165304542894891
0.4244717410908424 0.9165304542894891
0.36386568048478185 0.920570858329893
0.36790608452518586 0.920570858329893
0.3719464885655899 0.920570858329893
0.37598689260599394 0.920570858329893
0.380027296646398 0.920570858329893
0.384067700686802 0.920570858329893
0.3881081047272061 0.920570858329893
0.3921485087676101 0.920570858329893
0.39618891280801416 0.920570858329893
0.40022931684841817 0.920570858329893
0.40426972088882224 0.920570858329893
0.40831012492922625 0.920570858329893
0.4123505289696303 0.920570858329893
0.4163909330100344 0.920570858329893
0.3517444683635697 0.9246112623702971
0.3557848724039737 0.9246112623702971
0.3598252764443778 0.9246112623702971
0.36386568048478185 0.9246112623702971
0.36790608452518586 0.9246112623702971
0.3719464885655899 0.9246112623702971
0.37598689260599394 0.9246112623702971
0.380027296646398 0.9246112623702971
0.384067700686802 0.9246112623702971
0.3881081047272061 0.9246112623702971
0.3921485087676101 0.9246112623702971
0.39618891280801416 0.9246112623702971
0.40022931684841817 0.9246112623702971
0.40426972088882224 0.9246112623702971
0.40831012492922625 0.9246112623702971
0.33962325624235756 0.9286516664107012
0.34366366028276163 0.9286516664107012
0.3477040643231657 0.9286516664107012
0.3517444683635697 0.9286516664107012
0.3557848724039737 0.9286516664107012
0.3598252764443778 0.9286516664107012
0.36386568048478185 0.9286516664107012
0.36790608452518586 0.9286516664107012
0.3719464885655899 0.9286516664107012
0.37598689260599394 0.9286516664107012
0.380027296646398 0.9286516664107012
0.384067700686802 0.9286516664107012
0.3881081047272061 0.9286516664107012
0.3921485087676101 0.9286516664107012
0.39618891280801416 0.9286516664107012
0.3275020441211455 0.9326920704511052
0.3315424481615495 0.9326920704511052
0.33558285220195355 0.9326920704511052
0.33962325624235756 0.9326920704511052
0.34366366028276163 0.9326920704511052
0.3477040643231657 0.9326920704511052
0.3517444683635697 0.9326920704511052
0.3557848724039737 0.9326920704511052
0.3598252764443778 0.9326920704511052
0.36386568048478185 0.9326920704511052
0.36790608452518586 0.9326920704511052
0.3719464885655899 0.9326920704511052
0.37598689260599394 0.9326920704511052
0.380027296646398 0.9326920704511052
0.384067700686802 0.9326920704511052
0.3881081047272061 0.9326920704511052
0.31942123604033734 0.9367324744915093
0.3234616400807414 0.9367324744915093
0.3275020441211455 0.9367324744915093
0.3315424481615495 0.9367324744915093
0.33558285220195355 0.9367324744915093
0.33962325624235756 0.9367324744915093
0.34366366028276163 0.9367324744915093
0.3477040643231657 0.9367324744915093
0.3517444683635697 0.9367324744915093
0.3557848724039737 0.9367324744915093
0.3598252764443778 0.9367324744915093
0.36386568048478185 0.9367324744915093
0.36790608452518586 0.9367324744915093
0.3719464885655899 0.9367324744915093
0.37598689260599394 0.9367324744915093
0.30730002391912525 0.9407728785319134
0.3113404279595293 0.9407728785319134
0.31538083199993333 0.9407728785319134
0.31942123604033734 0.9407728785319134
0.3234616400807414 0.9407728785319134
0.3275020441211455 0.9407728785319134
0.3315424481615495 0.9407728785319134
0.33558285220195355 0.9407728785319134
0.33962325624235756 0.9407728785319134
0.34366366028276163 0.9407728785319134
0.3477040643231657 0.9407728785319134
0.3517444683635697 0.9407728785319134
0.3557848724039737 0.9407728785319134
0.3598252764443778 0.9407728785319134
0.36386568048478185 0.9407728785319134
0.36790608452518586 0.9407728785319134
0.2992192158383172 0.9448132825723174
0.3032596198787212 0.9448132825723174
0.30730002391912525 0.9448132825723174
0.3113404279595293 0.9448132825723174
0.31538083199993333 0.9448132825723174
0.31942123604033734 0.9448132825723174
0.3234616400807414 0.9448132825723174
0.3275020441211455 0.9448132825723174
0.3315424481615495 0.9448132825723174
0.33558285220195355 0.9448132825723174
0.33962325624235756 0.9448132825723174
0.34366366028276163 0.9448132825723174
0.3477040643231657 0.9448132825723174
0.3517444683635697 0.9448132825723174
0.3557848724039737 0.9448132825723174
0.2992192158383172 0.9488536866127214
0.3032596198787212 0.9488536866127214
0.30730002391912525 0.9488536866127214
0.3113404279595293 0.9488536866127214
0.31538083199993333 0.9488536866127214
0.31942123604033734 0.9488536866127214
0.3234616400807414 0.9488536866127214
0.3275020441211455 0.9488536866127214
0.3315424481615495 0.9488536866127214
0.33558285220195355 0.9488536866127214
0.33962325624235756 0.9488536866127214
0.34366366028276163 0.9488536866127214
0.2992192158383172 0.9528940906531255
0.3032596198787212 0.9528940906531255
0.30730002391912525 0.9528940906531255
0.3113404279595293 0.9528940906531255
0.31538083199993333 0.9528940906531255
0.31942123604033734 0.9528940906531255
0.3234616400807414 0.9528940906531255
0.3275020441211455 0.9528940906531255
0.3315424481615495 0.9528940906531255
0.33558285220195355 0.9528940906531255
0.2992192158383172 0.9569344946935294
0.3032596198787212 0.9569344946935294
0.30730002391912525 0.9569344946935294
0.3113404279595293 0.9569344946935294
0.31538083199993333 0.9569344946935294
0.31942123604033734 0.9569344946935294
0.3234616400807414 0.9569344946935294
0.2992192158383172 0.9609748987339335
0.3032596198787212 0.9609748987339335
0.30730002391912525 0.9609748987339335
0.3113404279595293 0.9609748987339335
0.2992192158383172 0.9650153027743376
