# x y
0.6999699767846908 0.7145102522692871
0.6959295727442867 0.7185506563096911
0.6918891687038826 0.7225910603500951
0.6878487646634786 0.7266314643904992
0.6797679565826704 0.7306718684309033
0.6838083606230745 0.7306718684309033
0.6757275525422664 0.7347122724713073
0.6797679565826704 0.7347122724713073
0.6716871485018624 0.7387526765117113
0.6757275525422664 0.7387526765117113
0.6676467444614583 0.7427930805521153
0.6716871485018624 0.7427930805521153
0.6636063404210544 0.7468334845925194
0.6676467444614583 0.7468334845925194
0.6595659363806503 0.7508738886329235
0.6636063404210544 0.7508738886329235
0.6555255323402462 0.7549142926733274
0.6514851282998422 0.7589546967137315
0.643404320219034 0.7629951007541356
0.6474447242594381 0.7629951007541356
0.6393639161786301 0.7670355047945396
0.643404320219034 0.7670355047945396
0.635323512138226 0.7710759088349436
0.6393639161786301 0.7710759088349436
0.6312831080978221 0.7751163128753477
0.627242704057418 0.7791567169157517
0.6191618959766099 0.7831971209561558
0.6232023000170139 0.7831971209561558
0.6151214919362058 0.7872375249965597
0.6191618959766099 0.7872375249965597
0.6110810878958017 0.7912779290369638
0.6030002798149937 0.7953183330773679
0.6070406838553977 0.7953183330773679
0.5989598757745896 0.799358737117772
0.6030002798149937 0.799358737117772
0.5949194717341857 0.803399141158176
0.5989598757745896 0.803399141158176
0.5868386636533776 0.80743954519858
0.5908790676937816 0.80743954519858
0.5827982596129735 0.811479949238984
0.5868386636533776 0.811479949238984
0.5787578555725694 0.8155203532793881
0.5706770474917614 0.819560757319792
0.5747174515321654 0.819560757319792
0.5666366434513573 0.8236011613601961
0.5706770474917614 0.8236011613601961
0.5585558353705493 0.8276415654006002
0.5625962394109534 0.8276415654006002
0.5545154313301452 0.8316819694410043
0.5585558353705493 0.8316819694410043
0.5464346232493371 0.8357223734814083
0.5504750272897412 0.8357223734814083
0.542394219208933 0.8397627775218124
0.5464346232493371 0.8397627775218124
0.534313411128125 0.8438031815622163
0.5383538151685291 0.8438031815622163
0.526232603047317 0.8478435856026204
0.530273007087721 0.8478435856026204
0.534313411128125 0.8478435856026204
0.5221921990069129 0.8518839896430245
0.526232603047317 0.8518839896430245
0.5141113909261048 0.8559243936834284
0.5181517949665089 0.8559243936834284
0.5060305828452967 0.8599647977238325
0.5100709868857007 0.8599647977238325
0.5141113909261048 0.8599647977238325
0.5019901788048927 0.8640052017642366
0.5060305828452967 0.8640052017642366
0.4939093707240846 0.8680456058046406
0.49794977476448865 0.8680456058046406
0.48582856264327656 0.8720860098450447
0.4898689666836806 0.8720860098450447
0.47774775456246843 0.8761264138854487
0.4817881586028725 0.8761264138854487
0.48582856264327656 0.8761264138854487
0.4737073505220644 0.8801668179258527
0.47774775456246843 0.8801668179258527
0.46562654244125634 0.8842072219662568
0.4696669464816604 0.8842072219662568
0.4575457343604482 0.8882476260066607
0.4615861384008523 0.8882476260066607
0.4494649262796402 0.8922880300470648
0.4535053303200442 0.8922880300470648
0.44138411819883205 0.8963284340874689
0.4454245222392361 0.8963284340874689
0.43330331011802403 0.9003688381278729
0.43734371415842804 0.9003688381278729
0.4252225020372159 0.904409242168277
0.42926290607761997 0.904409242168277
0.4131012899160038 0.9084496462086811
0.4171416939564079 0.9084496462086811
0.4211820979968119 0.9084496462086811
0.40502048183519573 0.912490050249085
0.40906088587559974 0.912490050249085
0.4131012899160038 0.912490050249085
0.39693967375438766 0.9165304542894891
0.40098007779479167 0.9165304542894891
0.40502048183519573 0.9165304542894891
0.3848184616331755 0.920570858329893
0.3888588656735796 0.920570858329893
0.3928992697139836 0.920570858329893
0.37673765355236744 0.9246112623702971
0.3807780575927715 0.9246112623702971
0.3848184616331755 0.9246112623702971
0.36865684547155936 0.9286516664107012
0.37269724951196337 0.9286516664107012
0.37673765355236744 0.9286516664107012
0.3565356333503472 0.9326920704511052
0.3605760373907513 0.9326920704511052
0.36461644143115535 0.9326920704511052
0.3444144212291351 0.9367324744915093
0.3484548252695392 0.9367324744915093
0.3524952293099432 0.9367324744915093
0.33633361314832705 0.9407728785319134
0.34037401718873106 0.9407728785319134
0.3444144212291351 0.9407728785319134
0.3242124010271149 0.9448132825723174
0.32825280506751897 0.9448132825723174
0.332293209107923 0.9448132825723174
0.3120911889059028 0.9488536866127214
0.3161315929463068 0.9488536866127214
0.32017199698671084 0.9488536866127214
0.2999699767846907 0.9528940906531255
0.3040103808250947 0.9528940906531255
0.30805078486549875 0.9528940906531255
