# x y
0.6999752043889358 0.7145102522692871
0.6959348003485317 0.7185506563096911
0.6918943963081277 0.7225910603500951
0.6878539922677236 0.7266314643904992
0.6838135882273195 0.7306718684309033
0.6757327801465114 0.7347122724713073
0.6797731841869155 0.7347122724713073
0.6716923761061074 0.7387526765117113
0.6757327801465114 0.7387526765117113
0.6676519720657034 0.7427930805521153
0.6716923761061074 0.7427930805521153
0.6636115680252994 0.7468334845925194
0.6676519720657034 0.7468334845925194
0.6595711639848953 0.7508738886329235
0.6555307599444913 0.7549142926733274
0.6514903559040872 0.7589546967137315
0.6434095478232791 0.7629951007541356
0.6474499518636831 0.7629951007541356
0.6393691437828751 0.7670355047945396
0.6434095478232791 0.7670355047945396
0.6353287397424711 0.7710759088349436
0.6393691437828751 0.7710759088349436
0.6312883357020671 0.7751163128753477
0.627247931661663 0.7791567169157517
0.6191671235808549 0.7831971209561558
0.623207527621259 0.7831971209561558
0.6151267195404508 0.7872375249965597
0.6191671235808549 0.7872375249965597
0.6110863155000468 0.7912779290369638
0.6030055074192388 0.7953183330773679
0.6070459114596427 0.7953183330773679
0.5989651033788347 0.799358737117772
0.6030055074192388 0.799358737117772
0.5949246993384307 0.803399141158176
0.5868438912576226 0.80743954519858
0.5908842952980267 0.80743954519858
0.5828034872172185 0.811479949238984
0.5868438912576226 0.811479949238984
0.5787630831768145 0.8155203532793881
0.5706822750960064 0.819560757319792
0.5747226791364104 0.819560757319792
0.5666418710556024 0.8236011613601961
0.5706822750960064 0.8236011613601961
0.5585610629747944 0.8276415654006002
0.5626014670151984 0.8276415654006002
0.5545206589343903 0.8316819694410043
0.5585610629747944 0.8316819694410043
0.5464398508535822 0.8357223734814083
0.5504802548939862 0.8357223734814083
0.5423994468131781 0.8397627775218124
0.5464398508535822 0.8397627775218124
0.5343186387323701 0.8438031815622163
0.5383590427727741 0.8438031815622163
0.530278234691966 0.8478435856026204
0.522197426611158 0.8518839896430245
0.526237830651562 0.8518839896430245
0.5141166185303498 0.8559243936834284
0.5181570225707539 0.8559243936834284
0.5100762144899458 0.8599647977238325
0.5141166185303498 0.8599647977238325
0.5019954064091378 0.8640052017642366
0.5060358104495417 0.8640052017642366
0.4939145983283296 0.8680456058046406
0.4979550023687337 0.8680456058046406
0.4858337902475216 0.8720860098450447
0.4898741942879256 0.8720860098450447
0.48179338620711754 0.8761264138854487
0.4858337902475216 0.8761264138854487
0.47371257812630946 0.8801668179258527
0.47775298216671347 0.8801668179258527
0.4656317700455014 0.8842072219662568
0.46967217408590545 0.8842072219662568
0.45755096196469325 0.8882476260066607
0.4615913660050973 0.8882476260066607
0.4494701538838852 0.8922880300470648
0.45351055792428924 0.8922880300470648
0.4413893458030771 0.8963284340874689
0.44542974984348116 0.8963284340874689
0.43330853772226907 0.9003688381278729
0.4373489417626731 0.9003688381278729
0.42522772964146094 0.904409242168277
0.429268133681865 0.904409242168277
0.41310651752024885 0.9084496462086811
0.4171469215606529 0.9084496462086811
0.4211873256010569 0.9084496462086811
0.4050257094394408 0.912490050249085
0.4090661134798448 0.912490050249085
0.41310651752024885 0.912490050249085
0.3969449013586327 0.9165304542894891
0.4009853053990367 0.9165304542894891
0.4050257094394408 0.9165304542894891
0.3888640932778246 0.920570858329893
0.39290449731822863 0.920570858329893
0.3767428811566125 0.9246112623702971
0.38078328519701654 0.9246112623702971
0.38482368923742055 0.9246112623702971
0.3686620730758044 0.9286516664107012
0.3727024771162084 0.9286516664107012
0.35654086095459225 0.9326920704511052
0.3605812649949963 0.9326920704511052
0.3646216690354004 0.9326920704511052
0.34441964883338017 0.9367324744915093
0.34846005287378423 0.9367324744915093
0.35250045691418824 0.9367324744915093
0.3363388407525721 0.9407728785319134
0.3403792447929761 0.9407728785319134
0.34441964883338017 0.9407728785319134
0.32421762863135994 0.9448132825723174
0.328258032671764 0.9448132825723174
0.332298436712168 0.9448132825723174
0.31209641651014786 0.9488536866127214
0.31613682055055187 0.9488536866127214
0.3201772245909559 0.9488536866127214
0.2999752043889357 0.9528940906531255
0.3040156084293397 0.9528940906531255
0.3080560124697438 0.9528940906531255
