# x y
0.6999797236943897 0.7145102522692871
0.6959393196539856 0.7185506563096911
0.6918989156135815 0.7225910603500951
0.6878585115731775 0.7266314643904992
0.6838181075327734 0.7306718684309033
0.6757372994519653 0.7347122724713073
0.6797777034923693 0.7347122724713073
0.6716968954115613 0.7387526765117113
0.6757372994519653 0.7387526765117113
0.6676564913711572 0.7427930805521153
0.6716968954115613 0.7427930805521153
0.6636160873307533 0.7468334845925194
0.6676564913711572 0.7468334845925194
0.6595756832903492 0.7508738886329235
0.6555352792499451 0.7549142926733274
0.6514948752095411 0.7589546967137315
0.647454471169137 0.7629951007541356
0.639373663088329 0.7670355047945396
0.643414067128733 0.7670355047945396
0.6353332590479249 0.7710759088349436
0.639373663088329 0.7710759088349436
0.631292855007521 0.7751163128753477
0.6272524509671169 0.7791567169157517
0.6191716428863088 0.7831971209561558
0.6232120469267128 0.7831971209561558
0.6151312388459047 0.7872375249965597
0.6191716428863088 0.7872375249965597
0.6110908348055006 0.7912779290369638
0.6070504307650966 0.7953183330773679
0.5989696226842885 0.799358737117772
0.6030100267246926 0.799358737117772
0.5949292186438846 0.803399141158176
0.5868484105630765 0.80743954519858
0.5908888146034805 0.80743954519858
0.5828080065226724 0.811479949238984
0.5868484105630765 0.811479949238984
0.5787676024822683 0.8155203532793881
0.5706867944014603 0.819560757319792
0.5747271984418643 0.819560757319792
0.5666463903610562 0.8236011613601961
0.5585655822802482 0.8276415654006002
0.5626059863206523 0.8276415654006002
0.5545251782398442 0.8316819694410043
0.5585655822802482 0.8316819694410043
0.546444370159036 0.8357223734814083
0.5504847741994401 0.8357223734814083
0.542403966118632 0.8397627775218124
0.5343231580378239 0.8438031815622163
0.538363562078228 0.8438031815622163
0.5302827539974199 0.8478435856026204
0.5222019459166118 0.8518839896430245
0.5262423499570159 0.8518839896430245
0.5141211378358037 0.8559243936834284
0.5181615418762078 0.8559243936834284
0.5100807337953996 0.8599647977238325
0.5019999257145916 0.8640052017642366
0.5060403297549956 0.8640052017642366
0.4939191176337835 0.8680456058046406
0.49795952167418756 0.8680456058046406
0.48583830955297547 0.8720860098450447
0.4898787135933795 0.8720860098450447
0.4817979055125714 0.8761264138854487
0.48583830955297547 0.8761264138854487
0.4737170974317633 0.8801668179258527
0.47775750147216733 0.8801668179258527
0.46563628935095525 0.8842072219662568
0.4696766933913593 0.8842072219662568
0.4575554812701471 0.8882476260066607
0.4615958853105512 0.8882476260066607
0.4494746731893391 0.8922880300470648
0.4535150772297431 0.8922880300470648
0.44139386510853096 0.8963284340874689
0.445434269148935 0.8963284340874689
0.43331305702772294 0.9003688381278729
0.43735346106812695 0.9003688381278729
0.4252322489469148 0.904409242168277
0.42927265298731887 0.904409242168277
0.4171514408661068 0.9084496462086811
0.4211918449065108 0.9084496462086811
0.40503022874489464 0.912490050249085
0.40907063278529865 0.912490050249085
0.4131110368257027 0.912490050249085
0.39694942066408656 0.9165304542894891
0.40098982470449057 0.9165304542894891
0.3888686125832785 0.920570858329893
0.3929090166236825 0.920570858329893
0.37674740046206634 0.9246112623702971
0.3807878045024704 0.9246112623702971
0.3848282085428744 0.9246112623702971
0.36866659238125826 0.9286516664107012
0.3727069964216623 0.9286516664107012
0.3565453802600461 0.9326920704511052
0.3605857843004502 0.9326920704511052
0.36462618834085425 0.9326920704511052
0.3484645721792381 0.9367324744915093
0.3525049762196421 0.9367324744915093
0.33634336005802595 0.9407728785319134
0.34038376409842996 0.9407728785319134
0.34442416813883403 0.9407728785319134
0.3242221479368138 0.9448132825723174
0.3282625519772179 0.9448132825723174
0.3323029560176219 0.9448132825723174
0.3121009358156017 0.9488536866127214
0.31614133985600573 0.9488536866127214
0.32018174389640974 0.9488536866127214
0.2999797236943896 0.9528940906531255
0.3040201277347936 0.9528940906531255
0.30806053177519765 0.9528940906531255
