# x y
0.6999537078770195 0.710469848228883
0.6959133038366154 0.7145102522692871
0.6999537078770195 0.7145102522692871
0.6918728997962115 0.7185506563096911
0.6959133038366154 0.7185506563096911
0.6878324957558074 0.7225910603500951
0.6918728997962115 0.7225910603500951
0.6837920917154033 0.7266314643904992
0.6878324957558074 0.7266314643904992
0.6797516876749994 0.7306718684309033
0.6837920917154033 0.7306718684309033
0.6757112836345953 0.7347122724713073
0.6797516876749994 0.7347122724713073
0.6716708795941913 0.7387526765117113
0.6757112836345953 0.7387526765117113
0.6676304755537872 0.7427930805521153
0.6716708795941913 0.7427930805521153
0.6635900715133831 0.7468334845925194
0.6676304755537872 0.7468334845925194
0.659549667472979 0.7508738886329235
0.6635900715133831 0.7508738886329235
0.6555092634325751 0.7549142926733274
0.659549667472979 0.7549142926733274
0.6474284553517671 0.7589546967137315
0.651468859392171 0.7589546967137315
0.643388051311363 0.7629951007541356
0.6474284553517671 0.7629951007541356
0.6393476472709589 0.7670355047945396
0.643388051311363 0.7670355047945396
0.6353072432305549 0.7710759088349436
0.6393476472709589 0.7710759088349436
0.6312668391901508 0.7751163128753477
0.6353072432305549 0.7751163128753477
0.6231860311093427 0.7791567169157517
0.6272264351497467 0.7791567169157517
0.6191456270689387 0.7831971209561558
0.6231860311093427 0.7831971209561558
0.6151052230285347 0.7872375249965597
0.6191456270689387 0.7872375249965597
0.6070244149477266 0.7912779290369638
0.6110648189881307 0.7912779290369638
0.6151052230285347 0.7912779290369638
0.6029840109073226 0.7953183330773679
0.6070244149477266 0.7953183330773679
0.5989436068669185 0.799358737117772
0.6029840109073226 0.799358737117772
0.5908627987861104 0.803399141158176
0.5949032028265144 0.803399141158176
0.5989436068669185 0.803399141158176
0.5868223947457064 0.80743954519858
0.5908627987861104 0.80743954519858
0.5827819907053023 0.811479949238984
0.5868223947457064 0.811479949238984
0.5747011826244943 0.8155203532793881
0.5787415866648984 0.8155203532793881
0.5827819907053023 0.8155203532793881
0.5706607785840903 0.819560757319792
0.5747011826244943 0.819560757319792
0.5625799705032821 0.8236011613601961
0.5666203745436862 0.8236011613601961
0.5706607785840903 0.8236011613601961
0.5585395664628781 0.8276415654006002
0.5625799705032821 0.8276415654006002
0.55045875838207 0.8316819694410043
0.554499162422474 0.8316819694410043
0.5585395664628781 0.8316819694410043
0.546418354341666 0.8357223734814083
0.55045875838207 0.8357223734814083
0.538337546260858 0.8397627775218124
0.542377950301262 0.8397627775218124
0.546418354341666 0.8397627775218124
0.5342971422204539 0.8438031815622163
0.538337546260858 0.8438031815622163
0.5262163341396457 0.8478435856026204
0.5302567381800498 0.8478435856026204
0.5342971422204539 0.8478435856026204
0.5221759300992417 0.8518839896430245
0.5262163341396457 0.8518839896430245
0.5140951220184337 0.8559243936834284
0.5181355260588377 0.8559243936834284
0.5221759300992417 0.8559243936834284
0.5060143139376256 0.8599647977238325
0.5100547179780296 0.8599647977238325
0.5140951220184337 0.8599647977238325
0.4979335058568175 0.8640052017642366
0.5019739098972216 0.8640052017642366
0.5060143139376256 0.8640052017642366
0.49389310181641344 0.8680456058046406
0.4979335058568175 0.8680456058046406
0.5019739098972216 0.8680456058046406
0.4858122937356054 0.8720860098450447
0.4898526977760094 0.8720860098450447
0.49389310181641344 0.8720860098450447
0.4777314856547973 0.8761264138854487
0.48177188969520135 0.8761264138854487
0.4858122937356054 0.8761264138854487
0.46965067757398926 0.8801668179258527
0.4736910816143933 0.8801668179258527
0.4777314856547973 0.8801668179258527
0.46156986949318113 0.8842072219662568
0.4656102735335852 0.8842072219662568
0.46965067757398926 0.8842072219662568
0.45348906141237305 0.8882476260066607
0.45752946545277706 0.8882476260066607
0.46156986949318113 0.8882476260066607
0.445408253331565 0.8922880300470648
0.44944865737196904 0.8922880300470648
0.45348906141237305 0.8922880300470648
0.4373274452507569 0.8963284340874689
0.4413678492911609 0.8963284340874689
0.445408253331565 0.8963284340874689
0.44944865737196904 0.8963284340874689
0.4292466371699488 0.9003688381278729
0.4332870412103529 0.9003688381278729
0.4373274452507569 0.9003688381278729
0.4413678492911609 0.9003688381278729
0.42116582908914074 0.904409242168277
0.42520623312954475 0.904409242168277
0.4292466371699488 0.904409242168277
0.41308502100833266 0.9084496462086811
0.41712542504873673 0.9084496462086811
0.42116582908914074 0.9084496462086811
0.4050042129275246 0.912490050249085
0.4090446169679286 0.912490050249085
0.41308502100833266 0.912490050249085
0.3969234048467165 0.9165304542894891
0.4009638088871205 0.9165304542894891
0.4050042129275246 0.9165304542894891
0.38480219272550437 0.920570858329893
0.38884259676590843 0.920570858329893
0.39288300080631244 0.920570858329893
0.3969234048467165 0.920570858329893
0.3767213846446963 0.9246112623702971
0.38076178868510036 0.9246112623702971
0.38480219272550437 0.9246112623702971
0.3646001725234842 0.9286516664107012
0.3686405765638882 0.9286516664107012
0.3726809806042922 0.9286516664107012
0.3767213846446963 0.9286516664107012
0.35651936444267607 0.9326920704511052
0.36055976848308013 0.9326920704511052
0.3646001725234842 0.9326920704511052
0.344398152321464 0.9367324744915093
0.34843855636186805 0.9367324744915093
0.35247896040227206 0.9367324744915093
0.35651936444267607 0.9367324744915093
0.33227694020025184 0.9407728785319134
0.3363173442406559 0.9407728785319134
0.3403577482810599 0.9407728785319134
0.344398152321464 0.9407728785319134
0.3201557280790397 0.9448132825723174
0.32419613211944376 0.9448132825723174
0.3282365361598478 0.9448132825723174
0.33227694020025184 0.9448132825723174
0.3080345159578276 0.9488536866127214
0.31207491999823167 0.9488536866127214
0.3161153240386357 0.9488536866127214
0.3201557280790397 0.9488536866127214
0.2999537078770195 0.9528940906531255
0.30399411191742354 0.9528940906531255
0.3080345159578276 0.9528940906531255
