# x y
0.6999624699857293 0.7145102522692871
0.6959220659453252 0.7185506563096911
0.6878412578645172 0.7225910603500951
0.6918816619049213 0.7225910603500951
0.6838008538241132 0.7266314643904992
0.6878412578645172 0.7266314643904992
0.6797604497837091 0.7306718684309033
0.6838008538241132 0.7306718684309033
0.675720045743305 0.7347122724713073
0.6797604497837091 0.7347122724713073
0.671679641702901 0.7387526765117113
0.675720045743305 0.7387526765117113
0.6676392376624969 0.7427930805521153
0.671679641702901 0.7427930805521153
0.6635988336220929 0.7468334845925194
0.6676392376624969 0.7468334845925194
0.6595584295816889 0.7508738886329235
0.6635988336220929 0.7508738886329235
0.6555180255412849 0.7549142926733274
0.6474372174604768 0.7589546967137315
0.6514776215008808 0.7589546967137315
0.6433968134200727 0.7629951007541356
0.6474372174604768 0.7629951007541356
0.6393564093796686 0.7670355047945396
0.6433968134200727 0.7670355047945396
0.6353160053392646 0.7710759088349436
0.6393564093796686 0.7710759088349436
0.6312756012988606 0.7751163128753477
0.6353160053392646 0.7751163128753477
0.6231947932180525 0.7791567169157517
0.6272351972584566 0.7791567169157517
0.6191543891776485 0.7831971209561558
0.6231947932180525 0.7831971209561558
0.6151139851372445 0.7872375249965597
0.6191543891776485 0.7872375249965597
0.6110735810968404 0.7912779290369638
0.6151139851372445 0.7912779290369638
0.6029927730160323 0.7953183330773679
0.6070331770564363 0.7953183330773679
0.5989523689756282 0.799358737117772
0.6029927730160323 0.799358737117772
0.5949119649352242 0.803399141158176
0.5989523689756282 0.803399141158176
0.5868311568544162 0.80743954519858
0.5908715608948202 0.80743954519858
0.5827907528140122 0.811479949238984
0.5868311568544162 0.811479949238984
0.574709944733204 0.8155203532793881
0.5787503487736081 0.8155203532793881
0.5827907528140122 0.8155203532793881
0.5706695406928 0.819560757319792
0.574709944733204 0.819560757319792
0.5666291366523959 0.8236011613601961
0.5706695406928 0.8236011613601961
0.5585483285715879 0.8276415654006002
0.5625887326119919 0.8276415654006002
0.5545079245311838 0.8316819694410043
0.5585483285715879 0.8316819694410043
0.5464271164503758 0.8357223734814083
0.5504675204907798 0.8357223734814083
0.5383463083695676 0.8397627775218124
0.5423867124099717 0.8397627775218124
0.5464271164503758 0.8397627775218124
0.5343059043291636 0.8438031815622163
0.5383463083695676 0.8438031815622163
0.5262250962483556 0.8478435856026204
0.5302655002887596 0.8478435856026204
0.5343059043291636 0.8478435856026204
0.5221846922079515 0.8518839896430245
0.5262250962483556 0.8518839896430245
0.5141038841271435 0.8559243936834284
0.5181442881675474 0.8559243936834284
0.5060230760463353 0.8599647977238325
0.5100634800867394 0.8599647977238325
0.5141038841271435 0.8599647977238325
0.5019826720059313 0.8640052017642366
0.5060230760463353 0.8640052017642366
0.49390186392512325 0.8680456058046406
0.49794226796552726 0.8680456058046406
0.4858210558443151 0.8720860098450447
0.4898614598847192 0.8720860098450447
0.49390186392512325 0.8720860098450447
0.4777402477635071 0.8761264138854487
0.4817806518039111 0.8761264138854487
0.4858210558443151 0.8761264138854487
0.46965943968269896 0.8801668179258527
0.47369984372310303 0.8801668179258527
0.4777402477635071 0.8801668179258527
0.46561903564229495 0.8842072219662568
0.46965943968269896 0.8842072219662568
0.4575382275614869 0.8882476260066607
0.4615786316018909 0.8882476260066607
0.44945741948067874 0.8922880300470648
0.4534978235210828 0.8922880300470648
0.4413766113998707 0.8963284340874689
0.44541701544027473 0.8963284340874689
0.4332958033190626 0.9003688381278729
0.43733620735946666 0.9003688381278729
0.4211745911978505 0.904409242168277
0.42521499523825457 0.904409242168277
0.4292553992786586 0.904409242168277
0.4130937831170424 0.9084496462086811
0.41713418715744643 0.9084496462086811
0.4211745911978505 0.9084496462086811
0.40501297503623435 0.912490050249085
0.40905337907663836 0.912490050249085
0.4130937831170424 0.912490050249085
0.39693216695542627 0.9165304542894891
0.4009725709958303 0.9165304542894891
0.40501297503623435 0.9165304542894891
0.3848109548342141 0.920570858329893
0.3888513588746182 0.920570858329893
0.3928917629150222 0.920570858329893
0.37673014675340605 0.9246112623702971
0.38077055079381006 0.9246112623702971
0.3848109548342141 0.9246112623702971
0.3646089346321939 0.9286516664107012
0.36864933867259797 0.9286516664107012
0.37268974271300204 0.9286516664107012
0.37673014675340605 0.9286516664107012
0.3565281265513859 0.9326920704511052
0.3605685305917899 0.9326920704511052
0.3646089346321939 0.9326920704511052
0.34440691443017374 0.9367324744915093
0.34844731847057775 0.9367324744915093
0.3524877225109818 0.9367324744915093
0.3565281265513859 0.9367324744915093
0.3322857023089616 0.9407728785319134
0.33632610634936566 0.9407728785319134
0.34036651038976967 0.9407728785319134
0.34440691443017374 0.9407728785319134
0.3201644901877495 0.9448132825723174
0.3242048942281535 0.9448132825723174
0.3282452982685576 0.9448132825723174
0.3322857023089616 0.9448132825723174
0.30804327806653736 0.9488536866127214
0.3120836821069414 0.9488536866127214
0.31612408614734544 0.9488536866127214
0.3201644901877495 0.9488536866127214
0.2999624699857293 0.9528940906531255
0.30400287402613335 0.9528940906531255
0.30804327806653736 0.9528940906531255
