# x y
0.6959142810021319 0.7145102522692871
0.699954685042536 0.7145102522692871
0.691873876961728 0.7185506563096911
0.6959142810021319 0.7185506563096911
0.6878334729213239 0.7225910603500951
0.691873876961728 0.7225910603500951
0.6837930688809198 0.7266314643904992
0.6878334729213239 0.7266314643904992
0.6797526648405159 0.7306718684309033
0.6837930688809198 0.7306718684309033
0.6757122608001118 0.7347122724713073
0.6797526648405159 0.7347122724713073
0.6716718567597078 0.7387526765117113
0.6757122608001118 0.7387526765117113
0.6676314527193037 0.7427930805521153
0.6716718567597078 0.7427930805521153
0.6635910486788996 0.7468334845925194
0.6676314527193037 0.7468334845925194
0.6595506446384956 0.7508738886329235
0.6635910486788996 0.7508738886329235
0.6555102405980916 0.7549142926733274
0.6595506446384956 0.7549142926733274
0.6474294325172836 0.7589546967137315
0.6514698365576875 0.7589546967137315
0.6433890284768795 0.7629951007541356
0.6474294325172836 0.7629951007541356
0.6393486244364754 0.7670355047945396
0.6433890284768795 0.7670355047945396
0.6353082203960714 0.7710759088349436
0.6393486244364754 0.7710759088349436
0.6312678163556673 0.7751163128753477
0.6353082203960714 0.7751163128753477
0.6231870082748592 0.7791567169157517
0.6272274123152632 0.7791567169157517
0.6191466042344552 0.7831971209561558
0.6231870082748592 0.7831971209561558
0.6151062001940512 0.7872375249965597
0.6191466042344552 0.7872375249965597
0.6070253921132431 0.7912779290369638
0.6110657961536472 0.7912779290369638
0.6151062001940512 0.7912779290369638
0.6029849880728391 0.7953183330773679
0.6070253921132431 0.7953183330773679
0.598944584032435 0.799358737117772
0.6029849880728391 0.799358737117772
0.5908637759516269 0.803399141158176
0.5949041799920309 0.803399141158176
0.598944584032435 0.803399141158176
0.5868233719112229 0.80743954519858
0.5908637759516269 0.80743954519858
0.5827829678708188 0.811479949238984
0.5868233719112229 0.811479949238984
0.5747021597900108 0.8155203532793881
0.5787425638304149 0.8155203532793881
0.5827829678708188 0.8155203532793881
0.5706617557496068 0.819560757319792
0.5747021597900108 0.819560757319792
0.5625809476687986 0.8236011613601961
0.5666213517092027 0.8236011613601961
0.5706617557496068 0.8236011613601961
0.5585405436283946 0.8276415654006002
0.5625809476687986 0.8276415654006002
0.5504597355475865 0.8316819694410043
0.5545001395879905 0.8316819694410043
0.5585405436283946 0.8316819694410043
0.5464193315071825 0.8357223734814083
0.5504597355475865 0.8357223734814083
0.5383385234263744 0.8397627775218124
0.5423789274667785 0.8397627775218124
0.5464193315071825 0.8397627775218124
0.5342981193859704 0.8438031815622163
0.5383385234263744 0.8438031815622163
0.5262173113051622 0.8478435856026204
0.5302577153455663 0.8478435856026204
0.5342981193859704 0.8478435856026204
0.5221769072647582 0.8518839896430245
0.5262173113051622 0.8518839896430245
0.5140960991839502 0.8559243936834284
0.5181365032243542 0.8559243936834284
0.5221769072647582 0.8559243936834284
0.5060152911031421 0.8599647977238325
0.5100556951435461 0.8599647977238325
0.5140960991839502 0.8599647977238325
0.5019748870627381 0.8640052017642366
0.5060152911031421 0.8640052017642366
0.49389407898192994 0.8680456058046406
0.497934483022334 0.8680456058046406
0.4858132709011219 0.8720860098450447
0.48985367494152593 0.8720860098450447
0.49389407898192994 0.8720860098450447
0.4777324628203138 0.8761264138854487
0.48177286686071785 0.8761264138854487
0.4858132709011219 0.8761264138854487
0.46965165473950576 0.8801668179258527
0.4736920587799098 0.8801668179258527
0.4777324628203138 0.8801668179258527
0.46157084665869763 0.8842072219662568
0.4656112506991017 0.8842072219662568
0.46965165473950576 0.8842072219662568
0.45349003857788955 0.8882476260066607
0.45753044261829356 0.8882476260066607
0.46157084665869763 0.8882476260066607
0.4454092304970815 0.8922880300470648
0.44944963453748554 0.8922880300470648
0.45349003857788955 0.8922880300470648
0.4373284224162734 0.8963284340874689
0.4413688264566774 0.8963284340874689
0.4454092304970815 0.8963284340874689
0.44944963453748554 0.8963284340874689
0.4292476143354653 0.9003688381278729
0.4332880183758694 0.9003688381278729
0.4373284224162734 0.9003688381278729
0.42116680625465724 0.904409242168277
0.42520721029506126 0.904409242168277
0.4292476143354653 0.904409242168277
0.41308599817384917 0.9084496462086811
0.41712640221425323 0.9084496462086811
0.42116680625465724 0.9084496462086811
0.4050051900930411 0.912490050249085
0.4090455941334451 0.912490050249085
0.41308599817384917 0.912490050249085
0.396924382012233 0.9165304542894891
0.400964786052637 0.9165304542894891
0.4050051900930411 0.9165304542894891
0.38480316989102087 0.920570858329893
0.38884357393142494 0.920570858329893
0.39288397797182895 0.920570858329893
0.396924382012233 0.920570858329893
0.3767223618102128 0.9246112623702971
0.38076276585061686 0.9246112623702971
0.38480316989102087 0.9246112623702971
0.3646011496890007 0.9286516664107012
0.3686415537294047 0.9286516664107012
0.3726819577698087 0.9286516664107012
0.3767223618102128 0.9286516664107012
0.35652034160819257 0.9326920704511052
0.36056074564859664 0.9326920704511052
0.3646011496890007 0.9326920704511052
0.3443991294869805 0.9367324744915093
0.34843953352738455 0.9367324744915093
0.35247993756778856 0.9367324744915093
0.35652034160819257 0.9367324744915093
0.33227791736576834 0.9407728785319134
0.3363183214061724 0.9407728785319134
0.3403587254465764 0.9407728785319134
0.3443991294869805 0.9407728785319134
0.3201567052445562 0.9448132825723174
0.32419710928496026 0.9448132825723174
0.3282375133253643 0.9448132825723174
0.33227791736576834 0.9448132825723174
0.3080354931233441 0.9488536866127214
0.3120758971637482 0.9488536866127214
0.3161163012041522 0.9488536866127214
0.3201567052445562 0.9488536866127214
0.29995468504253603 0.9528940906531255
0.30399508908294004 0.9528940906531255
0.3080354931233441 0.9528940906531255
