# x y
0.6999831541576336 0.7145102522692871
0.6959427501172295 0.7185506563096911
0.6919023460768254 0.7225910603500951
0.6878619420364214 0.7266314643904992
0.6838215379960173 0.7306718684309033
0.6797811339556133 0.7347122724713073
0.6717003258748053 0.7387526765117113
0.6757407299152093 0.7387526765117113
0.6676599218344013 0.7427930805521153
0.6717003258748053 0.7427930805521153
0.6636195177939972 0.7468334845925194
0.6595791137535931 0.7508738886329235
0.6555387097131891 0.7549142926733274
0.651498305672785 0.7589546967137315
0.647457901632381 0.7629951007541356
0.639377093551573 0.7670355047945396
0.643417497591977 0.7670355047945396
0.635336689511169 0.7710759088349436
0.639377093551573 0.7710759088349436
0.6312962854707649 0.7751163128753477
0.6272558814303608 0.7791567169157517
0.6191750733495527 0.7831971209561558
0.6232154773899568 0.7831971209561558
0.6151346693091486 0.7872375249965597
0.6191750733495527 0.7872375249965597
0.6110942652687447 0.7912779290369638
0.6070538612283406 0.7953183330773679
0.5989730531475326 0.799358737117772
0.6030134571879366 0.799358737117772
0.5949326491071285 0.803399141158176
0.5908922450667244 0.80743954519858
0.5828114369859163 0.811479949238984
0.5868518410263204 0.811479949238984
0.5787710329455124 0.8155203532793881
0.5706902248647043 0.819560757319792
0.5747306289051083 0.819560757319792
0.5666498208243003 0.8236011613601961
0.5585690127434921 0.8276415654006002
0.5626094167838962 0.8276415654006002
0.5545286087030881 0.8316819694410043
0.54644780062228 0.8357223734814083
0.550488204662684 0.8357223734814083
0.542407396581876 0.8397627775218124
0.534326588501068 0.8438031815622163
0.5383669925414719 0.8438031815622163
0.5302861844606639 0.8478435856026204
0.5222053763798558 0.8518839896430245
0.5262457804202598 0.8518839896430245
0.5141245682990476 0.8559243936834284
0.5181649723394517 0.8559243936834284
0.5100841642586437 0.8599647977238325
0.5020033561778355 0.8640052017642366
0.5060437602182396 0.8640052017642366
0.4939225480970275 0.8680456058046406
0.4979629521374315 0.8680456058046406
0.48988214405662345 0.8720860098450447
0.48180133597581537 0.8761264138854487
0.4737205278950073 0.8801668179258527
0.47776093193541136 0.8801668179258527
0.4656397198141992 0.8842072219662568
0.4696801238546032 0.8842072219662568
0.45755891173339114 0.8882476260066607
0.46159931577379515 0.8882476260066607
0.449478103652583 0.8922880300470648
0.45351850769298707 0.8922880300470648
0.441397295571775 0.8963284340874689
0.445437699612179 0.8963284340874689
0.43331648749096685 0.9003688381278729
0.4373568915313709 0.9003688381278729
0.42523567941015883 0.904409242168277
0.42927608345056284 0.904409242168277
0.4171548713293507 0.9084496462086811
0.42119527536975476 0.9084496462086811
0.4050336592081386 0.912490050249085
0.4090740632485426 0.912490050249085
0.4131144672889467 0.912490050249085
0.39695285112733053 0.9165304542894891
0.40099325516773454 0.9165304542894891
0.38887204304652245 0.920570858329893
0.39291244708692646 0.920570858329893
0.3767508309253103 0.9246112623702971
0.3807912349657143 0.9246112623702971
0.3848316390061184 0.9246112623702971
0.36867002284450223 0.9286516664107012
0.3727104268849063 0.9286516664107012
0.35654881072329014 0.9326920704511052
0.36058921476369415 0.9326920704511052
0.36462961880409817 0.9326920704511052
0.348468002642482 0.9367324744915093
0.3525084066828861 0.9367324744915093
0.3363467905212699 0.9407728785319134
0.34038719456167393 0.9407728785319134
0.3242255784000578 0.9448132825723174
0.32826598244046185 0.9448132825723174
0.33230638648086586 0.9448132825723174
0.31210436627884564 0.9488536866127214
0.3161447703192497 0.9488536866127214
0.32018517435965377 0.9488536866127214
0.29998315415763355 0.9528940906531255
0.3040235581980376 0.9528940906531255
0.3080639622384416 0.9528940906531255
