# x y
0.6999415584435161 0.710469848228883
0.6959011544031121 0.7145102522692871
0.6999415584435161 0.7145102522692871
0.6918607503627081 0.7185506563096911
0.6959011544031121 0.7185506563096911
0.687820346322304 0.7225910603500951
0.6918607503627081 0.7225910603500951
0.6837799422819 0.7266314643904992
0.687820346322304 0.7266314643904992
0.6797395382414959 0.7306718684309033
0.6837799422819 0.7306718684309033
0.6756991342010918 0.7347122724713073
0.6797395382414959 0.7347122724713073
0.6716587301606878 0.7387526765117113
0.6756991342010918 0.7387526765117113
0.6676183261202837 0.7427930805521153
0.6716587301606878 0.7427930805521153
0.6635779220798798 0.7468334845925194
0.6676183261202837 0.7468334845925194
0.6595375180394757 0.7508738886329235
0.6635779220798798 0.7508738886329235
0.6514567099586677 0.7549142926733274
0.6554971139990717 0.7549142926733274
0.6595375180394757 0.7549142926733274
0.6474163059182636 0.7589546967137315
0.6514567099586677 0.7589546967137315
0.6554971139990717 0.7589546967137315
0.6433759018778595 0.7629951007541356
0.6474163059182636 0.7629951007541356
0.6393354978374555 0.7670355047945396
0.6433759018778595 0.7670355047945396
0.6352950937970514 0.7710759088349436
0.6393354978374555 0.7710759088349436
0.6272142857162434 0.7751163128753477
0.6312546897566474 0.7751163128753477
0.6352950937970514 0.7751163128753477
0.6231738816758393 0.7791567169157517
0.6272142857162434 0.7791567169157517
0.6312546897566474 0.7791567169157517
0.6191334776354354 0.7831971209561558
0.6231738816758393 0.7831971209561558
0.6150930735950313 0.7872375249965597
0.6191334776354354 0.7872375249965597
0.6070122655142232 0.7912779290369638
0.6110526695546272 0.7912779290369638
0.6150930735950313 0.7912779290369638
0.6029718614738191 0.7953183330773679
0.6070122655142232 0.7953183330773679
0.6110526695546272 0.7953183330773679
0.598931457433415 0.799358737117772
0.6029718614738191 0.799358737117772
0.590850649352607 0.803399141158176
0.5948910533930111 0.803399141158176
0.598931457433415 0.803399141158176
0.586810245312203 0.80743954519858
0.590850649352607 0.80743954519858
0.5948910533930111 0.80743954519858
0.582769841271799 0.811479949238984
0.586810245312203 0.811479949238984
0.5746890331909909 0.8155203532793881
0.5787294372313949 0.8155203532793881
0.582769841271799 0.8155203532793881
0.5706486291505868 0.819560757319792
0.5746890331909909 0.819560757319792
0.5625678210697788 0.8236011613601961
0.5666082251101827 0.8236011613601961
0.5706486291505868 0.8236011613601961
0.5585274170293747 0.8276415654006002
0.5625678210697788 0.8276415654006002
0.5666082251101827 0.8276415654006002
0.5504466089485667 0.8316819694410043
0.5544870129889706 0.8316819694410043
0.5585274170293747 0.8316819694410043
0.5464062049081626 0.8357223734814083
0.5504466089485667 0.8357223734814083
0.5544870129889706 0.8357223734814083
0.5383253968273545 0.8397627775218124
0.5423658008677585 0.8397627775218124
0.5464062049081626 0.8397627775218124
0.5342849927869504 0.8438031815622163
0.5383253968273545 0.8438031815622163
0.5262041847061424 0.8478435856026204
0.5302445887465465 0.8478435856026204
0.5342849927869504 0.8478435856026204
0.5181233766253343 0.8518839896430245
0.5221637806657383 0.8518839896430245
0.5262041847061424 0.8518839896430245
0.5140829725849303 0.8559243936834284
0.5181233766253343 0.8559243936834284
0.5221637806657383 0.8559243936834284
0.5060021645041222 0.8599647977238325
0.5100425685445262 0.8599647977238325
0.5140829725849303 0.8599647977238325
0.4979213564233141 0.8640052017642366
0.5019617604637181 0.8640052017642366
0.5060021645041222 0.8640052017642366
0.4938809523829101 0.8680456058046406
0.4979213564233141 0.8680456058046406
0.5019617604637181 0.8680456058046406
0.48580014430210194 0.8720860098450447
0.489840548342506 0.8720860098450447
0.4938809523829101 0.8720860098450447
0.4777193362212939 0.8761264138854487
0.48175974026169793 0.8761264138854487
0.48580014430210194 0.8761264138854487
0.4696385281404858 0.8801668179258527
0.47367893218088986 0.8801668179258527
0.4777193362212939 0.8801668179258527
0.4615577200596777 0.8842072219662568
0.4655981241000818 0.8842072219662568
0.4696385281404858 0.8842072219662568
0.45347691197886963 0.8882476260066607
0.4575173160192737 0.8882476260066607
0.4615577200596777 0.8882476260066607
0.4655981241000818 0.8882476260066607
0.44539610389806156 0.8922880300470648
0.44943650793846557 0.8922880300470648
0.45347691197886963 0.8922880300470648
0.4575173160192737 0.8922880300470648
0.4373152958172535 0.8963284340874689
0.44135569985765755 0.8963284340874689
0.44539610389806156 0.8963284340874689
0.44943650793846557 0.8963284340874689
0.4292344877364454 0.9003688381278729
0.4332748917768494 0.9003688381278729
0.4373152958172535 0.9003688381278729
0.44135569985765755 0.9003688381278729
0.4211536796556373 0.904409242168277
0.4251940836960414 0.904409242168277
0.4292344877364454 0.904409242168277
0.4332748917768494 0.904409242168277
0.41307287157482925 0.9084496462086811
0.41711327561523326 0.9084496462086811
0.4211536796556373 0.9084496462086811
0.4251940836960414 0.9084496462086811
0.40499206349402117 0.912490050249085
0.4090324675344252 0.912490050249085
0.41307287157482925 0.912490050249085
0.392870851372809 0.9165304542894891
0.3969112554132131 0.9165304542894891
0.4009516594536171 0.9165304542894891
0.40499206349402117 0.9165304542894891
0.38479004329200095 0.920570858329893
0.388830447332405 0.920570858329893
0.392870851372809 0.920570858329893
0.3969112554132131 0.920570858329893
0.37266883117078886 0.9246112623702971
0.37670923521119287 0.9246112623702971
0.3807496392515969 0.9246112623702971
0.38479004329200095 0.9246112623702971
0.388830447332405 0.9246112623702971
0.36458802308998073 0.9286516664107012
0.3686284271303848 0.9286516664107012
0.37266883117078886 0.9286516664107012
0.37670923521119287 0.9286516664107012
0.35246681096876864 0.9326920704511052
0.3565072150091727 0.9326920704511052
0.3605476190495767 0.9326920704511052
0.36458802308998073 0.9326920704511052
0.3686284271303848 0.9326920704511052
0.34438600288796056 0.9367324744915093
0.3484264069283646 0.9367324744915093
0.35246681096876864 0.9367324744915093
0.3565072150091727 0.9367324744915093
0.3322647907667484 0.9407728785319134
0.3363051948071525 0.9407728785319134
0.3403455988475565 0.9407728785319134
0.34438600288796056 0.9407728785319134
0.32014357864553633 0.9448132825723174
0.32418398268594034 0.9448132825723174
0.3282243867263444 0.9448132825723174
0.3322647907667484 0.9448132825723174
0.3363051948071525 0.9448132825723174
0.3080223665243242 0.9488536866127214
0.3120627705647282 0.9488536866127214
0.31610317460513226 0.9488536866127214
0.32014357864553633 0.9488536866127214
0.32418398268594034 0.9488536866127214
0.2999415584435161 0.9528940906531255
0.3039819624839202 0.9528940906531255
0.3080223665243242 0.9528940906531255
0.3120627705647282 0.9528940906531255
0.2999415584435161 0.9569344946935294
