# x y
0.6929725367224802 0.698348636107671
0.6970129407628842 0.698348636107671
0.6929725367224802 0.702389040148075
0.6970129407628842 0.702389040148075
0.6889321326820761 0.706429444188479
0.6929725367224802 0.706429444188479
0.6970129407628842 0.706429444188479
0.684891728641672 0.710469848228883
0.6889321326820761 0.710469848228883
0.6929725367224802 0.710469848228883
0.6970129407628842 0.710469848228883
0.680851324601268 0.7145102522692871
0.684891728641672 0.7145102522692871
0.6889321326820761 0.7145102522692871
0.6929725367224802 0.7145102522692871
0.6970129407628842 0.7145102522692871
0.6687301124800559 0.7185506563096911
0.6768109205608639 0.7185506563096911
0.680851324601268 0.7185506563096911
0.684891728641672 0.7185506563096911
0.6889321326820761 0.7185506563096911
0.6929725367224802 0.7185506563096911
0.6970129407628842 0.7185506563096911
0.6606493043992478 0.7225910603500951
0.6646897084396518 0.7225910603500951
0.6687301124800559 0.7225910603500951
0.6727705165204598 0.7225910603500951
0.6768109205608639 0.7225910603500951
0.680851324601268 0.7225910603500951
0.684891728641672 0.7225910603500951
0.6889321326820761 0.7225910603500951
0.6929725367224802 0.7225910603500951
0.6970129407628842 0.7225910603500951
0.6606493043992478 0.7266314643904992
0.6646897084396518 0.7266314643904992
0.6687301124800559 0.7266314643904992
0.6727705165204598 0.7266314643904992
0.6768109205608639 0.7266314643904992
0.680851324601268 0.7266314643904992
0.684891728641672 0.7266314643904992
0.6889321326820761 0.7266314643904992
0.6929725367224802 0.7266314643904992
0.6970129407628842 0.7266314643904992
0.6606493043992478 0.7306718684309033
0.6646897084396518 0.7306718684309033
0.6687301124800559 0.7306718684309033
0.6727705165204598 0.7306718684309033
0.6768109205608639 0.7306718684309033
0.680851324601268 0.7306718684309033
0.684891728641672 0.7306718684309033
0.6889321326820761 0.7306718684309033
0.6929725367224802 0.7306718684309033
0.6970129407628842 0.7306718684309033
0.6566089003588438 0.7347122724713073
0.6606493043992478 0.7347122724713073
0.6646897084396518 0.7347122724713073
0.6687301124800559 0.7347122724713073
0.6727705165204598 0.7347122724713073
0.6768109205608639 0.7347122724713073
0.680851324601268 0.7347122724713073
0.684891728641672 0.7347122724713073
0.6889321326820761 0.7347122724713073
0.6929725367224802 0.7347122724713073
0.6404472841972275 0.7387526765117113
0.6525684963184397 0.7387526765117113
0.6566089003588438 0.7387526765117113
0.6606493043992478 0.7387526765117113
0.6646897084396518 0.7387526765117113
0.6687301124800559 0.7387526765117113
0.6727705165204598 0.7387526765117113
0.6768109205608639 0.7387526765117113
0.680851324601268 0.7387526765117113
0.684891728641672 0.7387526765117113
0.6889321326820761 0.7387526765117113
0.6404472841972275 0.7427930805521153
0.6485280922780357 0.7427930805521153
0.6525684963184397 0.7427930805521153
0.6566089003588438 0.7427930805521153
0.6606493043992478 0.7427930805521153
0.6646897084396518 0.7427930805521153
0.6687301124800559 0.7427930805521153
0.6727705165204598 0.7427930805521153
0.6768109205608639 0.7427930805521153
0.680851324601268 0.7427930805521153
0.684891728641672 0.7427930805521153
0.6889321326820761 0.7427930805521153
0.6364068801568236 0.7468334845925194
0.6404472841972275 0.7468334845925194
0.6444876882376316 0.7468334845925194
0.6485280922780357 0.7468334845925194
0.6525684963184397 0.7468334845925194
0.6566089003588438 0.7468334845925194
0.6606493043992478 0.7468334845925194
0.6646897084396518 0.7468334845925194
0.6687301124800559 0.7468334845925194
0.6727705165204598 0.7468334845925194
0.6768109205608639 0.7468334845925194
0.680851324601268 0.7468334845925194
0.6364068801568236 0.7508738886329235
0.6404472841972275 0.7508738886329235
0.6444876882376316 0.7508738886329235
0.6485280922780357 0.7508738886329235
0.6525684963184397 0.7508738886329235
0.6566089003588438 0.7508738886329235
0.6606493043992478 0.7508738886329235
0.6646897084396518 0.7508738886329235
0.6687301124800559 0.7508738886329235
0.6727705165204598 0.7508738886329235
0.6768109205608639 0.7508738886329235
0.6323664761164195 0.7549142926733274
0.6364068801568236 0.7549142926733274
0.6404472841972275 0.7549142926733274
0.6444876882376316 0.7549142926733274
0.6485280922780357 0.7549142926733274
0.6525684963184397 0.7549142926733274
0.6566089003588438 0.7549142926733274
0.6606493043992478 0.7549142926733274
0.6646897084396518 0.7549142926733274
0.6687301124800559 0.7549142926733274
0.6727705165204598 0.7549142926733274
0.6242856680356115 0.7589546967137315
0.6283260720760155 0.7589546967137315
0.6323664761164195 0.7589546967137315
0.6364068801568236 0.7589546967137315
0.6404472841972275 0.7589546967137315
0.6444876882376316 0.7589546967137315
0.6485280922780357 0.7589546967137315
0.6525684963184397 0.7589546967137315
0.6566089003588438 0.7589546967137315
0.6606493043992478 0.7589546967137315
0.6646897084396518 0.7589546967137315
0.6687301124800559 0.7589546967137315
0.6242856680356115 0.7629951007541356
0.6283260720760155 0.7629951007541356
0.6323664761164195 0.7629951007541356
0.6364068801568236 0.7629951007541356
0.6404472841972275 0.7629951007541356
0.6444876882376316 0.7629951007541356
0.6485280922780357 0.7629951007541356
0.6525684963184397 0.7629951007541356
0.6566089003588438 0.7629951007541356
0.6606493043992478 0.7629951007541356
0.6162048599548033 0.7670355047945396
0.6202452639952074 0.7670355047945396
0.6242856680356115 0.7670355047945396
0.6283260720760155 0.7670355047945396
0.6323664761164195 0.7670355047945396
0.6364068801568236 0.7670355047945396
0.6404472841972275 0.7670355047945396
0.6444876882376316 0.7670355047945396
0.6485280922780357 0.7670355047945396
0.6525684963184397 0.7670355047945396
0.6566089003588438 0.7670355047945396
0.6606493043992478 0.7670355047945396
0.6121644559143993 0.7710759088349436
0.6162048599548033 0.7710759088349436
0.6202452639952074 0.7710759088349436
0.6242856680356115 0.7710759088349436
0.6283260720760155 0.7710759088349436
0.6323664761164195 0.7710759088349436
0.6364068801568236 0.7710759088349436
0.6404472841972275 0.7710759088349436
0.6444876882376316 0.7710759088349436
0.6485280922780357 0.7710759088349436
0.6525684963184397 0.7710759088349436
0.6040836478335911 0.7751163128753477
0.6081240518739952 0.7751163128753477
0.6121644559143993 0.7751163128753477
0.6162048599548033 0.7751163128753477
0.6202452639952074 0.7751163128753477
0.6242856680356115 0.7751163128753477
0.6283260720760155 0.7751163128753477
0.6323664761164195 0.7751163128753477
0.6364068801568236 0.7751163128753477
0.6404472841972275 0.7751163128753477
0.6444876882376316 0.7751163128753477
0.6485280922780357 0.7751163128753477
0.6000432437931872 0.7791567169157517
0.6040836478335911 0.7791567169157517
0.6081240518739952 0.7791567169157517
0.6121644559143993 0.7791567169157517
0.6162048599548033 0.7791567169157517
0.6202452639952074 0.7791567169157517
0.6242856680356115 0.7791567169157517
0.6283260720760155 0.7791567169157517
0.6323664761164195 0.7791567169157517
0.6364068801568236 0.7791567169157517
0.6404472841972275 0.7791567169157517
0.6444876882376316 0.7791567169157517
0.5960028397527831 0.7831971209561558
0.6000432437931872 0.7831971209561558
0.6040836478335911 0.7831971209561558
0.6081240518739952 0.7831971209561558
0.6121644559143993 0.7831971209561558
0.6162048599548033 0.7831971209561558
0.6202452639952074 0.7831971209561558
0.6242856680356115 0.7831971209561558
0.6283260720760155 0.7831971209561558
0.6323664761164195 0.7831971209561558
0.6364068801568236 0.7831971209561558
0.6404472841972275 0.7831971209561558
0.583881627631571 0.7872375249965597
0.5919624357123792 0.7872375249965597
0.5960028397527831 0.7872375249965597
0.6000432437931872 0.7872375249965597
0.6040836478335911 0.7872375249965597
0.6081240518739952 0.7872375249965597
0.6121644559143993 0.7872375249965597
0.6162048599548033 0.7872375249965597
0.6202452639952074 0.7872375249965597
0.6242856680356115 0.7872375249965597
0.6283260720760155 0.7872375249965597
0.6323664761164195 0.7872375249965597
0.583881627631571 0.7912779290369638
0.5879220316719751 0.7912779290369638
0.5919624357123792 0.7912779290369638
0.5960028397527831 0.7912779290369638
0.6000432437931872 0.7912779290369638
0.6040836478335911 0.7912779290369638
0.6081240518739952 0.7912779290369638
0.6121644559143993 0.7912779290369638
0.6162048599548033 0.7912779290369638
0.6202452639952074 0.7912779290369638
0.6242856680356115 0.7912779290369638
0.6283260720760155 0.7912779290369638
0.579841223591167 0.7953183330773679
0.583881627631571 0.7953183330773679
0.5879220316719751 0.7953183330773679
0.5919624357123792 0.7953183330773679
0.5960028397527831 0.7953183330773679
0.6000432437931872 0.7953183330773679
0.6040836478335911 0.7953183330773679
0.6081240518739952 0.7953183330773679
0.6121644559143993 0.7953183330773679
0.6162048599548033 0.7953183330773679
0.6202452639952074 0.7953183330773679
0.6242856680356115 0.7953183330773679
0.5636796074295508 0.799358737117772
0.5717604155103588 0.799358737117772
0.5758008195507629 0.799358737117772
0.579841223591167 0.799358737117772
0.583881627631571 0.799358737117772
0.5879220316719751 0.799358737117772
0.5919624357123792 0.799358737117772
0.5960028397527831 0.799358737117772
0.6000432437931872 0.799358737117772
0.6040836478335911 0.799358737117772
0.6081240518739952 0.799358737117772
0.6121644559143993 0.799358737117772
0.6162048599548033 0.799358737117772
0.6202452639952074 0.799358737117772
0.6242856680356115 0.799358737117772
0.5677200114699549 0.803399141158176
0.5717604155103588 0.803399141158176
0.5758008195507629 0.803399141158176
0.579841223591167 0.803399141158176
0.583881627631571 0.803399141158176
0.5879220316719751 0.803399141158176
0.5919624357123792 0.803399141158176
0.5960028397527831 0.803399141158176
0.6000432437931872 0.803399141158176
0.6040836478335911 0.803399141158176
0.6081240518739952 0.803399141158176
0.6121644559143993 0.803399141158176
0.6162048599548033 0.803399141158176
0.5596392033891469 0.80743954519858
0.5636796074295508 0.80743954519858
0.5677200114699549 0.80743954519858
0.5717604155103588 0.80743954519858
0.5758008195507629 0.80743954519858
0.579841223591167 0.80743954519858
0.583881627631571 0.80743954519858
0.5879220316719751 0.80743954519858
0.5919624357123792 0.80743954519858
0.5960028397527831 0.80743954519858
0.6000432437931872 0.80743954519858
0.6040836478335911 0.80743954519858
0.6081240518739952 0.80743954519858
0.5555987993487428 0.811479949238984
0.5596392033891469 0.811479949238984
0.5636796074295508 0.811479949238984
0.5677200114699549 0.811479949238984
0.5717604155103588 0.811479949238984
0.5758008195507629 0.811479949238984
0.579841223591167 0.811479949238984
0.583881627631571 0.811479949238984
0.5879220316719751 0.811479949238984
0.5919624357123792 0.811479949238984
0.5960028397527831 0.811479949238984
0.6000432437931872 0.811479949238984
0.6040836478335911 0.811479949238984
0.5434775872275306 0.8155203532793881
0.5515583953083387 0.8155203532793881
0.5555987993487428 0.8155203532793881
0.5596392033891469 0.8155203532793881
0.5636796074295508 0.8155203532793881
0.5677200114699549 0.8155203532793881
0.5717604155103588 0.8155203532793881
0.5758008195507629 0.8155203532793881
0.579841223591167 0.8155203532793881
0.583881627631571 0.8155203532793881
0.5879220316719751 0.8155203532793881
0.5919624357123792 0.8155203532793881
0.5960028397527831 0.8155203532793881
0.6000432437931872 0.8155203532793881
0.6040836478335911 0.8155203532793881
0.5434775872275306 0.819560757319792
0.5475179912679347 0.819560757319792
0.5515583953083387 0.819560757319792
0.5555987993487428 0.819560757319792
0.5596392033891469 0.819560757319792
0.5636796074295508 0.819560757319792
0.5677200114699549 0.819560757319792
0.5717604155103588 0.819560757319792
0.5758008195507629 0.819560757319792
0.579841223591167 0.819560757319792
0.583881627631571 0.819560757319792
0.5879220316719751 0.819560757319792
0.5919624357123792 0.819560757319792
0.5960028397527831 0.819560757319792
0.5273159710659144 0.8236011613601961
0.5353967791467226 0.8236011613601961
0.5394371831871265 0.8236011613601961
0.5434775872275306 0.8236011613601961
0.5475179912679347 0.8236011613601961
0.5515583953083387 0.8236011613601961
0.5555987993487428 0.8236011613601961
0.5596392033891469 0.8236011613601961
0.5636796074295508 0.8236011613601961
0.5677200114699549 0.8236011613601961
0.5717604155103588 0.8236011613601961
0.5758008195507629 0.8236011613601961
0.579841223591167 0.8236011613601961
0.583881627631571 0.8236011613601961
0.5879220316719751 0.8236011613601961
0.5232755670255105 0.8276415654006002
0.5313563751063185 0.8276415654006002
0.5353967791467226 0.8276415654006002
0.5394371831871265 0.8276415654006002
0.5434775872275306 0.8276415654006002
0.5475179912679347 0.8276415654006002
0.5515583953083387 0.8276415654006002
0.5555987993487428 0.8276415654006002
0.5596392033891469 0.8276415654006002
0.5636796074295508 0.8276415654006002
0.5677200114699549 0.8276415654006002
0.5717604155103588 0.8276415654006002
0.5758008195507629 0.8276415654006002
0.579841223591167 0.8276415654006002
0.583881627631571 0.8276415654006002
0.5879220316719751 0.8276415654006002
0.5111543549042983 0.8316819694410043
0.5232755670255105 0.8316819694410043
0.5273159710659144 0.8316819694410043
0.5313563751063185 0.8316819694410043
0.5353967791467226 0.8316819694410043
0.5394371831871265 0.8316819694410043
0.5434775872275306 0.8316819694410043
0.5475179912679347 0.8316819694410043
0.5515583953083387 0.8316819694410043
0.5555987993487428 0.8316819694410043
0.5596392033891469 0.8316819694410043
0.5636796074295508 0.8316819694410043
0.5677200114699549 0.8316819694410043
0.5717604155103588 0.8316819694410043
0.5758008195507629 0.8316819694410043
0.5192351629851064 0.8357223734814083
0.5232755670255105 0.8357223734814083
0.5273159710659144 0.8357223734814083
0.5313563751063185 0.8357223734814083
0.5353967791467226 0.8357223734814083
0.5394371831871265 0.8357223734814083
0.5434775872275306 0.8357223734814083
0.5475179912679347 0.8357223734814083
0.5515583953083387 0.8357223734814083
0.5555987993487428 0.8357223734814083
0.5596392033891469 0.8357223734814083
0.5636796074295508 0.8357223734814083
0.5677200114699549 0.8357223734814083
0.5717604155103588 0.8357223734814083
0.5111543549042983 0.8397627775218124
0.5151947589447023 0.8397627775218124
0.5192351629851064 0.8397627775218124
0.5232755670255105 0.8397627775218124
0.5273159710659144 0.8397627775218124
0.5313563751063185 0.8397627775218124
0.5353967791467226 0.8397627775218124
0.5394371831871265 0.8397627775218124
0.5434775872275306 0.8397627775218124
0.5475179912679347 0.8397627775218124
0.5515583953083387 0.8397627775218124
0.5555987993487428 0.8397627775218124
0.5596392033891469 0.8397627775218124
0.5636796074295508 0.8397627775218124
0.5677200114699549 0.8397627775218124
0.5030735468234901 0.8438031815622163
0.5071139508638942 0.8438031815622163
0.5111543549042983 0.8438031815622163
0.5151947589447023 0.8438031815622163
0.5192351629851064 0.8438031815622163
0.5232755670255105 0.8438031815622163
0.5273159710659144 0.8438031815622163
0.5313563751063185 0.8438031815622163
0.5353967791467226 0.8438031815622163
0.5394371831871265 0.8438031815622163
0.5434775872275306 0.8438031815622163
0.5475179912679347 0.8438031815622163
0.5515583953083387 0.8438031815622163
0.5555987993487428 0.8438031815622163
0.5596392033891469 0.8438031815622163
0.49095233470227806 0.8478435856026204
0.4990331427830862 0.8478435856026204
0.5030735468234901 0.8478435856026204
0.5071139508638942 0.8478435856026204
0.5111543549042983 0.8478435856026204
0.5151947589447023 0.8478435856026204
0.5192351629851064 0.8478435856026204
0.5232755670255105 0.8478435856026204
0.5273159710659144 0.8478435856026204
0.5313563751063185 0.8478435856026204
0.5353967791467226 0.8478435856026204
0.5394371831871265 0.8478435856026204
0.5434775872275306 0.8478435856026204
0.5475179912679347 0.8478435856026204
0.5515583953083387 0.8478435856026204
0.5596392033891469 0.8478435856026204
0.49095233470227806 0.8518839896430245
0.4949927387426821 0.8518839896430245
0.4990331427830862 0.8518839896430245
0.5030735468234901 0.8518839896430245
0.5071139508638942 0.8518839896430245
0.5111543549042983 0.8518839896430245
0.5151947589447023 0.8518839896430245
0.5192351629851064 0.8518839896430245
0.5232755670255105 0.8518839896430245
0.5273159710659144 0.8518839896430245
0.5313563751063185 0.8518839896430245
0.5353967791467226 0.8518839896430245
0.5394371831871265 0.8518839896430245
0.5434775872275306 0.8518839896430245
0.5475179912679347 0.8518839896430245
0.5515583953083387 0.8518839896430245
0.48287152662147004 0.8559243936834284
0.48691193066187405 0.8559243936834284
0.49095233470227806 0.8559243936834284
0.4949927387426821 0.8559243936834284
0.4990331427830862 0.8559243936834284
0.5030735468234901 0.8559243936834284
0.5071139508638942 0.8559243936834284
0.5111543549042983 0.8559243936834284
0.5151947589447023 0.8559243936834284
0.5192351629851064 0.8559243936834284
0.5232755670255105 0.8559243936834284
0.5273159710659144 0.8559243936834284
0.5313563751063185 0.8559243936834284
0.5353967791467226 0.8559243936834284
0.5394371831871265 0.8559243936834284
0.5475179912679347 0.8559243936834284
0.4747907185406619 0.8599647977238325
0.47883112258106597 0.8599647977238325
0.48287152662147004 0.8599647977238325
0.48691193066187405 0.8599647977238325
0.49095233470227806 0.8599647977238325
0.4949927387426821 0.8599647977238325
0.4990331427830862 0.8599647977238325
0.5030735468234901 0.8599647977238325
0.5071139508638942 0.8599647977238325
0.5111543549042983 0.8599647977238325
0.5151947589447023 0.8599647977238325
0.5192351629851064 0.8599647977238325
0.5232755670255105 0.8599647977238325
0.5273159710659144 0.8599647977238325
0.5313563751063185 0.8599647977238325
0.5353967791467226 0.8599647977238325
0.5394371831871265 0.8599647977238325
0.4667099104598539 0.8640052017642366
0.4707503145002579 0.8640052017642366
0.4747907185406619 0.8640052017642366
0.47883112258106597 0.8640052017642366
0.48287152662147004 0.8640052017642366
0.48691193066187405 0.8640052017642366
0.49095233470227806 0.8640052017642366
0.4949927387426821 0.8640052017642366
0.4990331427830862 0.8640052017642366
0.5030735468234901 0.8640052017642366
0.5071139508638942 0.8640052017642366
0.5111543549042983 0.8640052017642366
0.5151947589447023 0.8640052017642366
0.5192351629851064 0.8640052017642366
0.5232755670255105 0.8640052017642366
0.5273159710659144 0.8640052017642366
0.5353967791467226 0.8640052017642366
0.4626695064194498 0.8680456058046406
0.4667099104598539 0.8680456058046406
0.4707503145002579 0.8680456058046406
0.4747907185406619 0.8680456058046406
0.47883112258106597 0.8680456058046406
0.48287152662147004 0.8680456058046406
0.48691193066187405 0.8680456058046406
0.49095233470227806 0.8680456058046406
0.4949927387426821 0.8680456058046406
0.4990331427830862 0.8680456058046406
0.5030735468234901 0.8680456058046406
0.5071139508638942 0.8680456058046406
0.5111543549042983 0.8680456058046406
0.5151947589447023 0.8680456058046406
0.5192351629851064 0.8680456058046406
0.5232755670255105 0.8680456058046406
0.5273159710659144 0.8680456058046406
0.4424674862174296 0.8720860098450447
0.4545886983386417 0.8720860098450447
0.45862910237904575 0.8720860098450447
0.4626695064194498 0.8720860098450447
0.4667099104598539 0.8720860098450447
0.4707503145002579 0.8720860098450447
0.4747907185406619 0.8720860098450447
0.47883112258106597 0.8720860098450447
0.48287152662147004 0.8720860098450447
0.48691193066187405 0.8720860098450447
0.49095233470227806 0.8720860098450447
0.4949927387426821 0.8720860098450447
0.4990331427830862 0.8720860098450447
0.5030735468234901 0.8720860098450447
0.5071139508638942 0.8720860098450447
0.5111543549042983 0.8720860098450447
0.5151947589447023 0.8720860098450447
0.5192351629851064 0.8720860098450447
0.44650789025783366 0.8761264138854487
0.4505482942982377 0.8761264138854487
0.4545886983386417 0.8761264138854487
0.45862910237904575 0.8761264138854487
0.4626695064194498 0.8761264138854487
0.4667099104598539 0.8761264138854487
0.4707503145002579 0.8761264138854487
0.4747907185406619 0.8761264138854487
0.47883112258106597 0.8761264138854487
0.48287152662147004 0.8761264138854487
0.48691193066187405 0.8761264138854487
0.49095233470227806 0.8761264138854487
0.4949927387426821 0.8761264138854487
0.4990331427830862 0.8761264138854487
0.5030735468234901 0.8761264138854487
0.5071139508638942 0.8761264138854487
0.5151947589447023 0.8761264138854487
0.43842708217702553 0.8801668179258527
0.4424674862174296 0.8801668179258527
0.44650789025783366 0.8801668179258527
0.4505482942982377 0.8801668179258527
0.4545886983386417 0.8801668179258527
0.45862910237904575 0.8801668179258527
0.4626695064194498 0.8801668179258527
0.4667099104598539 0.8801668179258527
0.4707503145002579 0.8801668179258527
0.4747907185406619 0.8801668179258527
0.47883112258106597 0.8801668179258527
0.48287152662147004 0.8801668179258527
0.48691193066187405 0.8801668179258527
0.49095233470227806 0.8801668179258527
0.4949927387426821 0.8801668179258527
0.4990331427830862 0.8801668179258527
0.5071139508638942 0.8801668179258527
0.4303462740962175 0.8842072219662568
0.4343866781366215 0.8842072219662568
0.43842708217702553 0.8842072219662568
0.4424674862174296 0.8842072219662568
0.44650789025783366 0.8842072219662568
0.4505482942982377 0.8842072219662568
0.4545886983386417 0.8842072219662568
0.45862910237904575 0.8842072219662568
0.4626695064194498 0.8842072219662568
0.4667099104598539 0.8842072219662568
0.4707503145002579 0.8842072219662568
0.4747907185406619 0.8842072219662568
0.47883112258106597 0.8842072219662568
0.48287152662147004 0.8842072219662568
0.48691193066187405 0.8842072219662568
0.49095233470227806 0.8842072219662568
0.4949927387426821 0.8842072219662568
0.4222654660154094 0.8882476260066607
0.42630587005581344 0.8882476260066607
0.4303462740962175 0.8882476260066607
0.4343866781366215 0.8882476260066607
0.43842708217702553 0.8882476260066607
0.4424674862174296 0.8882476260066607
0.44650789025783366 0.8882476260066607
0.4505482942982377 0.8882476260066607
0.4545886983386417 0.8882476260066607
0.45862910237904575 0.8882476260066607
0.4626695064194498 0.8882476260066607
0.4667099104598539 0.8882476260066607
0.4707503145002579 0.8882476260066607
0.4747907185406619 0.8882476260066607
0.47883112258106597 0.8882476260066607
0.48287152662147004 0.8882476260066607
0.48691193066187405 0.8882476260066607
0.49095233470227806 0.8882476260066607
0.39802304177298514 0.8922880300470648
0.41418465793460135 0.8922880300470648
0.41822506197500536 0.8922880300470648
0.4222654660154094 0.8922880300470648
0.42630587005581344 0.8922880300470648
0.4303462740962175 0.8922880300470648
0.4343866781366215 0.8922880300470648
0.43842708217702553 0.8922880300470648
0.4424674862174296 0.8922880300470648
0.44650789025783366 0.8922880300470648
0.4505482942982377 0.8922880300470648
0.4545886983386417 0.8922880300470648
0.45862910237904575 0.8922880300470648
0.4626695064194498 0.8922880300470648
0.4667099104598539 0.8922880300470648
0.4707503145002579 0.8922880300470648
0.4747907185406619 0.8922880300470648
0.47883112258106597 0.8922880300470648
0.4061038498537932 0.8963284340874689
0.4101442538941973 0.8963284340874689
0.41418465793460135 0.8963284340874689
0.41822506197500536 0.8963284340874689
0.4222654660154094 0.8963284340874689
0.42630587005581344 0.8963284340874689
0.4303462740962175 0.8963284340874689
0.4343866781366215 0.8963284340874689
0.43842708217702553 0.8963284340874689
0.4424674862174296 0.8963284340874689
0.44650789025783366 0.8963284340874689
0.4505482942982377 0.8963284340874689
0.4545886983386417 0.8963284340874689
0.45862910237904575 0.8963284340874689
0.4626695064194498 0.8963284340874689
0.4667099104598539 0.8963284340874689
0.4707503145002579 0.8963284340874689
0.38590182965177305 0.9003688381278729
0.39802304177298514 0.9003688381278729
0.4020634458133892 0.9003688381278729
0.4061038498537932 0.9003688381278729
0.4101442538941973 0.9003688381278729
0.41418465793460135 0.9003688381278729
0.41822506197500536 0.9003688381278729
0.4222654660154094 0.9003688381278729
0.42630587005581344 0.9003688381278729
0.4303462740962175 0.9003688381278729
0.4343866781366215 0.9003688381278729
0.43842708217702553 0.9003688381278729
0.4424674862174296 0.9003688381278729
0.44650789025783366 0.9003688381278729
0.4505482942982377 0.9003688381278729
0.4545886983386417 0.9003688381278729
0.45862910237904575 0.9003688381278729
0.4626695064194498 0.9003688381278729
0.4747907185406619 0.9003688381278729
0.38994223369217706 0.904409242168277
0.39398263773258113 0.904409242168277
0.39802304177298514 0.904409242168277
0.4020634458133892 0.904409242168277
0.4061038498537932 0.904409242168277
0.4101442538941973 0.904409242168277
0.41418465793460135 0.904409242168277
0.41822506197500536 0.904409242168277
0.4222654660154094 0.904409242168277
0.42630587005581344 0.904409242168277
0.4303462740962175 0.904409242168277
0.4343866781366215 0.904409242168277
0.43842708217702553 0.904409242168277
0.4424674862174296 0.904409242168277
0.44650789025783366 0.904409242168277
0.4505482942982377 0.904409242168277
0.4545886983386417 0.904409242168277
0.45862910237904575 0.904409242168277
0.381861425611369 0.9084496462086811
0.38590182965177305 0.9084496462086811
0.38994223369217706 0.9084496462086811
0.39398263773258113 0.9084496462086811
0.39802304177298514 0.9084496462086811
0.4020634458133892 0.9084496462086811
0.4061038498537932 0.9084496462086811
0.4101442538941973 0.9084496462086811
0.41418465793460135 0.9084496462086811
0.41822506197500536 0.9084496462086811
0.4222654660154094 0.9084496462086811
0.42630587005581344 0.9084496462086811
0.4303462740962175 0.9084496462086811
0.4343866781366215 0.9084496462086811
0.43842708217702553 0.9084496462086811
0.4424674862174296 0.9084496462086811
0.44650789025783366 0.9084496462086811
0.4505482942982377 0.9084496462086811
0.36974021349015684 0.912490050249085
0.3737806175305609 0.912490050249085
0.377821021570965 0.912490050249085
0.381861425611369 0.912490050249085
0.38590182965177305 0.912490050249085
0.38994223369217706 0.912490050249085
0.39398263773258113 0.912490050249085
0.39802304177298514 0.912490050249085
0.4020634458133892 0.912490050249085
0.4061038498537932 0.912490050249085
0.4101442538941973 0.912490050249085
0.41418465793460135 0.912490050249085
0.41822506197500536 0.912490050249085
0.4222654660154094 0.912490050249085
0.42630587005581344 0.912490050249085
0.4303462740962175 0.912490050249085
0.4343866781366215 0.912490050249085
0.43842708217702553 0.912490050249085
0.4424674862174296 0.912490050249085
0.3414573852073286 0.9165304542894891
0.34549778924773267 0.9165304542894891
0.3535785973285407 0.9165304542894891
0.3616594054093488 0.9165304542894891
0.36569980944975283 0.9165304542894891
0.36974021349015684 0.9165304542894891
0.3737806175305609 0.9165304542894891
0.377821021570965 0.9165304542894891
0.381861425611369 0.9165304542894891
0.38590182965177305 0.9165304542894891
0.38994223369217706 0.9165304542894891
0.39398263773258113 0.9165304542894891
0.39802304177298514 0.9165304542894891
0.4020634458133892 0.9165304542894891
0.4061038498537932 0.9165304542894891
0.4101442538941973 0.9165304542894891
0.41418465793460135 0.9165304542894891
0.41822506197500536 0.9165304542894891
0.4222654660154094 0.9165304542894891
0.42630587005581344 0.9165304542894891
0.4303462740962175 0.9165304542894891
0.4343866781366215 0.9165304542894891
0.3495381932881367 0.920570858329893
0.3535785973285407 0.920570858329893
0.35761900136894476 0.920570858329893
0.3616594054093488 0.920570858329893
0.36569980944975283 0.920570858329893
0.36974021349015684 0.920570858329893
0.3737806175305609 0.920570858329893
0.377821021570965 0.920570858329893
0.381861425611369 0.920570858329893
0.38590182965177305 0.920570858329893
0.38994223369217706 0.920570858329893
0.39398263773258113 0.920570858329893
0.39802304177298514 0.920570858329893
0.4020634458133892 0.920570858329893
0.4061038498537932 0.920570858329893
0.4101442538941973 0.920570858329893
0.41418465793460135 0.920570858329893
0.41822506197500536 0.920570858329893
0.4222654660154094 0.920570858329893
0.42630587005581344 0.920570858329893
0.3414573852073286 0.9246112623702971
0.34549778924773267 0.9246112623702971
0.3495381932881367 0.9246112623702971
0.3535785973285407 0.9246112623702971
0.35761900136894476 0.9246112623702971
0.3616594054093488 0.9246112623702971
0.36569980944975283 0.9246112623702971
0.36974021349015684 0.9246112623702971
0.3737806175305609 0.9246112623702971
0.377821021570965 0.9246112623702971
0.381861425611369 0.9246112623702971
0.38590182965177305 0.9246112623702971
0.38994223369217706 0.9246112623702971
0.39398263773258113 0.9246112623702971
0.39802304177298514 0.9246112623702971
0.4020634458133892 0.9246112623702971
0.4061038498537932 0.9246112623702971
0.4101442538941973 0.9246112623702971
0.41418465793460135 0.9246112623702971
0.41822506197500536 0.9246112623702971
0.32933617308611646 0.9286516664107012
0.3333765771265205 0.9286516664107012
0.33741698116692453 0.9286516664107012
0.3414573852073286 0.9286516664107012
0.34549778924773267 0.9286516664107012
0.3495381932881367 0.9286516664107012
0.3535785973285407 0.9286516664107012
0.35761900136894476 0.9286516664107012
0.3616594054093488 0.9286516664107012
0.36569980944975283 0.9286516664107012
0.36974021349015684 0.9286516664107012
0.3737806175305609 0.9286516664107012
0.377821021570965 0.9286516664107012
0.381861425611369 0.9286516664107012
0.38590182965177305 0.9286516664107012
0.38994223369217706 0.9286516664107012
0.39398263773258113 0.9286516664107012
0.39802304177298514 0.9286516664107012
0.4020634458133892 0.9286516664107012
0.4061038498537932 0.9286516664107012
0.41822506197500536 0.9286516664107012
0.3131745569245003 0.9326920704511052
0.3172149609649043 0.9326920704511052
0.3212553650053084 0.9326920704511052
0.32529576904571245 0.9326920704511052
0.32933617308611646 0.9326920704511052
0.3333765771265205 0.9326920704511052
0.33741698116692453 0.9326920704511052
0.3414573852073286 0.9326920704511052
0.34549778924773267 0.9326920704511052
0.3495381932881367 0.9326920704511052
0.3535785973285407 0.9326920704511052
0.35761900136894476 0.9326920704511052
0.3616594054093488 0.9326920704511052
0.36569980944975283 0.9326920704511052
0.36974021349015684 0.9326920704511052
0.3737806175305609 0.9326920704511052
0.377821021570965 0.9326920704511052
0.381861425611369 0.9326920704511052
0.38590182965177305 0.9326920704511052
0.38994223369217706 0.9326920704511052
0.39398263773258113 0.9326920704511052
0.39802304177298514 0.9326920704511052
0.4061038498537932 0.9326920704511052
0.3050937488436922 0.9367324744915093
0.3091341528840963 0.9367324744915093
0.3131745569245003 0.9367324744915093
0.3172149609649043 0.9367324744915093
0.3212553650053084 0.9367324744915093
0.32529576904571245 0.9367324744915093
0.32933617308611646 0.9367324744915093
0.3333765771265205 0.9367324744915093
0.33741698116692453 0.9367324744915093
0.3414573852073286 0.9367324744915093
0.34549778924773267 0.9367324744915093
0.3495381932881367 0.9367324744915093
0.3535785973285407 0.9367324744915093
0.35761900136894476 0.9367324744915093
0.3616594054093488 0.9367324744915093
0.36569980944975283 0.9367324744915093
0.36974021349015684 0.9367324744915093
0.3737806175305609 0.9367324744915093
0.377821021570965 0.9367324744915093
0.381861425611369 0.9367324744915093
0.38590182965177305 0.9367324744915093
0.38994223369217706 0.9367324744915093
0.39398263773258113 0.9367324744915093
0.29701294076288415 0.9407728785319134
0.30105334480328816 0.9407728785319134
0.3050937488436922 0.9407728785319134
0.3091341528840963 0.9407728785319134
0.3131745569245003 0.9407728785319134
0.3172149609649043 0.9407728785319134
0.3212553650053084 0.9407728785319134
0.32529576904571245 0.9407728785319134
0.32933617308611646 0.9407728785319134
0.3333765771265205 0.9407728785319134
0.33741698116692453 0.9407728785319134
0.3414573852073286 0.9407728785319134
0.34549778924773267 0.9407728785319134
0.3495381932881367 0.9407728785319134
0.3535785973285407 0.9407728785319134
0.35761900136894476 0.9407728785319134
0.3616594054093488 0.9407728785319134
0.36569980944975283 0.9407728785319134
0.36974021349015684 0.9407728785319134
0.3737806175305609 0.9407728785319134
0.377821021570965 0.9407728785319134
0.38994223369217706 0.9407728785319134
0.29701294076288415 0.9448132825723174
0.30105334480328816 0.9448132825723174
0.3050937488436922 0.9448132825723174
0.3091341528840963 0.9448132825723174
0.3131745569245003 0.9448132825723174
0.3172149609649043 0.9448132825723174
0.3212553650053084 0.9448132825723174
0.32529576904571245 0.9448132825723174
0.32933617308611646 0.9448132825723174
0.3333765771265205 0.9448132825723174
0.33741698116692453 0.9448132825723174
0.3414573852073286 0.9448132825723174
0.34549778924773267 0.9448132825723174
0.3495381932881367 0.9448132825723174
0.3535785973285407 0.9448132825723174
0.35761900136894476 0.9448132825723174
0.3616594054093488 0.9448132825723174
0.36569980944975283 0.9448132825723174
0.381861425611369 0.9448132825723174
0.29701294076288415 0.9488536866127214
0.30105334480328816 0.9488536866127214
0.3050937488436922 0.9488536866127214
0.3091341528840963 0.9488536866127214
0.3131745569245003 0.9488536866127214
0.3172149609649043 0.9488536866127214
0.3212553650053084 0.9488536866127214
0.32529576904571245 0.9488536866127214
0.32933617308611646 0.9488536866127214
0.3333765771265205 0.9488536866127214
0.33741698116692453 0.9488536866127214
0.3414573852073286 0.9488536866127214
0.34549778924773267 0.9488536866127214
0.3495381932881367 0.9488536866127214
0.3535785973285407 0.9488536866127214
0.29701294076288415 0.9528940906531255
0.30105334480328816 0.9528940906531255
0.3050937488436922 0.9528940906531255
0.3091341528840963 0.9528940906531255
0.3131745569245003 0.9528940906531255
0.3172149609649043 0.9528940906531255
0.3212553650053084 0.9528940906531255
0.32529576904571245 0.9528940906531255
0.32933617308611646 0.9528940906531255
0.3333765771265205 0.9528940906531255
0.33741698116692453 0.9528940906531255
0.3414573852073286 0.9528940906531255
0.34549778924773267 0.9528940906531255
0.29701294076288415 0.9569344946935294
0.30105334480328816 0.9569344946935294
0.3050937488436922 0.9569344946935294
0.3091341528840963 0.9569344946935294
0.3131745569245003 0.9569344946935294
0.3172149609649043 0.9569344946935294
0.3212553650053084 0.9569344946935294
0.32529576904571245 0.9569344946935294
0.32933617308611646 0.9569344946935294
0.3333765771265205 0.9569344946935294
0.29701294076288415 0.9609748987339335
0.30105334480328816 0.9609748987339335
0.3050937488436922 0.9609748987339335
0.3091341528840963 0.9609748987339335
0.3131745569245003 0.9609748987339335
0.3172149609649043 0.9609748987339335
0.29701294076288415 0.9650153027743376
0.30105334480328816 0.9650153027743376
0.3050937488436922 0.9650153027743376
0.29701294076288415 0.9690557068147416
0.3050937488436922 0.9690557068147416
0.3050937488436922 0.9730961108551457
