# x y
0.6595722526735511 0.7791567169157517
0.5989661920674905 0.8155203532793881
0.5747237678250663 0.8276415654006002
0.5262389193402178 0.8599647977238325
0.5181581112594097 0.8640052017642366
0.5221985152998138 0.8680456058046406
0.5060368991381976 0.8720860098450447
0.5302793233806219 0.8761264138854487
0.5019964950977935 0.8801668179258527
0.4656328587341572 0.9003688381278729
0.40098639408769254 0.9246112623702971
0.38886518196648046 0.9286516664107012
0.3727035658048643 0.9367324744915093
0.34038033348163194 0.9488536866127214
0.39290558600688447 0.9488536866127214
0.34846114156244 0.9528940906531255
0.3161379092392077 0.9650153027743376
0.3040166971179956 0.9690557068147416
0.33229952540082386 0.9730961108551457
