# x y
0.6997809160840125 0.706429444188479
0.6957405120436084 0.710469848228883
0.6997809160840125 0.710469848228883
0.6917001080032044 0.7145102522692871
0.6957405120436084 0.7145102522692871
0.6997809160840125 0.7145102522692871
0.6876597039628003 0.7185506563096911
0.6917001080032044 0.7185506563096911
0.6957405120436084 0.7185506563096911
0.6997809160840125 0.7185506563096911
0.6836192999223962 0.7225910603500951
0.6876597039628003 0.7225910603500951
0.6917001080032044 0.7225910603500951
0.6957405120436084 0.7225910603500951
0.6795788958819922 0.7266314643904992
0.6836192999223962 0.7266314643904992
0.6876597039628003 0.7266314643904992
0.6917001080032044 0.7266314643904992
0.6755384918415881 0.7306718684309033
0.6795788958819922 0.7306718684309033
0.6836192999223962 0.7306718684309033
0.6876597039628003 0.7306718684309033
0.6714980878011841 0.7347122724713073
0.6755384918415881 0.7347122724713073
0.6795788958819922 0.7347122724713073
0.6836192999223962 0.7347122724713073
0.6674576837607801 0.7387526765117113
0.6714980878011841 0.7387526765117113
0.6755384918415881 0.7387526765117113
0.6795788958819922 0.7387526765117113
0.6634172797203761 0.7427930805521153
0.6674576837607801 0.7427930805521153
0.6714980878011841 0.7427930805521153
0.6755384918415881 0.7427930805521153
0.659376875679972 0.7468334845925194
0.6634172797203761 0.7468334845925194
0.6674576837607801 0.7468334845925194
0.6714980878011841 0.7468334845925194
0.6512960675991639 0.7508738886329235
0.655336471639568 0.7508738886329235
0.659376875679972 0.7508738886329235
0.6634172797203761 0.7508738886329235
0.6674576837607801 0.7508738886329235
0.6472556635587599 0.7549142926733274
0.6512960675991639 0.7549142926733274
0.655336471639568 0.7549142926733274
0.659376875679972 0.7549142926733274
0.6634172797203761 0.7549142926733274
0.6432152595183558 0.7589546967137315
0.6472556635587599 0.7589546967137315
0.6512960675991639 0.7589546967137315
0.655336471639568 0.7589546967137315
0.659376875679972 0.7589546967137315
0.6391748554779518 0.7629951007541356
0.6432152595183558 0.7629951007541356
0.6472556635587599 0.7629951007541356
0.6512960675991639 0.7629951007541356
0.6351344514375478 0.7670355047945396
0.6391748554779518 0.7670355047945396
0.6432152595183558 0.7670355047945396
0.6472556635587599 0.7670355047945396
0.6310940473971438 0.7710759088349436
0.6351344514375478 0.7710759088349436
0.6391748554779518 0.7710759088349436
0.6432152595183558 0.7710759088349436
0.6230132393163357 0.7751163128753477
0.6270536433567397 0.7751163128753477
0.6310940473971438 0.7751163128753477
0.6351344514375478 0.7751163128753477
0.6391748554779518 0.7751163128753477
0.6189728352759316 0.7791567169157517
0.6230132393163357 0.7791567169157517
0.6270536433567397 0.7791567169157517
0.6310940473971438 0.7791567169157517
0.6351344514375478 0.7791567169157517
0.6149324312355275 0.7831971209561558
0.6189728352759316 0.7831971209561558
0.6230132393163357 0.7831971209561558
0.6270536433567397 0.7831971209561558
0.6068516231547194 0.7872375249965597
0.6108920271951235 0.7872375249965597
0.6149324312355275 0.7872375249965597
0.6189728352759316 0.7872375249965597
0.6230132393163357 0.7872375249965597
0.6028112191143155 0.7912779290369638
0.6068516231547194 0.7912779290369638
0.6108920271951235 0.7912779290369638
0.6149324312355275 0.7912779290369638
0.6189728352759316 0.7912779290369638
0.5987708150739114 0.7953183330773679
0.6028112191143155 0.7953183330773679
0.6068516231547194 0.7953183330773679
0.6108920271951235 0.7953183330773679
0.6149324312355275 0.7953183330773679
0.5906900069931034 0.799358737117772
0.5947304110335074 0.799358737117772
0.5987708150739114 0.799358737117772
0.6028112191143155 0.799358737117772
0.6068516231547194 0.799358737117772
0.5866496029526993 0.803399141158176
0.5906900069931034 0.803399141158176
0.5947304110335074 0.803399141158176
0.5987708150739114 0.803399141158176
0.6028112191143155 0.803399141158176
0.5826091989122952 0.80743954519858
0.5866496029526993 0.80743954519858
0.5906900069931034 0.80743954519858
0.5947304110335074 0.80743954519858
0.5987708150739114 0.80743954519858
0.5745283908314871 0.811479949238984
0.5785687948718912 0.811479949238984
0.5826091989122952 0.811479949238984
0.5866496029526993 0.811479949238984
0.5906900069931034 0.811479949238984
0.5704879867910831 0.8155203532793881
0.5745283908314871 0.8155203532793881
0.5785687948718912 0.8155203532793881
0.5826091989122952 0.8155203532793881
0.5866496029526993 0.8155203532793881
0.5624071787102751 0.819560757319792
0.5664475827506791 0.819560757319792
0.5704879867910831 0.819560757319792
0.5745283908314871 0.819560757319792
0.5785687948718912 0.819560757319792
0.5826091989122952 0.819560757319792
0.5583667746698711 0.8236011613601961
0.5624071787102751 0.8236011613601961
0.5664475827506791 0.8236011613601961
0.5704879867910831 0.8236011613601961
0.5745283908314871 0.8236011613601961
0.5502859665890629 0.8276415654006002
0.554326370629467 0.8276415654006002
0.5583667746698711 0.8276415654006002
0.5624071787102751 0.8276415654006002
0.5664475827506791 0.8276415654006002
0.5704879867910831 0.8276415654006002
0.5462455625486589 0.8316819694410043
0.5502859665890629 0.8316819694410043
0.554326370629467 0.8316819694410043
0.5583667746698711 0.8316819694410043
0.5624071787102751 0.8316819694410043
0.5381647544678508 0.8357223734814083
0.5422051585082548 0.8357223734814083
0.5462455625486589 0.8357223734814083
0.5502859665890629 0.8357223734814083
0.554326370629467 0.8357223734814083
0.5583667746698711 0.8357223734814083
0.5341243504274468 0.8397627775218124
0.5381647544678508 0.8397627775218124
0.5422051585082548 0.8397627775218124
0.5462455625486589 0.8397627775218124
0.5502859665890629 0.8397627775218124
0.5260435423466387 0.8438031815622163
0.5300839463870427 0.8438031815622163
0.5341243504274468 0.8438031815622163
0.5381647544678508 0.8438031815622163
0.5422051585082548 0.8438031815622163
0.5462455625486589 0.8438031815622163
0.5220031383062347 0.8478435856026204
0.5260435423466387 0.8478435856026204
0.5300839463870427 0.8478435856026204
0.5341243504274468 0.8478435856026204
0.5381647544678508 0.8478435856026204
0.5139223302254265 0.8518839896430245
0.5179627342658306 0.8518839896430245
0.5220031383062347 0.8518839896430245
0.5260435423466387 0.8518839896430245
0.5300839463870427 0.8518839896430245
0.5341243504274468 0.8518839896430245
0.5058415221446184 0.8559243936834284
0.5098819261850225 0.8559243936834284
0.5139223302254265 0.8559243936834284
0.5179627342658306 0.8559243936834284
0.5220031383062347 0.8559243936834284
0.5260435423466387 0.8559243936834284
0.5018011181042145 0.8599647977238325
0.5058415221446184 0.8599647977238325
0.5098819261850225 0.8599647977238325
0.5139223302254265 0.8599647977238325
0.5179627342658306 0.8599647977238325
0.49372031002340633 0.8640052017642366
0.4977607140638104 0.8640052017642366
0.5018011181042145 0.8640052017642366
0.5058415221446184 0.8640052017642366
0.5098819261850225 0.8640052017642366
0.5139223302254265 0.8640052017642366
0.4856395019425983 0.8680456058046406
0.4896799059830023 0.8680456058046406
0.49372031002340633 0.8680456058046406
0.4977607140638104 0.8680456058046406
0.5018011181042145 0.8680456058046406
0.5058415221446184 0.8680456058046406
0.4775586938617902 0.8720860098450447
0.48159909790219424 0.8720860098450447
0.4856395019425983 0.8720860098450447
0.4896799059830023 0.8720860098450447
0.49372031002340633 0.8720860098450447
0.4977607140638104 0.8720860098450447
0.46947788578098215 0.8761264138854487
0.47351828982138616 0.8761264138854487
0.4775586938617902 0.8761264138854487
0.48159909790219424 0.8761264138854487
0.4856395019425983 0.8761264138854487
0.4896799059830023 0.8761264138854487
0.49372031002340633 0.8761264138854487
0.4654374817405781 0.8801668179258527
0.46947788578098215 0.8801668179258527
0.47351828982138616 0.8801668179258527
0.4775586938617902 0.8801668179258527
0.48159909790219424 0.8801668179258527
0.4856395019425983 0.8801668179258527
0.45735667365976995 0.8842072219662568
0.461397077700174 0.8842072219662568
0.4654374817405781 0.8842072219662568
0.46947788578098215 0.8842072219662568
0.47351828982138616 0.8842072219662568
0.4775586938617902 0.8842072219662568
0.44927586557896193 0.8882476260066607
0.45331626961936594 0.8882476260066607
0.45735667365976995 0.8882476260066607
0.461397077700174 0.8882476260066607
0.4654374817405781 0.8882476260066607
0.46947788578098215 0.8882476260066607
0.4411950574981538 0.8922880300470648
0.44523546153855786 0.8922880300470648
0.44927586557896193 0.8922880300470648
0.45331626961936594 0.8922880300470648
0.45735667365976995 0.8922880300470648
0.461397077700174 0.8922880300470648
0.4331142494173458 0.8963284340874689
0.4371546534577498 0.8963284340874689
0.4411950574981538 0.8963284340874689
0.44523546153855786 0.8963284340874689
0.44927586557896193 0.8963284340874689
0.45331626961936594 0.8963284340874689
0.42099303729613363 0.9003688381278729
0.42503344133653764 0.9003688381278729
0.4290738453769417 0.9003688381278729
0.4331142494173458 0.9003688381278729
0.4371546534577498 0.9003688381278729
0.4411950574981538 0.9003688381278729
0.44523546153855786 0.9003688381278729
0.41291222921532555 0.904409242168277
0.4169526332557296 0.904409242168277
0.42099303729613363 0.904409242168277
0.42503344133653764 0.904409242168277
0.4290738453769417 0.904409242168277
0.4331142494173458 0.904409242168277
0.4371546534577498 0.904409242168277
0.4048314211345175 0.9084496462086811
0.4088718251749215 0.9084496462086811
0.41291222921532555 0.9084496462086811
0.4169526332557296 0.9084496462086811
0.42099303729613363 0.9084496462086811
0.42503344133653764 0.9084496462086811
0.4290738453769417 0.9084496462086811
0.3967506130537094 0.912490050249085
0.4007910170941134 0.912490050249085
0.4048314211345175 0.912490050249085
0.4088718251749215 0.912490050249085
0.41291222921532555 0.912490050249085
0.4169526332557296 0.912490050249085
0.42099303729613363 0.912490050249085
0.38462940093249726 0.9165304542894891
0.3886698049729013 0.9165304542894891
0.39271020901330533 0.9165304542894891
0.3967506130537094 0.9165304542894891
0.4007910170941134 0.9165304542894891
0.4048314211345175 0.9165304542894891
0.4088718251749215 0.9165304542894891
0.41291222921532555 0.9165304542894891
0.3765485928516892 0.920570858329893
0.38058899689209325 0.920570858329893
0.38462940093249726 0.920570858329893
0.3886698049729013 0.920570858329893
0.39271020901330533 0.920570858329893
0.3967506130537094 0.920570858329893
0.4007910170941134 0.920570858329893
0.4048314211345175 0.920570858329893
0.3684677847708811 0.9246112623702971
0.3725081888112851 0.9246112623702971
0.3765485928516892 0.9246112623702971
0.38058899689209325 0.9246112623702971
0.38462940093249726 0.9246112623702971
0.3886698049729013 0.9246112623702971
0.39271020901330533 0.9246112623702971
0.35634657264966896 0.9286516664107012
0.360386976690073 0.9286516664107012
0.3644273807304771 0.9286516664107012
0.3684677847708811 0.9286516664107012
0.3725081888112851 0.9286516664107012
0.3765485928516892 0.9286516664107012
0.38058899689209325 0.9286516664107012
0.38462940093249726 0.9286516664107012
0.34422536052845687 0.9326920704511052
0.34826576456886094 0.9326920704511052
0.35230616860926495 0.9326920704511052
0.35634657264966896 0.9326920704511052
0.360386976690073 0.9326920704511052
0.3644273807304771 0.9326920704511052
0.3684677847708811 0.9326920704511052
0.3725081888112851 0.9326920704511052
0.3361445524476488 0.9367324744915093
0.3401849564880528 0.9367324744915093
0.34422536052845687 0.9367324744915093
0.34826576456886094 0.9367324744915093
0.35230616860926495 0.9367324744915093
0.35634657264966896 0.9367324744915093
0.360386976690073 0.9367324744915093
0.3644273807304771 0.9367324744915093
0.32402334032643665 0.9407728785319134
0.3280637443668407 0.9407728785319134
0.3321041484072447 0.9407728785319134
0.3361445524476488 0.9407728785319134
0.3401849564880528 0.9407728785319134
0.34422536052845687 0.9407728785319134
0.34826576456886094 0.9407728785319134
0.35230616860926495 0.9407728785319134
0.31190212820522456 0.9448132825723174
0.31594253224562857 0.9448132825723174
0.3199829362860326 0.9448132825723174
0.32402334032643665 0.9448132825723174
0.3280637443668407 0.9448132825723174
0.3321041484072447 0.9448132825723174
0.3361445524476488 0.9448132825723174
0.3401849564880528 0.9448132825723174
0.34422536052845687 0.9448132825723174
0.2997809160840124 0.9488536866127214
0.3038213201244164 0.9488536866127214
0.3078617241648205 0.9488536866127214
0.31190212820522456 0.9488536866127214
0.31594253224562857 0.9488536866127214
0.3199829362860326 0.9488536866127214
0.32402334032643665 0.9488536866127214
0.3280637443668407 0.9488536866127214
0.3321041484072447 0.9488536866127214
0.2997809160840124 0.9528940906531255
0.3038213201244164 0.9528940906531255
0.3078617241648205 0.9528940906531255
0.31190212820522456 0.9528940906531255
0.31594253224562857 0.9528940906531255
0.3199829362860326 0.9528940906531255
0.2997809160840124 0.9569344946935294
0.3038213201244164 0.9569344946935294
0.3078617241648205 0.9569344946935294
