# x y
0.6999877830240331 0.7145102522692871
0.695947378983629 0.7185506563096911
0.6919069749432251 0.7225910603500951
0.687866570902821 0.7266314643904992
0.6838261668624169 0.7306718684309033
0.679785762822013 0.7347122724713073
0.6757453587816089 0.7387526765117113
0.6676645507008008 0.7427930805521153
0.6717049547412048 0.7427930805521153
0.6636241466603967 0.7468334845925194
0.6595837426199926 0.7508738886329235
0.6555433385795887 0.7549142926733274
0.6515029345391846 0.7589546967137315
0.6474625304987807 0.7629951007541356
0.6393817224179725 0.7670355047945396
0.6434221264583766 0.7670355047945396
0.6353413183775685 0.7710759088349436
0.6313009143371644 0.7751163128753477
0.6272605102967603 0.7791567169157517
0.6232201062563563 0.7831971209561558
0.6151392981755482 0.7872375249965597
0.6191797022159523 0.7872375249965597
0.6110988941351443 0.7912779290369638
0.6070584900947402 0.7953183330773679
0.5989776820139321 0.799358737117772
0.6030180860543362 0.799358737117772
0.594937277973528 0.803399141158176
0.590896873933124 0.80743954519858
0.5828160658523159 0.811479949238984
0.58685646989272 0.811479949238984
0.578775661811912 0.8155203532793881
0.5706948537311038 0.819560757319792
0.5747352577715079 0.819560757319792
0.5666544496906998 0.8236011613601961
0.5626140456502957 0.8276415654006002
0.5545332375694876 0.8316819694410043
0.5504928335290836 0.8357223734814083
0.5424120254482756 0.8397627775218124
0.5343312173674675 0.8438031815622163
0.5383716214078715 0.8438031815622163
0.5302908133270634 0.8478435856026204
0.5222100052462553 0.8518839896430245
0.5262504092866593 0.8518839896430245
0.5181696012058513 0.8559243936834284
0.5100887931250432 0.8599647977238325
0.5020079850442352 0.8640052017642366
0.5060483890846392 0.8640052017642366
0.49392717696342703 0.8680456058046406
0.4979675810038311 0.8680456058046406
0.489886772923023 0.8720860098450447
0.48180596484221494 0.8761264138854487
0.47372515676140686 0.8801668179258527
0.4777655608018109 0.8801668179258527
0.4656443486805988 0.8842072219662568
0.46968475272100285 0.8842072219662568
0.45756354059979065 0.8882476260066607
0.4616039446401947 0.8882476260066607
0.44948273251898263 0.8922880300470648
0.45352313655938664 0.8922880300470648
0.4414019244381745 0.8963284340874689
0.44544232847857856 0.8963284340874689
0.4333211163573665 0.9003688381278729
0.4373615203977705 0.9003688381278729
0.42524030827655834 0.904409242168277
0.4292807123169624 0.904409242168277
0.4171595001957503 0.9084496462086811
0.42119990423615433 0.9084496462086811
0.4090786921149422 0.912490050249085
0.3969574799937301 0.9165304542894891
0.4009978840341341 0.9165304542894891
0.388876671912922 0.920570858329893
0.39291707595332603 0.920570858329893
0.38079586383211395 0.9246112623702971
0.38483626787251796 0.9246112623702971
0.3686746517109018 0.9286516664107012
0.3727150557513058 0.9286516664107012
0.3605938436300937 0.9326920704511052
0.3646342476704978 0.9326920704511052
0.34847263150888164 0.9367324744915093
0.35251303554928565 0.9367324744915093
0.3363514193876695 0.9407728785319134
0.3403918234280735 0.9407728785319134
0.32423020726645735 0.9448132825723174
0.3282706113068614 0.9448132825723174
0.3323110153472654 0.9448132825723174
0.31210899514524526 0.9488536866127214
0.31614939918564927 0.9488536866127214
0.3201898032260533 0.9488536866127214
0.2999877830240331 0.9528940906531255
0.3040281870644371 0.9528940906531255
0.3080685911048412 0.9528940906531255
