# x y
0.6998857507226754 0.710469848228883
0.6958453466822714 0.7145102522692871
0.6998857507226754 0.7145102522692871
0.6918049426418674 0.7185506563096911
0.6958453466822714 0.7185506563096911
0.6998857507226754 0.7185506563096911
0.6877645386014634 0.7225910603500951
0.6918049426418674 0.7225910603500951
0.6958453466822714 0.7225910603500951
0.6837241345610593 0.7266314643904992
0.6877645386014634 0.7266314643904992
0.6918049426418674 0.7266314643904992
0.6796837305206553 0.7306718684309033
0.6837241345610593 0.7306718684309033
0.6877645386014634 0.7306718684309033
0.6756433264802513 0.7347122724713073
0.6796837305206553 0.7347122724713073
0.6837241345610593 0.7347122724713073
0.6675625183994431 0.7387526765117113
0.6716029224398472 0.7387526765117113
0.6756433264802513 0.7387526765117113
0.6796837305206553 0.7387526765117113
0.6635221143590391 0.7427930805521153
0.6675625183994431 0.7427930805521153
0.6716029224398472 0.7427930805521153
0.6756433264802513 0.7427930805521153
0.659481710318635 0.7468334845925194
0.6635221143590391 0.7468334845925194
0.6675625183994431 0.7468334845925194
0.655441306278231 0.7508738886329235
0.659481710318635 0.7508738886329235
0.6635221143590391 0.7508738886329235
0.651400902237827 0.7549142926733274
0.655441306278231 0.7549142926733274
0.659481710318635 0.7549142926733274
0.647360498197423 0.7589546967137315
0.651400902237827 0.7589546967137315
0.655441306278231 0.7589546967137315
0.643320094157019 0.7629951007541356
0.647360498197423 0.7629951007541356
0.651400902237827 0.7629951007541356
0.6352392860762108 0.7670355047945396
0.6392796901166149 0.7670355047945396
0.643320094157019 0.7670355047945396
0.647360498197423 0.7670355047945396
0.6311988820358068 0.7710759088349436
0.6352392860762108 0.7710759088349436
0.6392796901166149 0.7710759088349436
0.6271584779954027 0.7751163128753477
0.6311988820358068 0.7751163128753477
0.6352392860762108 0.7751163128753477
0.6231180739549986 0.7791567169157517
0.6271584779954027 0.7791567169157517
0.6311988820358068 0.7791567169157517
0.6150372658741906 0.7831971209561558
0.6190776699145947 0.7831971209561558
0.6231180739549986 0.7831971209561558
0.6271584779954027 0.7831971209561558
0.6109968618337867 0.7872375249965597
0.6150372658741906 0.7872375249965597
0.6190776699145947 0.7872375249965597
0.6231180739549986 0.7872375249965597
0.6069564577933826 0.7912779290369638
0.6109968618337867 0.7912779290369638
0.6150372658741906 0.7912779290369638
0.6029160537529785 0.7953183330773679
0.6069564577933826 0.7953183330773679
0.6109968618337867 0.7953183330773679
0.5948352456721704 0.799358737117772
0.5988756497125745 0.799358737117772
0.6029160537529785 0.799358737117772
0.6069564577933826 0.799358737117772
0.5907948416317663 0.803399141158176
0.5948352456721704 0.803399141158176
0.5988756497125745 0.803399141158176
0.5827140335509583 0.80743954519858
0.5867544375913624 0.80743954519858
0.5907948416317663 0.80743954519858
0.5948352456721704 0.80743954519858
0.5786736295105543 0.811479949238984
0.5827140335509583 0.811479949238984
0.5867544375913624 0.811479949238984
0.5907948416317663 0.811479949238984
0.5746332254701503 0.8155203532793881
0.5786736295105543 0.8155203532793881
0.5827140335509583 0.8155203532793881
0.5665524173893421 0.819560757319792
0.5705928214297462 0.819560757319792
0.5746332254701503 0.819560757319792
0.5786736295105543 0.819560757319792
0.5625120133489381 0.8236011613601961
0.5665524173893421 0.8236011613601961
0.5705928214297462 0.8236011613601961
0.55443120526813 0.8276415654006002
0.558471609308534 0.8276415654006002
0.5625120133489381 0.8276415654006002
0.5665524173893421 0.8276415654006002
0.550390801227726 0.8316819694410043
0.55443120526813 0.8316819694410043
0.558471609308534 0.8316819694410043
0.5625120133489381 0.8316819694410043
0.542309993146918 0.8357223734814083
0.5463503971873219 0.8357223734814083
0.550390801227726 0.8357223734814083
0.55443120526813 0.8357223734814083
0.5382695891065139 0.8397627775218124
0.542309993146918 0.8397627775218124
0.5463503971873219 0.8397627775218124
0.550390801227726 0.8397627775218124
0.5301887810257058 0.8438031815622163
0.5342291850661098 0.8438031815622163
0.5382695891065139 0.8438031815622163
0.542309993146918 0.8438031815622163
0.5221079729448976 0.8478435856026204
0.5261483769853017 0.8478435856026204
0.5301887810257058 0.8478435856026204
0.5342291850661098 0.8478435856026204
0.5180675689044937 0.8518839896430245
0.5221079729448976 0.8518839896430245
0.5261483769853017 0.8518839896430245
0.5301887810257058 0.8518839896430245
0.5099867608236855 0.8559243936834284
0.5140271648640896 0.8559243936834284
0.5180675689044937 0.8559243936834284
0.5221079729448976 0.8559243936834284
0.5019059527428775 0.8599647977238325
0.5059463567832816 0.8599647977238325
0.5099867608236855 0.8599647977238325
0.5140271648640896 0.8599647977238325
0.5180675689044937 0.8599647977238325
0.49786554870247346 0.8640052017642366
0.5019059527428775 0.8640052017642366
0.5059463567832816 0.8640052017642366
0.5099867608236855 0.8640052017642366
0.4897847406216654 0.8680456058046406
0.4938251446620694 0.8680456058046406
0.49786554870247346 0.8680456058046406
0.5019059527428775 0.8680456058046406
0.4817039325408573 0.8720860098450447
0.48574433658126137 0.8720860098450447
0.4897847406216654 0.8720860098450447
0.4938251446620694 0.8720860098450447
0.49786554870247346 0.8720860098450447
0.4736231244600492 0.8761264138854487
0.47766352850045324 0.8761264138854487
0.4817039325408573 0.8761264138854487
0.48574433658126137 0.8761264138854487
0.4897847406216654 0.8761264138854487
0.46554231637924115 0.8801668179258527
0.4695827204196452 0.8801668179258527
0.4736231244600492 0.8801668179258527
0.47766352850045324 0.8801668179258527
0.4817039325408573 0.8801668179258527
0.4615019123388371 0.8842072219662568
0.46554231637924115 0.8842072219662568
0.4695827204196452 0.8842072219662568
0.4736231244600492 0.8842072219662568
0.453421104258029 0.8882476260066607
0.457461508298433 0.8882476260066607
0.4615019123388371 0.8882476260066607
0.46554231637924115 0.8882476260066607
0.44534029617722093 0.8922880300470648
0.449380700217625 0.8922880300470648
0.453421104258029 0.8922880300470648
0.457461508298433 0.8922880300470648
0.43725948809641285 0.8963284340874689
0.44129989213681686 0.8963284340874689
0.44534029617722093 0.8963284340874689
0.449380700217625 0.8963284340874689
0.4251382759752007 0.9003688381278729
0.4291786800156048 0.9003688381278729
0.43321908405600884 0.9003688381278729
0.43725948809641285 0.9003688381278729
0.44129989213681686 0.9003688381278729
0.4170574678943927 0.904409242168277
0.4210978719347967 0.904409242168277
0.4251382759752007 0.904409242168277
0.4291786800156048 0.904409242168277
0.43321908405600884 0.904409242168277
0.40897665981358455 0.9084496462086811
0.4130170638539886 0.9084496462086811
0.4170574678943927 0.9084496462086811
0.4210978719347967 0.9084496462086811
0.4251382759752007 0.9084496462086811
0.4008958517327765 0.912490050249085
0.40493625577318054 0.912490050249085
0.40897665981358455 0.912490050249085
0.4130170638539886 0.912490050249085
0.4170574678943927 0.912490050249085
0.3928150436519684 0.9165304542894891
0.39685544769237246 0.9165304542894891
0.4008958517327765 0.9165304542894891
0.40493625577318054 0.9165304542894891
0.40897665981358455 0.9165304542894891
0.3806938315307563 0.920570858329893
0.3847342355711603 0.920570858329893
0.3887746396115644 0.920570858329893
0.3928150436519684 0.920570858329893
0.39685544769237246 0.920570858329893
0.4008958517327765 0.920570858329893
0.3726130234499482 0.9246112623702971
0.37665342749035224 0.9246112623702971
0.3806938315307563 0.9246112623702971
0.3847342355711603 0.9246112623702971
0.3887746396115644 0.9246112623702971
0.3604918113287361 0.9286516664107012
0.36453221536914016 0.9286516664107012
0.36857261940954417 0.9286516664107012
0.3726130234499482 0.9286516664107012
0.37665342749035224 0.9286516664107012
0.3806938315307563 0.9286516664107012
0.348370599207524 0.9326920704511052
0.352411003247928 0.9326920704511052
0.356451407288332 0.9326920704511052
0.3604918113287361 0.9326920704511052
0.36453221536914016 0.9326920704511052
0.36857261940954417 0.9326920704511052
0.34028979112671587 0.9367324744915093
0.34433019516711993 0.9367324744915093
0.348370599207524 0.9367324744915093
0.352411003247928 0.9367324744915093
0.356451407288332 0.9367324744915093
0.3604918113287361 0.9367324744915093
0.3281685790055038 0.9407728785319134
0.3322089830459078 0.9407728785319134
0.33624938708631186 0.9407728785319134
0.34028979112671587 0.9407728785319134
0.34433019516711993 0.9407728785319134
0.348370599207524 0.9407728785319134
0.31604736688429164 0.9448132825723174
0.32008777092469565 0.9448132825723174
0.3241281749650997 0.9448132825723174
0.3281685790055038 0.9448132825723174
0.3322089830459078 0.9448132825723174
0.33624938708631186 0.9448132825723174
0.3039261547630795 0.9488536866127214
0.30796655880348356 0.9488536866127214
0.3120069628438876 0.9488536866127214
0.31604736688429164 0.9488536866127214
0.32008777092469565 0.9488536866127214
0.3241281749650997 0.9488536866127214
0.3281685790055038 0.9488536866127214
0.2998857507226755 0.9528940906531255
0.3039261547630795 0.9528940906531255
0.30796655880348356 0.9528940906531255
0.3120069628438876 0.9528940906531255
0.31604736688429164 0.9528940906531255
0.2998857507226755 0.9569344946935294
0.3039261547630795 0.9569344946935294
