# x y
0.6676546483806398 0.7710759088349436
0.6595738402998317 0.7791567169157517
0.6272506079765994 0.7872375249965597
0.5989677796937711 0.8155203532793881
0.5222001029260943 0.8680456058046406
0.5302809110069024 0.8761264138854487
0.5019980827240741 0.8801668179258527
0.4009879817139731 0.9246112623702971
0.37674555747154886 0.9367324744915093
0.3403819211079125 0.9488536866127214
0.392907173633165 0.9488536866127214
0.31613949686548826 0.9650153027743376
0.30401828474427617 0.9690557068147416
