# x y
0.6312699194300853 0.7872375249965597
0.6353103234704893 0.7872375249965597
0.6151083032684691 0.803399141158176
0.5949062830664489 0.8316819694410043
0.5221790103391761 0.8640052017642366
0.501976990137156 0.8801668179258527
0.43733052549069135 0.9084496462086811
0.4171285052886712 0.9246112623702971
0.36864365680382266 0.9407728785319134
0.3807648689250348 0.9407728785319134
0.40096688912705497 0.9448132825723174
0.3484416366018025 0.9488536866127214
0.36460325276341865 0.9609748987339335
0.30803759619776205 0.9811769189359537
