# x y
0.6999986849165181 0.7185506563096911
0.6757562606740938 0.7468334845925194
0.6595946445124776 0.7589546967137315
0.6515138364316695 0.7629951007541356
0.6313118162296494 0.7791567169157517
0.6272714121892453 0.7831971209561558
0.6393926243104575 0.7831971209561558
0.6191906041084372 0.7912779290369638
0.5868673717852049 0.819560757319792
0.5545441394619726 0.8357223734814083
0.5545441394619726 0.8397627775218124
0.5100996950175282 0.8640052017642366
0.45757444249227563 0.8922880300470648
0.4414128263306595 0.9003688381278729
0.43333201824985135 0.904409242168277
0.4252512101690433 0.9084496462086811
0.4090895940074271 0.920570858329893
0.36868555360338673 0.9326920704511052
0.36464514956298266 0.9367324744915093
0.3484835334013665 0.9407728785319134
0.3363623212801544 0.9448132825723174
0.31211989703773013 0.9528940906531255
0.32828151319934634 0.9528940906531255
0.29999868491651804 0.9569344946935294
0.3040390889569221 0.9569344946935294
