# x y
0.6999846933010678 0.7145102522692871
0.6959442892606638 0.7185506563096911
0.6919038852202597 0.7225910603500951
0.6878634811798556 0.7266314643904992
0.6838230771394516 0.7306718684309033
0.6797826730990476 0.7347122724713073
0.6717018650182396 0.7387526765117113
0.6757422690586435 0.7387526765117113
0.6676614609778355 0.7427930805521153
0.6717018650182396 0.7427930805521153
0.6636210569374315 0.7468334845925194
0.6595806528970274 0.7508738886329235
0.6555402488566233 0.7549142926733274
0.6514998448162193 0.7589546967137315
0.6474594407758153 0.7629951007541356
0.6393786326950073 0.7670355047945396
0.6434190367354112 0.7670355047945396
0.6353382286546032 0.7710759088349436
0.6312978246141991 0.7751163128753477
0.6272574205737951 0.7791567169157517
0.623217016533391 0.7831971209561558
0.6151362084525829 0.7872375249965597
0.6191766124929869 0.7872375249965597
0.6110958044121789 0.7912779290369638
0.6070554003717749 0.7953183330773679
0.5989745922909668 0.799358737117772
0.6030149963313709 0.799358737117772
0.5949341882505628 0.803399141158176
0.5908937842101587 0.80743954519858
0.5828129761293506 0.811479949238984
0.5868533801697546 0.811479949238984
0.5787725720889466 0.8155203532793881
0.5706917640081386 0.819560757319792
0.5747321680485425 0.819560757319792
0.5666513599677345 0.8236011613601961
0.5585705518869264 0.8276415654006002
0.5626109559273305 0.8276415654006002
0.5545301478465223 0.8316819694410043
0.5464493397657143 0.8357223734814083
0.5504897438061183 0.8357223734814083
0.5424089357253102 0.8397627775218124
0.5343281276445022 0.8438031815622163
0.5383685316849062 0.8438031815622163
0.5302877236040981 0.8478435856026204
0.52220691552329 0.8518839896430245
0.5262473195636941 0.8518839896430245
0.5141261074424819 0.8559243936834284
0.518166511482886 0.8559243936834284
0.5100857034020779 0.8599647977238325
0.5020048953212698 0.8640052017642366
0.5060452993616739 0.8640052017642366
0.4939240872404618 0.8680456058046406
0.4979644912808658 0.8680456058046406
0.4898836832000577 0.8720860098450447
0.48180287511924963 0.8761264138854487
0.47372206703844155 0.8801668179258527
0.4777624710788456 0.8801668179258527
0.4656412589576335 0.8842072219662568
0.4696816629980375 0.8842072219662568
0.4575604508768254 0.8882476260066607
0.4616008549172294 0.8882476260066607
0.44947964279601726 0.8922880300470648
0.45352004683642133 0.8922880300470648
0.44139883471520924 0.8963284340874689
0.44543923875561325 0.8963284340874689
0.4333180266344011 0.9003688381278729
0.4373584306748052 0.9003688381278729
0.4252372185535931 0.904409242168277
0.4292776225939971 0.904409242168277
0.41715641047278496 0.9084496462086811
0.421196814513189 0.9084496462086811
0.4090756023919769 0.912490050249085
0.41311600643238094 0.912490050249085
0.3969543902707648 0.9165304542894891
0.4009947943111688 0.9165304542894891
0.3888735821899567 0.920570858329893
0.3929139862303607 0.920570858329893
0.37675237006874457 0.9246112623702971
0.3807927741091486 0.9246112623702971
0.38483317814955265 0.9246112623702971
0.3686715619879365 0.9286516664107012
0.37271196602834056 0.9286516664107012
0.3565503498667244 0.9326920704511052
0.3605907539071284 0.9326920704511052
0.3646311579475324 0.9326920704511052
0.34846954178591627 0.9367324744915093
0.35250994582632034 0.9367324744915093
0.3363483296647042 0.9407728785319134
0.3403887337051082 0.9407728785319134
0.32422711754349204 0.9448132825723174
0.3282675215838961 0.9448132825723174
0.3323079256243001 0.9448132825723174
0.3121059054222799 0.9488536866127214
0.31614630946268396 0.9488536866127214
0.320186713503088 0.9488536866127214
0.2999846933010678 0.9528940906531255
0.3040250973414719 0.9528940906531255
0.3080655013818759 0.9528940906531255
