# x y
0.688364551917208 0.702389040148075
0.6924049559576121 0.702389040148075
0.6843241478768041 0.706429444188479
0.688364551917208 0.706429444188479
0.6924049559576121 0.706429444188479
0.6802837438364 0.710469848228883
0.6843241478768041 0.710469848228883
0.688364551917208 0.710469848228883
0.6924049559576121 0.710469848228883
0.6762433397959959 0.7145102522692871
0.6802837438364 0.7145102522692871
0.6843241478768041 0.7145102522692871
0.688364551917208 0.7145102522692871
0.6924049559576121 0.7145102522692871
0.6722029357555919 0.7185506563096911
0.6762433397959959 0.7185506563096911
0.6802837438364 0.7185506563096911
0.6843241478768041 0.7185506563096911
0.688364551917208 0.7185506563096911
0.6924049559576121 0.7185506563096911
0.6681625317151878 0.7225910603500951
0.6722029357555919 0.7225910603500951
0.6762433397959959 0.7225910603500951
0.6802837438364 0.7225910603500951
0.6843241478768041 0.7225910603500951
0.688364551917208 0.7225910603500951
0.6924049559576121 0.7225910603500951
0.6600817236343797 0.7266314643904992
0.6641221276747837 0.7266314643904992
0.6681625317151878 0.7266314643904992
0.6722029357555919 0.7266314643904992
0.6762433397959959 0.7266314643904992
0.6802837438364 0.7266314643904992
0.6843241478768041 0.7266314643904992
0.688364551917208 0.7266314643904992
0.6924049559576121 0.7266314643904992
0.6560413195939757 0.7306718684309033
0.6600817236343797 0.7306718684309033
0.6641221276747837 0.7306718684309033
0.6681625317151878 0.7306718684309033
0.6722029357555919 0.7306718684309033
0.6762433397959959 0.7306718684309033
0.6802837438364 0.7306718684309033
0.6843241478768041 0.7306718684309033
0.688364551917208 0.7306718684309033
0.6924049559576121 0.7306718684309033
0.6520009155535716 0.7347122724713073
0.6560413195939757 0.7347122724713073
0.6600817236343797 0.7347122724713073
0.6641221276747837 0.7347122724713073
0.6681625317151878 0.7347122724713073
0.6722029357555919 0.7347122724713073
0.6762433397959959 0.7347122724713073
0.6802837438364 0.7347122724713073
0.6843241478768041 0.7347122724713073
0.688364551917208 0.7347122724713073
0.6479605115131677 0.7387526765117113
0.6520009155535716 0.7387526765117113
0.6560413195939757 0.7387526765117113
0.6600817236343797 0.7387526765117113
0.6641221276747837 0.7387526765117113
0.6681625317151878 0.7387526765117113
0.6722029357555919 0.7387526765117113
0.6762433397959959 0.7387526765117113
0.6802837438364 0.7387526765117113
0.6843241478768041 0.7387526765117113
0.6439201074727636 0.7427930805521153
0.6479605115131677 0.7427930805521153
0.6520009155535716 0.7427930805521153
0.6560413195939757 0.7427930805521153
0.6600817236343797 0.7427930805521153
0.6641221276747837 0.7427930805521153
0.6681625317151878 0.7427930805521153
0.6722029357555919 0.7427930805521153
0.6762433397959959 0.7427930805521153
0.6802837438364 0.7427930805521153
0.6398797034323596 0.7468334845925194
0.6439201074727636 0.7468334845925194
0.6479605115131677 0.7468334845925194
0.6520009155535716 0.7468334845925194
0.6560413195939757 0.7468334845925194
0.6600817236343797 0.7468334845925194
0.6641221276747837 0.7468334845925194
0.6681625317151878 0.7468334845925194
0.6722029357555919 0.7468334845925194
0.6762433397959959 0.7468334845925194
0.6358392993919555 0.7508738886329235
0.6398797034323596 0.7508738886329235
0.6439201074727636 0.7508738886329235
0.6479605115131677 0.7508738886329235
0.6520009155535716 0.7508738886329235
0.6560413195939757 0.7508738886329235
0.6600817236343797 0.7508738886329235
0.6641221276747837 0.7508738886329235
0.6681625317151878 0.7508738886329235
0.6722029357555919 0.7508738886329235
0.6277584913111474 0.7549142926733274
0.6317988953515514 0.7549142926733274
0.6358392993919555 0.7549142926733274
0.6398797034323596 0.7549142926733274
0.6439201074727636 0.7549142926733274
0.6479605115131677 0.7549142926733274
0.6520009155535716 0.7549142926733274
0.6560413195939757 0.7549142926733274
0.6600817236343797 0.7549142926733274
0.6641221276747837 0.7549142926733274
0.6681625317151878 0.7549142926733274
0.6237180872707434 0.7589546967137315
0.6277584913111474 0.7589546967137315
0.6317988953515514 0.7589546967137315
0.6358392993919555 0.7589546967137315
0.6398797034323596 0.7589546967137315
0.6439201074727636 0.7589546967137315
0.6479605115131677 0.7589546967137315
0.6520009155535716 0.7589546967137315
0.6560413195939757 0.7589546967137315
0.6600817236343797 0.7589546967137315
0.6641221276747837 0.7589546967137315
0.6196776832303393 0.7629951007541356
0.6237180872707434 0.7629951007541356
0.6277584913111474 0.7629951007541356
0.6317988953515514 0.7629951007541356
0.6358392993919555 0.7629951007541356
0.6398797034323596 0.7629951007541356
0.6439201074727636 0.7629951007541356
0.6479605115131677 0.7629951007541356
0.6520009155535716 0.7629951007541356
0.6560413195939757 0.7629951007541356
0.6600817236343797 0.7629951007541356
0.6156372791899353 0.7670355047945396
0.6196776832303393 0.7670355047945396
0.6237180872707434 0.7670355047945396
0.6277584913111474 0.7670355047945396
0.6317988953515514 0.7670355047945396
0.6358392993919555 0.7670355047945396
0.6398797034323596 0.7670355047945396
0.6439201074727636 0.7670355047945396
0.6479605115131677 0.7670355047945396
0.6520009155535716 0.7670355047945396
0.6560413195939757 0.7670355047945396
0.6075564711091272 0.7710759088349436
0.6115968751495313 0.7710759088349436
0.6156372791899353 0.7710759088349436
0.6196776832303393 0.7710759088349436
0.6237180872707434 0.7710759088349436
0.6277584913111474 0.7710759088349436
0.6317988953515514 0.7710759088349436
0.6358392993919555 0.7710759088349436
0.6398797034323596 0.7710759088349436
0.6439201074727636 0.7710759088349436
0.6479605115131677 0.7710759088349436
0.6520009155535716 0.7710759088349436
0.6035160670687232 0.7751163128753477
0.6075564711091272 0.7751163128753477
0.6115968751495313 0.7751163128753477
0.6156372791899353 0.7751163128753477
0.6196776832303393 0.7751163128753477
0.6237180872707434 0.7751163128753477
0.6277584913111474 0.7751163128753477
0.6317988953515514 0.7751163128753477
0.6358392993919555 0.7751163128753477
0.6398797034323596 0.7751163128753477
0.6439201074727636 0.7751163128753477
0.6479605115131677 0.7751163128753477
0.595435258987915 0.7791567169157517
0.5994756630283191 0.7791567169157517
0.6035160670687232 0.7791567169157517
0.6075564711091272 0.7791567169157517
0.6115968751495313 0.7791567169157517
0.6156372791899353 0.7791567169157517
0.6196776832303393 0.7791567169157517
0.6237180872707434 0.7791567169157517
0.6277584913111474 0.7791567169157517
0.6317988953515514 0.7791567169157517
0.6358392993919555 0.7791567169157517
0.6398797034323596 0.7791567169157517
0.591394854947511 0.7831971209561558
0.595435258987915 0.7831971209561558
0.5994756630283191 0.7831971209561558
0.6035160670687232 0.7831971209561558
0.6075564711091272 0.7831971209561558
0.6115968751495313 0.7831971209561558
0.6156372791899353 0.7831971209561558
0.6196776832303393 0.7831971209561558
0.6237180872707434 0.7831971209561558
0.6277584913111474 0.7831971209561558
0.6317988953515514 0.7831971209561558
0.6358392993919555 0.7831971209561558
0.583314046866703 0.7872375249965597
0.587354450907107 0.7872375249965597
0.591394854947511 0.7872375249965597
0.595435258987915 0.7872375249965597
0.5994756630283191 0.7872375249965597
0.6035160670687232 0.7872375249965597
0.6075564711091272 0.7872375249965597
0.6115968751495313 0.7872375249965597
0.6156372791899353 0.7872375249965597
0.6196776832303393 0.7872375249965597
0.6237180872707434 0.7872375249965597
0.6277584913111474 0.7872375249965597
0.6317988953515514 0.7872375249965597
0.579273642826299 0.7912779290369638
0.583314046866703 0.7912779290369638
0.587354450907107 0.7912779290369638
0.591394854947511 0.7912779290369638
0.595435258987915 0.7912779290369638
0.5994756630283191 0.7912779290369638
0.6035160670687232 0.7912779290369638
0.6075564711091272 0.7912779290369638
0.6115968751495313 0.7912779290369638
0.6156372791899353 0.7912779290369638
0.6196776832303393 0.7912779290369638
0.6237180872707434 0.7912779290369638
0.6277584913111474 0.7912779290369638
0.5752332387858949 0.7953183330773679
0.579273642826299 0.7953183330773679
0.583314046866703 0.7953183330773679
0.587354450907107 0.7953183330773679
0.591394854947511 0.7953183330773679
0.595435258987915 0.7953183330773679
0.5994756630283191 0.7953183330773679
0.6035160670687232 0.7953183330773679
0.6075564711091272 0.7953183330773679
0.6115968751495313 0.7953183330773679
0.6156372791899353 0.7953183330773679
0.6196776832303393 0.7953183330773679
0.6237180872707434 0.7953183330773679
0.5671524307050868 0.799358737117772
0.5711928347454909 0.799358737117772
0.5752332387858949 0.799358737117772
0.579273642826299 0.799358737117772
0.583314046866703 0.799358737117772
0.587354450907107 0.799358737117772
0.591394854947511 0.799358737117772
0.595435258987915 0.799358737117772
0.5994756630283191 0.799358737117772
0.6035160670687232 0.799358737117772
0.6075564711091272 0.799358737117772
0.6115968751495313 0.799358737117772
0.6156372791899353 0.799358737117772
0.5388696024222586 0.803399141158176
0.5631120266646827 0.803399141158176
0.5671524307050868 0.803399141158176
0.5711928347454909 0.803399141158176
0.5752332387858949 0.803399141158176
0.579273642826299 0.803399141158176
0.583314046866703 0.803399141158176
0.587354450907107 0.803399141158176
0.591394854947511 0.803399141158176
0.595435258987915 0.803399141158176
0.5994756630283191 0.803399141158176
0.6035160670687232 0.803399141158176
0.6075564711091272 0.803399141158176
0.6115968751495313 0.803399141158176
0.5550312185838747 0.80743954519858
0.5590716226242787 0.80743954519858
0.5631120266646827 0.80743954519858
0.5671524307050868 0.80743954519858
0.5711928347454909 0.80743954519858
0.5752332387858949 0.80743954519858
0.579273642826299 0.80743954519858
0.583314046866703 0.80743954519858
0.587354450907107 0.80743954519858
0.591394854947511 0.80743954519858
0.595435258987915 0.80743954519858
0.5994756630283191 0.80743954519858
0.6035160670687232 0.80743954519858
0.6075564711091272 0.80743954519858
0.5469504105030666 0.811479949238984
0.5509908145434707 0.811479949238984
0.5550312185838747 0.811479949238984
0.5590716226242787 0.811479949238984
0.5631120266646827 0.811479949238984
0.5671524307050868 0.811479949238984
0.5711928347454909 0.811479949238984
0.5752332387858949 0.811479949238984
0.579273642826299 0.811479949238984
0.583314046866703 0.811479949238984
0.587354450907107 0.811479949238984
0.591394854947511 0.811479949238984
0.595435258987915 0.811479949238984
0.5994756630283191 0.811479949238984
0.5429100064626626 0.8155203532793881
0.5469504105030666 0.8155203532793881
0.5509908145434707 0.8155203532793881
0.5550312185838747 0.8155203532793881
0.5590716226242787 0.8155203532793881
0.5631120266646827 0.8155203532793881
0.5671524307050868 0.8155203532793881
0.5711928347454909 0.8155203532793881
0.5752332387858949 0.8155203532793881
0.579273642826299 0.8155203532793881
0.583314046866703 0.8155203532793881
0.587354450907107 0.8155203532793881
0.591394854947511 0.8155203532793881
0.595435258987915 0.8155203532793881
0.5348291983818545 0.819560757319792
0.5388696024222586 0.819560757319792
0.5429100064626626 0.819560757319792
0.5469504105030666 0.819560757319792
0.5509908145434707 0.819560757319792
0.5550312185838747 0.819560757319792
0.5590716226242787 0.819560757319792
0.5631120266646827 0.819560757319792
0.5671524307050868 0.819560757319792
0.5711928347454909 0.819560757319792
0.5752332387858949 0.819560757319792
0.579273642826299 0.819560757319792
0.583314046866703 0.819560757319792
0.587354450907107 0.819560757319792
0.591394854947511 0.819560757319792
0.5307887943414504 0.8236011613601961
0.5348291983818545 0.8236011613601961
0.5388696024222586 0.8236011613601961
0.5429100064626626 0.8236011613601961
0.5469504105030666 0.8236011613601961
0.5509908145434707 0.8236011613601961
0.5550312185838747 0.8236011613601961
0.5590716226242787 0.8236011613601961
0.5631120266646827 0.8236011613601961
0.5671524307050868 0.8236011613601961
0.5711928347454909 0.8236011613601961
0.5752332387858949 0.8236011613601961
0.579273642826299 0.8236011613601961
0.583314046866703 0.8236011613601961
0.5227079862606424 0.8276415654006002
0.5267483903010464 0.8276415654006002
0.5307887943414504 0.8276415654006002
0.5348291983818545 0.8276415654006002
0.5388696024222586 0.8276415654006002
0.5429100064626626 0.8276415654006002
0.5469504105030666 0.8276415654006002
0.5509908145434707 0.8276415654006002
0.5550312185838747 0.8276415654006002
0.5590716226242787 0.8276415654006002
0.5631120266646827 0.8276415654006002
0.5671524307050868 0.8276415654006002
0.5711928347454909 0.8276415654006002
0.5752332387858949 0.8276415654006002
0.579273642826299 0.8276415654006002
0.5146271781798343 0.8316819694410043
0.5186675822202383 0.8316819694410043
0.5227079862606424 0.8316819694410043
0.5267483903010464 0.8316819694410043
0.5307887943414504 0.8316819694410043
0.5348291983818545 0.8316819694410043
0.5388696024222586 0.8316819694410043
0.5429100064626626 0.8316819694410043
0.5469504105030666 0.8316819694410043
0.5509908145434707 0.8316819694410043
0.5550312185838747 0.8316819694410043
0.5590716226242787 0.8316819694410043
0.5631120266646827 0.8316819694410043
0.5671524307050868 0.8316819694410043
0.5711928347454909 0.8316819694410043
0.5105867741394302 0.8357223734814083
0.5146271781798343 0.8357223734814083
0.5186675822202383 0.8357223734814083
0.5227079862606424 0.8357223734814083
0.5267483903010464 0.8357223734814083
0.5307887943414504 0.8357223734814083
0.5348291983818545 0.8357223734814083
0.5388696024222586 0.8357223734814083
0.5429100064626626 0.8357223734814083
0.5469504105030666 0.8357223734814083
0.5509908145434707 0.8357223734814083
0.5550312185838747 0.8357223734814083
0.5590716226242787 0.8357223734814083
0.5631120266646827 0.8357223734814083
0.5671524307050868 0.8357223734814083
0.5025059660586222 0.8397627775218124
0.5065463700990263 0.8397627775218124
0.5105867741394302 0.8397627775218124
0.5146271781798343 0.8397627775218124
0.5186675822202383 0.8397627775218124
0.5227079862606424 0.8397627775218124
0.5267483903010464 0.8397627775218124
0.5307887943414504 0.8397627775218124
0.5348291983818545 0.8397627775218124
0.5388696024222586 0.8397627775218124
0.5429100064626626 0.8397627775218124
0.5469504105030666 0.8397627775218124
0.5509908145434707 0.8397627775218124
0.5550312185838747 0.8397627775218124
0.5590716226242787 0.8397627775218124
0.5631120266646827 0.8397627775218124
0.49442515797781406 0.8438031815622163
0.4984655620182181 0.8438031815622163
0.5025059660586222 0.8438031815622163
0.5065463700990263 0.8438031815622163
0.5105867741394302 0.8438031815622163
0.5146271781798343 0.8438031815622163
0.5186675822202383 0.8438031815622163
0.5227079862606424 0.8438031815622163
0.5267483903010464 0.8438031815622163
0.5307887943414504 0.8438031815622163
0.5348291983818545 0.8438031815622163
0.5388696024222586 0.8438031815622163
0.5429100064626626 0.8438031815622163
0.5469504105030666 0.8438031815622163
0.5509908145434707 0.8438031815622163
0.5550312185838747 0.8438031815622163
0.48634434989700603 0.8478435856026204
0.49038475393741005 0.8478435856026204
0.49442515797781406 0.8478435856026204
0.4984655620182181 0.8478435856026204
0.5025059660586222 0.8478435856026204
0.5065463700990263 0.8478435856026204
0.5105867741394302 0.8478435856026204
0.5146271781798343 0.8478435856026204
0.5186675822202383 0.8478435856026204
0.5227079862606424 0.8478435856026204
0.5267483903010464 0.8478435856026204
0.5307887943414504 0.8478435856026204
0.5348291983818545 0.8478435856026204
0.5388696024222586 0.8478435856026204
0.5429100064626626 0.8478435856026204
0.5469504105030666 0.8478435856026204
0.5509908145434707 0.8478435856026204
0.4782635418161979 0.8518839896430245
0.48230394585660197 0.8518839896430245
0.48634434989700603 0.8518839896430245
0.49038475393741005 0.8518839896430245
0.49442515797781406 0.8518839896430245
0.4984655620182181 0.8518839896430245
0.5025059660586222 0.8518839896430245
0.5065463700990263 0.8518839896430245
0.5105867741394302 0.8518839896430245
0.5146271781798343 0.8518839896430245
0.5186675822202383 0.8518839896430245
0.5227079862606424 0.8518839896430245
0.5267483903010464 0.8518839896430245
0.5307887943414504 0.8518839896430245
0.5348291983818545 0.8518839896430245
0.5388696024222586 0.8518839896430245
0.5429100064626626 0.8518839896430245
0.4742231377757939 0.8559243936834284
0.4782635418161979 0.8559243936834284
0.48230394585660197 0.8559243936834284
0.48634434989700603 0.8559243936834284
0.49038475393741005 0.8559243936834284
0.49442515797781406 0.8559243936834284
0.4984655620182181 0.8559243936834284
0.5025059660586222 0.8559243936834284
0.5065463700990263 0.8559243936834284
0.5105867741394302 0.8559243936834284
0.5146271781798343 0.8559243936834284
0.5186675822202383 0.8559243936834284
0.5227079862606424 0.8559243936834284
0.5267483903010464 0.8559243936834284
0.5307887943414504 0.8559243936834284
0.5348291983818545 0.8559243936834284
0.5388696024222586 0.8559243936834284
0.4661423296949858 0.8599647977238325
0.4701827337353899 0.8599647977238325
0.4742231377757939 0.8599647977238325
0.4782635418161979 0.8599647977238325
0.48230394585660197 0.8599647977238325
0.48634434989700603 0.8599647977238325
0.49038475393741005 0.8599647977238325
0.49442515797781406 0.8599647977238325
0.4984655620182181 0.8599647977238325
0.5025059660586222 0.8599647977238325
0.5065463700990263 0.8599647977238325
0.5105867741394302 0.8599647977238325
0.5146271781798343 0.8599647977238325
0.5186675822202383 0.8599647977238325
0.5227079862606424 0.8599647977238325
0.5267483903010464 0.8599647977238325
0.5307887943414504 0.8599647977238325
0.45806152161417774 0.8640052017642366
0.46210192565458175 0.8640052017642366
0.4661423296949858 0.8640052017642366
0.4701827337353899 0.8640052017642366
0.4742231377757939 0.8640052017642366
0.4782635418161979 0.8640052017642366
0.48230394585660197 0.8640052017642366
0.48634434989700603 0.8640052017642366
0.49038475393741005 0.8640052017642366
0.49442515797781406 0.8640052017642366
0.4984655620182181 0.8640052017642366
0.5025059660586222 0.8640052017642366
0.5065463700990263 0.8640052017642366
0.5105867741394302 0.8640052017642366
0.5146271781798343 0.8640052017642366
0.5186675822202383 0.8640052017642366
0.5227079862606424 0.8640052017642366
0.5267483903010464 0.8640052017642366
0.44998071353336966 0.8680456058046406
0.45402111757377367 0.8680456058046406
0.45806152161417774 0.8680456058046406
0.46210192565458175 0.8680456058046406
0.4661423296949858 0.8680456058046406
0.4701827337353899 0.8680456058046406
0.4742231377757939 0.8680456058046406
0.4782635418161979 0.8680456058046406
0.48230394585660197 0.8680456058046406
0.48634434989700603 0.8680456058046406
0.49038475393741005 0.8680456058046406
0.49442515797781406 0.8680456058046406
0.4984655620182181 0.8680456058046406
0.5025059660586222 0.8680456058046406
0.5065463700990263 0.8680456058046406
0.5105867741394302 0.8680456058046406
0.5146271781798343 0.8680456058046406
0.5186675822202383 0.8680456058046406
0.4418999054525615 0.8720860098450447
0.4459403094929656 0.8720860098450447
0.44998071353336966 0.8720860098450447
0.45402111757377367 0.8720860098450447
0.45806152161417774 0.8720860098450447
0.46210192565458175 0.8720860098450447
0.4661423296949858 0.8720860098450447
0.4701827337353899 0.8720860098450447
0.4742231377757939 0.8720860098450447
0.4782635418161979 0.8720860098450447
0.48230394585660197 0.8720860098450447
0.48634434989700603 0.8720860098450447
0.49038475393741005 0.8720860098450447
0.49442515797781406 0.8720860098450447
0.4984655620182181 0.8720860098450447
0.5025059660586222 0.8720860098450447
0.5065463700990263 0.8720860098450447
0.5105867741394302 0.8720860098450447
0.4338190973717535 0.8761264138854487
0.4378595014121575 0.8761264138854487
0.4418999054525615 0.8761264138854487
0.4459403094929656 0.8761264138854487
0.44998071353336966 0.8761264138854487
0.45402111757377367 0.8761264138854487
0.45806152161417774 0.8761264138854487
0.46210192565458175 0.8761264138854487
0.4661423296949858 0.8761264138854487
0.4701827337353899 0.8761264138854487
0.4742231377757939 0.8761264138854487
0.4782635418161979 0.8761264138854487
0.48230394585660197 0.8761264138854487
0.48634434989700603 0.8761264138854487
0.49038475393741005 0.8761264138854487
0.49442515797781406 0.8761264138854487
0.4984655620182181 0.8761264138854487
0.5025059660586222 0.8761264138854487
0.5065463700990263 0.8761264138854487
0.41765748121013735 0.8801668179258527
0.42573828929094537 0.8801668179258527
0.42977869333134944 0.8801668179258527
0.4338190973717535 0.8801668179258527
0.4378595014121575 0.8801668179258527
0.4418999054525615 0.8801668179258527
0.4459403094929656 0.8801668179258527
0.44998071353336966 0.8801668179258527
0.45402111757377367 0.8801668179258527
0.45806152161417774 0.8801668179258527
0.46210192565458175 0.8801668179258527
0.4661423296949858 0.8801668179258527
0.4701827337353899 0.8801668179258527
0.4742231377757939 0.8801668179258527
0.4782635418161979 0.8801668179258527
0.48230394585660197 0.8801668179258527
0.48634434989700603 0.8801668179258527
0.49038475393741005 0.8801668179258527
0.49442515797781406 0.8801668179258527
0.4984655620182181 0.8801668179258527
0.4136170771697333 0.8842072219662568
0.41765748121013735 0.8842072219662568
0.42169788525054136 0.8842072219662568
0.42573828929094537 0.8842072219662568
0.42977869333134944 0.8842072219662568
0.4338190973717535 0.8842072219662568
0.4378595014121575 0.8842072219662568
0.4418999054525615 0.8842072219662568
0.4459403094929656 0.8842072219662568
0.44998071353336966 0.8842072219662568
0.45402111757377367 0.8842072219662568
0.45806152161417774 0.8842072219662568
0.46210192565458175 0.8842072219662568
0.4661423296949858 0.8842072219662568
0.4701827337353899 0.8842072219662568
0.4742231377757939 0.8842072219662568
0.4782635418161979 0.8842072219662568
0.48230394585660197 0.8842072219662568
0.48634434989700603 0.8842072219662568
0.49038475393741005 0.8842072219662568
0.4055362690889252 0.8882476260066607
0.4095766731293292 0.8882476260066607
0.4136170771697333 0.8882476260066607
0.41765748121013735 0.8882476260066607
0.42169788525054136 0.8882476260066607
0.42573828929094537 0.8882476260066607
0.42977869333134944 0.8882476260066607
0.4338190973717535 0.8882476260066607
0.4378595014121575 0.8882476260066607
0.4418999054525615 0.8882476260066607
0.4459403094929656 0.8882476260066607
0.44998071353336966 0.8882476260066607
0.45402111757377367 0.8882476260066607
0.45806152161417774 0.8882476260066607
0.46210192565458175 0.8882476260066607
0.4661423296949858 0.8882476260066607
0.4701827337353899 0.8882476260066607
0.4742231377757939 0.8882476260066607
0.4782635418161979 0.8882476260066607
0.48230394585660197 0.8882476260066607
0.39745546100811713 0.8922880300470648
0.40149586504852114 0.8922880300470648
0.4055362690889252 0.8922880300470648
0.4095766731293292 0.8922880300470648
0.4136170771697333 0.8922880300470648
0.41765748121013735 0.8922880300470648
0.42169788525054136 0.8922880300470648
0.42573828929094537 0.8922880300470648
0.42977869333134944 0.8922880300470648
0.4338190973717535 0.8922880300470648
0.4378595014121575 0.8922880300470648
0.4418999054525615 0.8922880300470648
0.4459403094929656 0.8922880300470648
0.44998071353336966 0.8922880300470648
0.45402111757377367 0.8922880300470648
0.45806152161417774 0.8922880300470648
0.46210192565458175 0.8922880300470648
0.4661423296949858 0.8922880300470648
0.4701827337353899 0.8922880300470648
0.4742231377757939 0.8922880300470648
0.4782635418161979 0.8922880300470648
0.38937465292730905 0.8963284340874689
0.39341505696771306 0.8963284340874689
0.39745546100811713 0.8963284340874689
0.40149586504852114 0.8963284340874689
0.4055362690889252 0.8963284340874689
0.4095766731293292 0.8963284340874689
0.4136170771697333 0.8963284340874689
0.41765748121013735 0.8963284340874689
0.42169788525054136 0.8963284340874689
0.42573828929094537 0.8963284340874689
0.42977869333134944 0.8963284340874689
0.4338190973717535 0.8963284340874689
0.4378595014121575 0.8963284340874689
0.4418999054525615 0.8963284340874689
0.4459403094929656 0.8963284340874689
0.44998071353336966 0.8963284340874689
0.45402111757377367 0.8963284340874689
0.45806152161417774 0.8963284340874689
0.46210192565458175 0.8963284340874689
0.4661423296949858 0.8963284340874689
0.4701827337353899 0.8963284340874689
0.3772534408060969 0.9003688381278729
0.381293844846501 0.9003688381278729
0.385334248886905 0.9003688381278729
0.38937465292730905 0.9003688381278729
0.39341505696771306 0.9003688381278729
0.39745546100811713 0.9003688381278729
0.40149586504852114 0.9003688381278729
0.4055362690889252 0.9003688381278729
0.4095766731293292 0.9003688381278729
0.4136170771697333 0.9003688381278729
0.41765748121013735 0.9003688381278729
0.42169788525054136 0.9003688381278729
0.42573828929094537 0.9003688381278729
0.42977869333134944 0.9003688381278729
0.4338190973717535 0.9003688381278729
0.4378595014121575 0.9003688381278729
0.4418999054525615 0.9003688381278729
0.4459403094929656 0.9003688381278729
0.44998071353336966 0.9003688381278729
0.45402111757377367 0.9003688381278729
0.45806152161417774 0.9003688381278729
0.46210192565458175 0.9003688381278729
0.36917263272528883 0.904409242168277
0.37321303676569284 0.904409242168277
0.3772534408060969 0.904409242168277
0.381293844846501 0.904409242168277
0.385334248886905 0.904409242168277
0.38937465292730905 0.904409242168277
0.39341505696771306 0.904409242168277
0.39745546100811713 0.904409242168277
0.40149586504852114 0.904409242168277
0.4055362690889252 0.904409242168277
0.4095766731293292 0.904409242168277
0.4136170771697333 0.904409242168277
0.41765748121013735 0.904409242168277
0.42169788525054136 0.904409242168277
0.42573828929094537 0.904409242168277
0.42977869333134944 0.904409242168277
0.4338190973717535 0.904409242168277
0.4378595014121575 0.904409242168277
0.4418999054525615 0.904409242168277
0.4459403094929656 0.904409242168277
0.44998071353336966 0.904409242168277
0.45402111757377367 0.904409242168277
0.3570514206040767 0.9084496462086811
0.36109182464448075 0.9084496462086811
0.3651322286848848 0.9084496462086811
0.36917263272528883 0.9084496462086811
0.37321303676569284 0.9084496462086811
0.3772534408060969 0.9084496462086811
0.381293844846501 0.9084496462086811
0.385334248886905 0.9084496462086811
0.38937465292730905 0.9084496462086811
0.39341505696771306 0.9084496462086811
0.39745546100811713 0.9084496462086811
0.40149586504852114 0.9084496462086811
0.4055362690889252 0.9084496462086811
0.4095766731293292 0.9084496462086811
0.4136170771697333 0.9084496462086811
0.41765748121013735 0.9084496462086811
0.42169788525054136 0.9084496462086811
0.42573828929094537 0.9084496462086811
0.42977869333134944 0.9084496462086811
0.4338190973717535 0.9084496462086811
0.4378595014121575 0.9084496462086811
0.4418999054525615 0.9084496462086811
0.4459403094929656 0.9084496462086811
0.44998071353336966 0.9084496462086811
0.34897061252326866 0.912490050249085
0.3530110165636727 0.912490050249085
0.3570514206040767 0.912490050249085
0.36109182464448075 0.912490050249085
0.3651322286848848 0.912490050249085
0.36917263272528883 0.912490050249085
0.37321303676569284 0.912490050249085
0.3772534408060969 0.912490050249085
0.381293844846501 0.912490050249085
0.385334248886905 0.912490050249085
0.38937465292730905 0.912490050249085
0.39341505696771306 0.912490050249085
0.39745546100811713 0.912490050249085
0.40149586504852114 0.912490050249085
0.4055362690889252 0.912490050249085
0.4095766731293292 0.912490050249085
0.4136170771697333 0.912490050249085
0.41765748121013735 0.912490050249085
0.42169788525054136 0.912490050249085
0.42573828929094537 0.912490050249085
0.42977869333134944 0.912490050249085
0.4338190973717535 0.912490050249085
0.4378595014121575 0.912490050249085
0.3368494004020565 0.9165304542894891
0.34088980444246053 0.9165304542894891
0.3449302084828646 0.9165304542894891
0.34897061252326866 0.9165304542894891
0.3530110165636727 0.9165304542894891
0.3570514206040767 0.9165304542894891
0.36109182464448075 0.9165304542894891
0.3651322286848848 0.9165304542894891
0.36917263272528883 0.9165304542894891
0.37321303676569284 0.9165304542894891
0.3772534408060969 0.9165304542894891
0.381293844846501 0.9165304542894891
0.385334248886905 0.9165304542894891
0.38937465292730905 0.9165304542894891
0.39341505696771306 0.9165304542894891
0.39745546100811713 0.9165304542894891
0.40149586504852114 0.9165304542894891
0.4055362690889252 0.9165304542894891
0.4095766731293292 0.9165304542894891
0.4136170771697333 0.9165304542894891
0.41765748121013735 0.9165304542894891
0.42169788525054136 0.9165304542894891
0.42573828929094537 0.9165304542894891
0.42977869333134944 0.9165304542894891
0.3247281882808444 0.920570858329893
0.32876859232124844 0.920570858329893
0.33280899636165245 0.920570858329893
0.3368494004020565 0.920570858329893
0.34088980444246053 0.920570858329893
0.3449302084828646 0.920570858329893
0.34897061252326866 0.920570858329893
0.3530110165636727 0.920570858329893
0.3570514206040767 0.920570858329893
0.36109182464448075 0.920570858329893
0.3651322286848848 0.920570858329893
0.36917263272528883 0.920570858329893
0.37321303676569284 0.920570858329893
0.3772534408060969 0.920570858329893
0.381293844846501 0.920570858329893
0.385334248886905 0.920570858329893
0.38937465292730905 0.920570858329893
0.39341505696771306 0.920570858329893
0.39745546100811713 0.920570858329893
0.40149586504852114 0.920570858329893
0.4055362690889252 0.920570858329893
0.4095766731293292 0.920570858329893
0.4136170771697333 0.920570858329893
0.41765748121013735 0.920570858329893
0.42169788525054136 0.920570858329893
0.3166473802000363 0.9246112623702971
0.32068778424044037 0.9246112623702971
0.3247281882808444 0.9246112623702971
0.32876859232124844 0.9246112623702971
0.33280899636165245 0.9246112623702971
0.3368494004020565 0.9246112623702971
0.34088980444246053 0.9246112623702971
0.3449302084828646 0.9246112623702971
0.34897061252326866 0.9246112623702971
0.3530110165636727 0.9246112623702971
0.3570514206040767 0.9246112623702971
0.36109182464448075 0.9246112623702971
0.3651322286848848 0.9246112623702971
0.36917263272528883 0.9246112623702971
0.37321303676569284 0.9246112623702971
0.3772534408060969 0.9246112623702971
0.381293844846501 0.9246112623702971
0.385334248886905 0.9246112623702971
0.38937465292730905 0.9246112623702971
0.39341505696771306 0.9246112623702971
0.39745546100811713 0.9246112623702971
0.40149586504852114 0.9246112623702971
0.4055362690889252 0.9246112623702971
0.4095766731293292 0.9246112623702971
0.4136170771697333 0.9246112623702971
0.30452616807882416 0.9286516664107012
0.3085665721192282 0.9286516664107012
0.3126069761596323 0.9286516664107012
0.3166473802000363 0.9286516664107012
0.32068778424044037 0.9286516664107012
0.3247281882808444 0.9286516664107012
0.32876859232124844 0.9286516664107012
0.33280899636165245 0.9286516664107012
0.3368494004020565 0.9286516664107012
0.34088980444246053 0.9286516664107012
0.3449302084828646 0.9286516664107012
0.34897061252326866 0.9286516664107012
0.3530110165636727 0.9286516664107012
0.3570514206040767 0.9286516664107012
0.36109182464448075 0.9286516664107012
0.3651322286848848 0.9286516664107012
0.36917263272528883 0.9286516664107012
0.37321303676569284 0.9286516664107012
0.3772534408060969 0.9286516664107012
0.381293844846501 0.9286516664107012
0.385334248886905 0.9286516664107012
0.38937465292730905 0.9286516664107012
0.39341505696771306 0.9286516664107012
0.39745546100811713 0.9286516664107012
0.40149586504852114 0.9286516664107012
0.29240495595761207 0.9326920704511052
0.29644535999801613 0.9326920704511052
0.30048576403842014 0.9326920704511052
0.30452616807882416 0.9326920704511052
0.3085665721192282 0.9326920704511052
0.3126069761596323 0.9326920704511052
0.3166473802000363 0.9326920704511052
0.32068778424044037 0.9326920704511052
0.3247281882808444 0.9326920704511052
0.32876859232124844 0.9326920704511052
0.33280899636165245 0.9326920704511052
0.3368494004020565 0.9326920704511052
0.34088980444246053 0.9326920704511052
0.3449302084828646 0.9326920704511052
0.34897061252326866 0.9326920704511052
0.3530110165636727 0.9326920704511052
0.3570514206040767 0.9326920704511052
0.36109182464448075 0.9326920704511052
0.3651322286848848 0.9326920704511052
0.36917263272528883 0.9326920704511052
0.37321303676569284 0.9326920704511052
0.3772534408060969 0.9326920704511052
0.381293844846501 0.9326920704511052
0.385334248886905 0.9326920704511052
0.38937465292730905 0.9326920704511052
0.39341505696771306 0.9326920704511052
0.39745546100811713 0.9326920704511052
0.29240495595761207 0.9367324744915093
0.29644535999801613 0.9367324744915093
0.30048576403842014 0.9367324744915093
0.30452616807882416 0.9367324744915093
0.3085665721192282 0.9367324744915093
0.3126069761596323 0.9367324744915093
0.3166473802000363 0.9367324744915093
0.32068778424044037 0.9367324744915093
0.3247281882808444 0.9367324744915093
0.32876859232124844 0.9367324744915093
0.33280899636165245 0.9367324744915093
0.3368494004020565 0.9367324744915093
0.34088980444246053 0.9367324744915093
0.3449302084828646 0.9367324744915093
0.34897061252326866 0.9367324744915093
0.3530110165636727 0.9367324744915093
0.3570514206040767 0.9367324744915093
0.36109182464448075 0.9367324744915093
0.3651322286848848 0.9367324744915093
0.36917263272528883 0.9367324744915093
0.37321303676569284 0.9367324744915093
0.3772534408060969 0.9367324744915093
0.381293844846501 0.9367324744915093
0.385334248886905 0.9367324744915093
0.29240495595761207 0.9407728785319134
0.29644535999801613 0.9407728785319134
0.30048576403842014 0.9407728785319134
0.30452616807882416 0.9407728785319134
0.3085665721192282 0.9407728785319134
0.3126069761596323 0.9407728785319134
0.3166473802000363 0.9407728785319134
0.32068778424044037 0.9407728785319134
0.3247281882808444 0.9407728785319134
0.32876859232124844 0.9407728785319134
0.33280899636165245 0.9407728785319134
0.3368494004020565 0.9407728785319134
0.34088980444246053 0.9407728785319134
0.3449302084828646 0.9407728785319134
0.34897061252326866 0.9407728785319134
0.3530110165636727 0.9407728785319134
0.3570514206040767 0.9407728785319134
0.36109182464448075 0.9407728785319134
0.3651322286848848 0.9407728785319134
0.36917263272528883 0.9407728785319134
0.37321303676569284 0.9407728785319134
0.3772534408060969 0.9407728785319134
0.29240495595761207 0.9448132825723174
0.29644535999801613 0.9448132825723174
0.30048576403842014 0.9448132825723174
0.30452616807882416 0.9448132825723174
0.3085665721192282 0.9448132825723174
0.3126069761596323 0.9448132825723174
0.3166473802000363 0.9448132825723174
0.32068778424044037 0.9448132825723174
0.3247281882808444 0.9448132825723174
0.32876859232124844 0.9448132825723174
0.33280899636165245 0.9448132825723174
0.3368494004020565 0.9448132825723174
0.34088980444246053 0.9448132825723174
0.3449302084828646 0.9448132825723174
0.34897061252326866 0.9448132825723174
0.3530110165636727 0.9448132825723174
0.3570514206040767 0.9448132825723174
0.36109182464448075 0.9448132825723174
0.3651322286848848 0.9448132825723174
0.29240495595761207 0.9488536866127214
0.29644535999801613 0.9488536866127214
0.30048576403842014 0.9488536866127214
0.30452616807882416 0.9488536866127214
0.3085665721192282 0.9488536866127214
0.3126069761596323 0.9488536866127214
0.3166473802000363 0.9488536866127214
0.32068778424044037 0.9488536866127214
0.3247281882808444 0.9488536866127214
0.32876859232124844 0.9488536866127214
0.33280899636165245 0.9488536866127214
0.3368494004020565 0.9488536866127214
0.34088980444246053 0.9488536866127214
0.3449302084828646 0.9488536866127214
0.34897061252326866 0.9488536866127214
0.3530110165636727 0.9488536866127214
0.3570514206040767 0.9488536866127214
0.29240495595761207 0.9528940906531255
0.29644535999801613 0.9528940906531255
0.30048576403842014 0.9528940906531255
0.30452616807882416 0.9528940906531255
0.3085665721192282 0.9528940906531255
0.3126069761596323 0.9528940906531255
0.3166473802000363 0.9528940906531255
0.32068778424044037 0.9528940906531255
0.3247281882808444 0.9528940906531255
0.32876859232124844 0.9528940906531255
0.33280899636165245 0.9528940906531255
0.3368494004020565 0.9528940906531255
0.34088980444246053 0.9528940906531255
0.3449302084828646 0.9528940906531255
0.29240495595761207 0.9569344946935294
0.29644535999801613 0.9569344946935294
0.30048576403842014 0.9569344946935294
0.30452616807882416 0.9569344946935294
0.3085665721192282 0.9569344946935294
0.3126069761596323 0.9569344946935294
0.3166473802000363 0.9569344946935294
0.32068778424044037 0.9569344946935294
0.3247281882808444 0.9569344946935294
0.32876859232124844 0.9569344946935294
0.33280899636165245 0.9569344946935294
0.3368494004020565 0.9569344946935294
0.29240495595761207 0.9609748987339335
0.29644535999801613 0.9609748987339335
0.30048576403842014 0.9609748987339335
0.30452616807882416 0.9609748987339335
0.3085665721192282 0.9609748987339335
0.3126069761596323 0.9609748987339335
0.3166473802000363 0.9609748987339335
0.32068778424044037 0.9609748987339335
0.3247281882808444 0.9609748987339335
0.29240495595761207 0.9650153027743376
0.29644535999801613 0.9650153027743376
0.30048576403842014 0.9650153027743376
0.30452616807882416 0.9650153027743376
0.3085665721192282 0.9650153027743376
0.3126069761596323 0.9650153027743376
0.29240495595761207 0.9690557068147416
0.29644535999801613 0.9690557068147416
0.30048576403842014 0.9690557068147416
