# x y
0.6999804565800667 0.7145102522692871
0.6959400525396626 0.7185506563096911
0.6918996484992587 0.7225910603500951
0.6878592444588546 0.7266314643904992
0.6838188404184505 0.7306718684309033
0.6797784363780466 0.7347122724713073
0.6716976282972384 0.7387526765117113
0.6757380323376425 0.7387526765117113
0.6676572242568344 0.7427930805521153
0.6716976282972384 0.7427930805521153
0.6636168202164303 0.7468334845925194
0.6676572242568344 0.7468334845925194
0.6595764161760262 0.7508738886329235
0.6555360121356223 0.7549142926733274
0.6514956080952182 0.7589546967137315
0.6474552040548143 0.7629951007541356
0.6393743959740061 0.7670355047945396
0.6434148000144102 0.7670355047945396
0.6353339919336021 0.7710759088349436
0.6393743959740061 0.7710759088349436
0.631293587893198 0.7751163128753477
0.6272531838527939 0.7791567169157517
0.6191723757719859 0.7831971209561558
0.6232127798123899 0.7831971209561558
0.6151319717315819 0.7872375249965597
0.6191723757719859 0.7872375249965597
0.6110915676911779 0.7912779290369638
0.6070511636507738 0.7953183330773679
0.5989703555699657 0.799358737117772
0.6030107596103698 0.799358737117772
0.5949299515295616 0.803399141158176
0.5908895474891576 0.80743954519858
0.5828087394083495 0.811479949238984
0.5868491434487536 0.811479949238984
0.5787683353679456 0.8155203532793881
0.5706875272871375 0.819560757319792
0.5747279313275415 0.819560757319792
0.5666471232467334 0.8236011613601961
0.5585663151659253 0.8276415654006002
0.5626067192063293 0.8276415654006002
0.5545259111255212 0.8316819694410043
0.5585663151659253 0.8316819694410043
0.5464451030447132 0.8357223734814083
0.5504855070851172 0.8357223734814083
0.5424046990043092 0.8397627775218124
0.5343238909235011 0.8438031815622163
0.5383642949639051 0.8438031815622163
0.530283486883097 0.8478435856026204
0.5222026788022889 0.8518839896430245
0.5262430828426929 0.8518839896430245
0.5141218707214809 0.8559243936834284
0.5181622747618849 0.8559243936834284
0.5100814666810768 0.8599647977238325
0.5020006586002688 0.8640052017642366
0.5060410626406728 0.8640052017642366
0.49391985051946063 0.8680456058046406
0.4979602545598647 0.8680456058046406
0.4858390424386526 0.8720860098450447
0.4898794464790566 0.8720860098450447
0.48179863839824855 0.8761264138854487
0.4858390424386526 0.8761264138854487
0.47371783031744047 0.8801668179258527
0.4777582343578445 0.8801668179258527
0.4656370222366324 0.8842072219662568
0.46967742627703646 0.8842072219662568
0.45755621415582426 0.8882476260066607
0.4615966181962283 0.8882476260066607
0.44947540607501624 0.8922880300470648
0.45351581011542025 0.8922880300470648
0.4413945979942081 0.8963284340874689
0.44543500203461217 0.8963284340874689
0.4333137899134001 0.9003688381278729
0.4373541939538041 0.9003688381278729
0.42523298183259195 0.904409242168277
0.429273385872996 0.904409242168277
0.41715217375178393 0.9084496462086811
0.42119257779218794 0.9084496462086811
0.4050309616305718 0.912490050249085
0.4090713656709758 0.912490050249085
0.41311176971137986 0.912490050249085
0.3969501535497637 0.9165304542894891
0.4009905575901677 0.9165304542894891
0.38886934546895563 0.920570858329893
0.39290974950935964 0.920570858329893
0.3767481333477435 0.9246112623702971
0.38078853738814755 0.9246112623702971
0.38482894142855156 0.9246112623702971
0.3686673252669354 0.9286516664107012
0.3727077293073394 0.9286516664107012
0.35654611314572326 0.9326920704511052
0.36058651718612733 0.9326920704511052
0.3646269212265314 0.9326920704511052
0.34846530506491524 0.9367324744915093
0.35250570910531925 0.9367324744915093
0.3363440929437031 0.9407728785319134
0.3403844969841071 0.9407728785319134
0.3444249010245112 0.9407728785319134
0.32422288082249096 0.9448132825723174
0.328263284862895 0.9448132825723174
0.33230368890329903 0.9448132825723174
0.31210166870127887 0.9488536866127214
0.3161420727416829 0.9488536866127214
0.3201824767820869 0.9488536866127214
0.2999804565800667 0.9528940906531255
0.30402086062047073 0.9528940906531255
0.3080612646608748 0.9528940906531255
