# x y
0.6999764868903862 0.7145102522692871
0.6959360828499821 0.7185506563096911
0.6918956788095781 0.7225910603500951
0.6878552747691741 0.7266314643904992
0.68381487072877 0.7306718684309033
0.675734062647962 0.7347122724713073
0.679774466688366 0.7347122724713073
0.6716936586075579 0.7387526765117113
0.675734062647962 0.7387526765117113
0.6676532545671539 0.7427930805521153
0.6716936586075579 0.7427930805521153
0.6636128505267498 0.7468334845925194
0.6676532545671539 0.7468334845925194
0.6595724464863457 0.7508738886329235
0.6555320424459418 0.7549142926733274
0.6514916384055377 0.7589546967137315
0.6434108303247297 0.7629951007541356
0.6474512343651337 0.7629951007541356
0.6393704262843256 0.7670355047945396
0.6434108303247297 0.7670355047945396
0.6353300222439215 0.7710759088349436
0.6393704262843256 0.7710759088349436
0.6312896182035175 0.7751163128753477
0.6272492141631134 0.7791567169157517
0.6191684060823054 0.7831971209561558
0.6232088101227093 0.7831971209561558
0.6151280020419013 0.7872375249965597
0.6191684060823054 0.7872375249965597
0.6110875980014974 0.7912779290369638
0.6030067899206892 0.7953183330773679
0.6070471939610933 0.7953183330773679
0.5989663858802852 0.799358737117772
0.6030067899206892 0.799358737117772
0.5949259818398811 0.803399141158176
0.5868451737590731 0.80743954519858
0.590885577799477 0.80743954519858
0.582804769718669 0.811479949238984
0.5868451737590731 0.811479949238984
0.5787643656782651 0.8155203532793881
0.5706835575974569 0.819560757319792
0.574723961637861 0.819560757319792
0.5666431535570529 0.8236011613601961
0.5585623454762447 0.8276415654006002
0.5626027495166488 0.8276415654006002
0.5545219414358407 0.8316819694410043
0.5585623454762447 0.8316819694410043
0.5464411333550326 0.8357223734814083
0.5504815373954367 0.8357223734814083
0.5424007293146287 0.8397627775218124
0.5464411333550326 0.8397627775218124
0.5343199212338205 0.8438031815622163
0.5383603252742246 0.8438031815622163
0.5302795171934165 0.8478435856026204
0.5221987091126084 0.8518839896430245
0.5262391131530124 0.8518839896430245
0.5141179010318003 0.8559243936834284
0.5181583050722044 0.8559243936834284
0.5100774969913963 0.8599647977238325
0.5141179010318003 0.8599647977238325
0.5019966889105882 0.8640052017642366
0.5060370929509923 0.8640052017642366
0.4939158808297801 0.8680456058046406
0.4979562848701842 0.8680456058046406
0.4858350727489721 0.8720860098450447
0.4898754767893761 0.8720860098450447
0.481794668708568 0.8761264138854487
0.4858350727489721 0.8761264138854487
0.47371386062775994 0.8801668179258527
0.47775426466816395 0.8801668179258527
0.46563305254695186 0.8842072219662568
0.46967345658735593 0.8842072219662568
0.45755224446614373 0.8882476260066607
0.4615926485065478 0.8882476260066607
0.4494714363853357 0.8922880300470648
0.4535118404257397 0.8922880300470648
0.4413906283045276 0.8963284340874689
0.44543103234493164 0.8963284340874689
0.43330982022371956 0.9003688381278729
0.43735022426412357 0.9003688381278729
0.4252290121429114 0.904409242168277
0.4292694161833155 0.904409242168277
0.4171482040621034 0.9084496462086811
0.4211886081025074 0.9084496462086811
0.40502699194089126 0.912490050249085
0.40906739598129527 0.912490050249085
0.41310780002169933 0.912490050249085
0.3969461838600832 0.9165304542894891
0.4009865879004872 0.9165304542894891
0.3888653757792751 0.920570858329893
0.3929057798196791 0.920570858329893
0.37674416365806296 0.9246112623702971
0.380784567698467 0.9246112623702971
0.38482497173887104 0.9246112623702971
0.3686633555772549 0.9286516664107012
0.3727037596176589 0.9286516664107012
0.35654214345604274 0.9326920704511052
0.3605825474964468 0.9326920704511052
0.36462295153685087 0.9326920704511052
0.34442093133483065 0.9367324744915093
0.3484613353752347 0.9367324744915093
0.3525017394156387 0.9367324744915093
0.33634012325402257 0.9407728785319134
0.3403805272944266 0.9407728785319134
0.34442093133483065 0.9407728785319134
0.32421891113281043 0.9448132825723174
0.3282593151732145 0.9448132825723174
0.3322997192136185 0.9448132825723174
0.31209769901159834 0.9488536866127214
0.31613810305200235 0.9488536866127214
0.32017850709240636 0.9488536866127214
0.2999764868903862 0.9528940906531255
0.3040168909307902 0.9528940906531255
0.3080572949711943 0.9528940906531255
