# x y
0.6595724464863457 0.7791567169157517
0.5989663858802852 0.8155203532793881
0.574723961637861 0.8276415654006002
0.5262391131530124 0.8599647977238325
0.5181583050722044 0.8640052017642366
0.5221987091126084 0.8680456058046406
0.5060370929509923 0.8720860098450447
0.5302795171934165 0.8761264138854487
0.5019966889105882 0.8801668179258527
0.46563305254695186 0.9003688381278729
0.4009865879004872 0.9246112623702971
0.3888653757792751 0.9286516664107012
0.3403805272944266 0.9488536866127214
0.3929057798196791 0.9488536866127214
0.3484613353752347 0.9528940906531255
0.31613810305200235 0.9650153027743376
0.3040168909307902 0.9690557068147416
0.3322997192136185 0.9730961108551457
