# x y
0.6997357807601456 0.706429444188479
0.6956953767197416 0.710469848228883
0.6997357807601456 0.710469848228883
0.6916549726793375 0.7145102522692871
0.6956953767197416 0.7145102522692871
0.6997357807601456 0.7145102522692871
0.6876145686389334 0.7185506563096911
0.6916549726793375 0.7185506563096911
0.6956953767197416 0.7185506563096911
0.6997357807601456 0.7185506563096911
0.6835741645985294 0.7225910603500951
0.6876145686389334 0.7225910603500951
0.6916549726793375 0.7225910603500951
0.6956953767197416 0.7225910603500951
0.6997357807601456 0.7225910603500951
0.6795337605581254 0.7266314643904992
0.6835741645985294 0.7266314643904992
0.6876145686389334 0.7266314643904992
0.6916549726793375 0.7266314643904992
0.6956953767197416 0.7266314643904992
0.6754933565177214 0.7306718684309033
0.6795337605581254 0.7306718684309033
0.6835741645985294 0.7306718684309033
0.6876145686389334 0.7306718684309033
0.6916549726793375 0.7306718684309033
0.6714529524773174 0.7347122724713073
0.6754933565177214 0.7347122724713073
0.6795337605581254 0.7347122724713073
0.6835741645985294 0.7347122724713073
0.6674125484369133 0.7387526765117113
0.6714529524773174 0.7387526765117113
0.6754933565177214 0.7387526765117113
0.6795337605581254 0.7387526765117113
0.6633721443965093 0.7427930805521153
0.6674125484369133 0.7427930805521153
0.6714529524773174 0.7427930805521153
0.6754933565177214 0.7427930805521153
0.6552913363157011 0.7468334845925194
0.6593317403561052 0.7468334845925194
0.6633721443965093 0.7468334845925194
0.6674125484369133 0.7468334845925194
0.6714529524773174 0.7468334845925194
0.6512509322752971 0.7508738886329235
0.6552913363157011 0.7508738886329235
0.6593317403561052 0.7508738886329235
0.6633721443965093 0.7508738886329235
0.6674125484369133 0.7508738886329235
0.6472105282348931 0.7549142926733274
0.6512509322752971 0.7549142926733274
0.6552913363157011 0.7549142926733274
0.6593317403561052 0.7549142926733274
0.6633721443965093 0.7549142926733274
0.643170124194489 0.7589546967137315
0.6472105282348931 0.7589546967137315
0.6512509322752971 0.7589546967137315
0.6552913363157011 0.7589546967137315
0.6593317403561052 0.7589546967137315
0.6391297201540851 0.7629951007541356
0.643170124194489 0.7629951007541356
0.6472105282348931 0.7629951007541356
0.6512509322752971 0.7629951007541356
0.6552913363157011 0.7629951007541356
0.635089316113681 0.7670355047945396
0.6391297201540851 0.7670355047945396
0.643170124194489 0.7670355047945396
0.6472105282348931 0.7670355047945396
0.6512509322752971 0.7670355047945396
0.6270085080328729 0.7710759088349436
0.631048912073277 0.7710759088349436
0.635089316113681 0.7710759088349436
0.6391297201540851 0.7710759088349436
0.643170124194489 0.7710759088349436
0.6229681039924688 0.7751163128753477
0.6270085080328729 0.7751163128753477
0.631048912073277 0.7751163128753477
0.635089316113681 0.7751163128753477
0.6391297201540851 0.7751163128753477
0.6189276999520648 0.7791567169157517
0.6229681039924688 0.7791567169157517
0.6270085080328729 0.7791567169157517
0.631048912073277 0.7791567169157517
0.635089316113681 0.7791567169157517
0.6148872959116607 0.7831971209561558
0.6189276999520648 0.7831971209561558
0.6229681039924688 0.7831971209561558
0.6270085080328729 0.7831971209561558
0.631048912073277 0.7831971209561558
0.6068064878308527 0.7872375249965597
0.6108468918712567 0.7872375249965597
0.6148872959116607 0.7872375249965597
0.6189276999520648 0.7872375249965597
0.6229681039924688 0.7872375249965597
0.6027660837904487 0.7912779290369638
0.6068064878308527 0.7912779290369638
0.6108468918712567 0.7912779290369638
0.6148872959116607 0.7912779290369638
0.6189276999520648 0.7912779290369638
0.5987256797500446 0.7953183330773679
0.6027660837904487 0.7953183330773679
0.6068064878308527 0.7953183330773679
0.6108468918712567 0.7953183330773679
0.6148872959116607 0.7953183330773679
0.5906448716692365 0.799358737117772
0.5946852757096406 0.799358737117772
0.5987256797500446 0.799358737117772
0.6027660837904487 0.799358737117772
0.6068064878308527 0.799358737117772
0.6108468918712567 0.799358737117772
0.5866044676288324 0.803399141158176
0.5906448716692365 0.803399141158176
0.5946852757096406 0.803399141158176
0.5987256797500446 0.803399141158176
0.6027660837904487 0.803399141158176
0.5785236595480244 0.80743954519858
0.5825640635884284 0.80743954519858
0.5866044676288324 0.80743954519858
0.5906448716692365 0.80743954519858
0.5946852757096406 0.80743954519858
0.5987256797500446 0.80743954519858
0.5744832555076204 0.811479949238984
0.5785236595480244 0.811479949238984
0.5825640635884284 0.811479949238984
0.5866044676288324 0.811479949238984
0.5906448716692365 0.811479949238984
0.5946852757096406 0.811479949238984
0.5704428514672164 0.8155203532793881
0.5744832555076204 0.8155203532793881
0.5785236595480244 0.8155203532793881
0.5825640635884284 0.8155203532793881
0.5866044676288324 0.8155203532793881
0.5623620433864083 0.819560757319792
0.5664024474268123 0.819560757319792
0.5704428514672164 0.819560757319792
0.5744832555076204 0.819560757319792
0.5785236595480244 0.819560757319792
0.5825640635884284 0.819560757319792
0.5583216393460042 0.8236011613601961
0.5623620433864083 0.8236011613601961
0.5664024474268123 0.8236011613601961
0.5704428514672164 0.8236011613601961
0.5744832555076204 0.8236011613601961
0.5502408312651961 0.8276415654006002
0.5542812353056001 0.8276415654006002
0.5583216393460042 0.8276415654006002
0.5623620433864083 0.8276415654006002
0.5664024474268123 0.8276415654006002
0.5704428514672164 0.8276415654006002
0.5462004272247921 0.8316819694410043
0.5502408312651961 0.8316819694410043
0.5542812353056001 0.8316819694410043
0.5583216393460042 0.8316819694410043
0.5623620433864083 0.8316819694410043
0.5664024474268123 0.8316819694410043
0.538119619143984 0.8357223734814083
0.542160023184388 0.8357223734814083
0.5462004272247921 0.8357223734814083
0.5502408312651961 0.8357223734814083
0.5542812353056001 0.8357223734814083
0.5583216393460042 0.8357223734814083
0.53407921510358 0.8397627775218124
0.538119619143984 0.8397627775218124
0.542160023184388 0.8397627775218124
0.5462004272247921 0.8397627775218124
0.5502408312651961 0.8397627775218124
0.5542812353056001 0.8397627775218124
0.5259984070227719 0.8438031815622163
0.530038811063176 0.8438031815622163
0.53407921510358 0.8438031815622163
0.538119619143984 0.8438031815622163
0.542160023184388 0.8438031815622163
0.5462004272247921 0.8438031815622163
0.5179175989419638 0.8478435856026204
0.5219580029823678 0.8478435856026204
0.5259984070227719 0.8478435856026204
0.530038811063176 0.8478435856026204
0.53407921510358 0.8478435856026204
0.538119619143984 0.8478435856026204
0.542160023184388 0.8478435856026204
0.5138771949015597 0.8518839896430245
0.5179175989419638 0.8518839896430245
0.5219580029823678 0.8518839896430245
0.5259984070227719 0.8518839896430245
0.530038811063176 0.8518839896430245
0.53407921510358 0.8518839896430245
0.5057963868207517 0.8559243936834284
0.5098367908611557 0.8559243936834284
0.5138771949015597 0.8559243936834284
0.5179175989419638 0.8559243936834284
0.5219580029823678 0.8559243936834284
0.5259984070227719 0.8559243936834284
0.4977155787399436 0.8599647977238325
0.5017559827803476 0.8599647977238325
0.5057963868207517 0.8599647977238325
0.5098367908611557 0.8599647977238325
0.5138771949015597 0.8599647977238325
0.5179175989419638 0.8599647977238325
0.5219580029823678 0.8599647977238325
0.4936751746995396 0.8640052017642366
0.4977155787399436 0.8640052017642366
0.5017559827803476 0.8640052017642366
0.5057963868207517 0.8640052017642366
0.5098367908611557 0.8640052017642366
0.5138771949015597 0.8640052017642366
0.48559436661873145 0.8680456058046406
0.4896347706591355 0.8680456058046406
0.4936751746995396 0.8680456058046406
0.4977155787399436 0.8680456058046406
0.5017559827803476 0.8680456058046406
0.5057963868207517 0.8680456058046406
0.47751355853792343 0.8720860098450447
0.48155396257832744 0.8720860098450447
0.48559436661873145 0.8720860098450447
0.4896347706591355 0.8720860098450447
0.4936751746995396 0.8720860098450447
0.4977155787399436 0.8720860098450447
0.5017559827803476 0.8720860098450447
0.4694327504571153 0.8761264138854487
0.47347315449751937 0.8761264138854487
0.47751355853792343 0.8761264138854487
0.48155396257832744 0.8761264138854487
0.48559436661873145 0.8761264138854487
0.4896347706591355 0.8761264138854487
0.4936751746995396 0.8761264138854487
0.4613519423763072 0.8801668179258527
0.4653923464167113 0.8801668179258527
0.4694327504571153 0.8801668179258527
0.47347315449751937 0.8801668179258527
0.47751355853792343 0.8801668179258527
0.48155396257832744 0.8801668179258527
0.48559436661873145 0.8801668179258527
0.45327113429549915 0.8842072219662568
0.4573115383359032 0.8842072219662568
0.4613519423763072 0.8842072219662568
0.4653923464167113 0.8842072219662568
0.4694327504571153 0.8842072219662568
0.47347315449751937 0.8842072219662568
0.47751355853792343 0.8842072219662568
0.44519032621469107 0.8882476260066607
0.4492307302550951 0.8882476260066607
0.45327113429549915 0.8882476260066607
0.4573115383359032 0.8882476260066607
0.4613519423763072 0.8882476260066607
0.4653923464167113 0.8882476260066607
0.4694327504571153 0.8882476260066607
0.437109518133883 0.8922880300470648
0.44114992217428706 0.8922880300470648
0.44519032621469107 0.8922880300470648
0.4492307302550951 0.8922880300470648
0.45327113429549915 0.8922880300470648
0.4573115383359032 0.8922880300470648
0.4613519423763072 0.8922880300470648
0.4653923464167113 0.8922880300470648
0.4290287100530749 0.8963284340874689
0.4330691140934789 0.8963284340874689
0.437109518133883 0.8963284340874689
0.44114992217428706 0.8963284340874689
0.44519032621469107 0.8963284340874689
0.4492307302550951 0.8963284340874689
0.45327113429549915 0.8963284340874689
0.4573115383359032 0.8963284340874689
0.42094790197226684 0.9003688381278729
0.4249883060126709 0.9003688381278729
0.4290287100530749 0.9003688381278729
0.4330691140934789 0.9003688381278729
0.437109518133883 0.9003688381278729
0.44114992217428706 0.9003688381278729
0.44519032621469107 0.9003688381278729
0.4492307302550951 0.9003688381278729
0.41286709389145876 0.904409242168277
0.41690749793186277 0.904409242168277
0.42094790197226684 0.904409242168277
0.4249883060126709 0.904409242168277
0.4290287100530749 0.904409242168277
0.4330691140934789 0.904409242168277
0.437109518133883 0.904409242168277
0.44114992217428706 0.904409242168277
0.4047862858106507 0.9084496462086811
0.4088266898510547 0.9084496462086811
0.41286709389145876 0.9084496462086811
0.41690749793186277 0.9084496462086811
0.42094790197226684 0.9084496462086811
0.4249883060126709 0.9084496462086811
0.4290287100530749 0.9084496462086811
0.4330691140934789 0.9084496462086811
0.39266507368943854 0.912490050249085
0.3967054777298426 0.912490050249085
0.4007458817702466 0.912490050249085
0.4047862858106507 0.912490050249085
0.4088266898510547 0.912490050249085
0.41286709389145876 0.912490050249085
0.41690749793186277 0.912490050249085
0.42094790197226684 0.912490050249085
0.38458426560863046 0.9165304542894891
0.3886246696490345 0.9165304542894891
0.39266507368943854 0.9165304542894891
0.3967054777298426 0.9165304542894891
0.4007458817702466 0.9165304542894891
0.4047862858106507 0.9165304542894891
0.4088266898510547 0.9165304542894891
0.41286709389145876 0.9165304542894891
0.3765034575278224 0.920570858329893
0.3805438615682264 0.920570858329893
0.38458426560863046 0.920570858329893
0.3886246696490345 0.920570858329893
0.39266507368943854 0.920570858329893
0.3967054777298426 0.920570858329893
0.4007458817702466 0.920570858329893
0.4047862858106507 0.920570858329893
0.36438224540661024 0.9246112623702971
0.3684226494470143 0.9246112623702971
0.37246305348741837 0.9246112623702971
0.3765034575278224 0.9246112623702971
0.3805438615682264 0.9246112623702971
0.38458426560863046 0.9246112623702971
0.3886246696490345 0.9246112623702971
0.39266507368943854 0.9246112623702971
0.3967054777298426 0.9246112623702971
0.3563014373258022 0.9286516664107012
0.36034184136620623 0.9286516664107012
0.36438224540661024 0.9286516664107012
0.3684226494470143 0.9286516664107012
0.37246305348741837 0.9286516664107012
0.3765034575278224 0.9286516664107012
0.3805438615682264 0.9286516664107012
0.38458426560863046 0.9286516664107012
0.3441802252045901 0.9326920704511052
0.3482206292449941 0.9326920704511052
0.35226103328539815 0.9326920704511052
0.3563014373258022 0.9326920704511052
0.36034184136620623 0.9326920704511052
0.36438224540661024 0.9326920704511052
0.3684226494470143 0.9326920704511052
0.37246305348741837 0.9326920704511052
0.3765034575278224 0.9326920704511052
0.33205901308337793 0.9367324744915093
0.336099417123782 0.9367324744915093
0.340139821164186 0.9367324744915093
0.3441802252045901 0.9367324744915093
0.3482206292449941 0.9367324744915093
0.35226103328539815 0.9367324744915093
0.3563014373258022 0.9367324744915093
0.36034184136620623 0.9367324744915093
0.36438224540661024 0.9367324744915093
0.31993780096216584 0.9407728785319134
0.32397820500256985 0.9407728785319134
0.3280186090429739 0.9407728785319134
0.33205901308337793 0.9407728785319134
0.336099417123782 0.9407728785319134
0.340139821164186 0.9407728785319134
0.3441802252045901 0.9407728785319134
0.3482206292449941 0.9407728785319134
0.35226103328539815 0.9407728785319134
0.3563014373258022 0.9407728785319134
0.3078165888409537 0.9448132825723174
0.3118569928813577 0.9448132825723174
0.3158973969217618 0.9448132825723174
0.31993780096216584 0.9448132825723174
0.32397820500256985 0.9448132825723174
0.3280186090429739 0.9448132825723174
0.33205901308337793 0.9448132825723174
0.336099417123782 0.9448132825723174
0.340139821164186 0.9448132825723174
0.3441802252045901 0.9448132825723174
0.2997357807601456 0.9488536866127214
0.3037761848005497 0.9488536866127214
0.3078165888409537 0.9488536866127214
0.3118569928813577 0.9488536866127214
0.3158973969217618 0.9488536866127214
0.31993780096216584 0.9488536866127214
0.32397820500256985 0.9488536866127214
0.3280186090429739 0.9488536866127214
0.33205901308337793 0.9488536866127214
0.2997357807601456 0.9528940906531255
0.3037761848005497 0.9528940906531255
0.3078165888409537 0.9528940906531255
0.3118569928813577 0.9528940906531255
0.3158973969217618 0.9528940906531255
0.31993780096216584 0.9528940906531255
0.2997357807601456 0.9569344946935294
0.3037761848005497 0.9569344946935294
0.3078165888409537 0.9569344946935294
