# x y
0.6985880328371712 0.698348636107671
0.6945476287967671 0.702389040148075
0.6985880328371712 0.702389040148075
0.6905072247563631 0.706429444188479
0.6945476287967671 0.706429444188479
0.6985880328371712 0.706429444188479
0.6824264166755549 0.710469848228883
0.686466820715959 0.710469848228883
0.6905072247563631 0.710469848228883
0.6945476287967671 0.710469848228883
0.6985880328371712 0.710469848228883
0.6824264166755549 0.7145102522692871
0.686466820715959 0.7145102522692871
0.6905072247563631 0.7145102522692871
0.6945476287967671 0.7145102522692871
0.6985880328371712 0.7145102522692871
0.678386012635151 0.7185506563096911
0.6824264166755549 0.7185506563096911
0.686466820715959 0.7185506563096911
0.6905072247563631 0.7185506563096911
0.6945476287967671 0.7185506563096911
0.6985880328371712 0.7185506563096911
0.670305204554343 0.7225910603500951
0.6743456085947469 0.7225910603500951
0.678386012635151 0.7225910603500951
0.6824264166755549 0.7225910603500951
0.686466820715959 0.7225910603500951
0.6905072247563631 0.7225910603500951
0.6945476287967671 0.7225910603500951
0.6985880328371712 0.7225910603500951
0.6662648005139389 0.7266314643904992
0.670305204554343 0.7266314643904992
0.6743456085947469 0.7266314643904992
0.678386012635151 0.7266314643904992
0.6824264166755549 0.7266314643904992
0.686466820715959 0.7266314643904992
0.6905072247563631 0.7266314643904992
0.6945476287967671 0.7266314643904992
0.6985880328371712 0.7266314643904992
0.6622243964735348 0.7306718684309033
0.6662648005139389 0.7306718684309033
0.670305204554343 0.7306718684309033
0.6743456085947469 0.7306718684309033
0.678386012635151 0.7306718684309033
0.6824264166755549 0.7306718684309033
0.686466820715959 0.7306718684309033
0.6905072247563631 0.7306718684309033
0.6945476287967671 0.7306718684309033
0.6985880328371712 0.7306718684309033
0.6622243964735348 0.7347122724713073
0.6662648005139389 0.7347122724713073
0.670305204554343 0.7347122724713073
0.6743456085947469 0.7347122724713073
0.678386012635151 0.7347122724713073
0.6824264166755549 0.7347122724713073
0.686466820715959 0.7347122724713073
0.6905072247563631 0.7347122724713073
0.6945476287967671 0.7347122724713073
0.6541435883927267 0.7387526765117113
0.6581839924331307 0.7387526765117113
0.6622243964735348 0.7387526765117113
0.6662648005139389 0.7387526765117113
0.670305204554343 0.7387526765117113
0.6743456085947469 0.7387526765117113
0.678386012635151 0.7387526765117113
0.6824264166755549 0.7387526765117113
0.686466820715959 0.7387526765117113
0.6905072247563631 0.7387526765117113
0.6501031843523226 0.7427930805521153
0.6541435883927267 0.7427930805521153
0.6581839924331307 0.7427930805521153
0.6622243964735348 0.7427930805521153
0.6662648005139389 0.7427930805521153
0.670305204554343 0.7427930805521153
0.6743456085947469 0.7427930805521153
0.678386012635151 0.7427930805521153
0.6824264166755549 0.7427930805521153
0.686466820715959 0.7427930805521153
0.6905072247563631 0.7427930805521153
0.6460627803119187 0.7468334845925194
0.6501031843523226 0.7468334845925194
0.6541435883927267 0.7468334845925194
0.6581839924331307 0.7468334845925194
0.6622243964735348 0.7468334845925194
0.6662648005139389 0.7468334845925194
0.670305204554343 0.7468334845925194
0.6743456085947469 0.7468334845925194
0.678386012635151 0.7468334845925194
0.6824264166755549 0.7468334845925194
0.6379819722311106 0.7508738886329235
0.6420223762715146 0.7508738886329235
0.6460627803119187 0.7508738886329235
0.6501031843523226 0.7508738886329235
0.6541435883927267 0.7508738886329235
0.6581839924331307 0.7508738886329235
0.6622243964735348 0.7508738886329235
0.6662648005139389 0.7508738886329235
0.670305204554343 0.7508738886329235
0.6743456085947469 0.7508738886329235
0.678386012635151 0.7508738886329235
0.6379819722311106 0.7549142926733274
0.6420223762715146 0.7549142926733274
0.6460627803119187 0.7549142926733274
0.6501031843523226 0.7549142926733274
0.6541435883927267 0.7549142926733274
0.6581839924331307 0.7549142926733274
0.6622243964735348 0.7549142926733274
0.6662648005139389 0.7549142926733274
0.670305204554343 0.7549142926733274
0.6743456085947469 0.7549142926733274
0.6299011641503025 0.7589546967137315
0.6339415681907066 0.7589546967137315
0.6379819722311106 0.7589546967137315
0.6420223762715146 0.7589546967137315
0.6460627803119187 0.7589546967137315
0.6501031843523226 0.7589546967137315
0.6541435883927267 0.7589546967137315
0.6581839924331307 0.7589546967137315
0.6622243964735348 0.7589546967137315
0.6662648005139389 0.7589546967137315
0.670305204554343 0.7589546967137315
0.6218203560694944 0.7629951007541356
0.6258607601098984 0.7629951007541356
0.6299011641503025 0.7629951007541356
0.6339415681907066 0.7629951007541356
0.6379819722311106 0.7629951007541356
0.6420223762715146 0.7629951007541356
0.6460627803119187 0.7629951007541356
0.6501031843523226 0.7629951007541356
0.6541435883927267 0.7629951007541356
0.6581839924331307 0.7629951007541356
0.6622243964735348 0.7629951007541356
0.6662648005139389 0.7629951007541356
0.6218203560694944 0.7670355047945396
0.6258607601098984 0.7670355047945396
0.6299011641503025 0.7670355047945396
0.6339415681907066 0.7670355047945396
0.6379819722311106 0.7670355047945396
0.6420223762715146 0.7670355047945396
0.6460627803119187 0.7670355047945396
0.6501031843523226 0.7670355047945396
0.6541435883927267 0.7670355047945396
0.6581839924331307 0.7670355047945396
0.6137395479886862 0.7710759088349436
0.6177799520290903 0.7710759088349436
0.6218203560694944 0.7710759088349436
0.6258607601098984 0.7710759088349436
0.6299011641503025 0.7710759088349436
0.6339415681907066 0.7710759088349436
0.6379819722311106 0.7710759088349436
0.6420223762715146 0.7710759088349436
0.6460627803119187 0.7710759088349436
0.6501031843523226 0.7710759088349436
0.6541435883927267 0.7710759088349436
0.6096991439482823 0.7751163128753477
0.6137395479886862 0.7751163128753477
0.6177799520290903 0.7751163128753477
0.6218203560694944 0.7751163128753477
0.6258607601098984 0.7751163128753477
0.6299011641503025 0.7751163128753477
0.6339415681907066 0.7751163128753477
0.6379819722311106 0.7751163128753477
0.6420223762715146 0.7751163128753477
0.6460627803119187 0.7751163128753477
0.6501031843523226 0.7751163128753477
0.6056587399078782 0.7791567169157517
0.6096991439482823 0.7791567169157517
0.6137395479886862 0.7791567169157517
0.6177799520290903 0.7791567169157517
0.6218203560694944 0.7791567169157517
0.6258607601098984 0.7791567169157517
0.6299011641503025 0.7791567169157517
0.6339415681907066 0.7791567169157517
0.6379819722311106 0.7791567169157517
0.6420223762715146 0.7791567169157517
0.6460627803119187 0.7791567169157517
0.5975779318270702 0.7831971209561558
0.6016183358674743 0.7831971209561558
0.6056587399078782 0.7831971209561558
0.6096991439482823 0.7831971209561558
0.6137395479886862 0.7831971209561558
0.6177799520290903 0.7831971209561558
0.6218203560694944 0.7831971209561558
0.6258607601098984 0.7831971209561558
0.6299011641503025 0.7831971209561558
0.6339415681907066 0.7831971209561558
0.6379819722311106 0.7831971209561558
0.5935375277866661 0.7872375249965597
0.5975779318270702 0.7872375249965597
0.6016183358674743 0.7872375249965597
0.6056587399078782 0.7872375249965597
0.6096991439482823 0.7872375249965597
0.6137395479886862 0.7872375249965597
0.6177799520290903 0.7872375249965597
0.6218203560694944 0.7872375249965597
0.6258607601098984 0.7872375249965597
0.6299011641503025 0.7872375249965597
0.6339415681907066 0.7872375249965597
0.6379819722311106 0.7872375249965597
0.5894971237462621 0.7912779290369638
0.5935375277866661 0.7912779290369638
0.5975779318270702 0.7912779290369638
0.6016183358674743 0.7912779290369638
0.6056587399078782 0.7912779290369638
0.6096991439482823 0.7912779290369638
0.6137395479886862 0.7912779290369638
0.6177799520290903 0.7912779290369638
0.6218203560694944 0.7912779290369638
0.6258607601098984 0.7912779290369638
0.6299011641503025 0.7912779290369638
0.6339415681907066 0.7912779290369638
0.5814163156654539 0.7953183330773679
0.585456719705858 0.7953183330773679
0.5894971237462621 0.7953183330773679
0.5935375277866661 0.7953183330773679
0.5975779318270702 0.7953183330773679
0.6016183358674743 0.7953183330773679
0.6056587399078782 0.7953183330773679
0.6096991439482823 0.7953183330773679
0.6137395479886862 0.7953183330773679
0.6177799520290903 0.7953183330773679
0.6218203560694944 0.7953183330773679
0.6258607601098984 0.7953183330773679
0.57737591162505 0.799358737117772
0.5814163156654539 0.799358737117772
0.585456719705858 0.799358737117772
0.5894971237462621 0.799358737117772
0.5935375277866661 0.799358737117772
0.5975779318270702 0.799358737117772
0.6016183358674743 0.799358737117772
0.6056587399078782 0.799358737117772
0.6096991439482823 0.799358737117772
0.6137395479886862 0.799358737117772
0.6177799520290903 0.799358737117772
0.6218203560694944 0.799358737117772
0.5733355075846459 0.803399141158176
0.57737591162505 0.803399141158176
0.5814163156654539 0.803399141158176
0.585456719705858 0.803399141158176
0.5894971237462621 0.803399141158176
0.5935375277866661 0.803399141158176
0.5975779318270702 0.803399141158176
0.6016183358674743 0.803399141158176
0.6056587399078782 0.803399141158176
0.6096991439482823 0.803399141158176
0.6137395479886862 0.803399141158176
0.5652546995038379 0.80743954519858
0.569295103544242 0.80743954519858
0.5733355075846459 0.80743954519858
0.57737591162505 0.80743954519858
0.5814163156654539 0.80743954519858
0.585456719705858 0.80743954519858
0.5894971237462621 0.80743954519858
0.5935375277866661 0.80743954519858
0.5975779318270702 0.80743954519858
0.6016183358674743 0.80743954519858
0.6056587399078782 0.80743954519858
0.6096991439482823 0.80743954519858
0.6137395479886862 0.80743954519858
0.5571738914230298 0.811479949238984
0.5612142954634338 0.811479949238984
0.5652546995038379 0.811479949238984
0.569295103544242 0.811479949238984
0.5733355075846459 0.811479949238984
0.57737591162505 0.811479949238984
0.5814163156654539 0.811479949238984
0.585456719705858 0.811479949238984
0.5894971237462621 0.811479949238984
0.5935375277866661 0.811479949238984
0.5975779318270702 0.811479949238984
0.6016183358674743 0.811479949238984
0.6056587399078782 0.811479949238984
0.5531334873826257 0.8155203532793881
0.5571738914230298 0.8155203532793881
0.5612142954634338 0.8155203532793881
0.5652546995038379 0.8155203532793881
0.569295103544242 0.8155203532793881
0.5733355075846459 0.8155203532793881
0.57737591162505 0.8155203532793881
0.5814163156654539 0.8155203532793881
0.585456719705858 0.8155203532793881
0.5894971237462621 0.8155203532793881
0.5935375277866661 0.8155203532793881
0.5975779318270702 0.8155203532793881
0.5490930833422216 0.819560757319792
0.5531334873826257 0.819560757319792
0.5571738914230298 0.819560757319792
0.5612142954634338 0.819560757319792
0.5652546995038379 0.819560757319792
0.569295103544242 0.819560757319792
0.5733355075846459 0.819560757319792
0.57737591162505 0.819560757319792
0.5814163156654539 0.819560757319792
0.585456719705858 0.819560757319792
0.5894971237462621 0.819560757319792
0.5935375277866661 0.819560757319792
0.5450526793018177 0.8236011613601961
0.5490930833422216 0.8236011613601961
0.5531334873826257 0.8236011613601961
0.5571738914230298 0.8236011613601961
0.5612142954634338 0.8236011613601961
0.5652546995038379 0.8236011613601961
0.569295103544242 0.8236011613601961
0.5733355075846459 0.8236011613601961
0.57737591162505 0.8236011613601961
0.5814163156654539 0.8236011613601961
0.585456719705858 0.8236011613601961
0.5329314671806056 0.8276415654006002
0.5369718712210095 0.8276415654006002
0.5410122752614136 0.8276415654006002
0.5450526793018177 0.8276415654006002
0.5490930833422216 0.8276415654006002
0.5531334873826257 0.8276415654006002
0.5571738914230298 0.8276415654006002
0.5612142954634338 0.8276415654006002
0.5652546995038379 0.8276415654006002
0.569295103544242 0.8276415654006002
0.5733355075846459 0.8276415654006002
0.57737591162505 0.8276415654006002
0.5814163156654539 0.8276415654006002
0.5288910631402015 0.8316819694410043
0.5329314671806056 0.8316819694410043
0.5369718712210095 0.8316819694410043
0.5410122752614136 0.8316819694410043
0.5450526793018177 0.8316819694410043
0.5490930833422216 0.8316819694410043
0.5531334873826257 0.8316819694410043
0.5571738914230298 0.8316819694410043
0.5612142954634338 0.8316819694410043
0.5652546995038379 0.8316819694410043
0.569295103544242 0.8316819694410043
0.5733355075846459 0.8316819694410043
0.57737591162505 0.8316819694410043
0.5208102550593934 0.8357223734814083
0.5248506590997974 0.8357223734814083
0.5288910631402015 0.8357223734814083
0.5329314671806056 0.8357223734814083
0.5369718712210095 0.8357223734814083
0.5410122752614136 0.8357223734814083
0.5450526793018177 0.8357223734814083
0.5490930833422216 0.8357223734814083
0.5531334873826257 0.8357223734814083
0.5571738914230298 0.8357223734814083
0.5612142954634338 0.8357223734814083
0.5652546995038379 0.8357223734814083
0.569295103544242 0.8357223734814083
0.5167698510189893 0.8397627775218124
0.5208102550593934 0.8397627775218124
0.5248506590997974 0.8397627775218124
0.5288910631402015 0.8397627775218124
0.5329314671806056 0.8397627775218124
0.5369718712210095 0.8397627775218124
0.5410122752614136 0.8397627775218124
0.5450526793018177 0.8397627775218124
0.5490930833422216 0.8397627775218124
0.5531334873826257 0.8397627775218124
0.5571738914230298 0.8397627775218124
0.5612142954634338 0.8397627775218124
0.5652546995038379 0.8397627775218124
0.5127294469785852 0.8438031815622163
0.5167698510189893 0.8438031815622163
0.5208102550593934 0.8438031815622163
0.5248506590997974 0.8438031815622163
0.5288910631402015 0.8438031815622163
0.5329314671806056 0.8438031815622163
0.5369718712210095 0.8438031815622163
0.5410122752614136 0.8438031815622163
0.5450526793018177 0.8438031815622163
0.5490930833422216 0.8438031815622163
0.5531334873826257 0.8438031815622163
0.5571738914230298 0.8438031815622163
0.5046486388977772 0.8478435856026204
0.5086890429381813 0.8478435856026204
0.5127294469785852 0.8478435856026204
0.5167698510189893 0.8478435856026204
0.5208102550593934 0.8478435856026204
0.5248506590997974 0.8478435856026204
0.5288910631402015 0.8478435856026204
0.5329314671806056 0.8478435856026204
0.5369718712210095 0.8478435856026204
0.5410122752614136 0.8478435856026204
0.5450526793018177 0.8478435856026204
0.5490930833422216 0.8478435856026204
0.5531334873826257 0.8478435856026204
0.49252742677656514 0.8518839896430245
0.49656783081696915 0.8518839896430245
0.5006082348573732 0.8518839896430245
0.5046486388977772 0.8518839896430245
0.5086890429381813 0.8518839896430245
0.5127294469785852 0.8518839896430245
0.5167698510189893 0.8518839896430245
0.5208102550593934 0.8518839896430245
0.5248506590997974 0.8518839896430245
0.5288910631402015 0.8518839896430245
0.5329314671806056 0.8518839896430245
0.5369718712210095 0.8518839896430245
0.5410122752614136 0.8518839896430245
0.5450526793018177 0.8518839896430245
0.48848702273616107 0.8559243936834284
0.49252742677656514 0.8559243936834284
0.49656783081696915 0.8559243936834284
0.5006082348573732 0.8559243936834284
0.5046486388977772 0.8559243936834284
0.5086890429381813 0.8559243936834284
0.5127294469785852 0.8559243936834284
0.5167698510189893 0.8559243936834284
0.5208102550593934 0.8559243936834284
0.5248506590997974 0.8559243936834284
0.5288910631402015 0.8559243936834284
0.5329314671806056 0.8559243936834284
0.5369718712210095 0.8559243936834284
0.5410122752614136 0.8559243936834284
0.480406214655353 0.8599647977238325
0.484446618695757 0.8599647977238325
0.48848702273616107 0.8599647977238325
0.49252742677656514 0.8599647977238325
0.49656783081696915 0.8599647977238325
0.5006082348573732 0.8599647977238325
0.5046486388977772 0.8599647977238325
0.5086890429381813 0.8599647977238325
0.5127294469785852 0.8599647977238325
0.5167698510189893 0.8599647977238325
0.5208102550593934 0.8599647977238325
0.5248506590997974 0.8599647977238325
0.5288910631402015 0.8599647977238325
0.5329314671806056 0.8599647977238325
0.4723254065745449 0.8640052017642366
0.476365810614949 0.8640052017642366
0.480406214655353 0.8640052017642366
0.484446618695757 0.8640052017642366
0.48848702273616107 0.8640052017642366
0.49252742677656514 0.8640052017642366
0.49656783081696915 0.8640052017642366
0.5006082348573732 0.8640052017642366
0.5046486388977772 0.8640052017642366
0.5086890429381813 0.8640052017642366
0.5127294469785852 0.8640052017642366
0.5167698510189893 0.8640052017642366
0.5208102550593934 0.8640052017642366
0.5248506590997974 0.8640052017642366
0.46828500253414085 0.8680456058046406
0.4723254065745449 0.8680456058046406
0.476365810614949 0.8680456058046406
0.480406214655353 0.8680456058046406
0.484446618695757 0.8680456058046406
0.48848702273616107 0.8680456058046406
0.49252742677656514 0.8680456058046406
0.49656783081696915 0.8680456058046406
0.5006082348573732 0.8680456058046406
0.5046486388977772 0.8680456058046406
0.5086890429381813 0.8680456058046406
0.5127294469785852 0.8680456058046406
0.5167698510189893 0.8680456058046406
0.5208102550593934 0.8680456058046406
0.46020419445333277 0.8720860098450447
0.46424459849373684 0.8720860098450447
0.46828500253414085 0.8720860098450447
0.4723254065745449 0.8720860098450447
0.476365810614949 0.8720860098450447
0.480406214655353 0.8720860098450447
0.484446618695757 0.8720860098450447
0.48848702273616107 0.8720860098450447
0.49252742677656514 0.8720860098450447
0.49656783081696915 0.8720860098450447
0.5006082348573732 0.8720860098450447
0.5046486388977772 0.8720860098450447
0.5086890429381813 0.8720860098450447
0.5127294469785852 0.8720860098450447
0.4521233863725247 0.8761264138854487
0.45616379041292876 0.8761264138854487
0.46020419445333277 0.8761264138854487
0.46424459849373684 0.8761264138854487
0.46828500253414085 0.8761264138854487
0.4723254065745449 0.8761264138854487
0.476365810614949 0.8761264138854487
0.480406214655353 0.8761264138854487
0.484446618695757 0.8761264138854487
0.48848702273616107 0.8761264138854487
0.49252742677656514 0.8761264138854487
0.49656783081696915 0.8761264138854487
0.5006082348573732 0.8761264138854487
0.5046486388977772 0.8761264138854487
0.4440425782917166 0.8801668179258527
0.4480829823321206 0.8801668179258527
0.4521233863725247 0.8801668179258527
0.45616379041292876 0.8801668179258527
0.46020419445333277 0.8801668179258527
0.46424459849373684 0.8801668179258527
0.46828500253414085 0.8801668179258527
0.4723254065745449 0.8801668179258527
0.476365810614949 0.8801668179258527
0.480406214655353 0.8801668179258527
0.484446618695757 0.8801668179258527
0.48848702273616107 0.8801668179258527
0.49252742677656514 0.8801668179258527
0.49656783081696915 0.8801668179258527
0.5006082348573732 0.8801668179258527
0.4319213661705045 0.8842072219662568
0.43596177021090854 0.8842072219662568
0.4400021742513126 0.8842072219662568
0.4440425782917166 0.8842072219662568
0.4480829823321206 0.8842072219662568
0.4521233863725247 0.8842072219662568
0.45616379041292876 0.8842072219662568
0.46020419445333277 0.8842072219662568
0.46424459849373684 0.8842072219662568
0.46828500253414085 0.8842072219662568
0.4723254065745449 0.8842072219662568
0.476365810614949 0.8842072219662568
0.480406214655353 0.8842072219662568
0.484446618695757 0.8842072219662568
0.48848702273616107 0.8842072219662568
0.49252742677656514 0.8842072219662568
0.42384055808969645 0.8882476260066607
0.42788096213010046 0.8882476260066607
0.4319213661705045 0.8882476260066607
0.43596177021090854 0.8882476260066607
0.4400021742513126 0.8882476260066607
0.4440425782917166 0.8882476260066607
0.4480829823321206 0.8882476260066607
0.4521233863725247 0.8882476260066607
0.45616379041292876 0.8882476260066607
0.46020419445333277 0.8882476260066607
0.46424459849373684 0.8882476260066607
0.46828500253414085 0.8882476260066607
0.4723254065745449 0.8882476260066607
0.476365810614949 0.8882476260066607
0.480406214655353 0.8882476260066607
0.484446618695757 0.8882476260066607
0.4157597500088883 0.8922880300470648
0.4198001540492924 0.8922880300470648
0.42384055808969645 0.8922880300470648
0.42788096213010046 0.8922880300470648
0.4319213661705045 0.8922880300470648
0.43596177021090854 0.8922880300470648
0.4400021742513126 0.8922880300470648
0.4440425782917166 0.8922880300470648
0.4480829823321206 0.8922880300470648
0.4521233863725247 0.8922880300470648
0.45616379041292876 0.8922880300470648
0.46020419445333277 0.8922880300470648
0.46424459849373684 0.8922880300470648
0.46828500253414085 0.8922880300470648
0.4723254065745449 0.8922880300470648
0.476365810614949 0.8922880300470648
0.4117193459684843 0.8963284340874689
0.4157597500088883 0.8963284340874689
0.4198001540492924 0.8963284340874689
0.42384055808969645 0.8963284340874689
0.42788096213010046 0.8963284340874689
0.4319213661705045 0.8963284340874689
0.43596177021090854 0.8963284340874689
0.4400021742513126 0.8963284340874689
0.4440425782917166 0.8963284340874689
0.4480829823321206 0.8963284340874689
0.4521233863725247 0.8963284340874689
0.45616379041292876 0.8963284340874689
0.46020419445333277 0.8963284340874689
0.46424459849373684 0.8963284340874689
0.46828500253414085 0.8963284340874689
0.39959813384727216 0.9003688381278729
0.40363853788767623 0.9003688381278729
0.40767894192808024 0.9003688381278729
0.4117193459684843 0.9003688381278729
0.4157597500088883 0.9003688381278729
0.4198001540492924 0.9003688381278729
0.42384055808969645 0.9003688381278729
0.42788096213010046 0.9003688381278729
0.4319213661705045 0.9003688381278729
0.43596177021090854 0.9003688381278729
0.4400021742513126 0.9003688381278729
0.4440425782917166 0.9003688381278729
0.4480829823321206 0.9003688381278729
0.4521233863725247 0.9003688381278729
0.45616379041292876 0.9003688381278729
0.46020419445333277 0.9003688381278729
0.39555772980686815 0.904409242168277
0.39959813384727216 0.904409242168277
0.40363853788767623 0.904409242168277
0.40767894192808024 0.904409242168277
0.4117193459684843 0.904409242168277
0.4157597500088883 0.904409242168277
0.4198001540492924 0.904409242168277
0.42384055808969645 0.904409242168277
0.42788096213010046 0.904409242168277
0.4319213661705045 0.904409242168277
0.43596177021090854 0.904409242168277
0.4400021742513126 0.904409242168277
0.4440425782917166 0.904409242168277
0.4480829823321206 0.904409242168277
0.4521233863725247 0.904409242168277
0.37939611364525194 0.9084496462086811
0.383436517685656 0.9084496462086811
0.3874769217260601 0.9084496462086811
0.3915173257664641 0.9084496462086811
0.39555772980686815 0.9084496462086811
0.39959813384727216 0.9084496462086811
0.40363853788767623 0.9084496462086811
0.40767894192808024 0.9084496462086811
0.4117193459684843 0.9084496462086811
0.4157597500088883 0.9084496462086811
0.4198001540492924 0.9084496462086811
0.42384055808969645 0.9084496462086811
0.42788096213010046 0.9084496462086811
0.4319213661705045 0.9084496462086811
0.43596177021090854 0.9084496462086811
0.4400021742513126 0.9084496462086811
0.4440425782917166 0.9084496462086811
0.3713153055644439 0.912490050249085
0.37535570960484793 0.912490050249085
0.37939611364525194 0.912490050249085
0.383436517685656 0.912490050249085
0.3874769217260601 0.912490050249085
0.3915173257664641 0.912490050249085
0.39555772980686815 0.912490050249085
0.39959813384727216 0.912490050249085
0.40363853788767623 0.912490050249085
0.40767894192808024 0.912490050249085
0.4117193459684843 0.912490050249085
0.4157597500088883 0.912490050249085
0.4198001540492924 0.912490050249085
0.42384055808969645 0.912490050249085
0.42788096213010046 0.912490050249085
0.4319213661705045 0.912490050249085
0.43596177021090854 0.912490050249085
0.3632344974836358 0.9165304542894891
0.36727490152403985 0.9165304542894891
0.3713153055644439 0.9165304542894891
0.37535570960484793 0.9165304542894891
0.37939611364525194 0.9165304542894891
0.383436517685656 0.9165304542894891
0.3874769217260601 0.9165304542894891
0.3915173257664641 0.9165304542894891
0.39555772980686815 0.9165304542894891
0.39959813384727216 0.9165304542894891
0.40363853788767623 0.9165304542894891
0.40767894192808024 0.9165304542894891
0.4117193459684843 0.9165304542894891
0.4157597500088883 0.9165304542894891
0.4198001540492924 0.9165304542894891
0.42384055808969645 0.9165304542894891
0.42788096213010046 0.9165304542894891
0.3511132853624237 0.920570858329893
0.35515368940282777 0.920570858329893
0.3591940934432318 0.920570858329893
0.3632344974836358 0.920570858329893
0.36727490152403985 0.920570858329893
0.3713153055644439 0.920570858329893
0.37535570960484793 0.920570858329893
0.37939611364525194 0.920570858329893
0.383436517685656 0.920570858329893
0.3874769217260601 0.920570858329893
0.3915173257664641 0.920570858329893
0.39555772980686815 0.920570858329893
0.39959813384727216 0.920570858329893
0.40363853788767623 0.920570858329893
0.40767894192808024 0.920570858329893
0.4117193459684843 0.920570858329893
0.4157597500088883 0.920570858329893
0.4198001540492924 0.920570858329893
0.33899207324121156 0.9246112623702971
0.3430324772816156 0.9246112623702971
0.34707288132201963 0.9246112623702971
0.3511132853624237 0.9246112623702971
0.35515368940282777 0.9246112623702971
0.3591940934432318 0.9246112623702971
0.3632344974836358 0.9246112623702971
0.36727490152403985 0.9246112623702971
0.3713153055644439 0.9246112623702971
0.37535570960484793 0.9246112623702971
0.37939611364525194 0.9246112623702971
0.383436517685656 0.9246112623702971
0.3874769217260601 0.9246112623702971
0.3915173257664641 0.9246112623702971
0.39555772980686815 0.9246112623702971
0.39959813384727216 0.9246112623702971
0.40363853788767623 0.9246112623702971
0.40767894192808024 0.9246112623702971
0.4117193459684843 0.9246112623702971
0.3309112651604035 0.9286516664107012
0.33495166920080754 0.9286516664107012
0.33899207324121156 0.9286516664107012
0.3430324772816156 0.9286516664107012
0.34707288132201963 0.9286516664107012
0.3511132853624237 0.9286516664107012
0.35515368940282777 0.9286516664107012
0.3591940934432318 0.9286516664107012
0.3632344974836358 0.9286516664107012
0.36727490152403985 0.9286516664107012
0.3713153055644439 0.9286516664107012
0.37535570960484793 0.9286516664107012
0.37939611364525194 0.9286516664107012
0.383436517685656 0.9286516664107012
0.3874769217260601 0.9286516664107012
0.3915173257664641 0.9286516664107012
0.39555772980686815 0.9286516664107012
0.39959813384727216 0.9286516664107012
0.40363853788767623 0.9286516664107012
0.3187900530391914 0.9326920704511052
0.3228304570795954 0.9326920704511052
0.32687086111999947 0.9326920704511052
0.3309112651604035 0.9326920704511052
0.33495166920080754 0.9326920704511052
0.33899207324121156 0.9326920704511052
0.3430324772816156 0.9326920704511052
0.34707288132201963 0.9326920704511052
0.3511132853624237 0.9326920704511052
0.35515368940282777 0.9326920704511052
0.3591940934432318 0.9326920704511052
0.3632344974836358 0.9326920704511052
0.36727490152403985 0.9326920704511052
0.3713153055644439 0.9326920704511052
0.37535570960484793 0.9326920704511052
0.37939611364525194 0.9326920704511052
0.383436517685656 0.9326920704511052
0.3874769217260601 0.9326920704511052
0.3915173257664641 0.9326920704511052
0.31070924495838326 0.9367324744915093
0.3147496489987873 0.9367324744915093
0.3187900530391914 0.9367324744915093
0.3228304570795954 0.9367324744915093
0.32687086111999947 0.9367324744915093
0.3309112651604035 0.9367324744915093
0.33495166920080754 0.9367324744915093
0.33899207324121156 0.9367324744915093
0.3430324772816156 0.9367324744915093
0.34707288132201963 0.9367324744915093
0.3511132853624237 0.9367324744915093
0.35515368940282777 0.9367324744915093
0.3591940934432318 0.9367324744915093
0.3632344974836358 0.9367324744915093
0.36727490152403985 0.9367324744915093
0.3713153055644439 0.9367324744915093
0.37535570960484793 0.9367324744915093
0.37939611364525194 0.9367324744915093
0.383436517685656 0.9367324744915093
0.29858803283717117 0.9407728785319134
0.30262843687757524 0.9407728785319134
0.30666884091797925 0.9407728785319134
0.31070924495838326 0.9407728785319134
0.3147496489987873 0.9407728785319134
0.3187900530391914 0.9407728785319134
0.3228304570795954 0.9407728785319134
0.32687086111999947 0.9407728785319134
0.3309112651604035 0.9407728785319134
0.33495166920080754 0.9407728785319134
0.33899207324121156 0.9407728785319134
0.3430324772816156 0.9407728785319134
0.34707288132201963 0.9407728785319134
0.3511132853624237 0.9407728785319134
0.35515368940282777 0.9407728785319134
0.3591940934432318 0.9407728785319134
0.3632344974836358 0.9407728785319134
0.36727490152403985 0.9407728785319134
0.3713153055644439 0.9407728785319134
0.37535570960484793 0.9407728785319134
0.29858803283717117 0.9448132825723174
0.30262843687757524 0.9448132825723174
0.30666884091797925 0.9448132825723174
0.31070924495838326 0.9448132825723174
0.3147496489987873 0.9448132825723174
0.3187900530391914 0.9448132825723174
0.3228304570795954 0.9448132825723174
0.32687086111999947 0.9448132825723174
0.3309112651604035 0.9448132825723174
0.33495166920080754 0.9448132825723174
0.33899207324121156 0.9448132825723174
0.3430324772816156 0.9448132825723174
0.34707288132201963 0.9448132825723174
0.3511132853624237 0.9448132825723174
0.35515368940282777 0.9448132825723174
0.3591940934432318 0.9448132825723174
0.3632344974836358 0.9448132825723174
0.29858803283717117 0.9488536866127214
0.30262843687757524 0.9488536866127214
0.30666884091797925 0.9488536866127214
0.31070924495838326 0.9488536866127214
0.3147496489987873 0.9488536866127214
0.3187900530391914 0.9488536866127214
0.3228304570795954 0.9488536866127214
0.32687086111999947 0.9488536866127214
0.3309112651604035 0.9488536866127214
0.33495166920080754 0.9488536866127214
0.33899207324121156 0.9488536866127214
0.3430324772816156 0.9488536866127214
0.34707288132201963 0.9488536866127214
0.3511132853624237 0.9488536866127214
0.29858803283717117 0.9528940906531255
0.30262843687757524 0.9528940906531255
0.30666884091797925 0.9528940906531255
0.31070924495838326 0.9528940906531255
0.3147496489987873 0.9528940906531255
0.3187900530391914 0.9528940906531255
0.3228304570795954 0.9528940906531255
0.32687086111999947 0.9528940906531255
0.3309112651604035 0.9528940906531255
0.33495166920080754 0.9528940906531255
0.33899207324121156 0.9528940906531255
0.3430324772816156 0.9528940906531255
0.29858803283717117 0.9569344946935294
0.30262843687757524 0.9569344946935294
0.30666884091797925 0.9569344946935294
0.31070924495838326 0.9569344946935294
0.3147496489987873 0.9569344946935294
0.3187900530391914 0.9569344946935294
0.3228304570795954 0.9569344946935294
0.32687086111999947 0.9569344946935294
0.3309112651604035 0.9569344946935294
0.29858803283717117 0.9609748987339335
0.30262843687757524 0.9609748987339335
0.30666884091797925 0.9609748987339335
0.31070924495838326 0.9609748987339335
0.3147496489987873 0.9609748987339335
0.3187900530391914 0.9609748987339335
0.29858803283717117 0.9650153027743376
0.30262843687757524 0.9650153027743376
0.30666884091797925 0.9650153027743376
