# x y
0.6838266716902219 0.7387526765117113
0.6717054595690097 0.7508738886329235
0.6595842474477976 0.7791567169157517
0.6191802070437573 0.7953183330773679
0.6110993989629492 0.799358737117772
0.6191802070437573 0.799358737117772
0.598978186841737 0.80743954519858
0.598978186841737 0.8155203532793881
0.5828165706801209 0.819560757319792
0.594937782801333 0.8316819694410043
0.5585741464376967 0.8397627775218124
0.5464529343164846 0.8478435856026204
0.5302913181548684 0.8559243936834284
0.5222105100740603 0.8599647977238325
0.5141297019932523 0.8680456058046406
0.5302913181548684 0.8761264138854487
0.42524081310436335 0.920570858329893
0.39695798482153505 0.9246112623702971
0.38887717674072697 0.9367324744915093
0.34039232825587845 0.9488536866127214
0.33635192421547444 0.9528940906531255
0.29998828785183806 0.9609748987339335
0.3161499040134542 0.9650153027743376
0.30402869189224213 0.9690557068147416
