# x y
0.643409096846795 0.7791567169157517
0.6595707130084112 0.7791567169157517
0.631287884725583 0.803399141158176
0.5989646524023506 0.8155203532793881
0.5626010160387143 0.8357223734814083
0.5181565715942698 0.8640052017642366
0.5221969756346738 0.8680456058046406
0.5019949554326536 0.8801668179258527
0.4656313190690173 0.9003688381278729
0.4898737433114415 0.9003688381278729
0.4009848544225526 0.9246112623702971
0.37270202613972436 0.9367324744915093
0.36462121805891623 0.9609748987339335
0.31613636957406777 0.9650153027743376
0.3040151574528557 0.9690557068147416
0.3322979857356839 0.9730961108551457
