# x y
0.6715085659767288 0.7589546967137315
0.6715085659767288 0.7629951007541356
0.6674681619363247 0.7670355047945396
0.6634277578959207 0.7710759088349436
0.6311045255726884 0.799358737117772
0.6109025053706681 0.819560757319792
0.5907004851686479 0.8357223734814083
0.5785792730474358 0.8397627775218124
0.5785792730474358 0.8438031815622163
0.400801495269658 0.9326920704511052
0.3725186669868298 0.9448132825723174
0.35231664678480956 0.9528940906531255
0.36443785890602165 0.9609748987339335
0.3442358387040015 0.9690557068147416
